# time  hit_cache  total_cache  hit_cache/total_cache
39.0000  0.5000
59.0000  0.5000
70.0000  0.5000
72.0000  0.5000
76.0000  0.5000
80.0000  0.5000
88.0000  0.5000
88.0000  0.5000
92.0000  0.5000
93.0000  0.3333
95.0000  0.3333
96.0000  0.2889
98.0000  0.2889
99.0000  0.2792
99.0000  0.2792
106.0000  0.2792
110.0000  0.3233
110.0000  0.2972
111.0000  0.2972
113.0000  0.2972
114.0000  0.2972
116.0000  0.2972
116.0000  0.2972
119.0000  0.2972
119.0000  0.2972
120.0000  0.2972
121.0000  0.2726
133.0000  0.2726
134.0000  0.2726
140.0000  0.2524
141.0000  0.2524
141.0000  0.2508
142.0000  0.2331
144.0000  0.2331
145.0000  0.2240
146.0000  0.1894
147.0000  0.1894
151.0000  0.1955
153.0000  0.1955
156.0000  0.1955
160.0000  0.1955
160.0000  0.1860
161.0000  0.1860
162.0000  0.1860
164.0000  0.1860
164.0000  0.1860
168.0000  0.1809
171.0000  0.1729
177.0000  0.1745
177.0000  0.1671
179.0000  0.1671
179.0000  0.1712
180.0000  0.1693
184.0000  0.1743
185.0000  0.1669
185.0000  0.1636
189.0000  0.1636
191.0000  0.1664
198.0000  0.1664
203.0000  0.1603
206.0000  0.1607
208.0000  0.1552
210.0000  0.1513
215.0000  0.1488
217.0000  0.1450
218.0000  0.1417
220.0000  0.1434
221.0000  0.1394
221.0000  0.1396
224.0000  0.1432
225.0000  0.1453
229.0000  0.1453
234.0000  0.1413
235.0000  0.1405
238.0000  0.1405
238.0000  0.1365
239.0000  0.1365
241.0000  0.1365
243.0000  0.1359
247.0000  0.1359
252.0000  0.1367
256.0000  0.1371
256.0000  0.1337
258.0000  0.1301
259.0000  0.1276
268.0000  0.1253
271.0000  0.1264
272.0000  0.1235
276.0000  0.1242
276.0000  0.1242
276.0000  0.1234
277.0000  0.1235
280.0000  0.1245
281.0000  0.1245
284.0000  0.1215
288.0000  0.1215
288.0000  0.1215
288.0000  0.1199
291.0000  0.1201
294.0000  0.1177
294.0000  0.1187
297.0000  0.1187
303.0000  0.1163
304.0000  0.1163
305.0000  0.1173
307.0000  0.1122
307.0000  0.1122
309.0000  0.1102
313.0000  0.1095
317.0000  0.1077
317.0000  0.1082
318.0000  0.1067
324.0000  0.1067
329.0000  0.1078
331.0000  0.1082
332.0000  0.1077
332.0000  0.1077
335.0000  0.1059
336.0000  0.1055
337.0000  0.1037
339.0000  0.1018
339.0000  0.1027
342.0000  0.1032
343.0000  0.1032
343.0000  0.1020
346.0000  0.1026
350.0000  0.1011
351.0000  0.1016
365.0000  0.1016
365.0000  0.1020
366.0000  0.1002
368.0000  0.1002
370.0000  0.1004
371.0000  0.0993
371.0000  0.0993
375.0000  0.0993
376.0000  0.0982
378.0000  0.0982
378.0000  0.0979
380.0000  0.0984
382.0000  0.0984
383.0000  0.0968
383.0000  0.0970
387.0000  0.0954
399.0000  0.0953
399.0000  0.0955
406.0000  0.0955
407.0000  0.0942
408.0000  0.0927
410.0000  0.0928
415.0000  0.0932
416.0000  0.0921
418.0000  0.0921
419.0000  0.0922
422.0000  0.0926
422.0000  0.0911
430.0000  0.0915
435.0000  0.0915
439.0000  0.0918
443.0000  0.0909
444.0000  0.0909
445.0000  0.0907
446.0000  0.0907
448.0000  0.0910
449.0000  0.0898
450.0000  0.0886
453.0000  0.0874
453.0000  0.0878
457.0000  0.0878
461.0000  0.0882
465.0000  0.0884
468.0000  0.0887
468.0000  0.0892
469.0000  0.0892
470.0000  0.0879
470.0000  0.0879
473.0000  0.0868
475.0000  0.0871
476.0000  0.0871
477.0000  0.0859
479.0000  0.0862
479.0000  0.0855
480.0000  0.0855
480.0000  0.0837
480.0000  0.0840
481.0000  0.0844
483.0000  0.0844
483.0000  0.0848
490.0000  0.0837
494.0000  0.0825
494.0000  0.0825
495.0000  0.0830
496.0000  0.0820
497.0000  0.0821
497.0000  0.0823
499.0000  0.0825
501.0000  0.0815
503.0000  0.0815
503.0000  0.0816
509.0000  0.0806
510.0000  0.0808
511.0000  0.0798
515.0000  0.0799
516.0000  0.0803
516.0000  0.0803
518.0000  0.0806
519.0000  0.0809
519.0000  0.0811
522.0000  0.0814
527.0000  0.0804
529.0000  0.0806
530.0000  0.0807
530.0000  0.0804
534.0000  0.0808
535.0000  0.0810
535.0000  0.0812
536.0000  0.0812
538.0000  0.0812
538.0000  0.0815
539.0000  0.0818
539.0000  0.0821
540.0000  0.0821
543.0000  0.0823
544.0000  0.0813
544.0000  0.0816
545.0000  0.0809
550.0000  0.0809
551.0000  0.0811
552.0000  0.0812
552.0000  0.0812
552.0000  0.0795
554.0000  0.0795
559.0000  0.0798
559.0000  0.0800
561.0000  0.0796
566.0000  0.0796
567.0000  0.0798
567.0000  0.0800
568.0000  0.0802
569.0000  0.0805
571.0000  0.0807
573.0000  0.0810
574.0000  0.0812
576.0000  0.0804
578.0000  0.0806
579.0000  0.0809
584.0000  0.0811
587.0000  0.0814
587.0000  0.0814
587.0000  0.0817
587.0000  0.0819
590.0000  0.0810
591.0000  0.0812
598.0000  0.0802
599.0000  0.0792
602.0000  0.0794
603.0000  0.0797
603.0000  0.0799
603.0000  0.0800
606.0000  0.0729
606.0000  0.0729
613.0000  0.0729
613.0000  0.0728
615.0000  0.0731
618.0000  0.0730
621.0000  0.0732
622.0000  0.0734
623.0000  0.0736
623.0000  0.0737
623.0000  0.0737
625.0000  0.0740
627.0000  0.0740
629.0000  0.0742
631.0000  0.0742
631.0000  0.0742
641.0000  0.0745
643.0000  0.0745
644.0000  0.0737
644.0000  0.0737
644.0000  0.0737
645.0000  0.0737
645.0000  0.0738
646.0000  0.0735
647.0000  0.0735
648.0000  0.0739
650.0000  0.0740
651.0000  0.0737
651.0000  0.0741
653.0000  0.0743
657.0000  0.0734
660.0000  0.0734
661.0000  0.0734
661.0000  0.0734
663.0000  0.0734
665.0000  0.0737
666.0000  0.0737
667.0000  0.0738
668.0000  0.0718
671.0000  0.0720
676.0000  0.0719
676.0000  0.0711
676.0000  0.0712
678.0000  0.0714
678.0000  0.0714
678.0000  0.0716
683.0000  0.0717
686.0000  0.0717
688.0000  0.0714
689.0000  0.0716
690.0000  0.0718
690.0000  0.0711
691.0000  0.0703
692.0000  0.0703
692.0000  0.0706
693.0000  0.0707
694.0000  0.0699
694.0000  0.0701
695.0000  0.0702
695.0000  0.0705
695.0000  0.0705
696.0000  0.0706
696.0000  0.0708
697.0000  0.0708
700.0000  0.0700
706.0000  0.0702
708.0000  0.0704
708.0000  0.0702
712.0000  0.0694
714.0000  0.0694
714.0000  0.0696
714.0000  0.0693
718.0000  0.0695
721.0000  0.0689
722.0000  0.0682
722.0000  0.0683
724.0000  0.0684
724.0000  0.0677
725.0000  0.0670
725.0000  0.0671
726.0000  0.0669
727.0000  0.0671
730.0000  0.0672
733.0000  0.0674
736.0000  0.0676
736.0000  0.0678
737.0000  0.0679
737.0000  0.0681
743.0000  0.0683
744.0000  0.0684
745.0000  0.0685
747.0000  0.0685
749.0000  0.0686
751.0000  0.0680
751.0000  0.0681
753.0000  0.0683
753.0000  0.0677
756.0000  0.0679
762.0000  0.0681
768.0000  0.0681
771.0000  0.0682
775.0000  0.0683
777.0000  0.0685
777.0000  0.0685
781.0000  0.0687
781.0000  0.0689
782.0000  0.0690
782.0000  0.0692
792.0000  0.0692
795.0000  0.0692
798.0000  0.0685
802.0000  0.0685
806.0000  0.0687
812.0000  0.0687
814.0000  0.0689
814.0000  0.0690
822.0000  0.0690
822.0000  0.0687
826.0000  0.0687
829.0000  0.0688
836.0000  0.0681
838.0000  0.0680
840.0000  0.0682
844.0000  0.0683
844.0000  0.0684
850.0000  0.0684
851.0000  0.0684
852.0000  0.0683
852.0000  0.0684
852.0000  0.0677
853.0000  0.0679
857.0000  0.0681
857.0000  0.0675
862.0000  0.0676
863.0000  0.0676
863.0000  0.0673
870.0000  0.0670
872.0000  0.0671
873.0000  0.0671
873.0000  0.0672
874.0000  0.0674
875.0000  0.0676
878.0000  0.0677
880.0000  0.0679
897.0000  0.0680
898.0000  0.0673
900.0000  0.0675
901.0000  0.0675
902.0000  0.0675
904.0000  0.0674
905.0000  0.0676
908.0000  0.0675
909.0000  0.0675
913.0000  0.0675
914.0000  0.0675
916.0000  0.0677
919.0000  0.0677
921.0000  0.0679
923.0000  0.0679
924.0000  0.0672
926.0000  0.0672
929.0000  0.0672
930.0000  0.0673
936.0000  0.0675
937.0000  0.0676
938.0000  0.0678
944.0000  0.0679
947.0000  0.0679
947.0000  0.0680
953.0000  0.0677
954.0000  0.0679
960.0000  0.0680
960.0000  0.0680
960.0000  0.0674
961.0000  0.0676
962.0000  0.0677
963.0000  0.0677
966.0000  0.0679
967.0000  0.0681
968.0000  0.0682
970.0000  0.0682
970.0000  0.0682
973.0000  0.0684
974.0000  0.0686
981.0000  0.0687
981.0000  0.0689
986.0000  0.0689
988.0000  0.0683
989.0000  0.0682
990.0000  0.0684
993.0000  0.0685
993.0000  0.0687
994.0000  0.0688
997.0000  0.0690
998.0000  0.0690
998.0000  0.0690
1001.0000  0.0692
1003.0000  0.0692
1004.0000  0.0688
1005.0000  0.0690
1006.0000  0.0691
1008.0000  0.0693
1009.0000  0.0695
1011.0000  0.0694
1015.0000  0.0687
1016.0000  0.0687
1016.0000  0.0687
1017.0000  0.0689
1018.0000  0.0683
1021.0000  0.0684
1024.0000  0.0686
1026.0000  0.0687
1027.0000  0.0689
1033.0000  0.0690
1036.0000  0.0692
1037.0000  0.0685
1037.0000  0.0687
1037.0000  0.0687
1038.0000  0.0688
1039.0000  0.0688
1040.0000  0.0689
1041.0000  0.0691
1042.0000  0.0692
1045.0000  0.0693
1045.0000  0.0693
1046.0000  0.0687
1049.0000  0.0689
1049.0000  0.0690
1050.0000  0.0690
1061.0000  0.0690
1067.0000  0.0691
1068.0000  0.0691
1068.0000  0.0693
1072.0000  0.0693
1075.0000  0.0693
1080.0000  0.0687
1080.0000  0.0688
1081.0000  0.0690
1083.0000  0.0691
1085.0000  0.0693
1085.0000  0.0692
1087.0000  0.0692
1089.0000  0.0691
1090.0000  0.0690
1091.0000  0.0690
1095.0000  0.0691
1095.0000  0.0693
1096.0000  0.0694
1096.0000  0.0694
1097.0000  0.0696
1098.0000  0.0697
1099.0000  0.0699
1099.0000  0.0701
1100.0000  0.0694
1100.0000  0.0695
1106.0000  0.0697
1106.0000  0.0699
1106.0000  0.0700
1109.0000  0.0702
1110.0000  0.0702
1110.0000  0.0703
1111.0000  0.0704
1111.0000  0.0706
1112.0000  0.0706
1112.0000  0.0700
1114.0000  0.0693
1114.0000  0.0695
1117.0000  0.0696
1121.0000  0.0694
1123.0000  0.0695
1124.0000  0.0696
1126.0000  0.0698
1128.0000  0.0699
1129.0000  0.0699
1129.0000  0.0693
1135.0000  0.0694
1137.0000  0.0696
1139.0000  0.0697
1140.0000  0.0697
1140.0000  0.0699
1143.0000  0.0701
1144.0000  0.0702
1144.0000  0.0703
1154.0000  0.0705
1160.0000  0.0706
1162.0000  0.0708
1166.0000  0.0710
1169.0000  0.0711
1170.0000  0.0712
1175.0000  0.0712
1182.0000  0.0706
1187.0000  0.0706
1190.0000  0.0706
1209.0000  0.0708
1211.0000  0.0709
1211.0000  0.0709
1216.0000  0.0710
1220.0000  0.0710
1222.0000  0.0712
1224.0000  0.0713
1224.0000  0.0714
1231.0000  0.0715
1231.0000  0.0713
1234.0000  0.0713
1234.0000  0.0713
1235.0000  0.0713
1235.0000  0.0715
1237.0000  0.0716
1242.0000  0.0717
1243.0000  0.0717
1243.0000  0.0718
1257.0000  0.0719
1257.0000  0.0720
1258.0000  0.0722
1259.0000  0.0722
1267.0000  0.0723
1275.0000  0.0723
1275.0000  0.0725
1277.0000  0.0726
1277.0000  0.0728
1279.0000  0.0730
1279.0000  0.0724
1281.0000  0.0725
1282.0000  0.0726
1282.0000  0.0720
1284.0000  0.0721
1294.0000  0.0722
1295.0000  0.0722
1297.0000  0.0723
1300.0000  0.0724
1300.0000  0.0724
1304.0000  0.0725
1309.0000  0.0725
1311.0000  0.0726
1317.0000  0.0727
1322.0000  0.0728
1322.0000  0.0729
1324.0000  0.0731
1325.0000  0.0732
1325.0000  0.0733
1327.0000  0.0735
1328.0000  0.0735
1329.0000  0.0736
1332.0000  0.0736
1337.0000  0.0738
1338.0000  0.0739
1345.0000  0.0739
1346.0000  0.0733
1347.0000  0.0734
1348.0000  0.0734
1350.0000  0.0736
1351.0000  0.0738
1358.0000  0.0739
1359.0000  0.0740
1359.0000  0.0742
1360.0000  0.0743
1361.0000  0.0744
1362.0000  0.0746
1366.0000  0.0747
1367.0000  0.0747
1370.0000  0.0748
1370.0000  0.0748
1371.0000  0.0749
1372.0000  0.0751
1374.0000  0.0752
1375.0000  0.0753
1379.0000  0.0747
1380.0000  0.0749
1381.0000  0.0749
1383.0000  0.0751
1386.0000  0.0752
1389.0000  0.0753
1390.0000  0.0754
1390.0000  0.0755
1392.0000  0.0755
1392.0000  0.0757
1394.0000  0.0758
1395.0000  0.0760
1395.0000  0.0761
1398.0000  0.0762
1400.0000  0.0764
1403.0000  0.0765
1406.0000  0.0766
1414.0000  0.0767
1416.0000  0.0769
1416.0000  0.0770
1417.0000  0.0770
1419.0000  0.0772
1420.0000  0.0772
1424.0000  0.0773
1425.0000  0.0775
1426.0000  0.0776
1427.0000  0.0776
1427.0000  0.0776
1428.0000  0.0778
1429.0000  0.0779
1430.0000  0.0781
1431.0000  0.0782
1434.0000  0.0783
1439.0000  0.0784
1440.0000  0.0786
1443.0000  0.0787
1443.0000  0.0788
1446.0000  0.0789
1447.0000  0.0790
1447.0000  0.0792
1450.0000  0.0792
1451.0000  0.0794
1453.0000  0.0796
1453.0000  0.0796
1457.0000  0.0798
1458.0000  0.0799
1459.0000  0.0800
1463.0000  0.0802
1467.0000  0.0803
1467.0000  0.0804
1469.0000  0.0804
1469.0000  0.0804
1471.0000  0.0805
1472.0000  0.0806
1473.0000  0.0808
1477.0000  0.0809
1481.0000  0.0811
1483.0000  0.0812
1483.0000  0.0814
1484.0000  0.0815
1486.0000  0.0816
1489.0000  0.0818
1489.0000  0.0811
1489.0000  0.0812
1490.0000  0.0813
1495.0000  0.0814
1495.0000  0.0815
1500.0000  0.0816
1501.0000  0.0816
1502.0000  0.0817
1507.0000  0.0818
1507.0000  0.0819
1508.0000  0.0819
1510.0000  0.0819
1513.0000  0.0819
1513.0000  0.0820
1516.0000  0.0821
1516.0000  0.0814
1516.0000  0.0815
1517.0000  0.0816
1519.0000  0.0817
1521.0000  0.0810
1524.0000  0.0810
1528.0000  0.0810
1530.0000  0.0812
1535.0000  0.0813
1539.0000  0.0814
1544.0000  0.0814
1547.0000  0.0815
1548.0000  0.0816
1549.0000  0.0816
1550.0000  0.0817
1551.0000  0.0817
1551.0000  0.0818
1561.0000  0.0819
1563.0000  0.0820
1572.0000  0.0821
1573.0000  0.0815
1574.0000  0.0816
1577.0000  0.0816
1582.0000  0.0816
1582.0000  0.0817
1586.0000  0.0817
1586.0000  0.0818
1592.0000  0.0820
1595.0000  0.0821
1606.0000  0.0822
1609.0000  0.0823
1611.0000  0.0825
1613.0000  0.0826
1614.0000  0.0828
1616.0000  0.0829
1619.0000  0.0830
1621.0000  0.0828
1622.0000  0.0829
1626.0000  0.0831
1627.0000  0.0832
1629.0000  0.0832
1630.0000  0.0833
1632.0000  0.0834
1638.0000  0.0836
1641.0000  0.0837
1647.0000  0.0837
1649.0000  0.0839
1651.0000  0.0839
1651.0000  0.0840
1655.0000  0.0841
1659.0000  0.0842
1661.0000  0.0843
1664.0000  0.0843
1666.0000  0.0845
1667.0000  0.0846
1672.0000  0.0847
1673.0000  0.0847
1678.0000  0.0849
1680.0000  0.0850
1682.0000  0.0851
1687.0000  0.0844
1692.0000  0.0845
1700.0000  0.0847
1701.0000  0.0848
1704.0000  0.0848
1707.0000  0.0850
1707.0000  0.0850
1711.0000  0.0851
1718.0000  0.0852
1720.0000  0.0852
1722.0000  0.0853
1728.0000  0.0853
1738.0000  0.0853
1739.0000  0.0854
1744.0000  0.0855
1745.0000  0.0848
1746.0000  0.0848
1748.0000  0.0850
1753.0000  0.0850
1757.0000  0.0851
1761.0000  0.0851
1762.0000  0.0852
1763.0000  0.0853
1765.0000  0.0854
1767.0000  0.0854
1768.0000  0.0855
1771.0000  0.0857
1773.0000  0.0857
1784.0000  0.0858
1786.0000  0.0858
1789.0000  0.0858
1796.0000  0.0859
1800.0000  0.0860
1801.0000  0.0860
1803.0000  0.0861
1804.0000  0.0861
1805.0000  0.0862
1806.0000  0.0863
1806.0000  0.0864
1812.0000  0.0865
1813.0000  0.0858
1816.0000  0.0858
1818.0000  0.0859
1820.0000  0.0860
1820.0000  0.0861
1823.0000  0.0862
1824.0000  0.0863
1826.0000  0.0863
1827.0000  0.0865
1832.0000  0.0865
1833.0000  0.0866
1834.0000  0.0867
1838.0000  0.0868
1840.0000  0.0868
1843.0000  0.0870
1848.0000  0.0870
1849.0000  0.0870
1856.0000  0.0871
1857.0000  0.0871
1859.0000  0.0872
1859.0000  0.0873
1861.0000  0.0874
1863.0000  0.0875
1863.0000  0.0876
1867.0000  0.0876
1869.0000  0.0878
1876.0000  0.0879
1878.0000  0.0879
1882.0000  0.0880
1882.0000  0.0880
1890.0000  0.0881
1898.0000  0.0883
1903.0000  0.0883
1910.0000  0.0884
1910.0000  0.0885
1931.0000  0.0886
1933.0000  0.0887
1934.0000  0.0888
1939.0000  0.0889
1941.0000  0.0890
1942.0000  0.0890
1959.0000  0.0891
1959.0000  0.0884
1959.0000  0.0885
1962.0000  0.0885
1968.0000  0.0886
1971.0000  0.0887
1981.0000  0.0888
1981.0000  0.0889
1983.0000  0.0890
1990.0000  0.0890
1992.0000  0.0891
1995.0000  0.0892
2001.0000  0.0892
2003.0000  0.0885
2005.0000  0.0886
2008.0000  0.0887
2015.0000  0.0888
2017.0000  0.0889
2018.0000  0.0891
2029.0000  0.0892
2029.0000  0.0892
2033.0000  0.0892
2040.0000  0.0893
2047.0000  0.0895
2049.0000  0.0896
2049.0000  0.0897
2049.0000  0.0898
2053.0000  0.0899
2054.0000  0.0900
2056.0000  0.0901
2058.0000  0.0902
2065.0000  0.0903
2065.0000  0.0904
2065.0000  0.0905
2071.0000  0.0906
2074.0000  0.0906
2076.0000  0.0907
2078.0000  0.0907
2080.0000  0.0909
2085.0000  0.0909
2087.0000  0.0909
2090.0000  0.0910
2092.0000  0.0910
2100.0000  0.0912
2101.0000  0.0913
2110.0000  0.0914
2110.0000  0.0914
2114.0000  0.0915
2119.0000  0.0916
2126.0000  0.0916
2131.0000  0.0918
2134.0000  0.0919
2137.0000  0.0921
2139.0000  0.0921
2140.0000  0.0917
2153.0000  0.0918
2162.0000  0.0919
2166.0000  0.0920
2175.0000  0.0921
2178.0000  0.0922
2180.0000  0.0922
2194.0000  0.0923
2197.0000  0.0924
2197.0000  0.0925
2228.0000  0.0926
2236.0000  0.0927
2242.0000  0.0928
2256.0000  0.0929
2256.0000  0.0930
2262.0000  0.0931
2264.0000  0.0932
2265.0000  0.0933
2268.0000  0.0934
2281.0000  0.0934
2284.0000  0.0935
2288.0000  0.0935
2291.0000  0.0935
2292.0000  0.0936
2293.0000  0.0937
2296.0000  0.0938
2302.0000  0.0938
2304.0000  0.0938
2315.0000  0.0939
2315.0000  0.0940
2321.0000  0.0941
2321.0000  0.0941
2331.0000  0.0943
2333.0000  0.0944
2340.0000  0.0945
2352.0000  0.0945
2355.0000  0.0945
2369.0000  0.0946
2369.0000  0.0947
2373.0000  0.0947
2378.0000  0.0948
2381.0000  0.0948
2383.0000  0.0949
2384.0000  0.0950
2385.0000  0.0951
2386.0000  0.0951
2394.0000  0.0951
2397.0000  0.0951
2403.0000  0.0952
2407.0000  0.0953
2408.0000  0.0954
2409.0000  0.0954
2437.0000  0.0955
2441.0000  0.0956
2446.0000  0.0958
2463.0000  0.0959
2465.0000  0.0959
2480.0000  0.0959
2481.0000  0.0960
2483.0000  0.0961
2494.0000  0.0961
2511.0000  0.0961
2518.0000  0.0962
2532.0000  0.0963
2533.0000  0.0964
2542.0000  0.0963
2548.0000  0.0964
2550.0000  0.0965
2552.0000  0.0966
2555.0000  0.0967
2559.0000  0.0968
2567.0000  0.0968
2569.0000  0.0969
2570.0000  0.0970
2575.0000  0.0970
2578.0000  0.0970
2590.0000  0.0971
2591.0000  0.0972
2598.0000  0.0972
2606.0000  0.0973
2608.0000  0.0974
2612.0000  0.0975
2613.0000  0.0977
2613.0000  0.0978
2618.0000  0.0978
2622.0000  0.0980
2630.0000  0.0980
2636.0000  0.0981
2647.0000  0.0982
2649.0000  0.0983
2657.0000  0.0984
2663.0000  0.0985
2665.0000  0.0985
2678.0000  0.0987
2691.0000  0.0988
2691.0000  0.0989
2694.0000  0.0990
2699.0000  0.0990
2703.0000  0.0991
2712.0000  0.0992
2722.0000  0.0994
2724.0000  0.0995
2734.0000  0.0996
2738.0000  0.0996
2743.0000  0.0996
2743.0000  0.0997
2744.0000  0.0998
2747.0000  0.0999
2749.0000  0.0999
2752.0000  0.1000
2758.0000  0.1001
2758.0000  0.1002
2760.0000  0.1002
2763.0000  0.1003
2774.0000  0.1004
2774.0000  0.1004
2788.0000  0.1004
2791.0000  0.1005
2795.0000  0.1005
2797.0000  0.1006
2800.0000  0.1007
2804.0000  0.1007
2808.0000  0.1007
2811.0000  0.1008
2814.0000  0.1009
2818.0000  0.1009
2819.0000  0.1001
2820.0000  0.1002
2821.0000  0.1003
2822.0000  0.1004
2822.0000  0.1005
2823.0000  0.1006
2824.0000  0.1007
2828.0000  0.1008
2829.0000  0.1008
2829.0000  0.1009
2830.0000  0.1010
2833.0000  0.1012
2833.0000  0.1012
2846.0000  0.1014
2856.0000  0.1014
2857.0000  0.1015
2863.0000  0.1016
2863.0000  0.1017
2875.0000  0.1018
2881.0000  0.1018
2903.0000  0.1020
2907.0000  0.1021
2916.0000  0.1022
2937.0000  0.1023
2946.0000  0.1023
2949.0000  0.1023
2956.0000  0.1023
2959.0000  0.1024
2961.0000  0.1024
2964.0000  0.1025
2967.0000  0.1024
2972.0000  0.1024
2973.0000  0.1025
2976.0000  0.1026
2980.0000  0.1027
2987.0000  0.1028
2993.0000  0.1029
2995.0000  0.1029
3005.0000  0.1030
3006.0000  0.1031
3013.0000  0.1031
3016.0000  0.1033
3017.0000  0.1034
3048.0000  0.1025
3056.0000  0.1026
3075.0000  0.1028
3086.0000  0.1029
3092.0000  0.1030
3095.0000  0.1030
3098.0000  0.1031
3098.0000  0.1031
3109.0000  0.1032
3111.0000  0.1033
3113.0000  0.1034
3120.0000  0.1035
3123.0000  0.1035
3124.0000  0.1035
3125.0000  0.1035
3136.0000  0.1037
3147.0000  0.1037
3151.0000  0.1037
3151.0000  0.1038
3166.0000  0.1039
3181.0000  0.1038
3190.0000  0.1039
3194.0000  0.1040
3195.0000  0.1041
3196.0000  0.1041
3197.0000  0.1042
3206.0000  0.1044
3210.0000  0.1044
3215.0000  0.1036
3222.0000  0.1037
3224.0000  0.1037
3240.0000  0.1038
3241.0000  0.1039
3248.0000  0.1040
3250.0000  0.1041
3269.0000  0.1041
3274.0000  0.1041
3275.0000  0.1041
3282.0000  0.1043
3286.0000  0.1035
3290.0000  0.1035
3291.0000  0.1027
3294.0000  0.1028
3297.0000  0.1028
3297.0000  0.1028
3302.0000  0.1020
3304.0000  0.1022
3306.0000  0.1023
3310.0000  0.1024
3312.0000  0.1024
3321.0000  0.1025
3327.0000  0.1025
3335.0000  0.1026
3347.0000  0.1026
3354.0000  0.1028
3368.0000  0.1029
3370.0000  0.1030
3378.0000  0.1030
3387.0000  0.1031
3396.0000  0.1032
3413.0000  0.1032
3419.0000  0.1033
3434.0000  0.1034
3435.0000  0.1026
3442.0000  0.1027
3452.0000  0.1027
3461.0000  0.1027
3466.0000  0.1028
3467.0000  0.1029
3468.0000  0.1029
3468.0000  0.1030
3470.0000  0.1031
3482.0000  0.1032
3484.0000  0.1033
3486.0000  0.1034
3492.0000  0.1034
3492.0000  0.1035
3504.0000  0.1035
3512.0000  0.1035
3513.0000  0.1028
3526.0000  0.1029
3537.0000  0.1030
3540.0000  0.1022
3553.0000  0.1023
3556.0000  0.1024
3557.0000  0.1025
3562.0000  0.1025
3565.0000  0.1026
3570.0000  0.1026
3572.0000  0.1028
3573.0000  0.1028
3581.0000  0.1029
3585.0000  0.1030
3587.0000  0.1031
3590.0000  0.1032
3605.0000  0.1033
3614.0000  0.1034
3616.0000  0.1034
3636.0000  0.1035
3636.0000  0.1035
3638.0000  0.1036
3642.0000  0.1038
3653.0000  0.1037
3653.0000  0.1037
3656.0000  0.1038
3662.0000  0.1039
3663.0000  0.1040
3667.0000  0.1040
3670.0000  0.1041
3670.0000  0.1042
3671.0000  0.1043
3677.0000  0.1043
3679.0000  0.1044
3680.0000  0.1045
3691.0000  0.1046
3693.0000  0.1046
3696.0000  0.1047
3717.0000  0.1047
3721.0000  0.1048
3724.0000  0.1048
3728.0000  0.1049
3729.0000  0.1049
3731.0000  0.1050
3765.0000  0.1050
3768.0000  0.1049
3772.0000  0.1050
3785.0000  0.1050
3792.0000  0.1051
3792.0000  0.1050
3798.0000  0.1051
3799.0000  0.1053
3810.0000  0.1054
3810.0000  0.1055
3811.0000  0.1056
3816.0000  0.1057
3822.0000  0.1058
3825.0000  0.1058
3829.0000  0.1059
3834.0000  0.1061
3849.0000  0.1053
3851.0000  0.1053
3857.0000  0.1054
3859.0000  0.1055
3865.0000  0.1056
3869.0000  0.1057
3875.0000  0.1057
3875.0000  0.1058
3877.0000  0.1059
3884.0000  0.1060
3896.0000  0.1060
3898.0000  0.1061
3900.0000  0.1062
3901.0000  0.1062
3901.0000  0.1063
3916.0000  0.1063
3919.0000  0.1064
3924.0000  0.1065
3926.0000  0.1066
3937.0000  0.1067
3939.0000  0.1068
3943.0000  0.1069
3946.0000  0.1070
3948.0000  0.1071
3953.0000  0.1072
3955.0000  0.1073
3956.0000  0.1074
3962.0000  0.1075
3991.0000  0.1076
3993.0000  0.1077
3993.0000  0.1077
4001.0000  0.1078
4005.0000  0.1079
4028.0000  0.1081
4038.0000  0.1082
4043.0000  0.1083
4053.0000  0.1084
4054.0000  0.1085
4059.0000  0.1086
4063.0000  0.1087
4065.0000  0.1088
4066.0000  0.1089
4069.0000  0.1090
4076.0000  0.1090
4084.0000  0.1091
4087.0000  0.1092
4095.0000  0.1093
4099.0000  0.1094
4110.0000  0.1086
4111.0000  0.1086
4130.0000  0.1087
4134.0000  0.1088
4134.0000  0.1088
4134.0000  0.1090
4147.0000  0.1091
4162.0000  0.1092
4167.0000  0.1093
4169.0000  0.1094
4172.0000  0.1095
4176.0000  0.1096
4180.0000  0.1098
4186.0000  0.1099
4196.0000  0.1100
4199.0000  0.1101
4200.0000  0.1102
4202.0000  0.1103
4215.0000  0.1104
4218.0000  0.1105
4220.0000  0.1106
4221.0000  0.1107
4223.0000  0.1108
4235.0000  0.1108
4243.0000  0.1109
4255.0000  0.1110
4257.0000  0.1110
4265.0000  0.1111
4272.0000  0.1111
4284.0000  0.1112
4286.0000  0.1112
4289.0000  0.1113
4296.0000  0.1113
4298.0000  0.1115
4303.0000  0.1115
4310.0000  0.1116
4317.0000  0.1117
4323.0000  0.1118
4325.0000  0.1118
4327.0000  0.1119
4328.0000  0.1119
4335.0000  0.1121
4341.0000  0.1122
4344.0000  0.1123
4350.0000  0.1124
4352.0000  0.1125
4354.0000  0.1124
4369.0000  0.1125
4369.0000  0.1127
4374.0000  0.1127
4381.0000  0.1128
4384.0000  0.1129
4396.0000  0.1130
4399.0000  0.1130
4409.0000  0.1131
4414.0000  0.1131
4415.0000  0.1133
4418.0000  0.1134
4422.0000  0.1134
4425.0000  0.1135
4431.0000  0.1136
4437.0000  0.1136
4452.0000  0.1136
4463.0000  0.1138
4467.0000  0.1138
4469.0000  0.1140
4471.0000  0.1140
4474.0000  0.1141
4480.0000  0.1142
4483.0000  0.1143
4486.0000  0.1144
4486.0000  0.1144
4488.0000  0.1145
4488.0000  0.1146
4492.0000  0.1147
4497.0000  0.1148
4498.0000  0.1149
4499.0000  0.1150
4502.0000  0.1151
4509.0000  0.1152
4524.0000  0.1154
4524.0000  0.1154
4527.0000  0.1155
4530.0000  0.1156
4540.0000  0.1156
4542.0000  0.1157
4543.0000  0.1158
4547.0000  0.1158
4548.0000  0.1158
4554.0000  0.1159
4566.0000  0.1160
4576.0000  0.1160
4576.0000  0.1161
4578.0000  0.1162
4580.0000  0.1162
4582.0000  0.1162
4583.0000  0.1163
4585.0000  0.1164
4587.0000  0.1164
4596.0000  0.1165
4599.0000  0.1165
4606.0000  0.1166
4618.0000  0.1166
4643.0000  0.1167
4654.0000  0.1169
4661.0000  0.1168
4663.0000  0.1169
4672.0000  0.1169
4684.0000  0.1170
4689.0000  0.1170
4697.0000  0.1171
4698.0000  0.1172
4700.0000  0.1172
4715.0000  0.1173
4723.0000  0.1173
4727.0000  0.1175
4739.0000  0.1175
4744.0000  0.1177
4751.0000  0.1177
4755.0000  0.1178
4759.0000  0.1179
4773.0000  0.1180
4777.0000  0.1180
4784.0000  0.1180
4792.0000  0.1181
4806.0000  0.1181
4817.0000  0.1181
4819.0000  0.1182
4830.0000  0.1182
4832.0000  0.1183
4833.0000  0.1183
4836.0000  0.1183
4842.0000  0.1183
4845.0000  0.1184
4853.0000  0.1185
4862.0000  0.1185
4867.0000  0.1185
4871.0000  0.1186
4873.0000  0.1188
4873.0000  0.1188
4876.0000  0.1188
4877.0000  0.1189
4880.0000  0.1189
4908.0000  0.1189
4915.0000  0.1190
4921.0000  0.1190
4922.0000  0.1192
4927.0000  0.1192
4933.0000  0.1193
4940.0000  0.1194
4942.0000  0.1195
4949.0000  0.1195
4956.0000  0.1196
4957.0000  0.1196
4969.0000  0.1197
4971.0000  0.1198
4972.0000  0.1198
4977.0000  0.1198
4978.0000  0.1198
4986.0000  0.1199
5001.0000  0.1200
5005.0000  0.1201
5010.0000  0.1201
5036.0000  0.1202
5055.0000  0.1202
5056.0000  0.1203
5056.0000  0.1203
5057.0000  0.1204
5062.0000  0.1205
5063.0000  0.1206
5075.0000  0.1206
5082.0000  0.1206
5083.0000  0.1207
5085.0000  0.1208
5088.0000  0.1208
5094.0000  0.1209
5097.0000  0.1210
5098.0000  0.1210
5101.0000  0.1212
5101.0000  0.1211
5111.0000  0.1212
5111.0000  0.1213
5114.0000  0.1213
5118.0000  0.1214
5124.0000  0.1214
5124.0000  0.1215
5128.0000  0.1215
5128.0000  0.1215
5128.0000  0.1215
5130.0000  0.1216
5134.0000  0.1216
5140.0000  0.1217
5141.0000  0.1218
5148.0000  0.1218
5158.0000  0.1219
5159.0000  0.1219
5163.0000  0.1219
5163.0000  0.1219
5171.0000  0.1220
5178.0000  0.1220
5183.0000  0.1221
5190.0000  0.1221
5190.0000  0.1222
5196.0000  0.1223
5198.0000  0.1224
5209.0000  0.1225
5209.0000  0.1226
5221.0000  0.1227
5224.0000  0.1226
5226.0000  0.1228
5238.0000  0.1228
5242.0000  0.1229
5248.0000  0.1229
5251.0000  0.1230
5253.0000  0.1230
5254.0000  0.1230
5260.0000  0.1231
5263.0000  0.1231
5264.0000  0.1231
5270.0000  0.1231
5273.0000  0.1233
5276.0000  0.1233
5284.0000  0.1234
5287.0000  0.1235
5287.0000  0.1237
5298.0000  0.1237
5303.0000  0.1239
5308.0000  0.1240
5311.0000  0.1240
5320.0000  0.1240
5325.0000  0.1241
5330.0000  0.1242
5330.0000  0.1242
5336.0000  0.1242
5338.0000  0.1243
5341.0000  0.1244
5347.0000  0.1245
5350.0000  0.1246
5354.0000  0.1247
5362.0000  0.1248
5364.0000  0.1249
5370.0000  0.1250
5384.0000  0.1250
5392.0000  0.1251
5392.0000  0.1251
5392.0000  0.1252
5394.0000  0.1253
5403.0000  0.1254
5405.0000  0.1254
5406.0000  0.1254
5406.0000  0.1256
5415.0000  0.1256
5415.0000  0.1257
5415.0000  0.1258
5421.0000  0.1259
5422.0000  0.1260
5425.0000  0.1260
5427.0000  0.1260
5433.0000  0.1261
5434.0000  0.1262
5436.0000  0.1263
5437.0000  0.1263
5444.0000  0.1264
5445.0000  0.1265
5445.0000  0.1266
5448.0000  0.1266
5450.0000  0.1266
5451.0000  0.1267
5452.0000  0.1268
5455.0000  0.1269
5457.0000  0.1269
5458.0000  0.1270
5458.0000  0.1271
5460.0000  0.1271
5469.0000  0.1272
5473.0000  0.1272
5479.0000  0.1272
5490.0000  0.1272
5497.0000  0.1273
5500.0000  0.1273
5513.0000  0.1275
5522.0000  0.1276
5523.0000  0.1276
5529.0000  0.1277
5530.0000  0.1278
5543.0000  0.1279
5551.0000  0.1281
5555.0000  0.1281
5556.0000  0.1282
5559.0000  0.1283
5565.0000  0.1283
5572.0000  0.1284
5574.0000  0.1285
5575.0000  0.1285
5579.0000  0.1285
5583.0000  0.1285
5585.0000  0.1286
5585.0000  0.1287
5587.0000  0.1287
5591.0000  0.1288
5595.0000  0.1289
5605.0000  0.1289
5617.0000  0.1290
5618.0000  0.1291
5625.0000  0.1291
5625.0000  0.1292
5627.0000  0.1293
5629.0000  0.1294
5629.0000  0.1294
5637.0000  0.1295
5645.0000  0.1296
5649.0000  0.1297
5660.0000  0.1298
5668.0000  0.1299
5669.0000  0.1300
5671.0000  0.1301
5672.0000  0.1301
5676.0000  0.1302
5676.0000  0.1303
5699.0000  0.1303
5711.0000  0.1304
5712.0000  0.1304
5717.0000  0.1305
5723.0000  0.1305
5729.0000  0.1306
5761.0000  0.1306
5761.0000  0.1307
5766.0000  0.1308
5767.0000  0.1309
5768.0000  0.1310
5768.0000  0.1311
5768.0000  0.1311
5771.0000  0.1311
5776.0000  0.1310
5780.0000  0.1312
5782.0000  0.1312
5790.0000  0.1312
5794.0000  0.1314
5796.0000  0.1314
5798.0000  0.1315
5799.0000  0.1315
5801.0000  0.1315
5802.0000  0.1316
5803.0000  0.1317
5805.0000  0.1317
5813.0000  0.1318
5816.0000  0.1318
5820.0000  0.1319
5823.0000  0.1320
5839.0000  0.1322
5874.0000  0.1322
5876.0000  0.1322
5877.0000  0.1312
5879.0000  0.1313
5880.0000  0.1313
5885.0000  0.1314
5885.0000  0.1314
5889.0000  0.1315
5895.0000  0.1316
5898.0000  0.1318
5916.0000  0.1319
5919.0000  0.1320
5920.0000  0.1320
5922.0000  0.1320
5925.0000  0.1322
5926.0000  0.1322
5944.0000  0.1323
5953.0000  0.1324
5955.0000  0.1325
5956.0000  0.1325
5977.0000  0.1326
5980.0000  0.1327
5981.0000  0.1327
5981.0000  0.1326
5981.0000  0.1328
5992.0000  0.1328
5996.0000  0.1329
5999.0000  0.1328
6028.0000  0.1329
6035.0000  0.1329
6041.0000  0.1330
6042.0000  0.1331
6051.0000  0.1332
6062.0000  0.1331
6068.0000  0.1332
6071.0000  0.1333
6082.0000  0.1333
6090.0000  0.1335
6092.0000  0.1336
6098.0000  0.1336
6101.0000  0.1336
6104.0000  0.1337
6109.0000  0.1338
6109.0000  0.1339
6121.0000  0.1340
6138.0000  0.1340
6144.0000  0.1342
6164.0000  0.1343
6167.0000  0.1343
6175.0000  0.1344
6180.0000  0.1345
6182.0000  0.1346
6198.0000  0.1347
6205.0000  0.1348
6219.0000  0.1347
6221.0000  0.1348
6224.0000  0.1349
6232.0000  0.1350
6234.0000  0.1350
6235.0000  0.1350
6236.0000  0.1350
6237.0000  0.1351
6238.0000  0.1351
6244.0000  0.1352
6246.0000  0.1353
6254.0000  0.1353
6257.0000  0.1355
6257.0000  0.1355
6273.0000  0.1356
6274.0000  0.1355
6291.0000  0.1357
6294.0000  0.1357
6294.0000  0.1358
6303.0000  0.1358
6304.0000  0.1359
6314.0000  0.1360
6322.0000  0.1360
6331.0000  0.1361
6333.0000  0.1362
6339.0000  0.1363
6340.0000  0.1364
6346.0000  0.1364
6353.0000  0.1365
6370.0000  0.1366
6372.0000  0.1367
6375.0000  0.1367
6376.0000  0.1367
6378.0000  0.1368
6384.0000  0.1368
6384.0000  0.1369
6384.0000  0.1369
6391.0000  0.1369
6400.0000  0.1370
6404.0000  0.1370
6405.0000  0.1371
6407.0000  0.1371
6417.0000  0.1371
6423.0000  0.1371
6428.0000  0.1373
6456.0000  0.1373
6459.0000  0.1374
6464.0000  0.1374
6479.0000  0.1374
6483.0000  0.1375
6484.0000  0.1375
6488.0000  0.1375
6489.0000  0.1376
6489.0000  0.1377
6491.0000  0.1378
6493.0000  0.1378
6504.0000  0.1380
6506.0000  0.1380
6513.0000  0.1380
6513.0000  0.1381
6518.0000  0.1382
6520.0000  0.1382
6520.0000  0.1383
6528.0000  0.1384
6538.0000  0.1385
6542.0000  0.1385
6546.0000  0.1385
6547.0000  0.1386
6550.0000  0.1386
6553.0000  0.1386
6553.0000  0.1387
6554.0000  0.1387
6560.0000  0.1389
6561.0000  0.1389
6561.0000  0.1390
6564.0000  0.1391
6567.0000  0.1391
6572.0000  0.1391
6575.0000  0.1391
6577.0000  0.1392
6612.0000  0.1392
6613.0000  0.1392
6619.0000  0.1393
6623.0000  0.1394
6627.0000  0.1395
6638.0000  0.1396
6640.0000  0.1396
6650.0000  0.1397
6655.0000  0.1398
6661.0000  0.1398
6672.0000  0.1398
6675.0000  0.1398
6681.0000  0.1398
6685.0000  0.1399
6686.0000  0.1400
6687.0000  0.1400
6694.0000  0.1400
6696.0000  0.1401
6706.0000  0.1401
6719.0000  0.1401
6722.0000  0.1402
6727.0000  0.1403
6729.0000  0.1403
6729.0000  0.1404
6731.0000  0.1404
6738.0000  0.1405
6739.0000  0.1405
6763.0000  0.1405
6763.0000  0.1406
6763.0000  0.1407
6764.0000  0.1408
6764.0000  0.1409
6775.0000  0.1409
6775.0000  0.1410
6779.0000  0.1411
6786.0000  0.1411
6788.0000  0.1412
6789.0000  0.1413
6794.0000  0.1413
6798.0000  0.1414
6800.0000  0.1415
6804.0000  0.1415
6805.0000  0.1416
6809.0000  0.1416
6812.0000  0.1417
6813.0000  0.1417
6814.0000  0.1418
6814.0000  0.1418
6833.0000  0.1419
6842.0000  0.1420
6846.0000  0.1421
6858.0000  0.1422
6863.0000  0.1422
6866.0000  0.1422
6867.0000  0.1423
6880.0000  0.1423
6897.0000  0.1423
6905.0000  0.1423
6907.0000  0.1424
6916.0000  0.1424
6918.0000  0.1425
6920.0000  0.1426
6921.0000  0.1426
6930.0000  0.1425
6931.0000  0.1426
6937.0000  0.1426
6939.0000  0.1427
6945.0000  0.1427
6947.0000  0.1428
6950.0000  0.1429
6951.0000  0.1430
6955.0000  0.1430
6961.0000  0.1430
6962.0000  0.1431
6972.0000  0.1432
6973.0000  0.1433
6973.0000  0.1434
6983.0000  0.1434
6988.0000  0.1435
6992.0000  0.1435
6994.0000  0.1435
6996.0000  0.1435
7011.0000  0.1436
7015.0000  0.1437
7022.0000  0.1437
7026.0000  0.1437
7027.0000  0.1438
7040.0000  0.1439
7048.0000  0.1439
7060.0000  0.1439
7075.0000  0.1439
7075.0000  0.1441
7082.0000  0.1442
7107.0000  0.1443
7110.0000  0.1443
7111.0000  0.1444
7113.0000  0.1445
7117.0000  0.1445
7118.0000  0.1446
7119.0000  0.1446
7131.0000  0.1447
7133.0000  0.1448
7134.0000  0.1449
7139.0000  0.1449
7142.0000  0.1449
7146.0000  0.1449
7149.0000  0.1450
7150.0000  0.1450
7153.0000  0.1450
7166.0000  0.1450
7168.0000  0.1450
7181.0000  0.1452
7188.0000  0.1452
7190.0000  0.1452
7192.0000  0.1452
7199.0000  0.1452
7200.0000  0.1453
7202.0000  0.1454
7206.0000  0.1454
7210.0000  0.1454
7221.0000  0.1454
7226.0000  0.1456
7232.0000  0.1457
7267.0000  0.1457
7270.0000  0.1458
7271.0000  0.1458
7273.0000  0.1458
7273.0000  0.1459
7276.0000  0.1460
7277.0000  0.1461
7280.0000  0.1462
7284.0000  0.1461
7316.0000  0.1462
7320.0000  0.1462
7322.0000  0.1464
7322.0000  0.1464
7326.0000  0.1466
7328.0000  0.1466
7341.0000  0.1467
7351.0000  0.1467
7356.0000  0.1467
7362.0000  0.1467
7369.0000  0.1467
7376.0000  0.1468
7385.0000  0.1470
7393.0000  0.1470
7394.0000  0.1471
7397.0000  0.1471
7399.0000  0.1471
7400.0000  0.1471
7401.0000  0.1472
7419.0000  0.1473
7436.0000  0.1473
7445.0000  0.1473
7446.0000  0.1474
7449.0000  0.1474
7467.0000  0.1476
7470.0000  0.1476
7474.0000  0.1476
7474.0000  0.1476
7477.0000  0.1477
7483.0000  0.1477
7492.0000  0.1476
7493.0000  0.1476
7496.0000  0.1476
7496.0000  0.1477
7506.0000  0.1477
7517.0000  0.1478
7517.0000  0.1478
7524.0000  0.1478
7531.0000  0.1478
7532.0000  0.1479
7534.0000  0.1479
7558.0000  0.1479
7582.0000  0.1481
7583.0000  0.1481
7588.0000  0.1481
7592.0000  0.1481
7594.0000  0.1482
7605.0000  0.1484
7606.0000  0.1484
7614.0000  0.1485
7623.0000  0.1486
7624.0000  0.1486
7627.0000  0.1486
7640.0000  0.1487
7642.0000  0.1487
7642.0000  0.1488
7646.0000  0.1488
7647.0000  0.1489
7652.0000  0.1489
7657.0000  0.1491
7658.0000  0.1491
7669.0000  0.1492
7671.0000  0.1492
7671.0000  0.1493
7673.0000  0.1494
7675.0000  0.1495
7677.0000  0.1496
7683.0000  0.1497
7687.0000  0.1498
7689.0000  0.1486
7695.0000  0.1487
7697.0000  0.1489
7705.0000  0.1489
7712.0000  0.1490
7721.0000  0.1490
7736.0000  0.1491
7758.0000  0.1493
7771.0000  0.1494
7792.0000  0.1494
7800.0000  0.1495
7804.0000  0.1496
7819.0000  0.1497
7823.0000  0.1498
7826.0000  0.1498
7832.0000  0.1499
7841.0000  0.1500
7844.0000  0.1501
7845.0000  0.1502
7859.0000  0.1502
7862.0000  0.1502
7863.0000  0.1503
7882.0000  0.1503
7885.0000  0.1503
7886.0000  0.1505
7899.0000  0.1505
7901.0000  0.1506
7903.0000  0.1506
7913.0000  0.1506
7920.0000  0.1507
7924.0000  0.1508
7931.0000  0.1508
7931.0000  0.1508
7932.0000  0.1508
7939.0000  0.1509
7952.0000  0.1510
7976.0000  0.1511
7988.0000  0.1499
7992.0000  0.1501
7995.0000  0.1501
7998.0000  0.1502
8008.0000  0.1502
8015.0000  0.1503
8015.0000  0.1503
8018.0000  0.1504
8024.0000  0.1504
8026.0000  0.1504
8027.0000  0.1506
8033.0000  0.1506
8039.0000  0.1506
8044.0000  0.1506
8044.0000  0.1507
8053.0000  0.1507
8054.0000  0.1508
8063.0000  0.1508
8068.0000  0.1508
8071.0000  0.1509
8092.0000  0.1510
8093.0000  0.1510
8094.0000  0.1510
8102.0000  0.1510
8102.0000  0.1511
8108.0000  0.1512
8109.0000  0.1513
8111.0000  0.1514
8112.0000  0.1514
8129.0000  0.1515
8131.0000  0.1516
8134.0000  0.1516
8140.0000  0.1516
8141.0000  0.1516
8146.0000  0.1518
8160.0000  0.1518
8165.0000  0.1518
8179.0000  0.1518
8185.0000  0.1519
8186.0000  0.1519
8187.0000  0.1519
8191.0000  0.1519
8195.0000  0.1519
8198.0000  0.1520
8213.0000  0.1520
8234.0000  0.1521
8244.0000  0.1522
8245.0000  0.1522
8247.0000  0.1523
8255.0000  0.1522
8262.0000  0.1522
8262.0000  0.1524
8263.0000  0.1524
8271.0000  0.1524
8274.0000  0.1524
8276.0000  0.1525
8279.0000  0.1525
8300.0000  0.1526
8301.0000  0.1526
8305.0000  0.1526
8305.0000  0.1527
8308.0000  0.1527
8314.0000  0.1527
8315.0000  0.1527
8329.0000  0.1527
8336.0000  0.1527
8343.0000  0.1528
8344.0000  0.1528
8349.0000  0.1528
8352.0000  0.1529
8352.0000  0.1529
8353.0000  0.1529
8354.0000  0.1530
8354.0000  0.1531
8356.0000  0.1531
8356.0000  0.1531
8357.0000  0.1531
8358.0000  0.1531
8362.0000  0.1532
8366.0000  0.1532
8367.0000  0.1533
8378.0000  0.1533
8378.0000  0.1534
8386.0000  0.1534
8387.0000  0.1535
8391.0000  0.1536
8392.0000  0.1537
8392.0000  0.1538
8395.0000  0.1538
8395.0000  0.1539
8403.0000  0.1540
8407.0000  0.1541
8412.0000  0.1543
8415.0000  0.1543
8417.0000  0.1544
8420.0000  0.1544
8424.0000  0.1545
8434.0000  0.1546
8438.0000  0.1546
8446.0000  0.1545
8448.0000  0.1546
8453.0000  0.1546
8455.0000  0.1547
8487.0000  0.1547
8509.0000  0.1549
8515.0000  0.1550
8525.0000  0.1550
8525.0000  0.1550
8529.0000  0.1550
8540.0000  0.1551
8550.0000  0.1551
8552.0000  0.1551
8566.0000  0.1552
8579.0000  0.1552
8580.0000  0.1553
8587.0000  0.1554
8588.0000  0.1555
8595.0000  0.1555
8601.0000  0.1556
8604.0000  0.1557
8650.0000  0.1558
8659.0000  0.1559
8677.0000  0.1547
8696.0000  0.1547
8705.0000  0.1548
8713.0000  0.1548
8714.0000  0.1548
8729.0000  0.1548
8730.0000  0.1549
8733.0000  0.1550
8739.0000  0.1550
8758.0000  0.1551
8781.0000  0.1552
8808.0000  0.1554
8828.0000  0.1555
8832.0000  0.1555
8835.0000  0.1556
8843.0000  0.1556
8865.0000  0.1557
8871.0000  0.1557
8885.0000  0.1557
8887.0000  0.1556
8899.0000  0.1556
8902.0000  0.1558
8915.0000  0.1559
8916.0000  0.1560
8919.0000  0.1561
8922.0000  0.1561
8927.0000  0.1562
8933.0000  0.1563
8935.0000  0.1564
8962.0000  0.1564
8963.0000  0.1565
8966.0000  0.1566
8976.0000  0.1567
8977.0000  0.1568
8985.0000  0.1569
8992.0000  0.1569
8993.0000  0.1569
8995.0000  0.1570
8996.0000  0.1570
9003.0000  0.1572
9006.0000  0.1573
9007.0000  0.1574
9010.0000  0.1575
9015.0000  0.1575
9020.0000  0.1575
9027.0000  0.1575
9030.0000  0.1575
9036.0000  0.1576
9043.0000  0.1577
9045.0000  0.1577
9049.0000  0.1577
9055.0000  0.1578
9059.0000  0.1578
9059.0000  0.1577
9064.0000  0.1577
9065.0000  0.1578
9088.0000  0.1579
9096.0000  0.1579
9096.0000  0.1581
9099.0000  0.1581
9101.0000  0.1582
9103.0000  0.1582
9113.0000  0.1583
9125.0000  0.1583
9141.0000  0.1584
9146.0000  0.1584
9149.0000  0.1584
9153.0000  0.1584
9156.0000  0.1585
9160.0000  0.1585
9171.0000  0.1585
9171.0000  0.1585
9174.0000  0.1585
9177.0000  0.1585
9179.0000  0.1586
9179.0000  0.1588
9185.0000  0.1588
9186.0000  0.1588
9192.0000  0.1588
9195.0000  0.1589
9195.0000  0.1589
9204.0000  0.1589
9207.0000  0.1589
9215.0000  0.1589
9218.0000  0.1589
9224.0000  0.1590
9226.0000  0.1591
9241.0000  0.1592
9245.0000  0.1593
9255.0000  0.1594
9260.0000  0.1595
9261.0000  0.1595
9261.0000  0.1596
9264.0000  0.1597
9265.0000  0.1598
9270.0000  0.1599
9273.0000  0.1599
9283.0000  0.1599
9286.0000  0.1599
9286.0000  0.1600
9295.0000  0.1600
9307.0000  0.1601
9307.0000  0.1600
9310.0000  0.1601
9311.0000  0.1602
9314.0000  0.1602
9316.0000  0.1602
9320.0000  0.1602
9320.0000  0.1602
9331.0000  0.1602
9335.0000  0.1602
9336.0000  0.1603
9338.0000  0.1603
9342.0000  0.1603
9346.0000  0.1603
9354.0000  0.1603
9356.0000  0.1604
9366.0000  0.1605
9371.0000  0.1606
9377.0000  0.1605
9379.0000  0.1606
9383.0000  0.1607
9388.0000  0.1607
9389.0000  0.1608
9392.0000  0.1609
9392.0000  0.1609
9405.0000  0.1609
9406.0000  0.1610
9408.0000  0.1611
9414.0000  0.1612
9429.0000  0.1612
9432.0000  0.1612
9432.0000  0.1612
9435.0000  0.1613
9447.0000  0.1614
9450.0000  0.1615
9451.0000  0.1615
9451.0000  0.1616
9452.0000  0.1616
9454.0000  0.1617
9459.0000  0.1618
9471.0000  0.1618
9477.0000  0.1619
9478.0000  0.1619
9482.0000  0.1619
9483.0000  0.1620
9487.0000  0.1621
9497.0000  0.1621
9500.0000  0.1622
9504.0000  0.1622
9506.0000  0.1623
9511.0000  0.1623
9513.0000  0.1622
9515.0000  0.1621
9522.0000  0.1622
9533.0000  0.1622
9538.0000  0.1623
9539.0000  0.1623
9544.0000  0.1624
9545.0000  0.1625
9545.0000  0.1626
9546.0000  0.1627
9548.0000  0.1627
9556.0000  0.1628
9556.0000  0.1629
9557.0000  0.1630
9562.0000  0.1631
9564.0000  0.1631
9587.0000  0.1632
9594.0000  0.1633
9594.0000  0.1634
9604.0000  0.1635
9609.0000  0.1635
9621.0000  0.1636
9624.0000  0.1636
9625.0000  0.1637
9634.0000  0.1638
9638.0000  0.1639
9642.0000  0.1640
9646.0000  0.1641
9652.0000  0.1641
9658.0000  0.1642
9663.0000  0.1643
9664.0000  0.1644
9666.0000  0.1645
9667.0000  0.1645
9671.0000  0.1645
9683.0000  0.1645
9685.0000  0.1645
9687.0000  0.1646
9687.0000  0.1645
9690.0000  0.1646
9692.0000  0.1646
9694.0000  0.1646
9701.0000  0.1647
9709.0000  0.1647
9711.0000  0.1647
9727.0000  0.1647
9750.0000  0.1634
9751.0000  0.1635
9762.0000  0.1634
9767.0000  0.1635
9767.0000  0.1636
9774.0000  0.1636
9776.0000  0.1637
9786.0000  0.1637
9787.0000  0.1637
9787.0000  0.1638
9795.0000  0.1638
9797.0000  0.1639
9799.0000  0.1641
9800.0000  0.1641
9804.0000  0.1641
9807.0000  0.1642
9811.0000  0.1642
9825.0000  0.1642
9834.0000  0.1643
9839.0000  0.1644
9840.0000  0.1645
9841.0000  0.1645
9843.0000  0.1646
9843.0000  0.1646
9852.0000  0.1646
9852.0000  0.1646
9857.0000  0.1646
9864.0000  0.1646
9868.0000  0.1646
9872.0000  0.1646
9876.0000  0.1647
9891.0000  0.1646
9897.0000  0.1647
9899.0000  0.1648
9900.0000  0.1647
9902.0000  0.1648
9905.0000  0.1648
9907.0000  0.1648
9910.0000  0.1649
9910.0000  0.1649
9912.0000  0.1649
9914.0000  0.1649
9918.0000  0.1649
9922.0000  0.1649
9923.0000  0.1651
9928.0000  0.1651
9933.0000  0.1651
9934.0000  0.1652
9935.0000  0.1653
9936.0000  0.1654
9939.0000  0.1654
9943.0000  0.1655
9960.0000  0.1655
9965.0000  0.1656
9970.0000  0.1657
9979.0000  0.1657
9981.0000  0.1658
9985.0000  0.1658
9988.0000  0.1658
9999.0000  0.1659
10013.0000  0.1660
10019.0000  0.1661
10023.0000  0.1662
10033.0000  0.1662
10037.0000  0.1663
10040.0000  0.1663
10047.0000  0.1663
10048.0000  0.1664
10054.0000  0.1665
10055.0000  0.1666
10060.0000  0.1666
10061.0000  0.1667
10076.0000  0.1668
10082.0000  0.1668
10086.0000  0.1669
10096.0000  0.1669
10097.0000  0.1670
10099.0000  0.1670
10118.0000  0.1671
10123.0000  0.1671
10126.0000  0.1672
10139.0000  0.1672
10142.0000  0.1672
10147.0000  0.1673
10157.0000  0.1673
10171.0000  0.1675
10174.0000  0.1675
10181.0000  0.1676
10191.0000  0.1677
10192.0000  0.1678
10195.0000  0.1678
10200.0000  0.1679
10208.0000  0.1679
10215.0000  0.1680
10218.0000  0.1680
10219.0000  0.1679
10219.0000  0.1679
10221.0000  0.1679
10224.0000  0.1680
10225.0000  0.1680
10233.0000  0.1681
10251.0000  0.1680
10257.0000  0.1682
10257.0000  0.1682
10258.0000  0.1682
10259.0000  0.1683
10266.0000  0.1683
10269.0000  0.1684
10272.0000  0.1683
10275.0000  0.1683
10276.0000  0.1684
10288.0000  0.1684
10293.0000  0.1685
10294.0000  0.1685
10297.0000  0.1685
10300.0000  0.1685
10310.0000  0.1685
10322.0000  0.1685
10325.0000  0.1685
10344.0000  0.1685
10346.0000  0.1686
10351.0000  0.1686
10353.0000  0.1687
10358.0000  0.1688
10359.0000  0.1688
10361.0000  0.1688
10362.0000  0.1688
10365.0000  0.1688
10375.0000  0.1689
10375.0000  0.1691
10376.0000  0.1692
10378.0000  0.1693
10380.0000  0.1694
10382.0000  0.1695
10382.0000  0.1695
10385.0000  0.1696
10387.0000  0.1697
10390.0000  0.1698
10399.0000  0.1699
10407.0000  0.1700
10414.0000  0.1701
10421.0000  0.1702
10451.0000  0.1703
10468.0000  0.1703
10483.0000  0.1703
10486.0000  0.1703
10487.0000  0.1703
10495.0000  0.1703
10496.0000  0.1704
10502.0000  0.1705
10503.0000  0.1705
10507.0000  0.1706
10516.0000  0.1707
10527.0000  0.1707
10550.0000  0.1707
10559.0000  0.1707
10563.0000  0.1708
10580.0000  0.1708
10580.0000  0.1708
10582.0000  0.1709
10582.0000  0.1709
10583.0000  0.1709
10584.0000  0.1709
10587.0000  0.1709
10590.0000  0.1709
10608.0000  0.1709
10613.0000  0.1709
10614.0000  0.1710
10621.0000  0.1710
10625.0000  0.1711
10631.0000  0.1711
10638.0000  0.1712
10648.0000  0.1713
10650.0000  0.1713
10659.0000  0.1713
10675.0000  0.1713
10684.0000  0.1713
10686.0000  0.1714
10690.0000  0.1714
10699.0000  0.1713
10700.0000  0.1713
10702.0000  0.1714
10716.0000  0.1715
10717.0000  0.1718
10728.0000  0.1719
10731.0000  0.1720
10731.0000  0.1720
10739.0000  0.1720
10742.0000  0.1721
10745.0000  0.1721
10749.0000  0.1721
10766.0000  0.1722
10770.0000  0.1722
10780.0000  0.1722
10789.0000  0.1724
10790.0000  0.1725
10791.0000  0.1725
10797.0000  0.1725
10801.0000  0.1725
10801.0000  0.1726
10817.0000  0.1726
10831.0000  0.1727
10846.0000  0.1728
10849.0000  0.1729
10855.0000  0.1730
10857.0000  0.1731
10865.0000  0.1731
10871.0000  0.1732
10871.0000  0.1732
10877.0000  0.1733
10899.0000  0.1734
10909.0000  0.1735
10910.0000  0.1735
10914.0000  0.1735
10915.0000  0.1736
10916.0000  0.1737
10922.0000  0.1737
10922.0000  0.1737
10925.0000  0.1737
10926.0000  0.1737
10929.0000  0.1737
10934.0000  0.1738
10937.0000  0.1740
10944.0000  0.1741
10947.0000  0.1741
10948.0000  0.1741
10954.0000  0.1741
10962.0000  0.1741
10964.0000  0.1743
10969.0000  0.1743
10973.0000  0.1742
10979.0000  0.1743
10991.0000  0.1743
10992.0000  0.1744
10995.0000  0.1744
10998.0000  0.1744
11014.0000  0.1745
11025.0000  0.1745
11025.0000  0.1745
11031.0000  0.1745
11037.0000  0.1745
11042.0000  0.1745
11043.0000  0.1746
11059.0000  0.1747
11063.0000  0.1748
11064.0000  0.1749
11070.0000  0.1749
11089.0000  0.1749
11099.0000  0.1750
11105.0000  0.1751
11117.0000  0.1751
11120.0000  0.1753
11135.0000  0.1753
11148.0000  0.1753
11150.0000  0.1754
11192.0000  0.1755
11197.0000  0.1756
11201.0000  0.1757
11222.0000  0.1758
11234.0000  0.1759
11248.0000  0.1759
11249.0000  0.1760
11250.0000  0.1760
11253.0000  0.1760
11254.0000  0.1761
11259.0000  0.1762
11263.0000  0.1760
11265.0000  0.1761
11273.0000  0.1761
11275.0000  0.1762
11277.0000  0.1762
11280.0000  0.1763
11280.0000  0.1763
11293.0000  0.1765
11297.0000  0.1764
11300.0000  0.1765
11309.0000  0.1766
11312.0000  0.1766
11313.0000  0.1766
11320.0000  0.1766
11327.0000  0.1767
11332.0000  0.1768
11341.0000  0.1768
11344.0000  0.1769
11359.0000  0.1769
11367.0000  0.1771
11383.0000  0.1771
11408.0000  0.1771
11411.0000  0.1772
11426.0000  0.1772
11430.0000  0.1772
11431.0000  0.1772
11437.0000  0.1771
11449.0000  0.1772
11452.0000  0.1772
11459.0000  0.1772
11467.0000  0.1772
11470.0000  0.1772
11473.0000  0.1773
11474.0000  0.1773
11476.0000  0.1774
11481.0000  0.1774
11486.0000  0.1774
11486.0000  0.1776
11497.0000  0.1776
11501.0000  0.1776
11504.0000  0.1778
11504.0000  0.1779
11526.0000  0.1780
11539.0000  0.1781
11547.0000  0.1782
11547.0000  0.1783
11549.0000  0.1783
11553.0000  0.1783
11557.0000  0.1783
11564.0000  0.1783
11567.0000  0.1783
11587.0000  0.1784
11590.0000  0.1785
11590.0000  0.1786
11598.0000  0.1787
11600.0000  0.1787
11604.0000  0.1787
11610.0000  0.1786
11612.0000  0.1786
11613.0000  0.1786
11615.0000  0.1787
11623.0000  0.1787
11626.0000  0.1787
11634.0000  0.1788
11644.0000  0.1788
11646.0000  0.1789
11649.0000  0.1790
11650.0000  0.1789
11652.0000  0.1790
11655.0000  0.1790
11658.0000  0.1791
11664.0000  0.1791
11667.0000  0.1791
11671.0000  0.1792
11672.0000  0.1792
11688.0000  0.1792
11689.0000  0.1792
11691.0000  0.1794
11696.0000  0.1794
11699.0000  0.1795
11703.0000  0.1795
11707.0000  0.1795
11715.0000  0.1796
11721.0000  0.1797
11727.0000  0.1797
11731.0000  0.1798
11741.0000  0.1798
11747.0000  0.1785
11752.0000  0.1785
11752.0000  0.1786
11754.0000  0.1786
11757.0000  0.1786
11758.0000  0.1788
11761.0000  0.1789
11763.0000  0.1789
11764.0000  0.1791
11765.0000  0.1791
11773.0000  0.1791
11781.0000  0.1792
11793.0000  0.1792
11795.0000  0.1793
11809.0000  0.1794
11810.0000  0.1795
11818.0000  0.1795
11821.0000  0.1796
11833.0000  0.1796
11839.0000  0.1797
11840.0000  0.1798
11854.0000  0.1798
11855.0000  0.1800
11857.0000  0.1800
11858.0000  0.1800
11864.0000  0.1801
11873.0000  0.1801
11880.0000  0.1802
11884.0000  0.1803
11884.0000  0.1804
11887.0000  0.1804
11887.0000  0.1805
11893.0000  0.1805
11896.0000  0.1805
11896.0000  0.1806
11907.0000  0.1807
11910.0000  0.1807
11912.0000  0.1808
11917.0000  0.1808
11919.0000  0.1810
11926.0000  0.1810
11931.0000  0.1812
11933.0000  0.1812
11933.0000  0.1813
11933.0000  0.1814
11945.0000  0.1815
11950.0000  0.1815
11963.0000  0.1815
11977.0000  0.1815
11982.0000  0.1816
11992.0000  0.1814
11994.0000  0.1815
12000.0000  0.1815
12000.0000  0.1816
12005.0000  0.1817
12012.0000  0.1817
12014.0000  0.1817
12015.0000  0.1819
12021.0000  0.1820
12023.0000  0.1821
12036.0000  0.1822
12048.0000  0.1823
12050.0000  0.1824
12057.0000  0.1824
12064.0000  0.1824
12067.0000  0.1824
12067.0000  0.1824
12076.0000  0.1824
12079.0000  0.1824
12080.0000  0.1824
12089.0000  0.1825
12102.0000  0.1825
12106.0000  0.1826
12111.0000  0.1826
12122.0000  0.1826
12133.0000  0.1827
12139.0000  0.1827
12140.0000  0.1828
12145.0000  0.1828
12150.0000  0.1828
12164.0000  0.1828
12167.0000  0.1829
12168.0000  0.1830
12172.0000  0.1831
12178.0000  0.1832
12188.0000  0.1833
12213.0000  0.1834
12231.0000  0.1834
12237.0000  0.1833
12250.0000  0.1834
12257.0000  0.1833
12258.0000  0.1833
12265.0000  0.1833
12267.0000  0.1833
12267.0000  0.1834
12268.0000  0.1834
12275.0000  0.1835
12275.0000  0.1835
12278.0000  0.1835
12286.0000  0.1836
12291.0000  0.1836
12298.0000  0.1837
12302.0000  0.1837
12326.0000  0.1837
12330.0000  0.1837
12333.0000  0.1838
12337.0000  0.1839
12340.0000  0.1840
12340.0000  0.1841
12347.0000  0.1842
12353.0000  0.1842
12357.0000  0.1843
12362.0000  0.1844
12366.0000  0.1844
12369.0000  0.1845
12369.0000  0.1845
12416.0000  0.1846
12427.0000  0.1847
12431.0000  0.1848
12436.0000  0.1849
12439.0000  0.1849
12441.0000  0.1850
12442.0000  0.1850
12442.0000  0.1850
12448.0000  0.1850
12451.0000  0.1851
12451.0000  0.1851
12457.0000  0.1853
12459.0000  0.1853
12466.0000  0.1853
12476.0000  0.1853
12487.0000  0.1853
12494.0000  0.1853
12501.0000  0.1854
12504.0000  0.1855
12507.0000  0.1855
12512.0000  0.1856
12513.0000  0.1856
12520.0000  0.1857
12521.0000  0.1858
12524.0000  0.1859
12530.0000  0.1860
12532.0000  0.1860
12539.0000  0.1861
12548.0000  0.1861
12551.0000  0.1861
12551.0000  0.1862
12562.0000  0.1863
12565.0000  0.1863
12567.0000  0.1864
12589.0000  0.1864
12593.0000  0.1864
12597.0000  0.1864
12604.0000  0.1864
12607.0000  0.1865
12609.0000  0.1864
12614.0000  0.1865
12617.0000  0.1867
12635.0000  0.1867
12647.0000  0.1867
12657.0000  0.1867
12660.0000  0.1867
12668.0000  0.1867
12669.0000  0.1867
12670.0000  0.1866
12676.0000  0.1867
12679.0000  0.1867
12687.0000  0.1867
12689.0000  0.1868
12690.0000  0.1868
12693.0000  0.1869
12694.0000  0.1868
12700.0000  0.1869
12700.0000  0.1869
12704.0000  0.1869
12717.0000  0.1869
12718.0000  0.1869
12720.0000  0.1869
12722.0000  0.1870
12724.0000  0.1870
12729.0000  0.1869
12732.0000  0.1870
12737.0000  0.1870
12745.0000  0.1870
12749.0000  0.1871
12750.0000  0.1872
12754.0000  0.1872
12765.0000  0.1873
12768.0000  0.1873
12770.0000  0.1874
12777.0000  0.1876
12778.0000  0.1876
12779.0000  0.1877
12781.0000  0.1877
12783.0000  0.1877
12791.0000  0.1878
12793.0000  0.1879
12797.0000  0.1879
12799.0000  0.1881
12800.0000  0.1882
12820.0000  0.1882
12822.0000  0.1883
12823.0000  0.1884
12824.0000  0.1884
12825.0000  0.1886
12839.0000  0.1886
12853.0000  0.1886
12873.0000  0.1887
12873.0000  0.1887
12893.0000  0.1887
12899.0000  0.1887
12904.0000  0.1888
12905.0000  0.1888
12908.0000  0.1889
12910.0000  0.1890
12918.0000  0.1890
12923.0000  0.1890
12927.0000  0.1890
12928.0000  0.1890
12938.0000  0.1889
12941.0000  0.1889
12955.0000  0.1889
12961.0000  0.1889
12964.0000  0.1890
12967.0000  0.1890
12971.0000  0.1891
12981.0000  0.1891
12988.0000  0.1892
12992.0000  0.1893
12994.0000  0.1893
12994.0000  0.1894
12998.0000  0.1894
12999.0000  0.1894
13002.0000  0.1894
13006.0000  0.1894
13015.0000  0.1894
13023.0000  0.1895
13035.0000  0.1896
13050.0000  0.1897
13060.0000  0.1897
13070.0000  0.1899
13072.0000  0.1899
13079.0000  0.1900
13081.0000  0.1901
13087.0000  0.1901
13101.0000  0.1902
13119.0000  0.1902
13124.0000  0.1903
13137.0000  0.1904
13167.0000  0.1905
13173.0000  0.1905
13175.0000  0.1905
13177.0000  0.1906
13186.0000  0.1906
13188.0000  0.1906
13189.0000  0.1906
13193.0000  0.1906
13195.0000  0.1907
13201.0000  0.1907
13202.0000  0.1907
13204.0000  0.1907
13218.0000  0.1907
13222.0000  0.1908
13230.0000  0.1908
13231.0000  0.1894
13233.0000  0.1894
13233.0000  0.1894
13240.0000  0.1895
13250.0000  0.1896
13263.0000  0.1896
13275.0000  0.1897
13283.0000  0.1898
13284.0000  0.1898
13285.0000  0.1901
13290.0000  0.1900
13293.0000  0.1902
13296.0000  0.1903
13299.0000  0.1904
13301.0000  0.1904
13304.0000  0.1904
13310.0000  0.1905
13327.0000  0.1906
13333.0000  0.1906
13340.0000  0.1906
13350.0000  0.1907
13370.0000  0.1907
13377.0000  0.1907
13378.0000  0.1907
13388.0000  0.1907
13391.0000  0.1908
13394.0000  0.1909
13396.0000  0.1909
13401.0000  0.1910
13402.0000  0.1910
13406.0000  0.1911
13415.0000  0.1912
13430.0000  0.1912
13440.0000  0.1913
13442.0000  0.1914
13455.0000  0.1914
13466.0000  0.1915
13467.0000  0.1915
13468.0000  0.1915
13474.0000  0.1916
13486.0000  0.1916
13487.0000  0.1916
13490.0000  0.1916
13495.0000  0.1916
13505.0000  0.1915
13507.0000  0.1916
13507.0000  0.1916
13507.0000  0.1917
13508.0000  0.1917
13511.0000  0.1917
13513.0000  0.1917
13515.0000  0.1918
13529.0000  0.1919
13529.0000  0.1921
13545.0000  0.1921
13551.0000  0.1921
13557.0000  0.1922
13558.0000  0.1923
13562.0000  0.1924
13563.0000  0.1925
13570.0000  0.1926
13577.0000  0.1928
13581.0000  0.1928
13594.0000  0.1929
13602.0000  0.1929
13604.0000  0.1929
13605.0000  0.1929
13613.0000  0.1931
13618.0000  0.1931
13620.0000  0.1932
13624.0000  0.1932
13628.0000  0.1932
13631.0000  0.1933
13635.0000  0.1934
13637.0000  0.1934
13641.0000  0.1934
13645.0000  0.1934
13647.0000  0.1934
13656.0000  0.1934
13664.0000  0.1935
13664.0000  0.1935
13666.0000  0.1935
13670.0000  0.1937
13674.0000  0.1938
13687.0000  0.1937
13697.0000  0.1938
13706.0000  0.1939
13712.0000  0.1939
13716.0000  0.1940
13733.0000  0.1940
13736.0000  0.1940
13747.0000  0.1941
13747.0000  0.1941
13756.0000  0.1941
13759.0000  0.1941
13765.0000  0.1942
13806.0000  0.1941
13806.0000  0.1941
13807.0000  0.1941
13809.0000  0.1942
13810.0000  0.1943
13813.0000  0.1944
13818.0000  0.1944
13819.0000  0.1944
13827.0000  0.1944
13827.0000  0.1944
13832.0000  0.1944
13837.0000  0.1944
13838.0000  0.1944
13841.0000  0.1945
13852.0000  0.1946
13856.0000  0.1947
13864.0000  0.1947
13868.0000  0.1948
13881.0000  0.1949
13886.0000  0.1950
13888.0000  0.1951
13888.0000  0.1951
13897.0000  0.1951
13897.0000  0.1952
13900.0000  0.1951
13903.0000  0.1952
13915.0000  0.1952
13922.0000  0.1952
13945.0000  0.1954
13946.0000  0.1954
13947.0000  0.1954
13951.0000  0.1955
13964.0000  0.1955
13971.0000  0.1957
13972.0000  0.1957
13973.0000  0.1958
13975.0000  0.1959
13975.0000  0.1959
13978.0000  0.1960
13979.0000  0.1961
13999.0000  0.1960
14000.0000  0.1961
14015.0000  0.1962
14018.0000  0.1963
14018.0000  0.1963
14019.0000  0.1963
14021.0000  0.1963
14022.0000  0.1963
14026.0000  0.1964
14028.0000  0.1964
14034.0000  0.1964
14035.0000  0.1949
14037.0000  0.1949
14039.0000  0.1950
14041.0000  0.1950
14047.0000  0.1951
14067.0000  0.1951
14074.0000  0.1951
14079.0000  0.1952
14079.0000  0.1953
14107.0000  0.1954
14108.0000  0.1954
14116.0000  0.1954
14119.0000  0.1954
14120.0000  0.1954
14124.0000  0.1954
14127.0000  0.1954
14131.0000  0.1954
14134.0000  0.1955
14134.0000  0.1956
14138.0000  0.1956
14140.0000  0.1956
14153.0000  0.1956
14157.0000  0.1956
14157.0000  0.1957
14167.0000  0.1957
14168.0000  0.1959
14190.0000  0.1959
14193.0000  0.1959
14200.0000  0.1960
14203.0000  0.1960
14208.0000  0.1961
14243.0000  0.1962
14244.0000  0.1963
14247.0000  0.1963
14254.0000  0.1963
14260.0000  0.1964
14263.0000  0.1965
14264.0000  0.1965
14266.0000  0.1965
14271.0000  0.1966
14283.0000  0.1966
14284.0000  0.1966
14295.0000  0.1967
14296.0000  0.1967
14299.0000  0.1968
14300.0000  0.1967
14303.0000  0.1967
14306.0000  0.1968
14314.0000  0.1970
14316.0000  0.1970
14319.0000  0.1972
14329.0000  0.1973
14340.0000  0.1974
14342.0000  0.1974
14345.0000  0.1975
14350.0000  0.1976
14353.0000  0.1977
14354.0000  0.1977
14363.0000  0.1977
14364.0000  0.1977
14382.0000  0.1978
14430.0000  0.1980
14434.0000  0.1981
14438.0000  0.1981
14441.0000  0.1983
14457.0000  0.1982
14462.0000  0.1984
14463.0000  0.1984
14468.0000  0.1984
14472.0000  0.1984
14475.0000  0.1983
14485.0000  0.1984
14496.0000  0.1985
14497.0000  0.1985
14498.0000  0.1986
14511.0000  0.1986
14518.0000  0.1985
14518.0000  0.1984
14520.0000  0.1984
14540.0000  0.1985
14541.0000  0.1985
14549.0000  0.1986
14552.0000  0.1986
14557.0000  0.1986
14571.0000  0.1988
14576.0000  0.1988
14577.0000  0.1990
14582.0000  0.1990
14620.0000  0.1991
14626.0000  0.1992
14626.0000  0.1994
14627.0000  0.1994
14638.0000  0.1994
14643.0000  0.1994
14651.0000  0.1994
14651.0000  0.1995
14651.0000  0.1995
14680.0000  0.1995
14685.0000  0.1996
14687.0000  0.1996
14696.0000  0.1997
14696.0000  0.1999
14713.0000  0.1999
14731.0000  0.2000
14739.0000  0.2000
14740.0000  0.2001
14754.0000  0.2000
14756.0000  0.2002
14774.0000  0.2002
14778.0000  0.2002
14779.0000  0.2003
14781.0000  0.2003
14782.0000  0.2002
14792.0000  0.2003
14797.0000  0.2003
14808.0000  0.2004
14809.0000  0.2004
14819.0000  0.2005
14837.0000  0.2005
14841.0000  0.2007
14842.0000  0.2006
14842.0000  0.2007
14842.0000  0.2008
14843.0000  0.2008
14845.0000  0.2008
14847.0000  0.2008
14859.0000  0.2009
14860.0000  0.2010
14864.0000  0.2010
14867.0000  0.2010
14868.0000  0.2011
14877.0000  0.2011
14888.0000  0.2011
14901.0000  0.2012
14908.0000  0.2013
14911.0000  0.2014
14925.0000  0.2015
14930.0000  0.2016
14942.0000  0.2015
14953.0000  0.2015
14967.0000  0.2016
14974.0000  0.2016
14974.0000  0.2016
14978.0000  0.2017
14984.0000  0.2018
14995.0000  0.2019
14999.0000  0.2020
15000.0000  0.2019
15004.0000  0.2019
15021.0000  0.2019
15027.0000  0.2019
15030.0000  0.2020
15036.0000  0.2021
15042.0000  0.2021
15045.0000  0.2022
15055.0000  0.2023
15066.0000  0.2024
15066.0000  0.2024
15070.0000  0.2009
15070.0000  0.2010
15073.0000  0.2010
15082.0000  0.2011
15084.0000  0.2012
15089.0000  0.2013
15107.0000  0.2012
15120.0000  0.2012
15120.0000  0.2013
15132.0000  0.2013
15136.0000  0.2014
15137.0000  0.2013
15138.0000  0.2014
15140.0000  0.2014
15156.0000  0.2015
15156.0000  0.2015
15158.0000  0.2016
15164.0000  0.2017
15173.0000  0.2017
15177.0000  0.2018
15183.0000  0.2019
15184.0000  0.2019
15185.0000  0.2020
15185.0000  0.2021
15193.0000  0.2021
15197.0000  0.2021
15203.0000  0.2022
15218.0000  0.2022
15225.0000  0.2023
15234.0000  0.2023
15242.0000  0.2023
15253.0000  0.2023
15257.0000  0.2025
15260.0000  0.2025
15267.0000  0.2025
15267.0000  0.2025
15275.0000  0.2026
15276.0000  0.2027
15286.0000  0.2026
15290.0000  0.2027
15294.0000  0.2027
15305.0000  0.2028
15322.0000  0.2029
15330.0000  0.2029
15331.0000  0.2029
15337.0000  0.2029
15340.0000  0.2030
15363.0000  0.2030
15387.0000  0.2031
15387.0000  0.2031
15404.0000  0.2032
15405.0000  0.2033
15419.0000  0.2033
15426.0000  0.2034
15433.0000  0.2033
15441.0000  0.2033
15441.0000  0.2033
15445.0000  0.2033
15448.0000  0.2033
15449.0000  0.2035
15451.0000  0.2036
15454.0000  0.2037
15458.0000  0.2038
15459.0000  0.2038
15461.0000  0.2039
15461.0000  0.2039
15471.0000  0.2040
15477.0000  0.2040
15481.0000  0.2041
15481.0000  0.2041
15494.0000  0.2043
15502.0000  0.2043
15506.0000  0.2043
15507.0000  0.2044
15514.0000  0.2045
15537.0000  0.2046
15562.0000  0.2047
15564.0000  0.2048
15567.0000  0.2048
15575.0000  0.2049
15577.0000  0.2048
15590.0000  0.2049
15596.0000  0.2049
15597.0000  0.2051
15612.0000  0.2052
15619.0000  0.2053
15620.0000  0.2053
15626.0000  0.2054
15645.0000  0.2054
15662.0000  0.2056
15662.0000  0.2055
15672.0000  0.2056
15697.0000  0.2056
15709.0000  0.2056
15715.0000  0.2057
15722.0000  0.2058
15728.0000  0.2058
15739.0000  0.2056
15747.0000  0.2055
15749.0000  0.2056
15749.0000  0.2056
15750.0000  0.2057
15755.0000  0.2058
15760.0000  0.2058
15763.0000  0.2058
15776.0000  0.2058
15776.0000  0.2058
15776.0000  0.2058
15783.0000  0.2058
15784.0000  0.2059
15788.0000  0.2060
15804.0000  0.2061
15810.0000  0.2062
15814.0000  0.2062
15817.0000  0.2062
15818.0000  0.2062
15819.0000  0.2063
15820.0000  0.2062
15822.0000  0.2061
15824.0000  0.2062
15826.0000  0.2062
15827.0000  0.2062
15843.0000  0.2062
15846.0000  0.2062
15849.0000  0.2062
15852.0000  0.2063
15856.0000  0.2063
15857.0000  0.2063
15858.0000  0.2063
15863.0000  0.2065
15871.0000  0.2066
15871.0000  0.2067
15875.0000  0.2068
15875.0000  0.2068
15886.0000  0.2070
15894.0000  0.2070
15897.0000  0.2070
15901.0000  0.2070
15906.0000  0.2071
15910.0000  0.2072
15918.0000  0.2073
15929.0000  0.2074
15935.0000  0.2073
15939.0000  0.2073
15945.0000  0.2074
15950.0000  0.2074
15953.0000  0.2075
15958.0000  0.2075
15978.0000  0.2075
15985.0000  0.2076
15988.0000  0.2077
15989.0000  0.2078
15999.0000  0.2078
16001.0000  0.2079
16007.0000  0.2080
16018.0000  0.2080
16024.0000  0.2081
16034.0000  0.2081
16042.0000  0.2083
16051.0000  0.2084
16059.0000  0.2084
16060.0000  0.2084
16063.0000  0.2084
16063.0000  0.2085
16067.0000  0.2085
16068.0000  0.2086
16068.0000  0.2086
16073.0000  0.2086
16079.0000  0.2086
16084.0000  0.2086
16087.0000  0.2086
16093.0000  0.2087
16101.0000  0.2087
16103.0000  0.2088
16103.0000  0.2088
16103.0000  0.2088
16105.0000  0.2089
16107.0000  0.2090
16108.0000  0.2089
16117.0000  0.2090
16119.0000  0.2090
16120.0000  0.2090
16126.0000  0.2091
16129.0000  0.2091
16133.0000  0.2091
16134.0000  0.2092
16138.0000  0.2093
16140.0000  0.2093
16143.0000  0.2094
16146.0000  0.2094
16154.0000  0.2094
16155.0000  0.2094
16164.0000  0.2095
16165.0000  0.2095
16166.0000  0.2097
16170.0000  0.2097
16174.0000  0.2097
16175.0000  0.2099
16179.0000  0.2099
16181.0000  0.2099
16185.0000  0.2100
16187.0000  0.2100
16195.0000  0.2101
16198.0000  0.2102
16202.0000  0.2103
16211.0000  0.2104
16233.0000  0.2104
16238.0000  0.2105
16240.0000  0.2106
16241.0000  0.2108
16245.0000  0.2108
16258.0000  0.2109
16259.0000  0.2110
16262.0000  0.2109
16278.0000  0.2110
16278.0000  0.2110
16279.0000  0.2111
16299.0000  0.2112
16303.0000  0.2111
16306.0000  0.2111
16314.0000  0.2111
16315.0000  0.2112
16322.0000  0.2113
16324.0000  0.2114
16336.0000  0.2114
16339.0000  0.2114
16342.0000  0.2115
16343.0000  0.2116
16346.0000  0.2117
16360.0000  0.2118
16361.0000  0.2118
16366.0000  0.2119
16373.0000  0.2119
16383.0000  0.2119
16384.0000  0.2119
16387.0000  0.2120
16401.0000  0.2120
16403.0000  0.2121
16407.0000  0.2122
16418.0000  0.2122
16431.0000  0.2122
16432.0000  0.2122
16437.0000  0.2123
16440.0000  0.2123
16441.0000  0.2125
16448.0000  0.2126
16454.0000  0.2126
16474.0000  0.2127
16491.0000  0.2127
16499.0000  0.2127
16501.0000  0.2128
16516.0000  0.2129
16522.0000  0.2130
16523.0000  0.2131
16528.0000  0.2131
16534.0000  0.2131
16535.0000  0.2131
16548.0000  0.2132
16555.0000  0.2133
16565.0000  0.2135
16570.0000  0.2134
16581.0000  0.2134
16601.0000  0.2134
16602.0000  0.2134
16612.0000  0.2135
16625.0000  0.2135
16641.0000  0.2136
16643.0000  0.2136
16647.0000  0.2137
16650.0000  0.2137
16651.0000  0.2137
16655.0000  0.2137
16659.0000  0.2138
16680.0000  0.2139
16683.0000  0.2140
16685.0000  0.2141
16686.0000  0.2142
16692.0000  0.2144
16697.0000  0.2144
16702.0000  0.2144
16705.0000  0.2145
16712.0000  0.2145
16719.0000  0.2145
16730.0000  0.2145
16737.0000  0.2145
16748.0000  0.2145
16749.0000  0.2145
16753.0000  0.2144
16773.0000  0.2145
16774.0000  0.2146
16774.0000  0.2145
16787.0000  0.2146
16793.0000  0.2146
16794.0000  0.2146
16796.0000  0.2147
16796.0000  0.2148
16799.0000  0.2149
16814.0000  0.2150
16821.0000  0.2151
16830.0000  0.2151
16832.0000  0.2151
16840.0000  0.2151
16844.0000  0.2152
16849.0000  0.2152
16853.0000  0.2152
16863.0000  0.2153
16868.0000  0.2153
16878.0000  0.2153
16880.0000  0.2153
16905.0000  0.2154
16906.0000  0.2154
16907.0000  0.2154
16908.0000  0.2155
16910.0000  0.2156
16910.0000  0.2156
16916.0000  0.2157
16934.0000  0.2158
16947.0000  0.2159
16951.0000  0.2159
16955.0000  0.2159
16971.0000  0.2160
16983.0000  0.2160
16984.0000  0.2161
16988.0000  0.2145
16995.0000  0.2145
16996.0000  0.2144
16997.0000  0.2145
17000.0000  0.2145
17008.0000  0.2144
17010.0000  0.2144
17010.0000  0.2145
17012.0000  0.2146
17014.0000  0.2147
17016.0000  0.2147
17023.0000  0.2147
17074.0000  0.2148
17089.0000  0.2148
17097.0000  0.2148
17097.0000  0.2149
17112.0000  0.2150
17115.0000  0.2151
17138.0000  0.2152
17145.0000  0.2152
17151.0000  0.2153
17157.0000  0.2153
17178.0000  0.2153
17197.0000  0.2154
17197.0000  0.2154
17203.0000  0.2154
17204.0000  0.2155
17229.0000  0.2156
17232.0000  0.2156
17250.0000  0.2155
17253.0000  0.2155
17255.0000  0.2156
17262.0000  0.2157
17268.0000  0.2157
17271.0000  0.2157
17278.0000  0.2158
17279.0000  0.2158
17281.0000  0.2159
17286.0000  0.2160
17298.0000  0.2161
17300.0000  0.2161
17300.0000  0.2162
17303.0000  0.2163
17324.0000  0.2164
17325.0000  0.2163
17335.0000  0.2164
17340.0000  0.2164
17363.0000  0.2164
17365.0000  0.2166
17367.0000  0.2167
17374.0000  0.2168
17388.0000  0.2168
17398.0000  0.2168
17400.0000  0.2169
17407.0000  0.2170
17414.0000  0.2170
17419.0000  0.2169
17425.0000  0.2170
17434.0000  0.2171
17439.0000  0.2171
17447.0000  0.2171
17453.0000  0.2172
17468.0000  0.2173
17481.0000  0.2173
17482.0000  0.2172
17485.0000  0.2174
17491.0000  0.2176
17496.0000  0.2176
17501.0000  0.2176
17511.0000  0.2177
17512.0000  0.2177
17521.0000  0.2176
17529.0000  0.2177
17532.0000  0.2178
17535.0000  0.2177
17542.0000  0.2178
17547.0000  0.2179
17551.0000  0.2180
17568.0000  0.2180
17591.0000  0.2180
17614.0000  0.2182
17624.0000  0.2182
17632.0000  0.2183
17637.0000  0.2184
17639.0000  0.2183
17649.0000  0.2183
17656.0000  0.2183
17669.0000  0.2183
17670.0000  0.2183
17677.0000  0.2183
17682.0000  0.2183
17682.0000  0.2184
17683.0000  0.2183
17684.0000  0.2184
17692.0000  0.2184
17699.0000  0.2168
17700.0000  0.2169
17717.0000  0.2169
17721.0000  0.2170
17734.0000  0.2170
17744.0000  0.2171
17745.0000  0.2172
17762.0000  0.2173
17770.0000  0.2172
17770.0000  0.2173
17773.0000  0.2174
17782.0000  0.2174
17790.0000  0.2174
17801.0000  0.2174
17804.0000  0.2175
17815.0000  0.2175
17823.0000  0.2175
17827.0000  0.2176
17829.0000  0.2176
17847.0000  0.2177
17853.0000  0.2178
17856.0000  0.2179
17870.0000  0.2178
17880.0000  0.2178
17886.0000  0.2178
17892.0000  0.2179
17897.0000  0.2179
17897.0000  0.2178
17901.0000  0.2179
17911.0000  0.2179
17912.0000  0.2180
17916.0000  0.2180
17921.0000  0.2179
17925.0000  0.2179
17929.0000  0.2179
17966.0000  0.2180
17973.0000  0.2181
17976.0000  0.2181
17983.0000  0.2181
17984.0000  0.2181
17985.0000  0.2181
17988.0000  0.2182
17991.0000  0.2183
17994.0000  0.2183
done----------------------
18000.0000  0.2183
