# time  hit_cache  total_cache  hit_cache/total_cache
39.0000  0.5000
44.0000  0.5000
52.0000  0.5000
54.0000  0.5000
59.0000  0.5000
59.0000  0.5000
64.0000  0.4167
66.0000  0.4167
68.0000  0.4167
70.0000  0.4167
70.0000  0.4167
70.0000  0.4167
72.0000  0.4167
74.0000  0.4167
80.0000  0.4167
82.0000  0.4167
87.0000  0.4167
88.0000  0.4167
88.0000  0.4167
89.0000  0.3444
90.0000  0.3444
92.0000  0.3444
92.0000  0.3444
93.0000  0.3083
96.0000  0.3083
98.0000  0.3083
98.0000  0.3083
103.0000  0.3083
105.0000  0.3083
105.0000  0.3083
106.0000  0.3083
107.0000  0.3083
107.0000  0.3083
110.0000  0.3083
110.0000  0.3467
110.0000  0.3467
111.0000  0.3467
111.0000  0.3467
112.0000  0.3467
113.0000  0.3467
114.0000  0.3467
114.0000  0.3467
115.0000  0.3467
117.0000  0.3127
117.0000  0.3127
119.0000  0.2859
119.0000  0.2859
120.0000  0.2859
122.0000  0.2859
122.0000  0.2859
123.0000  0.2680
123.0000  0.2680
125.0000  0.2680
126.0000  0.2680
127.0000  0.2680
128.0000  0.2680
129.0000  0.2680
132.0000  0.2493
132.0000  0.2355
132.0000  0.2355
136.0000  0.2355
136.0000  0.2462
138.0000  0.2462
139.0000  0.2462
140.0000  0.2329
140.0000  0.2405
141.0000  0.2405
141.0000  0.2405
141.0000  0.2405
145.0000  0.2324
145.0000  0.2255
147.0000  0.2255
147.0000  0.2165
147.0000  0.2165
149.0000  0.2076
154.0000  0.2009
154.0000  0.1940
156.0000  0.1888
156.0000  0.1832
157.0000  0.1832
158.0000  0.1832
158.0000  0.1832
159.0000  0.1832
161.0000  0.1832
163.0000  0.1832
163.0000  0.1776
164.0000  0.1806
168.0000  0.1780
168.0000  0.1780
169.0000  0.1780
169.0000  0.1807
170.0000  0.1807
171.0000  0.1807
171.0000  0.1807
172.0000  0.1816
173.0000  0.1816
174.0000  0.1816
174.0000  0.1816
175.0000  0.1776
176.0000  0.1776
176.0000  0.1776
178.0000  0.1802
181.0000  0.1802
182.0000  0.1757
183.0000  0.1720
183.0000  0.1720
183.0000  0.1720
184.0000  0.1733
186.0000  0.1733
186.0000  0.1731
186.0000  0.1758
187.0000  0.1717
188.0000  0.1678
188.0000  0.1678
195.0000  0.1645
198.0000  0.1645
198.0000  0.1662
199.0000  0.1648
200.0000  0.1643
202.0000  0.1659
203.0000  0.1659
204.0000  0.1659
205.0000  0.1659
206.0000  0.1662
208.0000  0.1649
209.0000  0.1614
211.0000  0.1614
211.0000  0.1585
214.0000  0.1464
215.0000  0.1441
217.0000  0.1441
218.0000  0.1454
218.0000  0.1432
219.0000  0.1432
220.0000  0.1439
226.0000  0.1439
227.0000  0.1448
227.0000  0.1419
229.0000  0.1395
230.0000  0.1371
231.0000  0.1371
233.0000  0.1384
233.0000  0.1384
238.0000  0.1370
240.0000  0.1370
240.0000  0.1370
242.0000  0.1352
242.0000  0.1352
244.0000  0.1336
244.0000  0.1346
246.0000  0.1326
253.0000  0.1326
254.0000  0.1326
255.0000  0.1336
255.0000  0.1336
255.0000  0.1239
255.0000  0.1239
257.0000  0.1219
258.0000  0.1230
259.0000  0.1235
261.0000  0.1235
262.0000  0.1235
263.0000  0.1244
265.0000  0.1229
268.0000  0.1209
270.0000  0.1209
270.0000  0.1209
270.0000  0.1194
276.0000  0.1194
277.0000  0.1197
278.0000  0.1197
287.0000  0.1197
289.0000  0.1185
289.0000  0.1185
292.0000  0.1185
295.0000  0.1170
297.0000  0.1170
298.0000  0.1162
300.0000  0.1162
300.0000  0.1161
300.0000  0.1161
308.0000  0.1161
308.0000  0.1161
310.0000  0.1144
311.0000  0.1126
312.0000  0.1112
312.0000  0.1100
312.0000  0.1089
313.0000  0.1091
318.0000  0.1091
318.0000  0.1079
319.0000  0.1079
320.0000  0.1065
321.0000  0.1064
321.0000  0.1064
322.0000  0.1064
323.0000  0.1052
325.0000  0.1052
326.0000  0.1054
327.0000  0.1059
329.0000  0.1059
330.0000  0.1047
330.0000  0.1032
330.0000  0.1028
332.0000  0.1032
332.0000  0.0995
332.0000  0.0992
333.0000  0.0980
336.0000  0.0971
340.0000  0.0971
341.0000  0.0971
343.0000  0.0971
345.0000  0.0971
345.0000  0.0973
349.0000  0.0973
351.0000  0.0976
352.0000  0.0966
353.0000  0.0966
355.0000  0.0966
357.0000  0.0966
357.0000  0.0954
358.0000  0.0954
359.0000  0.0954
360.0000  0.0958
362.0000  0.0959
363.0000  0.0959
365.0000  0.0959
366.0000  0.0958
367.0000  0.0958
369.0000  0.0947
371.0000  0.0937
372.0000  0.0940
377.0000  0.0942
384.0000  0.0942
388.0000  0.0933
388.0000  0.0933
388.0000  0.0922
389.0000  0.0923
389.0000  0.0923
389.0000  0.0914
390.0000  0.0916
393.0000  0.0919
400.0000  0.0919
400.0000  0.0919
403.0000  0.0918
405.0000  0.0914
410.0000  0.0906
413.0000  0.0909
413.0000  0.0900
415.0000  0.0901
419.0000  0.0901
426.0000  0.0901
427.0000  0.0895
430.0000  0.0895
430.0000  0.0895
432.0000  0.0895
434.0000  0.0899
438.0000  0.0899
439.0000  0.0899
440.0000  0.0891
445.0000  0.0883
446.0000  0.0877
448.0000  0.0868
448.0000  0.0860
450.0000  0.0860
455.0000  0.0860
456.0000  0.0859
458.0000  0.0859
458.0000  0.0859
464.0000  0.0850
465.0000  0.0846
465.0000  0.0846
466.0000  0.0840
467.0000  0.0840
468.0000  0.0828
472.0000  0.0828
475.0000  0.0828
479.0000  0.0828
484.0000  0.0822
492.0000  0.0814
498.0000  0.0814
499.0000  0.0793
503.0000  0.0794
505.0000  0.0787
509.0000  0.0780
509.0000  0.0771
513.0000  0.0773
515.0000  0.0773
517.0000  0.0759
517.0000  0.0759
518.0000  0.0759
519.0000  0.0759
522.0000  0.0759
522.0000  0.0754
522.0000  0.0738
524.0000  0.0738
526.0000  0.0740
527.0000  0.0742
530.0000  0.0735
530.0000  0.0723
531.0000  0.0723
531.0000  0.0723
538.0000  0.0717
539.0000  0.0717
540.0000  0.0719
540.0000  0.0719
540.0000  0.0719
541.0000  0.0718
541.0000  0.0720
545.0000  0.0723
547.0000  0.0716
549.0000  0.0716
549.0000  0.0716
551.0000  0.0716
557.0000  0.0716
557.0000  0.0716
559.0000  0.0716
560.0000  0.0716
560.0000  0.0716
561.0000  0.0710
567.0000  0.0699
570.0000  0.0700
573.0000  0.0694
574.0000  0.0694
575.0000  0.0694
575.0000  0.0695
576.0000  0.0691
577.0000  0.0692
578.0000  0.0694
581.0000  0.0694
582.0000  0.0694
585.0000  0.0696
586.0000  0.0698
586.0000  0.0697
587.0000  0.0697
588.0000  0.0700
591.0000  0.0693
593.0000  0.0693
594.0000  0.0687
594.0000  0.0682
595.0000  0.0682
596.0000  0.0682
597.0000  0.0682
598.0000  0.0683
600.0000  0.0683
601.0000  0.0677
607.0000  0.0677
607.0000  0.0672
609.0000  0.0668
610.0000  0.0668
610.0000  0.0663
610.0000  0.0665
613.0000  0.0665
616.0000  0.0660
616.0000  0.0662
618.0000  0.0656
619.0000  0.0658
622.0000  0.0659
624.0000  0.0659
627.0000  0.0654
630.0000  0.0653
632.0000  0.0653
633.0000  0.0653
634.0000  0.0653
636.0000  0.0648
638.0000  0.0648
644.0000  0.0650
646.0000  0.0650
649.0000  0.0650
651.0000  0.0648
651.0000  0.0649
652.0000  0.0649
653.0000  0.0648
658.0000  0.0649
658.0000  0.0649
659.0000  0.0651
662.0000  0.0652
662.0000  0.0652
663.0000  0.0655
664.0000  0.0655
667.0000  0.0650
668.0000  0.0650
670.0000  0.0646
674.0000  0.0641
677.0000  0.0631
678.0000  0.0631
682.0000  0.0631
682.0000  0.0632
682.0000  0.0634
682.0000  0.0629
683.0000  0.0630
683.0000  0.0630
685.0000  0.0630
685.0000  0.0625
686.0000  0.0618
688.0000  0.0617
688.0000  0.0616
691.0000  0.0616
695.0000  0.0616
696.0000  0.0618
697.0000  0.0618
698.0000  0.0620
702.0000  0.0620
703.0000  0.0616
703.0000  0.0616
704.0000  0.0609
705.0000  0.0605
705.0000  0.0604
706.0000  0.0604
707.0000  0.0604
708.0000  0.0605
711.0000  0.0606
715.0000  0.0607
717.0000  0.0607
717.0000  0.0606
719.0000  0.0606
719.0000  0.0607
720.0000  0.0607
721.0000  0.0605
724.0000  0.0604
725.0000  0.0604
727.0000  0.0605
737.0000  0.0601
740.0000  0.0601
741.0000  0.0601
745.0000  0.0601
747.0000  0.0601
748.0000  0.0601
752.0000  0.0602
754.0000  0.0602
754.0000  0.0597
756.0000  0.0599
757.0000  0.0600
761.0000  0.0593
761.0000  0.0593
762.0000  0.0593
765.0000  0.0594
765.0000  0.0590
767.0000  0.0591
767.0000  0.0593
768.0000  0.0594
769.0000  0.0595
772.0000  0.0597
773.0000  0.0597
776.0000  0.0598
779.0000  0.0600
779.0000  0.0600
780.0000  0.0600
782.0000  0.0598
785.0000  0.0599
785.0000  0.0600
788.0000  0.0598
788.0000  0.0598
790.0000  0.0600
791.0000  0.0601
792.0000  0.0603
794.0000  0.0604
795.0000  0.0604
797.0000  0.0600
798.0000  0.0601
805.0000  0.0601
806.0000  0.0602
810.0000  0.0602
815.0000  0.0597
816.0000  0.0598
818.0000  0.0599
821.0000  0.0599
822.0000  0.0595
824.0000  0.0595
826.0000  0.0595
826.0000  0.0595
828.0000  0.0596
832.0000  0.0597
834.0000  0.0595
836.0000  0.0596
840.0000  0.0592
841.0000  0.0593
844.0000  0.0593
848.0000  0.0593
849.0000  0.0595
849.0000  0.0596
850.0000  0.0597
851.0000  0.0598
851.0000  0.0599
855.0000  0.0588
859.0000  0.0590
865.0000  0.0590
865.0000  0.0582
868.0000  0.0582
870.0000  0.0571
875.0000  0.0569
876.0000  0.0570
878.0000  0.0570
878.0000  0.0567
878.0000  0.0563
878.0000  0.0563
879.0000  0.0564
879.0000  0.0565
879.0000  0.0561
881.0000  0.0562
891.0000  0.0563
892.0000  0.0564
896.0000  0.0565
900.0000  0.0566
902.0000  0.0567
902.0000  0.0567
905.0000  0.0568
906.0000  0.0564
906.0000  0.0565
908.0000  0.0565
913.0000  0.0566
914.0000  0.0567
919.0000  0.0567
931.0000  0.0568
932.0000  0.0570
936.0000  0.0571
941.0000  0.0572
942.0000  0.0571
943.0000  0.0572
944.0000  0.0573
948.0000  0.0574
949.0000  0.0574
951.0000  0.0574
959.0000  0.0575
960.0000  0.0573
963.0000  0.0569
966.0000  0.0569
967.0000  0.0570
970.0000  0.0571
974.0000  0.0571
977.0000  0.0571
981.0000  0.0571
985.0000  0.0571
989.0000  0.0571
992.0000  0.0573
996.0000  0.0573
996.0000  0.0573
996.0000  0.0572
1000.0000  0.0573
1002.0000  0.0563
1014.0000  0.0563
1015.0000  0.0564
1015.0000  0.0564
1018.0000  0.0564
1019.0000  0.0565
1021.0000  0.0565
1025.0000  0.0566
1026.0000  0.0567
1027.0000  0.0567
1028.0000  0.0564
1029.0000  0.0564
1029.0000  0.0565
1034.0000  0.0566
1036.0000  0.0566
1038.0000  0.0567
1040.0000  0.0567
1042.0000  0.0568
1042.0000  0.0570
1045.0000  0.0571
1047.0000  0.0570
1068.0000  0.0570
1068.0000  0.0566
1076.0000  0.0566
1077.0000  0.0566
1082.0000  0.0562
1090.0000  0.0562
1093.0000  0.0564
1093.0000  0.0560
1095.0000  0.0562
1099.0000  0.0561
1100.0000  0.0562
1102.0000  0.0563
1110.0000  0.0563
1111.0000  0.0565
1120.0000  0.0566
1123.0000  0.0566
1133.0000  0.0567
1141.0000  0.0567
1144.0000  0.0567
1148.0000  0.0568
1157.0000  0.0565
1162.0000  0.0565
1164.0000  0.0563
1167.0000  0.0563
1169.0000  0.0564
1172.0000  0.0566
1180.0000  0.0567
1182.0000  0.0568
1191.0000  0.0568
1193.0000  0.0568
1194.0000  0.0570
1201.0000  0.0570
1204.0000  0.0571
1205.0000  0.0569
1205.0000  0.0569
1206.0000  0.0565
1213.0000  0.0566
1214.0000  0.0566
1219.0000  0.0566
1229.0000  0.0567
1233.0000  0.0568
1235.0000  0.0569
1235.0000  0.0562
1240.0000  0.0562
1241.0000  0.0562
1244.0000  0.0562
1247.0000  0.0564
1254.0000  0.0565
1255.0000  0.0566
1257.0000  0.0566
1258.0000  0.0567
1264.0000  0.0569
1267.0000  0.0570
1267.0000  0.0571
1273.0000  0.0572
1274.0000  0.0573
1275.0000  0.0573
1276.0000  0.0573
1293.0000  0.0574
1294.0000  0.0575
1298.0000  0.0575
1300.0000  0.0575
1302.0000  0.0576
1307.0000  0.0577
1308.0000  0.0578
1312.0000  0.0577
1315.0000  0.0574
1316.0000  0.0575
1317.0000  0.0576
1319.0000  0.0577
1325.0000  0.0578
1327.0000  0.0578
1332.0000  0.0578
1336.0000  0.0578
1336.0000  0.0579
1341.0000  0.0581
1343.0000  0.0582
1348.0000  0.0582
1351.0000  0.0583
1357.0000  0.0579
1362.0000  0.0576
1365.0000  0.0577
1366.0000  0.0578
1371.0000  0.0578
1376.0000  0.0579
1390.0000  0.0580
1391.0000  0.0581
1393.0000  0.0582
1393.0000  0.0583
1395.0000  0.0583
1396.0000  0.0584
1402.0000  0.0584
1406.0000  0.0585
1408.0000  0.0585
1412.0000  0.0586
1418.0000  0.0586
1422.0000  0.0587
1423.0000  0.0588
1428.0000  0.0589
1430.0000  0.0589
1430.0000  0.0590
1438.0000  0.0591
1439.0000  0.0592
1440.0000  0.0593
1441.0000  0.0594
1442.0000  0.0595
1445.0000  0.0595
1446.0000  0.0596
1450.0000  0.0596
1455.0000  0.0592
1460.0000  0.0592
1462.0000  0.0592
1466.0000  0.0593
1476.0000  0.0594
1479.0000  0.0595
1481.0000  0.0596
1500.0000  0.0597
1508.0000  0.0598
1510.0000  0.0599
1512.0000  0.0599
1515.0000  0.0600
1517.0000  0.0600
1523.0000  0.0596
1524.0000  0.0597
1525.0000  0.0597
1526.0000  0.0597
1527.0000  0.0598
1527.0000  0.0599
1529.0000  0.0600
1531.0000  0.0601
1542.0000  0.0602
1544.0000  0.0602
1546.0000  0.0603
1548.0000  0.0604
1551.0000  0.0604
1552.0000  0.0605
1554.0000  0.0605
1567.0000  0.0601
1569.0000  0.0601
1590.0000  0.0603
1597.0000  0.0604
1604.0000  0.0604
1619.0000  0.0605
1631.0000  0.0605
1635.0000  0.0606
1639.0000  0.0607
1655.0000  0.0608
1658.0000  0.0609
1660.0000  0.0610
1660.0000  0.0610
1662.0000  0.0612
1674.0000  0.0613
1676.0000  0.0614
1679.0000  0.0615
1701.0000  0.0615
1702.0000  0.0616
1718.0000  0.0618
1727.0000  0.0619
1728.0000  0.0620
1728.0000  0.0620
1732.0000  0.0620
1734.0000  0.0621
1742.0000  0.0622
1745.0000  0.0623
1750.0000  0.0623
1757.0000  0.0624
1762.0000  0.0624
1763.0000  0.0625
1772.0000  0.0626
1777.0000  0.0626
1777.0000  0.0627
1779.0000  0.0628
1784.0000  0.0629
1798.0000  0.0631
1799.0000  0.0631
1802.0000  0.0632
1802.0000  0.0633
1802.0000  0.0634
1805.0000  0.0635
1807.0000  0.0636
1810.0000  0.0636
1813.0000  0.0637
1813.0000  0.0638
1817.0000  0.0640
1820.0000  0.0641
1827.0000  0.0642
1828.0000  0.0643
1828.0000  0.0643
1832.0000  0.0643
1833.0000  0.0643
1837.0000  0.0644
1839.0000  0.0645
1845.0000  0.0646
1849.0000  0.0647
1852.0000  0.0647
1862.0000  0.0647
1863.0000  0.0648
1866.0000  0.0648
1872.0000  0.0648
1880.0000  0.0649
1883.0000  0.0649
1886.0000  0.0649
1889.0000  0.0650
1892.0000  0.0651
1892.0000  0.0651
1895.0000  0.0653
1896.0000  0.0653
1908.0000  0.0654
1917.0000  0.0655
1922.0000  0.0656
1926.0000  0.0657
1928.0000  0.0657
1931.0000  0.0658
1932.0000  0.0659
1933.0000  0.0659
1945.0000  0.0659
1952.0000  0.0660
1959.0000  0.0661
1973.0000  0.0662
1995.0000  0.0663
1998.0000  0.0663
2001.0000  0.0663
2001.0000  0.0664
2004.0000  0.0664
2014.0000  0.0665
2022.0000  0.0665
2024.0000  0.0666
2024.0000  0.0667
2072.0000  0.0667
2078.0000  0.0668
2084.0000  0.0669
2086.0000  0.0669
2091.0000  0.0670
2092.0000  0.0671
2094.0000  0.0672
2095.0000  0.0673
2123.0000  0.0674
2131.0000  0.0675
2133.0000  0.0676
2134.0000  0.0676
2136.0000  0.0678
2139.0000  0.0679
2141.0000  0.0680
2190.0000  0.0681
2197.0000  0.0682
2198.0000  0.0683
2198.0000  0.0684
2200.0000  0.0685
2205.0000  0.0686
2206.0000  0.0686
2207.0000  0.0686
2208.0000  0.0687
2211.0000  0.0687
2230.0000  0.0688
2252.0000  0.0683
2258.0000  0.0683
2260.0000  0.0684
2262.0000  0.0684
2266.0000  0.0685
2269.0000  0.0686
2273.0000  0.0686
2287.0000  0.0687
2296.0000  0.0688
2305.0000  0.0689
2306.0000  0.0689
2309.0000  0.0689
2324.0000  0.0689
2341.0000  0.0691
2349.0000  0.0691
2350.0000  0.0692
2358.0000  0.0693
2367.0000  0.0694
2368.0000  0.0695
2370.0000  0.0695
2379.0000  0.0696
2379.0000  0.0698
2386.0000  0.0699
2392.0000  0.0699
2395.0000  0.0700
2399.0000  0.0701
2407.0000  0.0702
2409.0000  0.0702
2419.0000  0.0703
2424.0000  0.0703
2430.0000  0.0704
2438.0000  0.0705
2445.0000  0.0706
2447.0000  0.0706
2450.0000  0.0707
2452.0000  0.0708
2466.0000  0.0709
2469.0000  0.0710
2469.0000  0.0711
2474.0000  0.0712
2476.0000  0.0713
2476.0000  0.0714
2484.0000  0.0715
2487.0000  0.0710
2487.0000  0.0711
2488.0000  0.0712
2489.0000  0.0713
2497.0000  0.0714
2499.0000  0.0714
2514.0000  0.0715
2521.0000  0.0716
2525.0000  0.0717
2525.0000  0.0718
2525.0000  0.0718
2527.0000  0.0714
2529.0000  0.0714
2533.0000  0.0714
2536.0000  0.0715
2537.0000  0.0716
2546.0000  0.0717
2547.0000  0.0718
2549.0000  0.0718
2556.0000  0.0719
2563.0000  0.0720
2568.0000  0.0720
2571.0000  0.0721
2571.0000  0.0722
2571.0000  0.0722
2574.0000  0.0723
2590.0000  0.0724
2607.0000  0.0725
2610.0000  0.0726
2613.0000  0.0727
2617.0000  0.0727
2617.0000  0.0728
2627.0000  0.0729
2657.0000  0.0729
2673.0000  0.0729
2692.0000  0.0730
2699.0000  0.0731
2713.0000  0.0732
2714.0000  0.0733
2718.0000  0.0730
2738.0000  0.0731
2741.0000  0.0731
2741.0000  0.0732
2742.0000  0.0733
2748.0000  0.0734
2751.0000  0.0735
2754.0000  0.0736
2754.0000  0.0737
2759.0000  0.0737
2772.0000  0.0732
2790.0000  0.0733
2804.0000  0.0733
2805.0000  0.0734
2814.0000  0.0734
2817.0000  0.0735
2820.0000  0.0736
2827.0000  0.0737
2835.0000  0.0737
2853.0000  0.0738
2857.0000  0.0739
2868.0000  0.0739
2871.0000  0.0739
2892.0000  0.0741
2894.0000  0.0741
2894.0000  0.0742
2897.0000  0.0743
2900.0000  0.0744
2901.0000  0.0745
2901.0000  0.0745
2903.0000  0.0746
2908.0000  0.0746
2910.0000  0.0747
2916.0000  0.0748
2920.0000  0.0748
2927.0000  0.0749
2937.0000  0.0749
2938.0000  0.0750
2940.0000  0.0749
2940.0000  0.0750
2943.0000  0.0751
2949.0000  0.0751
2954.0000  0.0752
2955.0000  0.0753
2955.0000  0.0753
2958.0000  0.0754
2958.0000  0.0755
2964.0000  0.0755
2968.0000  0.0756
2971.0000  0.0756
2973.0000  0.0757
2974.0000  0.0758
2987.0000  0.0759
2992.0000  0.0760
2992.0000  0.0761
2998.0000  0.0762
2998.0000  0.0763
3006.0000  0.0758
3011.0000  0.0758
3019.0000  0.0760
3025.0000  0.0760
3038.0000  0.0761
3045.0000  0.0763
3060.0000  0.0763
3068.0000  0.0764
3082.0000  0.0765
3088.0000  0.0765
3094.0000  0.0765
3097.0000  0.0765
3114.0000  0.0766
3125.0000  0.0767
3129.0000  0.0768
3140.0000  0.0768
3143.0000  0.0769
3146.0000  0.0769
3152.0000  0.0769
3154.0000  0.0770
3160.0000  0.0772
3164.0000  0.0772
3170.0000  0.0773
3172.0000  0.0773
3172.0000  0.0775
3179.0000  0.0775
3183.0000  0.0776
3195.0000  0.0777
3212.0000  0.0778
3218.0000  0.0779
3222.0000  0.0765
3230.0000  0.0766
3233.0000  0.0767
3238.0000  0.0768
3238.0000  0.0769
3243.0000  0.0770
3243.0000  0.0770
3247.0000  0.0771
3248.0000  0.0772
3250.0000  0.0773
3257.0000  0.0774
3260.0000  0.0774
3262.0000  0.0775
3265.0000  0.0776
3265.0000  0.0777
3271.0000  0.0778
3272.0000  0.0778
3279.0000  0.0779
3279.0000  0.0780
3303.0000  0.0781
3316.0000  0.0781
3326.0000  0.0782
3332.0000  0.0784
3350.0000  0.0785
3360.0000  0.0786
3361.0000  0.0787
3361.0000  0.0787
3366.0000  0.0787
3370.0000  0.0788
3370.0000  0.0789
3374.0000  0.0790
3375.0000  0.0790
3394.0000  0.0790
3402.0000  0.0790
3420.0000  0.0791
3422.0000  0.0792
3425.0000  0.0793
3438.0000  0.0793
3441.0000  0.0795
3455.0000  0.0794
3465.0000  0.0794
3468.0000  0.0794
3475.0000  0.0794
3504.0000  0.0795
3514.0000  0.0796
3522.0000  0.0797
3523.0000  0.0797
3537.0000  0.0798
3540.0000  0.0800
3544.0000  0.0800
3549.0000  0.0801
3555.0000  0.0802
3555.0000  0.0802
3556.0000  0.0804
3558.0000  0.0804
3559.0000  0.0805
3562.0000  0.0806
3585.0000  0.0807
3594.0000  0.0808
3599.0000  0.0809
3599.0000  0.0810
3603.0000  0.0811
3610.0000  0.0811
3613.0000  0.0812
3615.0000  0.0813
3618.0000  0.0815
3620.0000  0.0815
3629.0000  0.0815
3631.0000  0.0816
3635.0000  0.0817
3641.0000  0.0817
3650.0000  0.0819
3652.0000  0.0819
3652.0000  0.0820
3661.0000  0.0821
3661.0000  0.0822
3663.0000  0.0823
3668.0000  0.0824
3670.0000  0.0824
3676.0000  0.0825
3677.0000  0.0826
3688.0000  0.0826
3692.0000  0.0827
3692.0000  0.0828
3694.0000  0.0829
3707.0000  0.0830
3721.0000  0.0830
3733.0000  0.0831
3735.0000  0.0832
3736.0000  0.0832
3739.0000  0.0833
3744.0000  0.0834
3756.0000  0.0834
3760.0000  0.0836
3766.0000  0.0837
3768.0000  0.0837
3771.0000  0.0837
3772.0000  0.0839
3773.0000  0.0840
3777.0000  0.0841
3781.0000  0.0841
3781.0000  0.0841
3784.0000  0.0842
3794.0000  0.0842
3797.0000  0.0843
3804.0000  0.0843
3824.0000  0.0844
3838.0000  0.0844
3847.0000  0.0845
3849.0000  0.0846
3853.0000  0.0846
3859.0000  0.0847
3860.0000  0.0848
3863.0000  0.0849
3866.0000  0.0850
3877.0000  0.0851
3881.0000  0.0851
3884.0000  0.0852
3888.0000  0.0853
3894.0000  0.0854
3916.0000  0.0856
3933.0000  0.0857
3941.0000  0.0858
3948.0000  0.0858
3959.0000  0.0859
3960.0000  0.0860
3967.0000  0.0861
3969.0000  0.0862
3970.0000  0.0862
3979.0000  0.0863
3986.0000  0.0864
3992.0000  0.0864
3997.0000  0.0865
4003.0000  0.0866
4004.0000  0.0867
4006.0000  0.0867
4007.0000  0.0868
4013.0000  0.0869
4016.0000  0.0869
4019.0000  0.0870
4028.0000  0.0870
4042.0000  0.0871
4047.0000  0.0872
4048.0000  0.0873
4052.0000  0.0873
4053.0000  0.0874
4055.0000  0.0874
4057.0000  0.0875
4061.0000  0.0876
4061.0000  0.0877
4069.0000  0.0878
4075.0000  0.0879
4078.0000  0.0879
4079.0000  0.0880
4079.0000  0.0881
4080.0000  0.0882
4081.0000  0.0883
4082.0000  0.0883
4086.0000  0.0884
4092.0000  0.0885
4093.0000  0.0885
4101.0000  0.0886
4103.0000  0.0886
4107.0000  0.0887
4110.0000  0.0888
4114.0000  0.0889
4117.0000  0.0890
4121.0000  0.0890
4121.0000  0.0891
4122.0000  0.0892
4124.0000  0.0893
4126.0000  0.0893
4130.0000  0.0893
4131.0000  0.0893
4139.0000  0.0894
4142.0000  0.0894
4144.0000  0.0895
4152.0000  0.0896
4156.0000  0.0897
4159.0000  0.0898
4161.0000  0.0899
4165.0000  0.0900
4180.0000  0.0900
4202.0000  0.0900
4203.0000  0.0901
4203.0000  0.0901
4205.0000  0.0902
4207.0000  0.0904
4210.0000  0.0904
4211.0000  0.0905
4229.0000  0.0906
4229.0000  0.0907
4234.0000  0.0909
4238.0000  0.0908
4239.0000  0.0909
4242.0000  0.0910
4245.0000  0.0911
4248.0000  0.0912
4249.0000  0.0913
4259.0000  0.0914
4260.0000  0.0915
4260.0000  0.0916
4261.0000  0.0916
4261.0000  0.0917
4262.0000  0.0918
4269.0000  0.0919
4271.0000  0.0920
4272.0000  0.0920
4279.0000  0.0921
4280.0000  0.0922
4284.0000  0.0922
4286.0000  0.0923
4287.0000  0.0923
4291.0000  0.0924
4294.0000  0.0925
4301.0000  0.0926
4303.0000  0.0926
4310.0000  0.0927
4314.0000  0.0928
4316.0000  0.0928
4319.0000  0.0928
4320.0000  0.0928
4336.0000  0.0930
4337.0000  0.0931
4337.0000  0.0931
4341.0000  0.0932
4352.0000  0.0932
4353.0000  0.0933
4362.0000  0.0933
4369.0000  0.0933
4371.0000  0.0933
4379.0000  0.0934
4384.0000  0.0935
4384.0000  0.0929
4385.0000  0.0930
4388.0000  0.0931
4394.0000  0.0932
4397.0000  0.0933
4398.0000  0.0933
4414.0000  0.0934
4420.0000  0.0935
4421.0000  0.0935
4424.0000  0.0936
4434.0000  0.0936
4436.0000  0.0937
4438.0000  0.0937
4446.0000  0.0938
4448.0000  0.0939
4448.0000  0.0940
4454.0000  0.0940
4465.0000  0.0941
4473.0000  0.0942
4473.0000  0.0942
4476.0000  0.0943
4484.0000  0.0943
4487.0000  0.0943
4489.0000  0.0943
4489.0000  0.0945
4499.0000  0.0946
4509.0000  0.0946
4512.0000  0.0947
4513.0000  0.0948
4518.0000  0.0948
4522.0000  0.0949
4522.0000  0.0950
4527.0000  0.0950
4548.0000  0.0950
4559.0000  0.0950
4566.0000  0.0951
4567.0000  0.0951
4575.0000  0.0952
4593.0000  0.0952
4597.0000  0.0953
4598.0000  0.0954
4603.0000  0.0955
4604.0000  0.0954
4616.0000  0.0955
4619.0000  0.0955
4620.0000  0.0956
4622.0000  0.0957
4623.0000  0.0958
4629.0000  0.0959
4640.0000  0.0959
4644.0000  0.0960
4654.0000  0.0961
4659.0000  0.0962
4659.0000  0.0962
4660.0000  0.0963
4665.0000  0.0963
4674.0000  0.0963
4678.0000  0.0964
4687.0000  0.0965
4691.0000  0.0964
4692.0000  0.0965
4707.0000  0.0966
4707.0000  0.0967
4710.0000  0.0967
4714.0000  0.0968
4718.0000  0.0969
4719.0000  0.0970
4721.0000  0.0971
4724.0000  0.0971
4732.0000  0.0972
4732.0000  0.0973
4733.0000  0.0974
4734.0000  0.0974
4737.0000  0.0974
4746.0000  0.0974
4762.0000  0.0975
4763.0000  0.0976
4769.0000  0.0977
4774.0000  0.0977
4775.0000  0.0978
4776.0000  0.0979
4777.0000  0.0980
4780.0000  0.0980
4783.0000  0.0980
4791.0000  0.0980
4792.0000  0.0981
4795.0000  0.0981
4796.0000  0.0982
4807.0000  0.0982
4814.0000  0.0982
4817.0000  0.0982
4820.0000  0.0983
4820.0000  0.0983
4828.0000  0.0984
4831.0000  0.0985
4843.0000  0.0985
4844.0000  0.0986
4845.0000  0.0986
4850.0000  0.0987
4853.0000  0.0988
4861.0000  0.0989
4874.0000  0.0990
4876.0000  0.0990
4877.0000  0.0990
4878.0000  0.0991
4880.0000  0.0991
4882.0000  0.0991
4884.0000  0.0992
4888.0000  0.0993
4893.0000  0.0993
4896.0000  0.0993
4903.0000  0.0993
4917.0000  0.0993
4918.0000  0.0993
4921.0000  0.0994
4934.0000  0.0994
4937.0000  0.0987
4940.0000  0.0988
4947.0000  0.0989
4950.0000  0.0990
4955.0000  0.0991
4960.0000  0.0991
4962.0000  0.0993
4978.0000  0.0993
4987.0000  0.0994
4991.0000  0.0994
4991.0000  0.0995
4993.0000  0.0995
4997.0000  0.0996
4999.0000  0.0996
5003.0000  0.0996
5014.0000  0.0998
5017.0000  0.0998
5026.0000  0.0998
5038.0000  0.0998
5042.0000  0.0999
5045.0000  0.0999
5061.0000  0.1000
5066.0000  0.1000
5069.0000  0.1001
5072.0000  0.1002
5078.0000  0.1003
5082.0000  0.1004
5084.0000  0.1004
5085.0000  0.1006
5099.0000  0.1005
5118.0000  0.1006
5124.0000  0.1007
5124.0000  0.1008
5129.0000  0.1009
5134.0000  0.1009
5142.0000  0.1009
5143.0000  0.1010
5145.0000  0.1011
5150.0000  0.1012
5159.0000  0.1012
5160.0000  0.1013
5165.0000  0.1013
5169.0000  0.1014
5176.0000  0.1015
5179.0000  0.1016
5182.0000  0.1017
5183.0000  0.1017
5183.0000  0.1017
5184.0000  0.1018
5185.0000  0.1019
5186.0000  0.1019
5188.0000  0.1012
5196.0000  0.1013
5197.0000  0.1014
5203.0000  0.1015
5206.0000  0.1015
5208.0000  0.1016
5208.0000  0.1017
5216.0000  0.1018
5218.0000  0.1019
5219.0000  0.1020
5219.0000  0.1020
5230.0000  0.1021
5234.0000  0.1022
5248.0000  0.1023
5248.0000  0.1024
5251.0000  0.1024
5252.0000  0.1025
5256.0000  0.1026
5258.0000  0.1027
5266.0000  0.1028
5268.0000  0.1029
5271.0000  0.1029
5274.0000  0.1030
5283.0000  0.1030
5302.0000  0.1031
5303.0000  0.1032
5309.0000  0.1033
5320.0000  0.1034
5328.0000  0.1033
5339.0000  0.1034
5340.0000  0.1035
5344.0000  0.1036
5350.0000  0.1036
5351.0000  0.1037
5352.0000  0.1038
5355.0000  0.1039
5358.0000  0.1040
5366.0000  0.1040
5367.0000  0.1041
5372.0000  0.1042
5381.0000  0.1042
5394.0000  0.1042
5402.0000  0.1043
5404.0000  0.1042
5409.0000  0.1043
5412.0000  0.1044
5415.0000  0.1045
5417.0000  0.1046
5418.0000  0.1047
5420.0000  0.1047
5421.0000  0.1048
5422.0000  0.1049
5434.0000  0.1049
5440.0000  0.1050
5455.0000  0.1051
5466.0000  0.1051
5469.0000  0.1052
5471.0000  0.1053
5482.0000  0.1054
5483.0000  0.1054
5483.0000  0.1055
5484.0000  0.1056
5492.0000  0.1056
5502.0000  0.1056
5509.0000  0.1057
5510.0000  0.1058
5523.0000  0.1058
5531.0000  0.1059
5533.0000  0.1060
5546.0000  0.1061
5551.0000  0.1062
5555.0000  0.1063
5559.0000  0.1064
5571.0000  0.1065
5579.0000  0.1066
5582.0000  0.1066
5582.0000  0.1067
5594.0000  0.1067
5596.0000  0.1067
5600.0000  0.1065
5600.0000  0.1065
5607.0000  0.1065
5610.0000  0.1065
5614.0000  0.1065
5615.0000  0.1066
5616.0000  0.1066
5623.0000  0.1067
5623.0000  0.1067
5623.0000  0.1068
5628.0000  0.1068
5629.0000  0.1069
5634.0000  0.1070
5638.0000  0.1071
5657.0000  0.1072
5659.0000  0.1073
5659.0000  0.1074
5667.0000  0.1074
5668.0000  0.1076
5669.0000  0.1077
5672.0000  0.1078
5681.0000  0.1079
5683.0000  0.1080
5686.0000  0.1080
5686.0000  0.1081
5689.0000  0.1082
5689.0000  0.1083
5697.0000  0.1083
5698.0000  0.1084
5700.0000  0.1084
5704.0000  0.1085
5708.0000  0.1085
5710.0000  0.1087
5717.0000  0.1087
5723.0000  0.1088
5727.0000  0.1089
5738.0000  0.1090
5744.0000  0.1091
5746.0000  0.1092
5753.0000  0.1093
5757.0000  0.1093
5759.0000  0.1094
5760.0000  0.1094
5763.0000  0.1094
5764.0000  0.1095
5770.0000  0.1095
5770.0000  0.1095
5772.0000  0.1096
5772.0000  0.1097
5774.0000  0.1097
5776.0000  0.1098
5780.0000  0.1099
5783.0000  0.1099
5793.0000  0.1100
5799.0000  0.1101
5800.0000  0.1102
5802.0000  0.1102
5809.0000  0.1102
5813.0000  0.1102
5819.0000  0.1103
5821.0000  0.1104
5826.0000  0.1104
5828.0000  0.1105
5829.0000  0.1106
5831.0000  0.1106
5835.0000  0.1107
5840.0000  0.1107
5841.0000  0.1107
5844.0000  0.1107
5845.0000  0.1108
5847.0000  0.1109
5848.0000  0.1110
5852.0000  0.1110
5853.0000  0.1111
5857.0000  0.1112
5858.0000  0.1112
5865.0000  0.1113
5866.0000  0.1111
5866.0000  0.1112
5867.0000  0.1113
5868.0000  0.1114
5875.0000  0.1115
5876.0000  0.1107
5877.0000  0.1108
5885.0000  0.1109
5890.0000  0.1110
5906.0000  0.1111
5911.0000  0.1112
5913.0000  0.1112
5920.0000  0.1113
5920.0000  0.1114
5922.0000  0.1114
5925.0000  0.1115
5929.0000  0.1115
5933.0000  0.1115
5945.0000  0.1115
5955.0000  0.1116
5957.0000  0.1116
5961.0000  0.1116
5963.0000  0.1118
5970.0000  0.1118
5971.0000  0.1118
5977.0000  0.1118
5981.0000  0.1118
5981.0000  0.1119
5989.0000  0.1120
5995.0000  0.1120
5995.0000  0.1120
5997.0000  0.1121
5997.0000  0.1122
6001.0000  0.1122
6001.0000  0.1123
6009.0000  0.1123
6019.0000  0.1124
6021.0000  0.1124
6023.0000  0.1124
6024.0000  0.1124
6031.0000  0.1125
6040.0000  0.1126
6040.0000  0.1127
6050.0000  0.1128
6057.0000  0.1129
6060.0000  0.1129
6062.0000  0.1105
6083.0000  0.1107
6089.0000  0.1107
6098.0000  0.1107
6099.0000  0.1108
6099.0000  0.1109
6105.0000  0.1110
6106.0000  0.1110
6111.0000  0.1103
6115.0000  0.1103
6122.0000  0.1104
6132.0000  0.1105
6133.0000  0.1106
6135.0000  0.1107
6136.0000  0.1108
6143.0000  0.1109
6145.0000  0.1110
6148.0000  0.1110
6155.0000  0.1110
6159.0000  0.1110
6162.0000  0.1111
6167.0000  0.1112
6167.0000  0.1113
6171.0000  0.1113
6173.0000  0.1114
6177.0000  0.1115
6186.0000  0.1115
6187.0000  0.1116
6196.0000  0.1117
6197.0000  0.1117
6202.0000  0.1118
6203.0000  0.1118
6206.0000  0.1119
6207.0000  0.1120
6209.0000  0.1121
6209.0000  0.1121
6213.0000  0.1121
6216.0000  0.1121
6217.0000  0.1122
6217.0000  0.1123
6219.0000  0.1123
6223.0000  0.1124
6224.0000  0.1124
6225.0000  0.1125
6229.0000  0.1125
6231.0000  0.1126
6232.0000  0.1126
6233.0000  0.1126
6237.0000  0.1126
6241.0000  0.1127
6248.0000  0.1127
6250.0000  0.1127
6250.0000  0.1128
6253.0000  0.1129
6254.0000  0.1129
6254.0000  0.1130
6255.0000  0.1130
6257.0000  0.1130
6269.0000  0.1131
6269.0000  0.1131
6272.0000  0.1131
6273.0000  0.1132
6276.0000  0.1134
6276.0000  0.1135
6279.0000  0.1136
6285.0000  0.1137
6286.0000  0.1137
6288.0000  0.1138
6291.0000  0.1139
6295.0000  0.1139
6301.0000  0.1139
6304.0000  0.1140
6320.0000  0.1139
6324.0000  0.1140
6346.0000  0.1142
6347.0000  0.1143
6347.0000  0.1143
6349.0000  0.1144
6350.0000  0.1144
6353.0000  0.1145
6353.0000  0.1145
6361.0000  0.1146
6372.0000  0.1146
6372.0000  0.1146
6375.0000  0.1147
6376.0000  0.1147
6386.0000  0.1147
6392.0000  0.1147
6395.0000  0.1147
6400.0000  0.1148
6402.0000  0.1148
6403.0000  0.1149
6405.0000  0.1149
6405.0000  0.1149
6427.0000  0.1150
6432.0000  0.1150
6438.0000  0.1152
6441.0000  0.1152
6444.0000  0.1152
6450.0000  0.1153
6452.0000  0.1153
6452.0000  0.1154
6454.0000  0.1156
6457.0000  0.1155
6458.0000  0.1155
6459.0000  0.1155
6466.0000  0.1156
6471.0000  0.1157
6473.0000  0.1158
6476.0000  0.1158
6476.0000  0.1158
6479.0000  0.1159
6479.0000  0.1159
6485.0000  0.1160
6485.0000  0.1161
6494.0000  0.1162
6496.0000  0.1163
6499.0000  0.1164
6500.0000  0.1164
6503.0000  0.1164
6516.0000  0.1165
6521.0000  0.1165
6528.0000  0.1166
6528.0000  0.1167
6532.0000  0.1167
6538.0000  0.1168
6542.0000  0.1168
6549.0000  0.1168
6552.0000  0.1168
6553.0000  0.1169
6556.0000  0.1169
6558.0000  0.1170
6559.0000  0.1171
6560.0000  0.1171
6563.0000  0.1171
6568.0000  0.1172
6615.0000  0.1172
6622.0000  0.1173
6628.0000  0.1174
6630.0000  0.1175
6635.0000  0.1176
6638.0000  0.1177
6639.0000  0.1178
6639.0000  0.1178
6640.0000  0.1178
6648.0000  0.1179
6669.0000  0.1179
6670.0000  0.1179
6672.0000  0.1180
6675.0000  0.1180
6676.0000  0.1181
6680.0000  0.1181
6683.0000  0.1181
6684.0000  0.1182
6692.0000  0.1182
6698.0000  0.1182
6698.0000  0.1182
6704.0000  0.1182
6708.0000  0.1183
6717.0000  0.1184
6719.0000  0.1185
6719.0000  0.1186
6721.0000  0.1187
6726.0000  0.1188
6732.0000  0.1188
6732.0000  0.1189
6747.0000  0.1190
6755.0000  0.1190
6765.0000  0.1191
6767.0000  0.1192
6768.0000  0.1192
6781.0000  0.1192
6793.0000  0.1193
6805.0000  0.1193
6816.0000  0.1194
6823.0000  0.1195
6830.0000  0.1196
6838.0000  0.1196
6844.0000  0.1197
6851.0000  0.1198
6859.0000  0.1198
6867.0000  0.1199
6873.0000  0.1200
6884.0000  0.1200
6886.0000  0.1201
6886.0000  0.1203
6892.0000  0.1203
6899.0000  0.1204
6902.0000  0.1204
6903.0000  0.1204
6920.0000  0.1205
6924.0000  0.1206
6938.0000  0.1205
6944.0000  0.1205
6957.0000  0.1205
6958.0000  0.1206
6961.0000  0.1207
6963.0000  0.1208
6985.0000  0.1208
7001.0000  0.1209
7004.0000  0.1210
7007.0000  0.1210
7015.0000  0.1211
7018.0000  0.1212
7018.0000  0.1212
7039.0000  0.1204
7046.0000  0.1204
7062.0000  0.1204
7068.0000  0.1205
7079.0000  0.1206
7080.0000  0.1206
7083.0000  0.1206
7090.0000  0.1207
7096.0000  0.1207
7097.0000  0.1208
7113.0000  0.1208
7113.0000  0.1208
7116.0000  0.1209
7119.0000  0.1209
7122.0000  0.1210
7123.0000  0.1211
7123.0000  0.1211
7138.0000  0.1211
7140.0000  0.1212
7144.0000  0.1212
7145.0000  0.1213
7149.0000  0.1213
7157.0000  0.1213
7158.0000  0.1213
7159.0000  0.1214
7160.0000  0.1214
7162.0000  0.1215
7163.0000  0.1215
7167.0000  0.1215
7167.0000  0.1216
7174.0000  0.1216
7177.0000  0.1216
7180.0000  0.1217
7181.0000  0.1217
7181.0000  0.1218
7186.0000  0.1219
7189.0000  0.1220
7191.0000  0.1221
7193.0000  0.1221
7207.0000  0.1221
7210.0000  0.1222
7211.0000  0.1223
7216.0000  0.1223
7217.0000  0.1224
7220.0000  0.1225
7230.0000  0.1225
7231.0000  0.1226
7235.0000  0.1226
7239.0000  0.1227
7249.0000  0.1227
7249.0000  0.1228
7252.0000  0.1228
7257.0000  0.1228
7264.0000  0.1229
7267.0000  0.1230
7270.0000  0.1231
7275.0000  0.1232
7275.0000  0.1233
7277.0000  0.1233
7277.0000  0.1234
7278.0000  0.1235
7281.0000  0.1235
7297.0000  0.1236
7300.0000  0.1237
7302.0000  0.1237
7320.0000  0.1238
7321.0000  0.1239
7323.0000  0.1240
7323.0000  0.1241
7331.0000  0.1241
7334.0000  0.1241
7335.0000  0.1242
7349.0000  0.1242
7350.0000  0.1244
7353.0000  0.1244
7358.0000  0.1244
7367.0000  0.1244
7372.0000  0.1245
7378.0000  0.1245
7392.0000  0.1246
7395.0000  0.1247
7406.0000  0.1248
7409.0000  0.1249
7412.0000  0.1249
7421.0000  0.1250
7424.0000  0.1251
7428.0000  0.1252
7430.0000  0.1253
7433.0000  0.1254
7435.0000  0.1255
7436.0000  0.1255
7437.0000  0.1256
7445.0000  0.1257
7447.0000  0.1258
7449.0000  0.1259
7463.0000  0.1259
7467.0000  0.1259
7518.0000  0.1260
7518.0000  0.1261
7541.0000  0.1262
7547.0000  0.1263
7561.0000  0.1264
7561.0000  0.1255
7563.0000  0.1256
7573.0000  0.1257
7587.0000  0.1256
7591.0000  0.1257
7605.0000  0.1258
7605.0000  0.1259
7610.0000  0.1260
7612.0000  0.1261
7628.0000  0.1261
7631.0000  0.1262
7647.0000  0.1263
7658.0000  0.1263
7664.0000  0.1264
7665.0000  0.1265
7683.0000  0.1266
7696.0000  0.1267
7717.0000  0.1268
7718.0000  0.1269
7734.0000  0.1270
7736.0000  0.1271
7740.0000  0.1270
7741.0000  0.1270
7747.0000  0.1271
7759.0000  0.1272
7820.0000  0.1273
7828.0000  0.1274
7842.0000  0.1275
7844.0000  0.1276
7847.0000  0.1277
7855.0000  0.1276
7859.0000  0.1276
7862.0000  0.1278
7866.0000  0.1278
7874.0000  0.1278
7876.0000  0.1278
7876.0000  0.1279
7881.0000  0.1279
7892.0000  0.1280
7897.0000  0.1280
7900.0000  0.1281
7903.0000  0.1282
7904.0000  0.1282
7912.0000  0.1284
7912.0000  0.1284
7926.0000  0.1285
7928.0000  0.1286
7930.0000  0.1286
7933.0000  0.1286
7939.0000  0.1287
7939.0000  0.1288
7940.0000  0.1289
7941.0000  0.1290
7944.0000  0.1291
7947.0000  0.1291
7954.0000  0.1292
7964.0000  0.1293
7965.0000  0.1294
7982.0000  0.1294
7984.0000  0.1295
7985.0000  0.1296
7986.0000  0.1296
7988.0000  0.1297
7991.0000  0.1298
7994.0000  0.1299
7997.0000  0.1299
7999.0000  0.1299
8008.0000  0.1300
8020.0000  0.1300
8023.0000  0.1301
8024.0000  0.1302
8028.0000  0.1303
8031.0000  0.1304
8032.0000  0.1304
8035.0000  0.1305
8037.0000  0.1305
8037.0000  0.1306
8038.0000  0.1306
8041.0000  0.1307
8044.0000  0.1308
8066.0000  0.1309
8066.0000  0.1309
8070.0000  0.1310
8072.0000  0.1311
8077.0000  0.1311
8079.0000  0.1312
8083.0000  0.1312
8092.0000  0.1312
8096.0000  0.1313
8105.0000  0.1314
8113.0000  0.1315
8117.0000  0.1314
8122.0000  0.1315
8123.0000  0.1316
8124.0000  0.1317
8131.0000  0.1317
8132.0000  0.1317
8138.0000  0.1318
8138.0000  0.1318
8141.0000  0.1319
8142.0000  0.1320
8148.0000  0.1320
8149.0000  0.1321
8175.0000  0.1320
8176.0000  0.1321
8183.0000  0.1322
8184.0000  0.1322
8185.0000  0.1323
8186.0000  0.1324
8188.0000  0.1324
8197.0000  0.1325
8209.0000  0.1326
8215.0000  0.1326
8219.0000  0.1326
8224.0000  0.1327
8224.0000  0.1328
8241.0000  0.1328
8245.0000  0.1330
8246.0000  0.1331
8246.0000  0.1332
8247.0000  0.1333
8247.0000  0.1334
8249.0000  0.1335
8251.0000  0.1336
8265.0000  0.1337
8266.0000  0.1337
8275.0000  0.1338
8275.0000  0.1338
8278.0000  0.1338
8294.0000  0.1338
8299.0000  0.1339
8301.0000  0.1339
8315.0000  0.1338
8318.0000  0.1338
8320.0000  0.1339
8327.0000  0.1340
8327.0000  0.1340
8327.0000  0.1340
8335.0000  0.1341
8341.0000  0.1342
8354.0000  0.1342
8359.0000  0.1343
8381.0000  0.1343
8383.0000  0.1344
8387.0000  0.1345
8388.0000  0.1345
8391.0000  0.1346
8392.0000  0.1347
8395.0000  0.1348
8398.0000  0.1349
8413.0000  0.1350
8416.0000  0.1350
8417.0000  0.1350
8419.0000  0.1350
8423.0000  0.1349
8427.0000  0.1350
8427.0000  0.1350
8449.0000  0.1350
8454.0000  0.1351
8455.0000  0.1352
8466.0000  0.1352
8469.0000  0.1353
8472.0000  0.1354
8485.0000  0.1356
8485.0000  0.1356
8485.0000  0.1356
8489.0000  0.1357
8489.0000  0.1358
8491.0000  0.1358
8493.0000  0.1359
8495.0000  0.1360
8496.0000  0.1360
8500.0000  0.1360
8501.0000  0.1360
8503.0000  0.1361
8513.0000  0.1361
8520.0000  0.1361
8530.0000  0.1362
8533.0000  0.1363
8535.0000  0.1364
8539.0000  0.1365
8539.0000  0.1366
8540.0000  0.1365
8545.0000  0.1366
8547.0000  0.1367
8548.0000  0.1368
8552.0000  0.1369
8553.0000  0.1371
8573.0000  0.1372
8577.0000  0.1373
8579.0000  0.1373
8581.0000  0.1375
8593.0000  0.1375
8606.0000  0.1375
8612.0000  0.1376
8612.0000  0.1377
8625.0000  0.1377
8635.0000  0.1377
8635.0000  0.1378
8655.0000  0.1379
8660.0000  0.1380
8666.0000  0.1381
8670.0000  0.1381
8680.0000  0.1382
8681.0000  0.1383
8683.0000  0.1383
8683.0000  0.1385
8684.0000  0.1385
8689.0000  0.1385
8693.0000  0.1386
8695.0000  0.1387
8699.0000  0.1387
8699.0000  0.1387
8701.0000  0.1388
8717.0000  0.1388
8718.0000  0.1388
8722.0000  0.1389
8722.0000  0.1389
8724.0000  0.1390
8725.0000  0.1390
8726.0000  0.1390
8727.0000  0.1390
8727.0000  0.1391
8734.0000  0.1391
8734.0000  0.1392
8737.0000  0.1393
8739.0000  0.1395
8743.0000  0.1395
8745.0000  0.1395
8747.0000  0.1396
8752.0000  0.1397
8763.0000  0.1398
8769.0000  0.1398
8771.0000  0.1399
8774.0000  0.1398
8793.0000  0.1398
8807.0000  0.1399
8822.0000  0.1400
8827.0000  0.1399
8828.0000  0.1401
8836.0000  0.1401
8851.0000  0.1402
8853.0000  0.1402
8860.0000  0.1403
8861.0000  0.1403
8862.0000  0.1403
8877.0000  0.1404
8886.0000  0.1405
8887.0000  0.1405
8893.0000  0.1406
8893.0000  0.1407
8898.0000  0.1408
8900.0000  0.1408
8901.0000  0.1410
8903.0000  0.1410
8916.0000  0.1411
8919.0000  0.1412
8926.0000  0.1412
8933.0000  0.1412
8936.0000  0.1413
8936.0000  0.1414
8937.0000  0.1415
8940.0000  0.1415
8947.0000  0.1416
8950.0000  0.1416
8954.0000  0.1416
8958.0000  0.1416
8960.0000  0.1416
8965.0000  0.1417
8967.0000  0.1417
8968.0000  0.1418
8977.0000  0.1418
8978.0000  0.1419
8979.0000  0.1418
8984.0000  0.1419
8985.0000  0.1419
8988.0000  0.1420
8994.0000  0.1420
8997.0000  0.1421
9001.0000  0.1422
9003.0000  0.1422
9008.0000  0.1423
9010.0000  0.1424
9015.0000  0.1424
9017.0000  0.1425
9020.0000  0.1425
9027.0000  0.1426
9029.0000  0.1426
9029.0000  0.1426
9031.0000  0.1427
9033.0000  0.1427
9033.0000  0.1427
9041.0000  0.1427
9043.0000  0.1427
9051.0000  0.1428
9052.0000  0.1428
9054.0000  0.1429
9056.0000  0.1429
9058.0000  0.1430
9068.0000  0.1431
9069.0000  0.1432
9072.0000  0.1433
9072.0000  0.1434
9076.0000  0.1433
9081.0000  0.1434
9104.0000  0.1434
9106.0000  0.1434
9115.0000  0.1434
9122.0000  0.1435
9124.0000  0.1435
9131.0000  0.1435
9132.0000  0.1435
9140.0000  0.1437
9143.0000  0.1438
9149.0000  0.1439
9152.0000  0.1440
9155.0000  0.1440
9164.0000  0.1441
9165.0000  0.1441
9169.0000  0.1441
9172.0000  0.1441
9176.0000  0.1441
9179.0000  0.1441
9185.0000  0.1442
9188.0000  0.1443
9189.0000  0.1443
9206.0000  0.1444
9210.0000  0.1445
9211.0000  0.1446
9211.0000  0.1447
9214.0000  0.1447
9219.0000  0.1448
9222.0000  0.1449
9226.0000  0.1450
9228.0000  0.1450
9232.0000  0.1450
9233.0000  0.1451
9235.0000  0.1451
9237.0000  0.1441
9238.0000  0.1442
9239.0000  0.1442
9241.0000  0.1443
9243.0000  0.1444
9244.0000  0.1444
9257.0000  0.1445
9259.0000  0.1446
9260.0000  0.1446
9263.0000  0.1447
9266.0000  0.1448
9278.0000  0.1448
9280.0000  0.1448
9281.0000  0.1443
9282.0000  0.1444
9284.0000  0.1444
9288.0000  0.1445
9289.0000  0.1446
9291.0000  0.1447
9293.0000  0.1448
9297.0000  0.1449
9305.0000  0.1450
9308.0000  0.1451
9320.0000  0.1452
9322.0000  0.1453
9331.0000  0.1454
9337.0000  0.1455
9340.0000  0.1456
9340.0000  0.1457
9344.0000  0.1458
9346.0000  0.1459
9347.0000  0.1459
9350.0000  0.1459
9351.0000  0.1460
9371.0000  0.1461
9371.0000  0.1461
9376.0000  0.1461
9378.0000  0.1461
9382.0000  0.1462
9390.0000  0.1462
9399.0000  0.1462
9402.0000  0.1463
9411.0000  0.1464
9413.0000  0.1465
9420.0000  0.1465
9422.0000  0.1466
9422.0000  0.1466
9422.0000  0.1466
9423.0000  0.1467
9433.0000  0.1468
9435.0000  0.1469
9453.0000  0.1469
9459.0000  0.1469
9469.0000  0.1469
9472.0000  0.1469
9477.0000  0.1469
9479.0000  0.1469
9480.0000  0.1470
9486.0000  0.1469
9490.0000  0.1469
9510.0000  0.1470
9510.0000  0.1470
9513.0000  0.1470
9515.0000  0.1470
9535.0000  0.1471
9545.0000  0.1472
9547.0000  0.1472
9550.0000  0.1473
9556.0000  0.1474
9561.0000  0.1475
9563.0000  0.1475
9566.0000  0.1476
9567.0000  0.1477
9574.0000  0.1478
9576.0000  0.1479
9579.0000  0.1480
9579.0000  0.1481
9586.0000  0.1481
9596.0000  0.1482
9599.0000  0.1482
9600.0000  0.1483
9600.0000  0.1484
9602.0000  0.1484
9606.0000  0.1486
9613.0000  0.1486
9615.0000  0.1487
9622.0000  0.1488
9628.0000  0.1488
9631.0000  0.1488
9639.0000  0.1489
9648.0000  0.1490
9662.0000  0.1490
9668.0000  0.1491
9676.0000  0.1492
9682.0000  0.1492
9683.0000  0.1492
9693.0000  0.1493
9694.0000  0.1493
9694.0000  0.1494
9698.0000  0.1495
9704.0000  0.1495
9704.0000  0.1494
9704.0000  0.1495
9717.0000  0.1496
9721.0000  0.1497
9728.0000  0.1497
9739.0000  0.1498
9748.0000  0.1498
9751.0000  0.1499
9751.0000  0.1500
9752.0000  0.1500
9755.0000  0.1501
9755.0000  0.1502
9759.0000  0.1502
9762.0000  0.1502
9763.0000  0.1502
9765.0000  0.1503
9766.0000  0.1503
9771.0000  0.1504
9774.0000  0.1505
9780.0000  0.1506
9784.0000  0.1507
9790.0000  0.1508
9791.0000  0.1509
9798.0000  0.1509
9798.0000  0.1510
9799.0000  0.1510
9802.0000  0.1511
9803.0000  0.1511
9804.0000  0.1512
9807.0000  0.1513
9808.0000  0.1514
9810.0000  0.1514
9811.0000  0.1514
9812.0000  0.1515
9818.0000  0.1515
9818.0000  0.1515
9821.0000  0.1516
9823.0000  0.1517
9828.0000  0.1517
9830.0000  0.1516
9831.0000  0.1517
9831.0000  0.1517
9833.0000  0.1518
9836.0000  0.1519
9837.0000  0.1519
9843.0000  0.1519
9843.0000  0.1520
9844.0000  0.1520
9845.0000  0.1520
9847.0000  0.1520
9847.0000  0.1521
9857.0000  0.1522
9857.0000  0.1523
9860.0000  0.1523
9863.0000  0.1523
9864.0000  0.1523
9865.0000  0.1524
9867.0000  0.1525
9867.0000  0.1526
9874.0000  0.1526
9877.0000  0.1527
9886.0000  0.1528
9891.0000  0.1528
9899.0000  0.1529
9903.0000  0.1529
9905.0000  0.1530
9911.0000  0.1531
9912.0000  0.1531
9917.0000  0.1531
9919.0000  0.1531
9946.0000  0.1532
9947.0000  0.1533
9954.0000  0.1533
9957.0000  0.1533
9958.0000  0.1534
9958.0000  0.1535
9960.0000  0.1535
9974.0000  0.1535
9976.0000  0.1536
9980.0000  0.1536
9980.0000  0.1536
9986.0000  0.1537
9987.0000  0.1537
9994.0000  0.1537
9998.0000  0.1538
10000.0000  0.1538
10005.0000  0.1539
10006.0000  0.1540
10009.0000  0.1541
10010.0000  0.1542
10015.0000  0.1542
10018.0000  0.1543
10024.0000  0.1543
10025.0000  0.1543
10027.0000  0.1544
10030.0000  0.1544
10032.0000  0.1545
10034.0000  0.1545
10035.0000  0.1546
10039.0000  0.1546
10044.0000  0.1546
10055.0000  0.1546
10069.0000  0.1547
10072.0000  0.1548
10074.0000  0.1548
10075.0000  0.1548
10087.0000  0.1550
10089.0000  0.1550
10095.0000  0.1551
10101.0000  0.1551
10110.0000  0.1552
10115.0000  0.1553
10117.0000  0.1554
10121.0000  0.1555
10128.0000  0.1556
10139.0000  0.1556
10140.0000  0.1556
10151.0000  0.1557
10155.0000  0.1558
10168.0000  0.1558
10177.0000  0.1558
10178.0000  0.1558
10179.0000  0.1558
10188.0000  0.1559
10190.0000  0.1560
10191.0000  0.1561
10195.0000  0.1561
10196.0000  0.1562
10211.0000  0.1563
10215.0000  0.1563
10216.0000  0.1563
10224.0000  0.1564
10224.0000  0.1564
10228.0000  0.1564
10229.0000  0.1565
10234.0000  0.1565
10242.0000  0.1566
10247.0000  0.1567
10249.0000  0.1567
10255.0000  0.1568
10257.0000  0.1569
10257.0000  0.1570
10257.0000  0.1570
10261.0000  0.1571
10262.0000  0.1572
10266.0000  0.1573
10269.0000  0.1574
10276.0000  0.1575
10277.0000  0.1575
10277.0000  0.1576
10277.0000  0.1577
10280.0000  0.1578
10280.0000  0.1578
10285.0000  0.1579
10288.0000  0.1579
10289.0000  0.1580
10292.0000  0.1581
10292.0000  0.1582
10292.0000  0.1582
10295.0000  0.1582
10295.0000  0.1583
10297.0000  0.1583
10298.0000  0.1584
10302.0000  0.1584
10311.0000  0.1584
10311.0000  0.1584
10317.0000  0.1585
10318.0000  0.1586
10322.0000  0.1587
10323.0000  0.1587
10323.0000  0.1588
10327.0000  0.1589
10331.0000  0.1590
10337.0000  0.1589
10337.0000  0.1591
10337.0000  0.1591
10339.0000  0.1592
10340.0000  0.1593
10346.0000  0.1593
10352.0000  0.1593
10355.0000  0.1594
10355.0000  0.1595
10359.0000  0.1596
10360.0000  0.1596
10363.0000  0.1596
10368.0000  0.1596
10368.0000  0.1597
10370.0000  0.1598
10371.0000  0.1598
10376.0000  0.1598
10377.0000  0.1598
10385.0000  0.1599
10386.0000  0.1600
10388.0000  0.1601
10389.0000  0.1601
10391.0000  0.1601
10392.0000  0.1601
10397.0000  0.1602
10398.0000  0.1602
10400.0000  0.1603
10400.0000  0.1604
10402.0000  0.1605
10402.0000  0.1605
10403.0000  0.1607
10404.0000  0.1608
10406.0000  0.1608
10406.0000  0.1609
10407.0000  0.1610
10412.0000  0.1610
10413.0000  0.1610
10423.0000  0.1610
10426.0000  0.1611
10426.0000  0.1612
10432.0000  0.1612
10438.0000  0.1612
10443.0000  0.1612
10446.0000  0.1613
10450.0000  0.1614
10461.0000  0.1614
10461.0000  0.1615
10469.0000  0.1615
10469.0000  0.1617
10479.0000  0.1617
10481.0000  0.1617
10482.0000  0.1617
10488.0000  0.1617
10488.0000  0.1618
10489.0000  0.1618
10492.0000  0.1619
10497.0000  0.1620
10508.0000  0.1621
10508.0000  0.1621
10510.0000  0.1622
10515.0000  0.1623
10520.0000  0.1623
10537.0000  0.1623
10540.0000  0.1623
10545.0000  0.1624
10557.0000  0.1625
10560.0000  0.1626
10565.0000  0.1626
10572.0000  0.1626
10573.0000  0.1628
10582.0000  0.1628
10586.0000  0.1628
10592.0000  0.1628
10596.0000  0.1628
10597.0000  0.1628
10599.0000  0.1629
10610.0000  0.1630
10612.0000  0.1630
10616.0000  0.1631
10616.0000  0.1631
10625.0000  0.1632
10634.0000  0.1633
10634.0000  0.1633
10635.0000  0.1633
10637.0000  0.1633
10647.0000  0.1634
10649.0000  0.1635
10655.0000  0.1636
10664.0000  0.1636
10666.0000  0.1636
10668.0000  0.1636
10673.0000  0.1636
10679.0000  0.1636
10682.0000  0.1637
10686.0000  0.1638
10715.0000  0.1639
10719.0000  0.1640
10725.0000  0.1640
10727.0000  0.1640
10728.0000  0.1641
10728.0000  0.1642
10732.0000  0.1643
10739.0000  0.1644
10739.0000  0.1645
10741.0000  0.1645
10743.0000  0.1646
10744.0000  0.1646
10746.0000  0.1646
10751.0000  0.1647
10757.0000  0.1648
10759.0000  0.1648
10769.0000  0.1649
10772.0000  0.1649
10775.0000  0.1650
10782.0000  0.1651
10789.0000  0.1652
10797.0000  0.1653
10797.0000  0.1654
10799.0000  0.1654
10814.0000  0.1654
10820.0000  0.1656
10821.0000  0.1657
10821.0000  0.1658
10826.0000  0.1658
10831.0000  0.1658
10834.0000  0.1659
10839.0000  0.1660
10839.0000  0.1661
10856.0000  0.1661
10856.0000  0.1661
10860.0000  0.1662
10863.0000  0.1663
10875.0000  0.1662
10878.0000  0.1662
10885.0000  0.1664
10885.0000  0.1664
10889.0000  0.1665
10895.0000  0.1665
10906.0000  0.1665
10910.0000  0.1666
10911.0000  0.1667
10913.0000  0.1666
10922.0000  0.1668
10925.0000  0.1668
10927.0000  0.1669
10929.0000  0.1669
10930.0000  0.1670
10934.0000  0.1671
10954.0000  0.1672
10958.0000  0.1672
10958.0000  0.1672
10962.0000  0.1673
10981.0000  0.1674
10981.0000  0.1675
10982.0000  0.1675
10996.0000  0.1676
10997.0000  0.1676
11000.0000  0.1677
11001.0000  0.1679
11007.0000  0.1679
11010.0000  0.1680
11021.0000  0.1679
11028.0000  0.1679
11035.0000  0.1680
11041.0000  0.1681
11047.0000  0.1681
11048.0000  0.1681
11065.0000  0.1681
11066.0000  0.1681
11067.0000  0.1682
11069.0000  0.1682
11073.0000  0.1682
11085.0000  0.1682
11086.0000  0.1683
11105.0000  0.1684
11106.0000  0.1684
11108.0000  0.1685
11108.0000  0.1685
11112.0000  0.1686
11115.0000  0.1687
11122.0000  0.1688
11142.0000  0.1689
11145.0000  0.1690
11150.0000  0.1690
11153.0000  0.1689
11162.0000  0.1690
11163.0000  0.1690
11170.0000  0.1691
11184.0000  0.1692
11190.0000  0.1693
11194.0000  0.1694
11198.0000  0.1695
11199.0000  0.1695
11203.0000  0.1696
11205.0000  0.1696
11210.0000  0.1697
11211.0000  0.1698
11214.0000  0.1697
11216.0000  0.1698
11228.0000  0.1699
11228.0000  0.1699
11230.0000  0.1700
11231.0000  0.1701
11239.0000  0.1701
11242.0000  0.1701
11254.0000  0.1702
11260.0000  0.1703
11263.0000  0.1704
11272.0000  0.1704
11286.0000  0.1705
11286.0000  0.1706
11286.0000  0.1705
11308.0000  0.1706
11334.0000  0.1707
11344.0000  0.1707
11347.0000  0.1707
11350.0000  0.1707
11355.0000  0.1708
11364.0000  0.1708
11370.0000  0.1709
11373.0000  0.1710
11378.0000  0.1710
11382.0000  0.1711
11383.0000  0.1712
11386.0000  0.1712
11386.0000  0.1713
11390.0000  0.1714
11391.0000  0.1714
11392.0000  0.1715
11392.0000  0.1716
11402.0000  0.1717
11402.0000  0.1717
11432.0000  0.1718
11448.0000  0.1719
11451.0000  0.1719
11453.0000  0.1719
11480.0000  0.1719
11480.0000  0.1720
11486.0000  0.1721
11488.0000  0.1722
11491.0000  0.1723
11504.0000  0.1724
11526.0000  0.1724
11527.0000  0.1725
11531.0000  0.1726
11538.0000  0.1726
11544.0000  0.1727
11551.0000  0.1728
11553.0000  0.1727
11554.0000  0.1727
11563.0000  0.1727
11565.0000  0.1727
11572.0000  0.1727
11574.0000  0.1726
11575.0000  0.1727
11584.0000  0.1727
11590.0000  0.1728
11617.0000  0.1729
11619.0000  0.1730
11621.0000  0.1731
11623.0000  0.1732
11631.0000  0.1732
11632.0000  0.1733
11634.0000  0.1732
11650.0000  0.1733
11660.0000  0.1732
11667.0000  0.1732
11679.0000  0.1731
11684.0000  0.1732
11694.0000  0.1732
11714.0000  0.1732
11724.0000  0.1733
11726.0000  0.1733
11735.0000  0.1733
11745.0000  0.1734
11773.0000  0.1735
11776.0000  0.1736
11777.0000  0.1736
11782.0000  0.1737
11793.0000  0.1738
11799.0000  0.1738
11799.0000  0.1738
11807.0000  0.1738
11815.0000  0.1739
11822.0000  0.1740
11824.0000  0.1740
11827.0000  0.1740
11830.0000  0.1741
11846.0000  0.1742
11847.0000  0.1743
11848.0000  0.1744
11854.0000  0.1744
11857.0000  0.1745
11862.0000  0.1746
11866.0000  0.1746
11871.0000  0.1745
11874.0000  0.1745
11875.0000  0.1747
11876.0000  0.1748
11880.0000  0.1748
11883.0000  0.1749
11885.0000  0.1750
11894.0000  0.1750
11904.0000  0.1750
11914.0000  0.1751
11926.0000  0.1751
11930.0000  0.1752
11930.0000  0.1754
11931.0000  0.1754
11932.0000  0.1755
11934.0000  0.1756
11935.0000  0.1756
11937.0000  0.1757
11960.0000  0.1757
11969.0000  0.1758
11976.0000  0.1758
11986.0000  0.1758
11986.0000  0.1758
11999.0000  0.1760
12001.0000  0.1760
12004.0000  0.1760
12007.0000  0.1761
12008.0000  0.1761
12008.0000  0.1762
12010.0000  0.1762
12024.0000  0.1762
12027.0000  0.1763
12028.0000  0.1763
12032.0000  0.1764
12037.0000  0.1766
12038.0000  0.1766
12042.0000  0.1767
12045.0000  0.1767
12048.0000  0.1768
12055.0000  0.1768
12061.0000  0.1769
12063.0000  0.1770
12065.0000  0.1771
12080.0000  0.1771
12090.0000  0.1771
12097.0000  0.1770
12099.0000  0.1770
12107.0000  0.1769
12113.0000  0.1770
12122.0000  0.1771
12124.0000  0.1771
12126.0000  0.1771
12126.0000  0.1772
12130.0000  0.1772
12133.0000  0.1773
12133.0000  0.1773
12139.0000  0.1773
12142.0000  0.1774
12156.0000  0.1774
12171.0000  0.1775
12172.0000  0.1777
12186.0000  0.1776
12203.0000  0.1776
12212.0000  0.1776
12215.0000  0.1777
12218.0000  0.1777
12220.0000  0.1778
12225.0000  0.1778
12227.0000  0.1780
12232.0000  0.1781
12234.0000  0.1781
12236.0000  0.1782
12248.0000  0.1782
12252.0000  0.1782
12261.0000  0.1782
12263.0000  0.1782
12269.0000  0.1783
12272.0000  0.1784
12277.0000  0.1785
12281.0000  0.1785
12289.0000  0.1785
12291.0000  0.1786
12299.0000  0.1786
12301.0000  0.1787
12311.0000  0.1788
12312.0000  0.1790
12327.0000  0.1790
12333.0000  0.1790
12340.0000  0.1790
12358.0000  0.1791
12399.0000  0.1792
12404.0000  0.1793
12405.0000  0.1795
12411.0000  0.1795
12413.0000  0.1795
12419.0000  0.1795
12424.0000  0.1795
12427.0000  0.1795
12429.0000  0.1796
12430.0000  0.1795
12430.0000  0.1796
12433.0000  0.1796
12448.0000  0.1796
12449.0000  0.1797
12454.0000  0.1798
12468.0000  0.1799
12472.0000  0.1799
12476.0000  0.1799
12482.0000  0.1799
12485.0000  0.1799
12494.0000  0.1800
12496.0000  0.1800
12497.0000  0.1801
12505.0000  0.1802
12508.0000  0.1803
12513.0000  0.1803
12517.0000  0.1803
12522.0000  0.1803
12524.0000  0.1803
12527.0000  0.1802
12531.0000  0.1803
12533.0000  0.1803
12535.0000  0.1804
12536.0000  0.1804
12543.0000  0.1805
12545.0000  0.1805
12546.0000  0.1806
12549.0000  0.1807
12549.0000  0.1807
12552.0000  0.1807
12558.0000  0.1807
12564.0000  0.1807
12570.0000  0.1808
12572.0000  0.1807
12573.0000  0.1809
12587.0000  0.1809
12590.0000  0.1810
12599.0000  0.1811
12605.0000  0.1811
12608.0000  0.1812
12611.0000  0.1812
12615.0000  0.1813
12617.0000  0.1814
12624.0000  0.1814
12630.0000  0.1814
12654.0000  0.1814
12662.0000  0.1814
12694.0000  0.1815
12704.0000  0.1815
12721.0000  0.1816
12731.0000  0.1817
12735.0000  0.1817
12736.0000  0.1819
12739.0000  0.1819
12746.0000  0.1820
12753.0000  0.1821
12754.0000  0.1821
12768.0000  0.1822
12777.0000  0.1822
12782.0000  0.1824
12785.0000  0.1825
12789.0000  0.1825
12802.0000  0.1826
12805.0000  0.1826
12811.0000  0.1827
12813.0000  0.1828
12826.0000  0.1829
12836.0000  0.1830
12844.0000  0.1830
12857.0000  0.1831
12857.0000  0.1831
12860.0000  0.1831
12868.0000  0.1832
12874.0000  0.1833
12875.0000  0.1835
12876.0000  0.1835
12881.0000  0.1836
12882.0000  0.1836
12888.0000  0.1836
12893.0000  0.1837
12902.0000  0.1836
12906.0000  0.1836
12907.0000  0.1838
12913.0000  0.1838
12928.0000  0.1838
12929.0000  0.1838
12931.0000  0.1838
12936.0000  0.1838
12938.0000  0.1838
12956.0000  0.1839
12957.0000  0.1838
12959.0000  0.1839
12959.0000  0.1839
12959.0000  0.1839
12961.0000  0.1840
12982.0000  0.1841
12984.0000  0.1842
12985.0000  0.1841
12987.0000  0.1842
12988.0000  0.1843
12993.0000  0.1844
12993.0000  0.1845
12996.0000  0.1845
12997.0000  0.1845
12997.0000  0.1845
13004.0000  0.1846
13005.0000  0.1847
13015.0000  0.1847
13018.0000  0.1848
13023.0000  0.1849
13025.0000  0.1850
13027.0000  0.1850
13030.0000  0.1850
13033.0000  0.1851
13034.0000  0.1851
13052.0000  0.1852
13058.0000  0.1852
13059.0000  0.1851
13059.0000  0.1852
13074.0000  0.1852
13083.0000  0.1852
13090.0000  0.1853
13098.0000  0.1853
13099.0000  0.1854
13100.0000  0.1854
13106.0000  0.1856
13112.0000  0.1855
13127.0000  0.1855
13129.0000  0.1855
13151.0000  0.1857
13152.0000  0.1858
13155.0000  0.1858
13159.0000  0.1858
13160.0000  0.1859
13161.0000  0.1858
13164.0000  0.1859
13171.0000  0.1859
13178.0000  0.1859
13181.0000  0.1859
13184.0000  0.1859
13186.0000  0.1860
13189.0000  0.1861
13191.0000  0.1862
13193.0000  0.1862
13197.0000  0.1862
13209.0000  0.1862
13212.0000  0.1863
13214.0000  0.1863
13216.0000  0.1863
13227.0000  0.1864
13227.0000  0.1865
13231.0000  0.1866
13235.0000  0.1866
13236.0000  0.1867
13238.0000  0.1867
13238.0000  0.1867
13242.0000  0.1868
13242.0000  0.1869
13276.0000  0.1869
13283.0000  0.1870
13303.0000  0.1870
13303.0000  0.1870
13304.0000  0.1872
13310.0000  0.1872
13316.0000  0.1872
13317.0000  0.1873
13332.0000  0.1874
13356.0000  0.1875
13357.0000  0.1875
13360.0000  0.1875
13361.0000  0.1876
13371.0000  0.1876
13390.0000  0.1876
13390.0000  0.1877
13392.0000  0.1877
13396.0000  0.1878
13400.0000  0.1878
13400.0000  0.1879
13405.0000  0.1879
13407.0000  0.1880
13420.0000  0.1881
13426.0000  0.1881
13439.0000  0.1881
13440.0000  0.1881
13450.0000  0.1882
13458.0000  0.1882
13460.0000  0.1882
13471.0000  0.1882
13476.0000  0.1883
13477.0000  0.1884
13478.0000  0.1885
13480.0000  0.1885
13482.0000  0.1887
13483.0000  0.1887
13484.0000  0.1886
13484.0000  0.1886
13484.0000  0.1887
13486.0000  0.1888
13493.0000  0.1888
13505.0000  0.1888
13511.0000  0.1889
13517.0000  0.1889
13518.0000  0.1890
13518.0000  0.1891
13524.0000  0.1891
13528.0000  0.1892
13535.0000  0.1892
13546.0000  0.1893
13550.0000  0.1893
13556.0000  0.1894
13556.0000  0.1895
13565.0000  0.1895
13568.0000  0.1896
13568.0000  0.1897
13569.0000  0.1897
13572.0000  0.1898
13576.0000  0.1899
13580.0000  0.1899
13588.0000  0.1899
13592.0000  0.1900
13593.0000  0.1901
13598.0000  0.1901
13602.0000  0.1901
13605.0000  0.1901
13610.0000  0.1899
13611.0000  0.1900
13612.0000  0.1900
13620.0000  0.1900
13623.0000  0.1901
13626.0000  0.1901
13627.0000  0.1901
13629.0000  0.1902
13631.0000  0.1902
13631.0000  0.1903
13634.0000  0.1903
13640.0000  0.1903
13641.0000  0.1903
13644.0000  0.1903
13644.0000  0.1903
13645.0000  0.1904
13647.0000  0.1902
13650.0000  0.1903
13652.0000  0.1904
13660.0000  0.1905
13680.0000  0.1906
13684.0000  0.1906
13691.0000  0.1907
13698.0000  0.1907
13699.0000  0.1908
13720.0000  0.1908
13731.0000  0.1909
13743.0000  0.1909
13744.0000  0.1909
13749.0000  0.1909
13754.0000  0.1910
13754.0000  0.1910
13759.0000  0.1910
13765.0000  0.1910
13770.0000  0.1911
13772.0000  0.1911
13787.0000  0.1911
13802.0000  0.1913
13807.0000  0.1913
13811.0000  0.1914
13816.0000  0.1915
13820.0000  0.1915
13821.0000  0.1917
13826.0000  0.1917
13828.0000  0.1917
13832.0000  0.1917
13836.0000  0.1917
13841.0000  0.1918
13842.0000  0.1919
13846.0000  0.1919
13849.0000  0.1920
13850.0000  0.1921
13858.0000  0.1922
13860.0000  0.1923
13861.0000  0.1924
13861.0000  0.1924
13866.0000  0.1925
13873.0000  0.1926
13877.0000  0.1927
13884.0000  0.1927
13892.0000  0.1928
13893.0000  0.1928
13893.0000  0.1928
13896.0000  0.1928
13905.0000  0.1929
13911.0000  0.1929
13911.0000  0.1930
13920.0000  0.1930
13926.0000  0.1930
13932.0000  0.1930
13932.0000  0.1930
13945.0000  0.1930
13949.0000  0.1930
13970.0000  0.1931
13971.0000  0.1932
13973.0000  0.1933
13974.0000  0.1933
13981.0000  0.1933
13992.0000  0.1933
13995.0000  0.1933
14005.0000  0.1933
14006.0000  0.1935
14007.0000  0.1935
14010.0000  0.1936
14014.0000  0.1935
14016.0000  0.1936
14017.0000  0.1936
14018.0000  0.1936
14032.0000  0.1937
14033.0000  0.1938
14034.0000  0.1938
14037.0000  0.1939
14041.0000  0.1939
14045.0000  0.1940
14049.0000  0.1940
14049.0000  0.1941
14052.0000  0.1941
14053.0000  0.1942
14061.0000  0.1942
14064.0000  0.1942
14080.0000  0.1942
14085.0000  0.1942
14090.0000  0.1943
14096.0000  0.1943
14098.0000  0.1943
14100.0000  0.1943
14113.0000  0.1944
14117.0000  0.1945
14118.0000  0.1946
14118.0000  0.1946
14121.0000  0.1946
14121.0000  0.1947
14122.0000  0.1947
14123.0000  0.1947
14123.0000  0.1948
14133.0000  0.1948
14135.0000  0.1949
14139.0000  0.1950
14152.0000  0.1950
14154.0000  0.1950
14154.0000  0.1951
14158.0000  0.1952
14161.0000  0.1952
14164.0000  0.1952
14166.0000  0.1952
14182.0000  0.1952
14193.0000  0.1953
14196.0000  0.1952
14196.0000  0.1952
14207.0000  0.1952
14208.0000  0.1953
14208.0000  0.1954
14210.0000  0.1955
14220.0000  0.1956
14227.0000  0.1957
14230.0000  0.1957
14232.0000  0.1958
14233.0000  0.1959
14239.0000  0.1959
14245.0000  0.1960
14246.0000  0.1960
14246.0000  0.1962
14252.0000  0.1962
14272.0000  0.1963
14278.0000  0.1963
14280.0000  0.1964
14284.0000  0.1965
14286.0000  0.1965
14294.0000  0.1966
14309.0000  0.1965
14309.0000  0.1966
14315.0000  0.1967
14320.0000  0.1967
14321.0000  0.1968
14324.0000  0.1969
14329.0000  0.1970
14330.0000  0.1971
14341.0000  0.1971
14342.0000  0.1971
14344.0000  0.1971
14353.0000  0.1972
14354.0000  0.1972
14358.0000  0.1972
14359.0000  0.1972
14360.0000  0.1973
14361.0000  0.1973
14364.0000  0.1974
14367.0000  0.1975
14368.0000  0.1976
14375.0000  0.1976
14387.0000  0.1976
14388.0000  0.1976
14391.0000  0.1977
14394.0000  0.1978
14413.0000  0.1978
14425.0000  0.1980
14434.0000  0.1980
14437.0000  0.1980
14437.0000  0.1981
14446.0000  0.1982
14449.0000  0.1982
14451.0000  0.1982
14476.0000  0.1983
14479.0000  0.1984
14483.0000  0.1986
14486.0000  0.1986
14487.0000  0.1987
14489.0000  0.1987
14493.0000  0.1988
14509.0000  0.1990
14510.0000  0.1990
14510.0000  0.1989
14514.0000  0.1989
14523.0000  0.1991
14524.0000  0.1992
14525.0000  0.1993
14527.0000  0.1994
14537.0000  0.1995
14541.0000  0.1995
14543.0000  0.1996
14548.0000  0.1997
14549.0000  0.1997
14560.0000  0.1997
14562.0000  0.1998
14564.0000  0.1998
14567.0000  0.1998
14570.0000  0.1999
14575.0000  0.2000
14602.0000  0.2001
14605.0000  0.2001
14616.0000  0.2002
14618.0000  0.2002
14620.0000  0.2002
14625.0000  0.2004
14630.0000  0.2004
14631.0000  0.2005
14631.0000  0.2006
14632.0000  0.2006
14634.0000  0.2007
14641.0000  0.2007
14641.0000  0.2008
14643.0000  0.2008
14644.0000  0.2009
14648.0000  0.2010
14652.0000  0.2009
14655.0000  0.2009
14659.0000  0.2010
14660.0000  0.2011
14663.0000  0.2011
14693.0000  0.2012
14696.0000  0.2012
14702.0000  0.2013
14705.0000  0.2014
14708.0000  0.2014
14710.0000  0.2014
14711.0000  0.2015
14713.0000  0.2015
14717.0000  0.2016
14717.0000  0.2017
14718.0000  0.2018
14726.0000  0.2019
14728.0000  0.2019
14730.0000  0.2019
14735.0000  0.2020
14737.0000  0.2020
14741.0000  0.2021
14747.0000  0.2022
14747.0000  0.2022
14749.0000  0.2023
14754.0000  0.2023
14754.0000  0.2023
14755.0000  0.2023
14759.0000  0.2023
14759.0000  0.2024
14783.0000  0.2024
14789.0000  0.2024
14795.0000  0.2025
14795.0000  0.2024
14798.0000  0.2025
14799.0000  0.2026
14800.0000  0.2025
14802.0000  0.2026
14810.0000  0.2026
14814.0000  0.2028
14814.0000  0.2028
14821.0000  0.2029
14821.0000  0.2029
14823.0000  0.2030
14824.0000  0.2030
14834.0000  0.2030
14839.0000  0.2032
14841.0000  0.2033
14848.0000  0.2033
14849.0000  0.2034
14849.0000  0.2035
14851.0000  0.2035
14854.0000  0.2036
14855.0000  0.2036
14858.0000  0.2036
14862.0000  0.2036
14864.0000  0.2036
14869.0000  0.2037
14871.0000  0.2037
14872.0000  0.2037
14882.0000  0.2038
14882.0000  0.2039
14885.0000  0.2039
14890.0000  0.2040
14892.0000  0.2040
14896.0000  0.2041
14897.0000  0.2041
14902.0000  0.2042
14902.0000  0.2042
14915.0000  0.2042
14918.0000  0.2043
14919.0000  0.2043
14925.0000  0.2044
14928.0000  0.2045
14929.0000  0.2045
14933.0000  0.2045
14939.0000  0.2045
14939.0000  0.2046
14940.0000  0.2047
14941.0000  0.2047
14949.0000  0.2048
14965.0000  0.2048
14967.0000  0.2049
14975.0000  0.2050
14977.0000  0.2049
14984.0000  0.2049
14985.0000  0.2050
14986.0000  0.2051
14995.0000  0.2051
14998.0000  0.2051
15001.0000  0.2051
15010.0000  0.2052
15011.0000  0.2052
15013.0000  0.2053
15017.0000  0.2053
15020.0000  0.2053
15021.0000  0.2053
15031.0000  0.2053
15034.0000  0.2054
15048.0000  0.2055
15049.0000  0.2056
15055.0000  0.2057
15065.0000  0.2057
15084.0000  0.2058
15090.0000  0.2059
15101.0000  0.2059
15101.0000  0.2060
15102.0000  0.2060
15105.0000  0.2061
15116.0000  0.2062
15126.0000  0.2062
15157.0000  0.2063
15168.0000  0.2064
15169.0000  0.2065
15174.0000  0.2066
15174.0000  0.2067
15185.0000  0.2068
15186.0000  0.2069
15195.0000  0.2070
15198.0000  0.2070
15200.0000  0.2071
15203.0000  0.2072
15211.0000  0.2073
15214.0000  0.2073
15217.0000  0.2074
15218.0000  0.2074
15220.0000  0.2074
15224.0000  0.2075
15234.0000  0.2076
15235.0000  0.2077
15241.0000  0.2077
15249.0000  0.2078
15257.0000  0.2079
15258.0000  0.2080
15259.0000  0.2081
15265.0000  0.2080
15281.0000  0.2081
15283.0000  0.2081
15291.0000  0.2081
15295.0000  0.2081
15297.0000  0.2082
15298.0000  0.2081
15304.0000  0.2082
15305.0000  0.2083
15305.0000  0.2082
15307.0000  0.2082
15308.0000  0.2082
15310.0000  0.2083
15316.0000  0.2083
15317.0000  0.2083
15323.0000  0.2084
15326.0000  0.2084
15327.0000  0.2084
15332.0000  0.2084
15334.0000  0.2085
15336.0000  0.2086
15342.0000  0.2086
15345.0000  0.2086
15348.0000  0.2087
15369.0000  0.2089
15370.0000  0.2090
15371.0000  0.2090
15375.0000  0.2091
15381.0000  0.2092
15388.0000  0.2092
15389.0000  0.2093
15395.0000  0.2093
15402.0000  0.2094
15402.0000  0.2094
15402.0000  0.2095
15407.0000  0.2096
15408.0000  0.2096
15410.0000  0.2097
15417.0000  0.2098
15422.0000  0.2098
15424.0000  0.2097
15425.0000  0.2097
15435.0000  0.2098
15436.0000  0.2099
15437.0000  0.2100
15437.0000  0.2100
15438.0000  0.2101
15444.0000  0.2100
15446.0000  0.2100
15453.0000  0.2101
15457.0000  0.2102
15459.0000  0.2103
15461.0000  0.2103
15461.0000  0.2104
15468.0000  0.2104
15469.0000  0.2105
15469.0000  0.2105
15470.0000  0.2105
15473.0000  0.2105
15477.0000  0.2106
15481.0000  0.2106
15484.0000  0.2106
15494.0000  0.2107
15502.0000  0.2108
15507.0000  0.2108
15509.0000  0.2108
15517.0000  0.2109
15522.0000  0.2109
15522.0000  0.2110
15524.0000  0.2109
15526.0000  0.2109
15531.0000  0.2110
15541.0000  0.2110
15543.0000  0.2110
15544.0000  0.2111
15546.0000  0.2112
15549.0000  0.2112
15552.0000  0.2112
15554.0000  0.2114
15561.0000  0.2114
15564.0000  0.2114
15568.0000  0.2115
15571.0000  0.2115
15575.0000  0.2116
15580.0000  0.2117
15584.0000  0.2118
15589.0000  0.2118
15589.0000  0.2119
15592.0000  0.2121
15596.0000  0.2121
15597.0000  0.2122
15604.0000  0.2122
15609.0000  0.2122
15611.0000  0.2123
15617.0000  0.2123
15621.0000  0.2124
15625.0000  0.2125
15646.0000  0.2125
15649.0000  0.2125
15657.0000  0.2127
15658.0000  0.2128
15660.0000  0.2129
15660.0000  0.2129
15672.0000  0.2130
15675.0000  0.2130
15679.0000  0.2130
15687.0000  0.2131
15692.0000  0.2132
15693.0000  0.2131
15693.0000  0.2133
15696.0000  0.2133
15699.0000  0.2134
15705.0000  0.2134
15706.0000  0.2136
15711.0000  0.2136
15718.0000  0.2137
15721.0000  0.2137
15732.0000  0.2138
15733.0000  0.2139
15736.0000  0.2139
15736.0000  0.2140
15741.0000  0.2141
15753.0000  0.2141
15755.0000  0.2142
15761.0000  0.2142
15764.0000  0.2142
15764.0000  0.2142
15767.0000  0.2143
15767.0000  0.2142
15769.0000  0.2142
15773.0000  0.2142
15774.0000  0.2142
15780.0000  0.2142
15781.0000  0.2142
15783.0000  0.2142
15783.0000  0.2143
15785.0000  0.2143
15785.0000  0.2144
15786.0000  0.2144
15787.0000  0.2145
15788.0000  0.2145
15790.0000  0.2145
15792.0000  0.2145
15793.0000  0.2145
15796.0000  0.2146
15797.0000  0.2146
15807.0000  0.2147
15812.0000  0.2148
15813.0000  0.2147
15832.0000  0.2148
15833.0000  0.2148
15842.0000  0.2148
15842.0000  0.2148
15844.0000  0.2148
15848.0000  0.2148
15853.0000  0.2148
15858.0000  0.2148
15864.0000  0.2149
15896.0000  0.2150
15896.0000  0.2150
15910.0000  0.2151
15917.0000  0.2152
15921.0000  0.2153
15923.0000  0.2152
15925.0000  0.2152
15928.0000  0.2153
15931.0000  0.2153
15940.0000  0.2154
15941.0000  0.2154
15943.0000  0.2155
15946.0000  0.2156
15948.0000  0.2156
15949.0000  0.2157
15954.0000  0.2156
15956.0000  0.2156
15957.0000  0.2157
15959.0000  0.2157
15960.0000  0.2158
15966.0000  0.2158
15969.0000  0.2158
15978.0000  0.2158
15981.0000  0.2159
15987.0000  0.2159
15990.0000  0.2159
15995.0000  0.2159
16001.0000  0.2159
16004.0000  0.2159
16009.0000  0.2160
16014.0000  0.2160
16017.0000  0.2160
16021.0000  0.2161
16026.0000  0.2162
16032.0000  0.2162
16032.0000  0.2162
16034.0000  0.2163
16035.0000  0.2163
16041.0000  0.2163
16051.0000  0.2164
16052.0000  0.2164
16061.0000  0.2163
16064.0000  0.2163
16070.0000  0.2164
16079.0000  0.2163
16088.0000  0.2164
16091.0000  0.2164
16096.0000  0.2165
16099.0000  0.2165
16106.0000  0.2165
16107.0000  0.2166
16107.0000  0.2167
16108.0000  0.2168
16109.0000  0.2168
16111.0000  0.2169
16112.0000  0.2170
16113.0000  0.2170
16114.0000  0.2171
16116.0000  0.2171
16116.0000  0.2171
16117.0000  0.2171
16125.0000  0.2171
16128.0000  0.2172
16132.0000  0.2173
16135.0000  0.2174
16153.0000  0.2175
16157.0000  0.2175
16164.0000  0.2175
16165.0000  0.2175
16167.0000  0.2175
16181.0000  0.2177
16185.0000  0.2176
16190.0000  0.2177
16191.0000  0.2178
16203.0000  0.2179
16218.0000  0.2180
16219.0000  0.2179
16221.0000  0.2179
16227.0000  0.2180
16228.0000  0.2180
16232.0000  0.2180
16244.0000  0.2181
16247.0000  0.2180
16253.0000  0.2181
16258.0000  0.2182
16260.0000  0.2183
16266.0000  0.2183
16271.0000  0.2184
16274.0000  0.2184
16279.0000  0.2185
16282.0000  0.2185
16283.0000  0.2186
16284.0000  0.2186
16287.0000  0.2186
16294.0000  0.2186
16294.0000  0.2187
16313.0000  0.2187
16319.0000  0.2186
16331.0000  0.2187
16335.0000  0.2187
16338.0000  0.2187
16340.0000  0.2187
16341.0000  0.2187
16342.0000  0.2188
16342.0000  0.2188
16343.0000  0.2188
16345.0000  0.2188
16347.0000  0.2189
16348.0000  0.2189
16349.0000  0.2189
16351.0000  0.2190
16357.0000  0.2191
16360.0000  0.2191
16363.0000  0.2191
16363.0000  0.2191
16370.0000  0.2191
16372.0000  0.2192
16380.0000  0.2193
16382.0000  0.2194
16382.0000  0.2194
16384.0000  0.2195
16387.0000  0.2195
16388.0000  0.2196
16391.0000  0.2196
16392.0000  0.2196
16402.0000  0.2196
16403.0000  0.2196
16406.0000  0.2197
16424.0000  0.2197
16424.0000  0.2197
16426.0000  0.2198
16435.0000  0.2198
16436.0000  0.2199
16438.0000  0.2199
16444.0000  0.2199
16445.0000  0.2200
16449.0000  0.2200
16452.0000  0.2201
16453.0000  0.2202
16467.0000  0.2202
16479.0000  0.2203
16481.0000  0.2204
16484.0000  0.2205
16485.0000  0.2204
16488.0000  0.2205
16492.0000  0.2206
16494.0000  0.2207
16502.0000  0.2207
16512.0000  0.2208
16523.0000  0.2209
16545.0000  0.2210
16548.0000  0.2211
16561.0000  0.2209
16564.0000  0.2210
16565.0000  0.2211
16569.0000  0.2211
16572.0000  0.2211
16575.0000  0.2211
16580.0000  0.2211
16581.0000  0.2211
16589.0000  0.2211
16595.0000  0.2211
16604.0000  0.2211
16604.0000  0.2211
16606.0000  0.2212
16611.0000  0.2212
16612.0000  0.2213
16612.0000  0.2213
16616.0000  0.2213
16617.0000  0.2213
16617.0000  0.2213
16634.0000  0.2214
16635.0000  0.2215
16639.0000  0.2215
16639.0000  0.2216
16643.0000  0.2217
16651.0000  0.2217
16660.0000  0.2218
16676.0000  0.2219
16681.0000  0.2220
16691.0000  0.2221
16696.0000  0.2221
16701.0000  0.2220
16702.0000  0.2220
16706.0000  0.2220
16706.0000  0.2221
16710.0000  0.2221
16714.0000  0.2221
16718.0000  0.2222
16718.0000  0.2223
16723.0000  0.2223
16729.0000  0.2223
16733.0000  0.2223
16735.0000  0.2223
16738.0000  0.2224
16740.0000  0.2224
16743.0000  0.2225
16743.0000  0.2226
16748.0000  0.2226
16752.0000  0.2227
16754.0000  0.2227
16761.0000  0.2227
16770.0000  0.2227
16773.0000  0.2227
16775.0000  0.2228
16776.0000  0.2228
16783.0000  0.2228
16784.0000  0.2229
16798.0000  0.2229
16802.0000  0.2229
16803.0000  0.2228
16805.0000  0.2228
16806.0000  0.2229
16808.0000  0.2228
16810.0000  0.2228
16815.0000  0.2228
16818.0000  0.2229
16823.0000  0.2229
16825.0000  0.2230
16826.0000  0.2230
16827.0000  0.2231
16837.0000  0.2230
16840.0000  0.2230
16847.0000  0.2231
16853.0000  0.2231
16856.0000  0.2232
16858.0000  0.2232
16860.0000  0.2233
16863.0000  0.2233
16864.0000  0.2233
16876.0000  0.2233
16891.0000  0.2234
16894.0000  0.2234
16896.0000  0.2235
16896.0000  0.2236
16907.0000  0.2237
16915.0000  0.2237
16917.0000  0.2237
16924.0000  0.2236
16937.0000  0.2236
16945.0000  0.2237
16950.0000  0.2235
16951.0000  0.2236
16951.0000  0.2237
16966.0000  0.2237
16981.0000  0.2238
16983.0000  0.2239
16988.0000  0.2239
16989.0000  0.2240
16996.0000  0.2240
17004.0000  0.2240
17013.0000  0.2241
17014.0000  0.2242
17014.0000  0.2242
17015.0000  0.2243
17033.0000  0.2244
17037.0000  0.2244
17041.0000  0.2245
17045.0000  0.2245
17048.0000  0.2246
17056.0000  0.2248
17058.0000  0.2249
17063.0000  0.2249
17063.0000  0.2250
17065.0000  0.2250
17067.0000  0.2251
17068.0000  0.2251
17069.0000  0.2251
17069.0000  0.2252
17070.0000  0.2252
17073.0000  0.2252
17080.0000  0.2253
17085.0000  0.2254
17087.0000  0.2253
17099.0000  0.2254
17100.0000  0.2255
17103.0000  0.2255
17106.0000  0.2255
17109.0000  0.2255
17110.0000  0.2255
17120.0000  0.2256
17129.0000  0.2255
17131.0000  0.2256
17134.0000  0.2257
17135.0000  0.2258
17142.0000  0.2259
17143.0000  0.2259
17147.0000  0.2259
17148.0000  0.2259
17151.0000  0.2260
17154.0000  0.2261
17167.0000  0.2261
17183.0000  0.2261
17192.0000  0.2262
17199.0000  0.2263
17206.0000  0.2264
17221.0000  0.2265
17229.0000  0.2265
17233.0000  0.2267
17237.0000  0.2268
17246.0000  0.2268
17252.0000  0.2268
17255.0000  0.2268
17260.0000  0.2268
17262.0000  0.2268
17266.0000  0.2268
17268.0000  0.2269
17268.0000  0.2269
17272.0000  0.2270
17283.0000  0.2270
17283.0000  0.2270
17285.0000  0.2270
17287.0000  0.2270
17290.0000  0.2271
17296.0000  0.2271
17299.0000  0.2271
17309.0000  0.2271
17310.0000  0.2270
17311.0000  0.2270
17313.0000  0.2272
17321.0000  0.2272
17324.0000  0.2274
17328.0000  0.2274
17330.0000  0.2275
17334.0000  0.2276
17337.0000  0.2276
17349.0000  0.2277
17357.0000  0.2277
17366.0000  0.2278
17371.0000  0.2278
17388.0000  0.2279
17389.0000  0.2280
17400.0000  0.2281
17403.0000  0.2281
17403.0000  0.2282
17407.0000  0.2282
17408.0000  0.2282
17411.0000  0.2282
17413.0000  0.2283
17414.0000  0.2283
17418.0000  0.2283
17430.0000  0.2284
17440.0000  0.2285
17441.0000  0.2285
17443.0000  0.2285
17443.0000  0.2285
17444.0000  0.2285
17447.0000  0.2286
17447.0000  0.2286
17451.0000  0.2287
17452.0000  0.2288
17454.0000  0.2288
17455.0000  0.2288
17456.0000  0.2288
17457.0000  0.2289
17459.0000  0.2290
17464.0000  0.2290
17470.0000  0.2291
17473.0000  0.2291
17473.0000  0.2290
17475.0000  0.2292
17475.0000  0.2292
17486.0000  0.2293
17489.0000  0.2294
17491.0000  0.2294
17492.0000  0.2294
17496.0000  0.2294
17500.0000  0.2294
17508.0000  0.2295
17509.0000  0.2295
17511.0000  0.2296
17515.0000  0.2296
17533.0000  0.2295
17535.0000  0.2295
17541.0000  0.2297
17543.0000  0.2297
17547.0000  0.2298
17549.0000  0.2298
17555.0000  0.2298
17556.0000  0.2298
17575.0000  0.2299
17576.0000  0.2300
17588.0000  0.2301
17589.0000  0.2302
17611.0000  0.2303
17611.0000  0.2304
17620.0000  0.2304
17631.0000  0.2304
17633.0000  0.2304
17634.0000  0.2305
17636.0000  0.2305
17639.0000  0.2306
17643.0000  0.2307
17643.0000  0.2306
17645.0000  0.2307
17651.0000  0.2307
17652.0000  0.2308
17658.0000  0.2308
17665.0000  0.2309
17678.0000  0.2309
17686.0000  0.2309
17693.0000  0.2310
17696.0000  0.2311
17696.0000  0.2311
17700.0000  0.2311
17701.0000  0.2311
17711.0000  0.2312
17714.0000  0.2312
17715.0000  0.2312
17718.0000  0.2313
17719.0000  0.2314
17722.0000  0.2315
17722.0000  0.2315
17729.0000  0.2315
17731.0000  0.2316
17733.0000  0.2317
17745.0000  0.2317
17746.0000  0.2317
17753.0000  0.2317
17759.0000  0.2317
17767.0000  0.2316
17767.0000  0.2317
17769.0000  0.2319
17770.0000  0.2319
17773.0000  0.2319
17775.0000  0.2319
17776.0000  0.2319
17780.0000  0.2320
17793.0000  0.2320
17798.0000  0.2320
17799.0000  0.2320
17801.0000  0.2320
17808.0000  0.2321
17808.0000  0.2321
17809.0000  0.2321
17814.0000  0.2322
17814.0000  0.2322
17818.0000  0.2322
17819.0000  0.2323
17822.0000  0.2323
17826.0000  0.2323
17827.0000  0.2324
17827.0000  0.2325
17831.0000  0.2324
17838.0000  0.2325
17838.0000  0.2325
17847.0000  0.2326
17848.0000  0.2326
17850.0000  0.2327
17861.0000  0.2327
17862.0000  0.2327
17862.0000  0.2328
17864.0000  0.2328
17874.0000  0.2328
17889.0000  0.2328
17898.0000  0.2329
17902.0000  0.2329
17906.0000  0.2330
17911.0000  0.2331
17925.0000  0.2331
17927.0000  0.2331
17928.0000  0.2332
17930.0000  0.2332
17932.0000  0.2333
17934.0000  0.2334
17939.0000  0.2334
17942.0000  0.2335
17951.0000  0.2335
17965.0000  0.2335
17980.0000  0.2336
17985.0000  0.2336
17989.0000  0.2336
17990.0000  0.2337
17997.0000  0.2338
17997.0000  0.2338
done----------------------
18000.0000  0.2338
