1579.0698453533832 1364.284559227858
2497.3937132179312 3193.8262730299566
2915.6860712678495 2022.64802563305
3654.657631098704 1344.796232824884
3451.097289109749 634.1219489301285
2294.7985653599426 590.3791776141752
2579.481831382039 923.5606161976591
632.1498717706917 2060.034662792256
118.4386558734949 367.43950099043695
2180.666138463074 1794.8118392256888
2704.3648922674734 1738.2129978614657
1644.4961150882818 1248.2757961091427
1753.2051518080625 422.7713633473122
278.28585414275284 2452.597965756364
3249.391522641573 2241.6577670488286
2903.8570065076756 1778.0335673425607
3754.696354568808 2923.8303232765484
3961.314411637588 292.1333709632176
282.62873021089877 2519.879295082913
2289.0373004360495 103.16260302922018
2062.9106862886906 1464.7350032278468
1768.4221162238161 1950.324776998098
3724.4747823540083 129.02542537144797
1535.6446189917708 2881.513239634489
2054.3322434252095 2926.370520543018
3154.120140729722 537.4369849392685
243.5672301046208 972.0215642912794
2957.742803011947 739.0951938460386
410.61686121728604 1916.3818684191235
3716.395371617778 953.6968511244087
1195.9049267153734 1505.0683126023266
2841.6234445864284 2192.2482097528637
350.80453733170947 1445.2997642380258
2541.7764065618894 1170.156429070166
497.806315053805 1086.5210781706949
652.3229603911811 1140.321118822817
1617.6818971105308 1451.299724662767
3308.4561330923016 1686.3126895778882
323.3319950292981 1680.6531744594301
193.50721557707251 1741.3583763269469
3608.919947452726 2386.093946729244
3788.0962135725536 976.9858211828019
3516.794351942108 928.8012508782436
3861.3515641264644 1283.2945326076053
1043.6122620552997 1474.4553953477055
3386.938041813685 2740.954930215882
610.9805582208149 1400.393868036815
2133.0392393056445 2063.1564419362085
554.8387556401946 1659.875655316731
3366.8453475784813 763.852117435788
341.71324935778057 2036.3626600394525
1430.504559416349 2486.773548148328
3598.879504438754 2848.8547323294783
3386.9034017111476 807.8132021373793
1549.373964613729 2597.43653923785
2500.0443891138793 1601.4956921741252
2071.7044560135155 266.3240511307009
3006.2000279475233 2140.387858833531
1358.0148155915977 1529.8182663704242
2448.4245897159685 874.4185183913746
2023.362979049617 2734.702671127373
1788.4134039435357 2915.2062214820053
3522.6826089834367 460.7445806025762
2576.105405409387 628.6176176909926
3860.899066393255 1289.085273481496
648.8306356818097 1616.9039812565081
3835.581572043915 536.4284256150398
1148.2103432089002 2149.8891238383894
430.41700623683266 1741.0638711784006
84.42408454971596 2782.8050593916064
2481.697864012924 2214.8842516779473
3243.865086377621 1676.4995461087583
3368.922530065532 2003.6821537269955
3927.608924609295 813.8621883287243
2234.5132439360655 1726.1362411599582
824.5303733146012 1684.4422448354592
1116.563566811534 590.0222960599184
2264.3066741781677 2887.3553648416396
382.43051186137444 612.3091737916056
1161.9531464445183 1680.7024507008784
979.8978470048003 1897.9249314293832
156.9416661135814 2383.8478646385283
3276.5377064308846 760.1024228623846
2766.362972754513 1917.0297364459607
636.8092511924592 693.3417125551024
3812.9929657445286 640.9002827980004
1390.3344209034437 2938.146202624273
2955.5372358503314 3036.718435158183
3473.70095107841 2604.820993927061
839.7284326231853 2846.0424564291798
3782.046892801836 2051.7410110765163
2205.3599852119323 1466.8958436466287
1145.5879231086167 641.6257972590917
225.74572981942342 1081.5029948156741
3850.1550802090114 1927.479936767103
3422.5005949274096 368.81834743605066
3749.7156610584734 1347.9852367261924
2689.9443245229622 3133.1964880102078
1272.758409708803 2840.253748585866
1279.8361341087473 2358.675091311875
