5.0000 0.0000 0.0000
10.0000 0.0000 0.0000
15.0000 0.0000 0.0000
20.0000 0.0000 0.0000
25.0000 0.0000 0.0000
30.0000 0.0000 0.0000
35.0000 0.0000 0.0000
40.0000 0.0000 0.0000
45.0000 0.0000 0.0000
50.0000 0.0000 0.0000
55.0000 0.0000 0.0000
60.0000 0.0000 0.0000
65.0000 0.0000 0.0000
70.0000 0.0000 0.0000
75.0000 0.0000 0.0000
80.0000 0.0000 0.0000
85.0000 0.0002 0.0000
90.0000 0.0004 0.0000
95.0000 0.0009 0.0000
100.0000 0.0011 0.0000
105.0000 0.0011 0.0000
110.0000 0.0011 0.0000
115.0000 0.0011 0.0000
120.0000 0.0011 0.0000
125.0000 0.0013 0.0000
130.0000 0.0014 0.0000
135.0000 0.0014 0.0000
140.0000 0.0014 0.0000
145.0000 0.0018 0.0000
150.0000 0.0023 0.0000
155.0000 0.0029 0.0000
160.0000 0.0032 0.0000
165.0000 0.0034 0.0000
170.0000 0.0038 0.0000
175.0000 0.0050 0.0000
180.0000 0.0065 0.0000
185.0000 0.0092 0.0000
190.0000 0.0113 0.0000
195.0000 0.0131 0.0000
200.0000 0.0165 0.0000
205.0000 0.0226 0.0000
210.0000 0.0397 0.0002
215.0000 0.0532 0.0003
220.0000 0.0564 0.0003
225.0000 0.0658 0.0004
230.0000 0.0715 0.0004
235.0000 0.0776 0.0005
240.0000 0.0878 0.0005
245.0000 0.0894 0.0005
250.0000 0.0942 0.0006
255.0000 0.1029 0.0006
260.0000 0.1118 0.0007
265.0000 0.1237 0.0008
270.0000 0.1356 0.0009
275.0000 0.1357 0.0009
280.0000 0.1399 0.0009
285.0000 0.1447 0.0010
290.0000 0.1463 0.0010
295.0000 0.1471 0.0010
300.0000 0.1472 0.0010
305.0000 0.1478 0.0010
310.0000 0.1589 0.0011
315.0000 0.1601 0.0011
320.0000 0.1602 0.0011
325.0000 0.1602 0.0011
330.0000 0.1606 0.0011
335.0000 0.1611 0.0011
340.0000 0.1613 0.0011
345.0000 0.1615 0.0011
350.0000 0.1617 0.0011
355.0000 0.1623 0.0011
360.0000 0.1624 0.0010
365.0000 0.1624 0.0010
370.0000 0.1626 0.0010
375.0000 0.1630 0.0010
380.0000 0.1634 0.0010
385.0000 0.1678 0.0012
390.0000 0.1682 0.0012
395.0000 0.1684 0.0012
400.0000 0.1694 0.0012
405.0000 0.1742 0.0013
410.0000 0.1750 0.0013
415.0000 0.1753 0.0013
420.0000 0.1759 0.0013
425.0000 0.1806 0.0014
430.0000 0.1906 0.0017
435.0000 0.1928 0.0017
440.0000 0.2065 0.0020
445.0000 0.2191 0.0024
450.0000 0.2402 0.0030
455.0000 0.2440 0.0030
460.0000 0.2535 0.0033
465.0000 0.2709 0.0037
470.0000 0.2789 0.0038
475.0000 0.2899 0.0041
480.0000 0.2930 0.0040
485.0000 0.2977 0.0040
490.0000 0.2996 0.0040
495.0000 0.3018 0.0040
500.0000 0.3110 0.0042
505.0000 0.3116 0.0042
510.0000 0.3139 0.0042
515.0000 0.3155 0.0042
520.0000 0.3165 0.0042
525.0000 0.3184 0.0042
530.0000 0.3234 0.0043
535.0000 0.3321 0.0045
540.0000 0.3331 0.0045
545.0000 0.3337 0.0045
550.0000 0.3348 0.0045
555.0000 0.3352 0.0045
560.0000 0.3356 0.0045
565.0000 0.3358 0.0045
570.0000 0.3360 0.0045
575.0000 0.3364 0.0045
580.0000 0.3366 0.0045
585.0000 0.3368 0.0045
590.0000 0.3368 0.0045
595.0000 0.3368 0.0045
600.0000 0.3368 0.0045
605.0000 0.3372 0.0045
610.0000 0.3372 0.0045
615.0000 0.3374 0.0045
620.0000 0.3434 0.0049
625.0000 0.3498 0.0053
630.0000 0.3689 0.0064
635.0000 0.3771 0.0068
640.0000 0.3854 0.0070
645.0000 0.3917 0.0072
650.0000 0.4067 0.0080
655.0000 0.4153 0.0082
660.0000 0.4299 0.0089
665.0000 0.4591 0.0105
670.0000 0.4613 0.0105
675.0000 0.4694 0.0107
680.0000 0.4737 0.0107
685.0000 0.4939 0.0121
690.0000 0.5095 0.0129
695.0000 0.5204 0.0133
700.0000 0.5374 0.0143
705.0000 0.5695 0.0160
710.0000 0.5815 0.0163
715.0000 0.6192 0.0189
720.0000 0.6309 0.0194
725.0000 0.6377 0.0193
730.0000 0.6451 0.0193
735.0000 0.6618 0.0200
740.0000 0.6760 0.0203
745.0000 0.7111 0.0224
750.0000 0.7378 0.0242
755.0000 0.7518 0.0251
760.0000 0.7609 0.0255
765.0000 0.7664 0.0255
770.0000 0.7746 0.0258
775.0000 0.7919 0.0270
780.0000 0.8140 0.0292
785.0000 0.8325 0.0310
790.0000 0.8439 0.0318
795.0000 0.8514 0.0322
800.0000 0.8625 0.0331
805.0000 0.8655 0.0331
810.0000 0.8738 0.0334
815.0000 0.8816 0.0338
820.0000 0.8855 0.0338
825.0000 0.8983 0.0346
830.0000 0.9012 0.0346
835.0000 0.9053 0.0345
840.0000 0.9167 0.0354
845.0000 0.9322 0.0366
850.0000 0.9354 0.0366
855.0000 0.9377 0.0366
860.0000 0.9443 0.0370
865.0000 0.9502 0.0374
870.0000 0.9569 0.0378
875.0000 0.9589 0.0377
880.0000 0.9647 0.0382
885.0000 0.9664 0.0381
890.0000 0.9682 0.0381
895.0000 0.9684 0.0381
900.0000 0.9693 0.0381
905.0000 0.9701 0.0381
910.0000 0.9711 0.0381
915.0000 0.9718 0.0381
920.0000 0.9724 0.0381
925.0000 0.9734 0.0380
930.0000 0.9744 0.0380
935.0000 0.9744 0.0380
940.0000 0.9788 0.0385
945.0000 0.9827 0.0389
950.0000 0.9829 0.0389
955.0000 0.9829 0.0389
960.0000 0.9829 0.0389
965.0000 0.9838 0.0389
970.0000 0.9840 0.0389
975.0000 0.9840 0.0389
980.0000 0.9842 0.0389
985.0000 0.9847 0.0389
990.0000 0.9953 0.0403
995.0000 1.0070 0.0416
1000.0000 1.0111 0.0421
1005.0000 1.0153 0.0426
1010.0000 1.0261 0.0439
1015.0000 1.0268 0.0439
1020.0000 1.0315 0.0444
1025.0000 1.0396 0.0453
1030.0000 1.0441 0.0457
1035.0000 1.0460 0.0457
1040.0000 1.0484 0.0457
1045.0000 1.0494 0.0457
1050.0000 1.0614 0.0470
1055.0000 1.0701 0.0479
1060.0000 1.0732 0.0479
1065.0000 1.0788 0.0483
1070.0000 1.0859 0.0487
1075.0000 1.1029 0.0505
1080.0000 1.1150 0.0519
1085.0000 1.1213 0.0523
1090.0000 1.1230 0.0523
1095.0000 1.1327 0.0532
1100.0000 1.1406 0.0536
1105.0000 1.1532 0.0549
1110.0000 1.1564 0.0549
1115.0000 1.1594 0.0548
1120.0000 1.1679 0.0557
1125.0000 1.1709 0.0557
1130.0000 1.1805 0.0566
1135.0000 1.1829 0.0565
1140.0000 1.1857 0.0565
1145.0000 1.1938 0.0574
1150.0000 1.2079 0.0592
1155.0000 1.2270 0.0620
1160.0000 1.2466 0.0648
1165.0000 1.2612 0.0666
1170.0000 1.2643 0.0666
1175.0000 1.2724 0.0675
1180.0000 1.2839 0.0683
1185.0000 1.2876 0.0682
1190.0000 1.2911 0.0682
1195.0000 1.3011 0.0693
1200.0000 1.3354 0.0747
1205.0000 1.3460 0.0755
1210.0000 1.3516 0.0754
1215.0000 1.3567 0.0754
1220.0000 1.3839 0.0795
1225.0000 1.4005 0.0816
1230.0000 1.4088 0.0824
1235.0000 1.4237 0.0842
1240.0000 1.4335 0.0850
1245.0000 1.4622 0.0891
1250.0000 1.4734 0.0902
1255.0000 1.4775 0.0902
1260.0000 1.4866 0.0913
1265.0000 1.4947 0.0924
1270.0000 1.4984 0.0924
1275.0000 1.5014 0.0923
1280.0000 1.5062 0.0922
1285.0000 1.5086 0.0922
1290.0000 1.5127 0.0921
1295.0000 1.5161 0.0920
1300.0000 1.5297 0.0944
1305.0000 1.5327 0.0943
1310.0000 1.5345 0.0943
1315.0000 1.5379 0.0942
1320.0000 1.5433 0.0941
1325.0000 1.5602 0.0966
1330.0000 1.5695 0.0977
1335.0000 1.5729 0.0976
1340.0000 1.5823 0.0988
1345.0000 1.5876 0.0986
1350.0000 1.6152 0.1035
1355.0000 1.6500 0.1095
1360.0000 1.6666 0.1120
1365.0000 1.6831 0.1147
1370.0000 1.6879 0.1146
1375.0000 1.7088 0.1181
1380.0000 1.7614 0.1283
1385.0000 1.7843 0.1316
1390.0000 1.7999 0.1336
1395.0000 1.8258 0.1373
1400.0000 1.8480 0.1409
1405.0000 1.8709 0.1451
1410.0000 1.9027 0.1517
1415.0000 1.9284 0.1560
1420.0000 1.9437 0.1582
1425.0000 1.9489 0.1580
1430.0000 1.9540 0.1579
1435.0000 1.9670 0.1601
1440.0000 1.9759 0.1614
1445.0000 1.9820 0.1613
1450.0000 1.9858 0.1612
1455.0000 1.9953 0.1629
1460.0000 2.0159 0.1674
1465.0000 2.0349 0.1715
1470.0000 2.0378 0.1714
1475.0000 2.0433 0.1722
1480.0000 2.0531 0.1740
1485.0000 2.0631 0.1757
1490.0000 2.0681 0.1766
1495.0000 2.0695 0.1766
1500.0000 2.0729 0.1765
1505.0000 2.0827 0.1782
1510.0000 2.0860 0.1781
1515.0000 2.0874 0.1781
1520.0000 2.0973 0.1798
1525.0000 2.0994 0.1798
1530.0000 2.1022 0.1797
1535.0000 2.1039 0.1796
1540.0000 2.1046 0.1796
1545.0000 2.1050 0.1796
1550.0000 2.1055 0.1796
1555.0000 2.1063 0.1796
1560.0000 2.1070 0.1796
1565.0000 2.1073 0.1796
1570.0000 2.1084 0.1795
1575.0000 2.1090 0.1795
1580.0000 2.1090 0.1795
1585.0000 2.1100 0.1795
1590.0000 2.1104 0.1795
1595.0000 2.1111 0.1794
1600.0000 2.1119 0.1794
1605.0000 2.1126 0.1794
1610.0000 2.1135 0.1794
1615.0000 2.1146 0.1794
1620.0000 2.1157 0.1793
1625.0000 2.1173 0.1793
1630.0000 2.1180 0.1793
1635.0000 2.1223 0.1801
1640.0000 2.1269 0.1809
1645.0000 2.1285 0.1809
1650.0000 2.1333 0.1817
1655.0000 2.1357 0.1816
1660.0000 2.1376 0.1816
1665.0000 2.1476 0.1843
1670.0000 2.1560 0.1859
1675.0000 2.1766 0.1910
1680.0000 2.1852 0.1927
1685.0000 2.1932 0.1943
1690.0000 2.1956 0.1943
1695.0000 2.2064 0.1968
1700.0000 2.2174 0.1993
1705.0000 2.2196 0.1992
1710.0000 2.2233 0.2001
1715.0000 2.2283 0.2009
1720.0000 2.2322 0.2017
1725.0000 2.2392 0.2034
1730.0000 2.2400 0.2034
1735.0000 2.2412 0.2033
1740.0000 2.2494 0.2051
1745.0000 2.2513 0.2051
1750.0000 2.2570 0.2058
1755.0000 2.2662 0.2076
1760.0000 2.2752 0.2094
1765.0000 2.2779 0.2093
1770.0000 2.2802 0.2092
1775.0000 2.3028 0.2146
1780.0000 2.3207 0.2181
1785.0000 2.3375 0.2216
1790.0000 2.3543 0.2252
1795.0000 2.3645 0.2269
1800.0000 2.3763 0.2285
1805.0000 2.3892 0.2302
1810.0000 2.4235 0.2392
1815.0000 2.4295 0.2390
1820.0000 2.4458 0.2425
1825.0000 2.4677 0.2481
1830.0000 2.4724 0.2479
1835.0000 2.4955 0.2532
1840.0000 2.5046 0.2549
1845.0000 2.5077 0.2548
1850.0000 2.5099 0.2547
1855.0000 2.5139 0.2546
1860.0000 2.5213 0.2564
1865.0000 2.5255 0.2563
1870.0000 2.5289 0.2561
1875.0000 2.5326 0.2560
1880.0000 2.5355 0.2559
1885.0000 2.5399 0.2558
1890.0000 2.5553 0.2598
1895.0000 2.5617 0.2611
1900.0000 2.5736 0.2637
1905.0000 2.5900 0.2676
1910.0000 2.6016 0.2704
1915.0000 2.6191 0.2743
1920.0000 2.6257 0.2756
1925.0000 2.6340 0.2768
1930.0000 2.6489 0.2808
1935.0000 2.6520 0.2807
1940.0000 2.6571 0.2820
1945.0000 2.6641 0.2833
1950.0000 2.6752 0.2859
1955.0000 2.6821 0.2876
1960.0000 2.6830 0.2876
1965.0000 2.6859 0.2875
1970.0000 2.6921 0.2888
1975.0000 2.6946 0.2887
1980.0000 2.6969 0.2886
1985.0000 2.6998 0.2885
1990.0000 2.7015 0.2885
1995.0000 2.7042 0.2884
2000.0000 2.7166 0.2914
2005.0000 2.7193 0.2913
2010.0000 2.7305 0.2944
2015.0000 2.7335 0.2943
2020.0000 2.7422 0.2960
2025.0000 2.7545 0.2991
2030.0000 2.7634 0.3003
2035.0000 2.8034 0.3123
2040.0000 2.8348 0.3211
2045.0000 2.8682 0.3315
2050.0000 2.8711 0.3314
2055.0000 2.8782 0.3331
2060.0000 2.8808 0.3330
2065.0000 2.8838 0.3329
2070.0000 2.8863 0.3328
2075.0000 2.8899 0.3327
2080.0000 2.8973 0.3344
2085.0000 2.9054 0.3361
2090.0000 2.9084 0.3360
2095.0000 2.9159 0.3377
2100.0000 2.9235 0.3394
2105.0000 2.9297 0.3407
2110.0000 2.9431 0.3442
2115.0000 2.9489 0.3454
2120.0000 2.9569 0.3471
2125.0000 2.9592 0.3470
2130.0000 2.9700 0.3501
2135.0000 2.9937 0.3583
2140.0000 3.0002 0.3595
2145.0000 3.0126 0.3636
2150.0000 3.0222 0.3662
2155.0000 3.0242 0.3661
2160.0000 3.0296 0.3674
2165.0000 3.0317 0.3674
2170.0000 3.0408 0.3700
2175.0000 3.0526 0.3741
2180.0000 3.0583 0.3754
2185.0000 3.0747 0.3809
2190.0000 3.0832 0.3836
2195.0000 3.0881 0.3849
2200.0000 3.0924 0.3862
2205.0000 3.0969 0.3877
2210.0000 3.1020 0.3891
2215.0000 3.1028 0.3891
2220.0000 3.1195 0.3952
2225.0000 3.1243 0.3966
2230.0000 3.1321 0.3996
2235.0000 3.1409 0.4025
2240.0000 3.1460 0.4040
2245.0000 3.1509 0.4054
2250.0000 3.1512 0.4054
2255.0000 3.1560 0.4069
2260.0000 3.1575 0.4068
2265.0000 3.1583 0.4068
2270.0000 3.1640 0.4082
2275.0000 3.1709 0.4096
2280.0000 3.1897 0.4162
2285.0000 3.1992 0.4191
2290.0000 3.2015 0.4190
2295.0000 3.2132 0.4231
2300.0000 3.2458 0.4347
2305.0000 3.2635 0.4396
2310.0000 3.2872 0.4457
2315.0000 3.3132 0.4546
2320.0000 3.3185 0.4544
2325.0000 3.3282 0.4557
2330.0000 3.3465 0.4603
2335.0000 3.3809 0.4708
2340.0000 3.4069 0.4777
2345.0000 3.4204 0.4789
2350.0000 3.4729 0.4977
2355.0000 3.5073 0.5083
2360.0000 3.5468 0.5225
2365.0000 3.5648 0.5267
2370.0000 3.5737 0.5263
2375.0000 3.5865 0.5288
2380.0000 3.6018 0.5334
2385.0000 3.6266 0.5409
2390.0000 3.6461 0.5460
2395.0000 3.6764 0.5561
2400.0000 3.6927 0.5602
2405.0000 3.7048 0.5630
2410.0000 3.7175 0.5656
2415.0000 3.7517 0.5788
2420.0000 3.7803 0.5890
2425.0000 3.8126 0.6006
2430.0000 3.8255 0.6032
2435.0000 3.8438 0.6089
2440.0000 3.8558 0.6116
2445.0000 3.8705 0.6141
2450.0000 3.8749 0.6139
2455.0000 3.8855 0.6167
2460.0000 3.8908 0.6164
2465.0000 3.8971 0.6161
2470.0000 3.9018 0.6159
2475.0000 3.9052 0.6157
2480.0000 3.9090 0.6155
2485.0000 3.9187 0.6181
2490.0000 3.9294 0.6207
2495.0000 3.9450 0.6261
2500.0000 3.9697 0.6363
2505.0000 3.9771 0.6386
2510.0000 3.9830 0.6409
2515.0000 3.9989 0.6481
2520.0000 4.0056 0.6504
2525.0000 4.0087 0.6502
2530.0000 4.0107 0.6501
2535.0000 4.0135 0.6500
2540.0000 4.0146 0.6499
2545.0000 4.0160 0.6498
2550.0000 4.0178 0.6497
2555.0000 4.0187 0.6497
2560.0000 4.0196 0.6496
2565.0000 4.0207 0.6496
2570.0000 4.0218 0.6495
2575.0000 4.0223 0.6495
2580.0000 4.0234 0.6494
2585.0000 4.0242 0.6494
2590.0000 4.0250 0.6494
2595.0000 4.0255 0.6493
2600.0000 4.0263 0.6493
2605.0000 4.0270 0.6493
2610.0000 4.0280 0.6492
2615.0000 4.0295 0.6491
2620.0000 4.0305 0.6491
2625.0000 4.0323 0.6490
2630.0000 4.0340 0.6489
2635.0000 4.0355 0.6488
2640.0000 4.0372 0.6487
2645.0000 4.0404 0.6486
2650.0000 4.0503 0.6509
2655.0000 4.0703 0.6585
2660.0000 4.0933 0.6687
2665.0000 4.1275 0.6841
2670.0000 4.1520 0.6942
2675.0000 4.1671 0.6991
2680.0000 4.1775 0.7014
2685.0000 4.2060 0.7142
2690.0000 4.2184 0.7192
2695.0000 4.2214 0.7190
2700.0000 4.2241 0.7189
2705.0000 4.2358 0.7240
2710.0000 4.2373 0.7239
2715.0000 4.2393 0.7238
2720.0000 4.2400 0.7237
2725.0000 4.2408 0.7237
2730.0000 4.2408 0.7237
2735.0000 4.2410 0.7237
2740.0000 4.2413 0.7237
2745.0000 4.2415 0.7237
2750.0000 4.2418 0.7237
2755.0000 4.2422 0.7236
2760.0000 4.2426 0.7236
2765.0000 4.2433 0.7236
2770.0000 4.2443 0.7235
2775.0000 4.2494 0.7257
2780.0000 4.2502 0.7256
2785.0000 4.2513 0.7256
2790.0000 4.2562 0.7277
2795.0000 4.2612 0.7299
2800.0000 4.2664 0.7320
2805.0000 4.2729 0.7341
2810.0000 4.2843 0.7383
2815.0000 4.3114 0.7514
2820.0000 4.3178 0.7535
2825.0000 4.3410 0.7643
2830.0000 4.3570 0.7707
2835.0000 4.3594 0.7705
2840.0000 4.3700 0.7748
2845.0000 4.3776 0.7768
2850.0000 4.3931 0.7832
2855.0000 4.3997 0.7853
2860.0000 4.4021 0.7851
2865.0000 4.4075 0.7872
2870.0000 4.4085 0.7872
2875.0000 4.4095 0.7871
2880.0000 4.4109 0.7870
2885.0000 4.4125 0.7870
2890.0000 4.4141 0.7869
2895.0000 4.4151 0.7868
2900.0000 4.4163 0.7867
2905.0000 4.4171 0.7867
2910.0000 4.4180 0.7866
2915.0000 4.4184 0.7866
2920.0000 4.4196 0.7866
2925.0000 4.4205 0.7865
2930.0000 4.4217 0.7864
2935.0000 4.4223 0.7864
2940.0000 4.4237 0.7863
2945.0000 4.4245 0.7863
2950.0000 4.4249 0.7863
2955.0000 4.4257 0.7862
2960.0000 4.4270 0.7861
2965.0000 4.4281 0.7861
2970.0000 4.4294 0.7860
2975.0000 4.4318 0.7859
2980.0000 4.4344 0.7857
2985.0000 4.4364 0.7856
2990.0000 4.4385 0.7855
2995.0000 4.4422 0.7853
3000.0000 4.4473 0.7850
3005.0000 4.4514 0.7848
3010.0000 4.4609 0.7869
3015.0000 4.4689 0.7892
3020.0000 4.4748 0.7889
3025.0000 4.4837 0.7911
3030.0000 4.5065 0.8003
3035.0000 4.5305 0.8109
3040.0000 4.5527 0.8191
3045.0000 4.5804 0.8294
3050.0000 4.6054 0.8387
3055.0000 4.6289 0.8479
3060.0000 4.6447 0.8539
3065.0000 4.6664 0.8621
3070.0000 4.6917 0.8738
3075.0000 4.7093 0.8808
3080.0000 4.7227 0.8840
3085.0000 4.7367 0.8872
3090.0000 4.7592 0.8965
3095.0000 4.7736 0.9023
3100.0000 4.8280 0.9311
3105.0000 4.8381 0.9332
3110.0000 4.8664 0.9446
3115.0000 4.8923 0.9576
3120.0000 4.9126 0.9656
3125.0000 4.9171 0.9653
3130.0000 4.9411 0.9768
3135.0000 4.9711 0.9937
3140.0000 4.9885 1.0017
3145.0000 5.0032 1.0087
3150.0000 5.0192 1.0168
3155.0000 5.0219 1.0166
3160.0000 5.0258 1.0164
3165.0000 5.0319 1.0188
3170.0000 5.0386 1.0209
3175.0000 5.0428 1.0206
3180.0000 5.0451 1.0205
3185.0000 5.0485 1.0203
3190.0000 5.0586 1.0250
3195.0000 5.0625 1.0247
3200.0000 5.0684 1.0271
3205.0000 5.0793 1.0317
3210.0000 5.1078 1.0487
3215.0000 5.1294 1.0609
3220.0000 5.1321 1.0608
3225.0000 5.1369 1.0605
3230.0000 5.1557 1.0702
3235.0000 5.1676 1.0750
3240.0000 5.1763 1.0771
3245.0000 5.1810 1.0768
3250.0000 5.1957 1.0832
3255.0000 5.2185 1.0953
3260.0000 5.2241 1.0949
3265.0000 5.2503 1.1095
3270.0000 5.3080 1.1448
3275.0000 5.3456 1.1677
3280.0000 5.3696 1.1797
3285.0000 5.3814 1.1834
3290.0000 5.3999 1.1912
3295.0000 5.4055 1.1908
3300.0000 5.4238 1.1986
3305.0000 5.4329 1.2025
3310.0000 5.4374 1.2022
3315.0000 5.4500 1.2059
3320.0000 5.4553 1.2055
3325.0000 5.4655 1.2093
3330.0000 5.4766 1.2131
3335.0000 5.4851 1.2170
3340.0000 5.4873 1.2168
3345.0000 5.4889 1.2167
3350.0000 5.4910 1.2166
3355.0000 5.4915 1.2165
3360.0000 5.4927 1.2165
3365.0000 5.4940 1.2164
3370.0000 5.4953 1.2163
3375.0000 5.4962 1.2162
3380.0000 5.4974 1.2161
3385.0000 5.4987 1.2160
3390.0000 5.5001 1.2159
3395.0000 5.5009 1.2159
3400.0000 5.5060 1.2187
3405.0000 5.5068 1.2186
3410.0000 5.5079 1.2185
3415.0000 5.5170 1.2241
3420.0000 5.5260 1.2297
3425.0000 5.5434 1.2410
3430.0000 5.5571 1.2494
3435.0000 5.5580 1.2493
3440.0000 5.5630 1.2521
3445.0000 5.5687 1.2548
3450.0000 5.5703 1.2547
3455.0000 5.5713 1.2546
3460.0000 5.5769 1.2574
3465.0000 5.5777 1.2573
3470.0000 5.5791 1.2572
3475.0000 5.5884 1.2628
3480.0000 5.5897 1.2627
3485.0000 5.6000 1.2682
3490.0000 5.6098 1.2737
3495.0000 5.6202 1.2792
3500.0000 5.6306 1.2847
3505.0000 5.6322 1.2846
3510.0000 5.6386 1.2873
3515.0000 5.6446 1.2900
3520.0000 5.6465 1.2898
3525.0000 5.6477 1.2897
3530.0000 5.6507 1.2895
3535.0000 5.6537 1.2893
3540.0000 5.6567 1.2891
3545.0000 5.6630 1.2917
3550.0000 5.6636 1.2917
3555.0000 5.6644 1.2916
3560.0000 5.6654 1.2916
3565.0000 5.6704 1.2943
3570.0000 5.6756 1.2971
3575.0000 5.6764 1.2970
3580.0000 5.6766 1.2970
3585.0000 5.6778 1.2969
3590.0000 5.6788 1.2968
3595.0000 5.6790 1.2968
3600.0000 5.6794 1.2968
3605.0000 5.6800 1.2968
3610.0000 5.6809 1.2967
3615.0000 5.6818 1.2966
3620.0000 5.6956 1.3041
3625.0000 5.7064 1.3105
3630.0000 5.7098 1.3103
3635.0000 5.7170 1.3148
3640.0000 5.7237 1.3179
3645.0000 5.7323 1.3222
3650.0000 5.7355 1.3220
3655.0000 5.7742 1.3477
3660.0000 5.7993 1.3608
3665.0000 5.8231 1.3738
3670.0000 5.8519 1.3918
3675.0000 5.8776 1.4051
3680.0000 5.9095 1.4228
3685.0000 5.9220 1.4268
3690.0000 5.9648 1.4542
3695.0000 5.9726 1.4537
3700.0000 5.9991 1.4672
3705.0000 6.0121 1.4714
3710.0000 6.0296 1.4805
3715.0000 6.0411 1.4825
3720.0000 6.0563 1.4867
3725.0000 6.0687 1.4909
3730.0000 6.0798 1.4930
3735.0000 6.0937 1.4979
3740.0000 6.1057 1.4999
3745.0000 6.1134 1.4993
3750.0000 6.1250 1.5035
3755.0000 6.1365 1.5079
3760.0000 6.1518 1.5137
3765.0000 6.1709 1.5212
3770.0000 6.1972 1.5347
3775.0000 6.2184 1.5467
3780.0000 6.2408 1.5604
3785.0000 6.2707 1.5800
3790.0000 6.2808 1.5845
3795.0000 6.3001 1.5968
3800.0000 6.3125 1.6042
3805.0000 6.3190 1.6069
3810.0000 6.3214 1.6067
3815.0000 6.3294 1.6095
3820.0000 6.3391 1.6153
3825.0000 6.3528 1.6226
3830.0000 6.3666 1.6316
3835.0000 6.3765 1.6375
3840.0000 6.3876 1.6450
3845.0000 6.3941 1.6477
3850.0000 6.4050 1.6534
3855.0000 6.4156 1.6590
3860.0000 6.4185 1.6588
3865.0000 6.4275 1.6624
3870.0000 6.4492 1.6759
3875.0000 6.4549 1.6754
3880.0000 6.4744 1.6869
3885.0000 6.4943 1.6980
3890.0000 6.5176 1.7122
3895.0000 6.5257 1.7157
3900.0000 6.5440 1.7260
3905.0000 6.5583 1.7333
3910.0000 6.5719 1.7406
3915.0000 6.5873 1.7473
3920.0000 6.5971 1.7507
3925.0000 6.6196 1.7652
3930.0000 6.6369 1.7760
3935.0000 6.6523 1.7868
3940.0000 6.6565 1.7864
3945.0000 6.6715 1.7957
3950.0000 6.6854 1.8058
3955.0000 6.6986 1.8124
3960.0000 6.7100 1.8185
3965.0000 6.7136 1.8182
3970.0000 6.7158 1.8180
3975.0000 6.7266 1.8241
3980.0000 6.7370 1.8302
3985.0000 6.7408 1.8299
3990.0000 6.7588 1.8423
3995.0000 6.7647 1.8453
4000.0000 6.7821 1.8579
4005.0000 6.7914 1.8606
4010.0000 6.7943 1.8604
4015.0000 6.8002 1.8634
4020.0000 6.8081 1.8663
4025.0000 6.8125 1.8659
4030.0000 6.8200 1.8688
4035.0000 6.8237 1.8684
4040.0000 6.8271 1.8681
4045.0000 6.8314 1.8678
4050.0000 6.8371 1.8673
4055.0000 6.8509 1.8753
4060.0000 6.8689 1.8864
4065.0000 6.8891 1.8984
4070.0000 6.9033 1.9065
4075.0000 6.9317 1.9267
4080.0000 6.9446 1.9302
4085.0000 6.9604 1.9379
4090.0000 6.9690 1.9371
4095.0000 6.9982 1.9559
4100.0000 7.0212 1.9693
4105.0000 7.0359 1.9741
4110.0000 7.0870 2.0119
4115.0000 7.1258 2.0387
4120.0000 7.1618 2.0627
4125.0000 7.1725 2.0663
4130.0000 7.1789 2.0657
4135.0000 7.2080 2.0869
4140.0000 7.2292 2.1018
4145.0000 7.2385 2.1055
4150.0000 7.2421 2.1051
4155.0000 7.2554 2.1148
4160.0000 7.2709 2.1253
4165.0000 7.2901 2.1393
4170.0000 7.2927 2.1391
4175.0000 7.2949 2.1389
4180.0000 7.3076 2.1482
4185.0000 7.3088 2.1481
4190.0000 7.3107 2.1480
4195.0000 7.3123 2.1478
4200.0000 7.3137 2.1477
4205.0000 7.3154 2.1475
4210.0000 7.3164 2.1474
4215.0000 7.3171 2.1474
4220.0000 7.3174 2.1473
4225.0000 7.3180 2.1473
4230.0000 7.3186 2.1472
4235.0000 7.3188 2.1472
4240.0000 7.3200 2.1471
4245.0000 7.3211 2.1470
4250.0000 7.3214 2.1470
4255.0000 7.3217 2.1469
4260.0000 7.3225 2.1469
4265.0000 7.3236 2.1467
4270.0000 7.3248 2.1466
4275.0000 7.3266 2.1465
4280.0000 7.3278 2.1464
4285.0000 7.3304 2.1461
4290.0000 7.3379 2.1516
4295.0000 7.3578 2.1681
4300.0000 7.3652 2.1737
4305.0000 7.3738 2.1790
4310.0000 7.3771 2.1787
4315.0000 7.3914 2.1899
4320.0000 7.4140 2.2063
4325.0000 7.4425 2.2285
4330.0000 7.4645 2.2452
4335.0000 7.4889 2.2612
4340.0000 7.5131 2.2778
4345.0000 7.5193 2.2772
4350.0000 7.5371 2.2885
4355.0000 7.5605 2.3050
4360.0000 7.5783 2.3164
4365.0000 7.5926 2.3211
4370.0000 7.6050 2.3266
4375.0000 7.6227 2.3377
4380.0000 7.6339 2.3431
4385.0000 7.6440 2.3482
4390.0000 7.6603 2.3594
4395.0000 7.6902 2.3828
4400.0000 7.7133 2.3995
4405.0000 7.7348 2.4105
4410.0000 7.7612 2.4275
4415.0000 7.7811 2.4385
4420.0000 7.8120 2.4622
4425.0000 7.8181 2.4616
4430.0000 7.8471 2.4788
4435.0000 7.8765 2.4963
4440.0000 7.9050 2.5140
4445.0000 7.9380 2.5369
4450.0000 7.9829 2.5732
4455.0000 8.0038 2.5846
4460.0000 8.0295 2.6021
4465.0000 8.0574 2.6201
4470.0000 8.0915 2.6441
4475.0000 8.1217 2.6616
4480.0000 8.1384 2.6669
4485.0000 8.1583 2.6782
4490.0000 8.1907 2.7029
4495.0000 8.2233 2.7282
4500.0000 8.2574 2.7516
4505.0000 8.2784 2.7632
4510.0000 8.3104 2.7845
4515.0000 8.3244 2.7900
4520.0000 8.3371 2.7955
4525.0000 8.3523 2.8050
4530.0000 8.3635 2.8109
4535.0000 8.3703 2.8102
4540.0000 8.3898 2.8232
4545.0000 8.4235 2.8521
4550.0000 8.4403 2.8628
4555.0000 8.4706 2.8899
4560.0000 8.5094 2.9249
4565.0000 8.5344 2.9452
4570.0000 8.5567 2.9635
4575.0000 8.5985 3.0030
4580.0000 8.6168 3.0153
4585.0000 8.6409 3.0310
4590.0000 8.6922 3.0746
4595.0000 8.7282 3.1012
4600.0000 8.7687 3.1324
4605.0000 8.8166 3.1737
4610.0000 8.8457 3.1918
4615.0000 8.8761 3.2165
4620.0000 8.8969 3.2279
4625.0000 8.9143 3.2329
4630.0000 8.9255 3.2383
4635.0000 8.9390 3.2443
4640.0000 8.9508 3.2472
4645.0000 8.9636 3.2526
4650.0000 8.9770 3.2580
4655.0000 8.9871 3.2638
4660.0000 8.9934 3.2630
4665.0000 8.9977 3.2625
4670.0000 9.0012 3.2621
4675.0000 9.0043 3.2618
4680.0000 9.0067 3.2615
4685.0000 9.0153 3.2674
4690.0000 9.0309 3.2800
4695.0000 9.0395 3.2865
4700.0000 9.0476 3.2922
4705.0000 9.0566 3.2987
4710.0000 9.0584 3.2985
4715.0000 9.0602 3.2983
4720.0000 9.0605 3.2982
4725.0000 9.0624 3.2980
4730.0000 9.0638 3.2979
4735.0000 9.0647 3.2978
4740.0000 9.0665 3.2975
4745.0000 9.0741 3.3040
4750.0000 9.0811 3.3101
4755.0000 9.0818 3.3100
4760.0000 9.0821 3.3099
4765.0000 9.0829 3.3098
4770.0000 9.0833 3.3098
4775.0000 9.0838 3.3097
4780.0000 9.0843 3.3097
4785.0000 9.0855 3.3095
4790.0000 9.0860 3.3095
4795.0000 9.0864 3.3094
4800.0000 9.0999 3.3234
4805.0000 9.1119 3.3343
4810.0000 9.1178 3.3382
4815.0000 9.1231 3.3422
4820.0000 9.1356 3.3531
4825.0000 9.1619 3.3791
4830.0000 9.1787 3.3940
4835.0000 9.1885 3.4006
4840.0000 9.1985 3.4072
4845.0000 9.2071 3.4108
4850.0000 9.2120 3.4102
4855.0000 9.2367 3.4353
4860.0000 9.2558 3.4499
4865.0000 9.2735 3.4636
4870.0000 9.2918 3.4772
4875.0000 9.3058 3.4835
4880.0000 9.3280 3.5028
4885.0000 9.3607 3.5321
4890.0000 9.3781 3.5425
4895.0000 9.4060 3.5691
4900.0000 9.4197 3.5800
4905.0000 9.4312 3.5865
4910.0000 9.4362 3.5859
4915.0000 9.4535 3.6024
4920.0000 9.4576 3.6019
4925.0000 9.4646 3.6057
4930.0000 9.4807 3.6211
4935.0000 9.4848 3.6206
4940.0000 9.4855 3.6205
4945.0000 9.4998 3.6349
4950.0000 9.5011 3.6347
4955.0000 9.5025 3.6346
4960.0000 9.5046 3.6343
4965.0000 9.5058 3.6342
4970.0000 9.5069 3.6340
4975.0000 9.5078 3.6339
4980.0000 9.5093 3.6337
4985.0000 9.5111 3.6335
4990.0000 9.5130 3.6333
4995.0000 9.5139 3.6332
5000.0000 9.5146 3.6331
5005.0000 9.5161 3.6329
5010.0000 9.5187 3.6326
5015.0000 9.5202 3.6324
5020.0000 9.5213 3.6323
5025.0000 9.5262 3.6364
5030.0000 9.5322 3.6402
5035.0000 9.5339 3.6400
5040.0000 9.5355 3.6398
5045.0000 9.5382 3.6395
5050.0000 9.5514 3.6516
5055.0000 9.5581 3.6554
5060.0000 9.5715 3.6675
5065.0000 9.5806 3.6756
5070.0000 9.5939 3.6879
5075.0000 9.5992 3.6918
5080.0000 9.6059 3.6955
5085.0000 9.6091 3.6952
5090.0000 9.6226 3.7079
5095.0000 9.6362 3.7203
5100.0000 9.6453 3.7288
5105.0000 9.6530 3.7324
5110.0000 9.6659 3.7450
5115.0000 9.6783 3.7577
5120.0000 9.6908 3.7702
5125.0000 9.7004 3.7784
5130.0000 9.7056 3.7826
5135.0000 9.7081 3.7823
5140.0000 9.7195 3.7906
5145.0000 9.7470 3.8186
5150.0000 9.7563 3.8221
5155.0000 9.7616 3.8214
5160.0000 9.7726 3.8249
5165.0000 9.7915 3.8406
5170.0000 9.8464 3.8989
5175.0000 9.8892 3.9416
5180.0000 9.9311 3.9800
5185.0000 9.9532 3.9905
5190.0000 9.9857 4.0172
5195.0000 10.0115 4.0361
5200.0000 10.0531 4.0734
5205.0000 10.0918 4.1028
5210.0000 10.1234 4.1238
5215.0000 10.1445 4.1377
5220.0000 10.1809 4.1722
5225.0000 10.2106 4.1990
5230.0000 10.2316 4.2137
5235.0000 10.2569 4.2363
5240.0000 10.2729 4.2478
5245.0000 10.2831 4.2551
5250.0000 10.2932 4.2624
5255.0000 10.3020 4.2698
5260.0000 10.3112 4.2772
5265.0000 10.3264 4.2924
5270.0000 10.3471 4.3155
5275.0000 10.3514 4.3149
5280.0000 10.3537 4.3146
5285.0000 10.3553 4.3144
5290.0000 10.3581 4.3140
5295.0000 10.3674 4.3216
5300.0000 10.3690 4.3214
5305.0000 10.3763 4.3288
5310.0000 10.3837 4.3364
5315.0000 10.3853 4.3362
5320.0000 10.3922 4.3437
5325.0000 10.4048 4.3589
5330.0000 10.4134 4.3661
5335.0000 10.4325 4.3890
5340.0000 10.4411 4.3963
5345.0000 10.4546 4.4117
5350.0000 10.4636 4.4189
5355.0000 10.4777 4.4340
5360.0000 10.4928 4.4490
5365.0000 10.5020 4.4566
5370.0000 10.5128 4.4636
5375.0000 10.5239 4.4705
5380.0000 10.5423 4.4850
5385.0000 10.5849 4.5318
5390.0000 10.6055 4.5473
5395.0000 10.6253 4.5623
5400.0000 10.6563 4.5924
5405.0000 10.6855 4.6160
5410.0000 10.7298 4.6649
5415.0000 10.7751 4.7140
5420.0000 10.8341 4.7788
5425.0000 10.8725 4.8198
5430.0000 10.8954 4.8350
5435.0000 10.9160 4.8507
5440.0000 10.9402 4.8657
5445.0000 10.9885 4.9149
5450.0000 11.0385 4.9640
5455.0000 11.0705 4.9875
5460.0000 11.1229 5.0461
5465.0000 11.1659 5.0870
5470.0000 11.2138 5.1366
5475.0000 11.2677 5.1960
5480.0000 11.2833 5.2033
5485.0000 11.3170 5.2369
5490.0000 11.3319 5.2442
5495.0000 11.3471 5.2515
5500.0000 11.3555 5.2503
5505.0000 11.3785 5.2678
5510.0000 11.3875 5.2664
5515.0000 11.4091 5.2798
5520.0000 11.4193 5.2783
5525.0000 11.4408 5.2985
5530.0000 11.4524 5.3037
5535.0000 11.4616 5.3023
5540.0000 11.4765 5.3165
5545.0000 11.4926 5.3280
5550.0000 11.4969 5.3274
5555.0000 11.5007 5.3268
5560.0000 11.5149 5.3385
5565.0000 11.5279 5.3504
5570.0000 11.5447 5.3685
5575.0000 11.5662 5.3930
5580.0000 11.5743 5.3986
5585.0000 11.5805 5.4047
5590.0000 11.5967 5.4232
5595.0000 11.6032 5.4293
5600.0000 11.6056 5.4289
5605.0000 11.6134 5.4346
5610.0000 11.6191 5.4406
5615.0000 11.6212 5.4403
5620.0000 11.6227 5.4401
5625.0000 11.6247 5.4398
5630.0000 11.6262 5.4396
5635.0000 11.6279 5.4393
5640.0000 11.6356 5.4451
5645.0000 11.6383 5.4447
5650.0000 11.6403 5.4444
5655.0000 11.6427 5.4440
5660.0000 11.6463 5.4435
5665.0000 11.6494 5.4430
5670.0000 11.6525 5.4426
5675.0000 11.6625 5.4510
5680.0000 11.6770 5.4654
5685.0000 11.6811 5.4648
5690.0000 11.6920 5.4731
5695.0000 11.7064 5.4908
5700.0000 11.7301 5.5173
5705.0000 11.7420 5.5255
5710.0000 11.7756 5.5670
5715.0000 11.7973 5.5906
5720.0000 11.8032 5.5897
5725.0000 11.8211 5.6105
5730.0000 11.8469 5.6366
5735.0000 11.8730 5.6629
5740.0000 11.9065 5.7013
5745.0000 11.9191 5.7131
5750.0000 11.9353 5.7275
5755.0000 11.9441 5.7330
5760.0000 11.9610 5.7506
5765.0000 11.9748 5.7622
5770.0000 11.9862 5.7706
5775.0000 11.9926 5.7696
5780.0000 11.9959 5.7691
5785.0000 12.0142 5.7903
5790.0000 12.0222 5.7958
5795.0000 12.0493 5.8316
5800.0000 12.0616 5.8434
5805.0000 12.0775 5.8616
5810.0000 12.0860 5.8673
5815.0000 12.0889 5.8668
5820.0000 12.0992 5.8790
5825.0000 12.1074 5.8848
5830.0000 12.1101 5.8844
5835.0000 12.1297 5.9092
5840.0000 12.1399 5.9146
5845.0000 12.1574 5.9326
5850.0000 12.1727 5.9512
5855.0000 12.1856 5.9631
5860.0000 12.2001 5.9749
5865.0000 12.2091 5.9805
5870.0000 12.2139 5.9798
5875.0000 12.2269 5.9917
5880.0000 12.2363 5.9972
5885.0000 12.2506 6.0125
5890.0000 12.2766 6.0400
5895.0000 12.2959 6.0547
5900.0000 12.3153 6.0695
5905.0000 12.3319 6.0773
5910.0000 12.3599 6.1045
5915.0000 12.3835 6.1226
5920.0000 12.4064 6.1401
5925.0000 12.4570 6.2030
5930.0000 12.5112 6.2647
5935.0000 12.5403 6.2917
5940.0000 12.5662 6.3156
5945.0000 12.6160 6.3721
5950.0000 12.6546 6.4086
5955.0000 12.6979 6.4515
5960.0000 12.7248 6.4793
5965.0000 12.7589 6.5173
5970.0000 12.7882 6.5457
5975.0000 12.8123 6.5740
5980.0000 12.8269 6.5827
5985.0000 12.8652 6.6302
5990.0000 12.9136 6.6969
5995.0000 12.9386 6.7253
6000.0000 12.9619 6.7543
6005.0000 12.9771 6.7738
6010.0000 13.0001 6.8027
6015.0000 13.0175 6.8217
6020.0000 13.0294 6.8309
6025.0000 13.0469 6.8503
6030.0000 13.0590 6.8592
6035.0000 13.0893 6.8982
6040.0000 13.1196 6.9377
6045.0000 13.1567 6.9855
6050.0000 13.1824 7.0145
6055.0000 13.2005 7.0335
6060.0000 13.1966 7.0147
6065.0000 13.2211 7.0359
6070.0000 13.2461 7.0593
6075.0000 13.2586 7.0643
6080.0000 13.2756 7.0728
6085.0000 13.2974 7.0949
6090.0000 13.3201 7.1137
6095.0000 13.3331 7.1203
6100.0000 13.3603 7.1498
6105.0000 13.3809 7.1664
6110.0000 13.4191 7.2111
6115.0000 13.4383 7.2214
6120.0000 13.4545 7.2269
6125.0000 13.4923 7.2652
6130.0000 13.5012 7.2553
6135.0000 13.5303 7.2853
6140.0000 13.5215 7.2456
6145.0000 13.5364 7.2498
6150.0000 13.5535 7.2552
6155.0000 13.5744 7.2685
6160.0000 13.5793 7.2554
6165.0000 13.5636 7.2071
6170.0000 13.5959 7.2392
6175.0000 13.5903 7.2042
6180.0000 13.6128 7.2154
6185.0000 13.6387 7.2378
6190.0000 13.6408 7.2198
6195.0000 13.6229 7.1671
6200.0000 13.6378 7.1699
6205.0000 13.6417 7.1522
6210.0000 13.6589 7.1543
6215.0000 13.6508 7.1228
6220.0000 13.6569 7.1117
6225.0000 13.6585 7.0983
6230.0000 13.6489 7.0608
6235.0000 13.6546 7.0514
6240.0000 13.6824 7.0799
6245.0000 13.6884 7.0754
6250.0000 13.6851 7.0488
6255.0000 13.7208 7.0938
6260.0000 13.7310 7.0982
6265.0000 13.7355 7.0896
6270.0000 13.7639 7.1246
6275.0000 13.7617 7.1093
6280.0000 13.7861 7.1308
6285.0000 13.7866 7.1184
6290.0000 13.7767 7.0861
6295.0000 13.7933 7.1045
6300.0000 13.7980 7.1040
6305.0000 13.7892 7.0784
6310.0000 13.7908 7.0711
6315.0000 13.7727 7.0297
6320.0000 13.7804 7.0348
6325.0000 13.7780 7.0235
6330.0000 13.7841 7.0251
6335.0000 13.7868 7.0178
6340.0000 13.7952 7.0159
6345.0000 13.7972 7.0085
6350.0000 13.8119 7.0188
6355.0000 13.8097 7.0021
6360.0000 13.8320 7.0285
6365.0000 13.8506 7.0465
6370.0000 13.8661 7.0570
6375.0000 13.8803 7.0677
6380.0000 13.8904 7.0713
6385.0000 13.9087 7.0845
6390.0000 13.9343 7.1159
6395.0000 13.9474 7.1198
6400.0000 13.9503 7.1106
6405.0000 13.9651 7.1251
6410.0000 13.9636 7.1055
6415.0000 13.9752 7.1097
6420.0000 13.9812 7.1037
6425.0000 13.9861 7.0960
6430.0000 13.9817 7.0768
6435.0000 13.9876 7.0751
6440.0000 13.9875 7.0619
6445.0000 13.9901 7.0576
6450.0000 14.0089 7.0768
6455.0000 14.0175 7.0821
6460.0000 14.0329 7.0984
6465.0000 14.0459 7.1108
6470.0000 14.0547 7.1136
6475.0000 14.0548 7.1046
6480.0000 14.0654 7.1099
6485.0000 14.0696 7.1087
6490.0000 14.0866 7.1259
6495.0000 14.0972 7.1375
6500.0000 14.0923 7.1222
6505.0000 14.1048 7.1387
6510.0000 14.1104 7.1421
6515.0000 14.1087 7.1332
6520.0000 14.1152 7.1373
6525.0000 14.1242 7.1479
6530.0000 14.1217 7.1391
6535.0000 14.1177 7.1306
6540.0000 14.1200 7.1302
6545.0000 14.1220 7.1299
6550.0000 14.1245 7.1295
6555.0000 14.1254 7.1293
6560.0000 14.1273 7.1290
6565.0000 14.1288 7.1287
6570.0000 14.1306 7.1284
6575.0000 14.1317 7.1282
6580.0000 14.1337 7.1279
6585.0000 14.1365 7.1274
6590.0000 14.1390 7.1270
6595.0000 14.1421 7.1265
6600.0000 14.1463 7.1258
6605.0000 14.1443 7.1142
6610.0000 14.1423 7.1027
6615.0000 14.1442 7.0956
6620.0000 14.1584 7.1139
6625.0000 14.1519 7.0910
6630.0000 14.1463 7.0721
6635.0000 14.1433 7.0553
6640.0000 14.1584 7.0635
6645.0000 14.1513 7.0425
6650.0000 14.1705 7.0617
6655.0000 14.1729 7.0503
6660.0000 14.1720 7.0319
6665.0000 14.1684 7.0113
6670.0000 14.1761 7.0127
6675.0000 14.1858 7.0133
6680.0000 14.1973 7.0189
6685.0000 14.2226 7.0463
6690.0000 14.2250 7.0319
6695.0000 14.2375 7.0355
6700.0000 14.2460 7.0384
6705.0000 14.2644 7.0511
6710.0000 14.2943 7.0867
6715.0000 14.2938 7.0725
6720.0000 14.2999 7.0717
6725.0000 14.3037 7.0685
6730.0000 14.3009 7.0550
6735.0000 14.3129 7.0671
6740.0000 14.3183 7.0695
6745.0000 14.3279 7.0766
6750.0000 14.3313 7.0736
6755.0000 14.3438 7.0864
6760.0000 14.3336 7.0637
6765.0000 14.3444 7.0776
6770.0000 14.3414 7.0711
6775.0000 14.3472 7.0772
6780.0000 14.3480 7.0768
6785.0000 14.3575 7.0911
6790.0000 14.3616 7.0946
6795.0000 14.3624 7.0953
6800.0000 14.3619 7.0930
6805.0000 14.3688 7.1029
6810.0000 14.3614 7.0894
6815.0000 14.3575 7.0786
6820.0000 14.3605 7.0805
6825.0000 14.3582 7.0756
6830.0000 14.3497 7.0578
6835.0000 14.3621 7.0765
6840.0000 14.3649 7.0765
6845.0000 14.3752 7.0890
6850.0000 14.3808 7.0922
6855.0000 14.3706 7.0710
6860.0000 14.3767 7.0770
6865.0000 14.3808 7.0797
6870.0000 14.3854 7.0822
6875.0000 14.3958 7.0939
6880.0000 14.4109 7.1129
6885.0000 14.4148 7.1122
6890.0000 14.4261 7.1207
6895.0000 14.4292 7.1202
6900.0000 14.4283 7.1125
6905.0000 14.4289 7.1088
6910.0000 14.4321 7.1079
6915.0000 14.4376 7.1119
6920.0000 14.4396 7.1116
6925.0000 14.4407 7.1114
6930.0000 14.4424 7.1111
6935.0000 14.4452 7.1106
6940.0000 14.4484 7.1134
6945.0000 14.4508 7.1122
6950.0000 14.4588 7.1220
6955.0000 14.4570 7.1153
6960.0000 14.4571 7.1145
6965.0000 14.4643 7.1244
6970.0000 14.4614 7.1176
6975.0000 14.4555 7.1060
6980.0000 14.4539 7.1018
6985.0000 14.4552 7.1024
6990.0000 14.4598 7.1084
6995.0000 14.4451 7.0812
7000.0000 14.4518 7.0914
7005.0000 14.4524 7.0913
7010.0000 14.4590 7.1013
7015.0000 14.4598 7.1012
7020.0000 14.4605 7.1011
7025.0000 14.4606 7.1011
7030.0000 14.4569 7.0943
7035.0000 14.4581 7.0963
7040.0000 14.4583 7.0963
7045.0000 14.4588 7.0962
7050.0000 14.4595 7.0961
7055.0000 14.4604 7.0959
7060.0000 14.4607 7.0959
7065.0000 14.4616 7.0957
7070.0000 14.4636 7.0954
7075.0000 14.4650 7.0952
7080.0000 14.4670 7.0948
7085.0000 14.4679 7.0947
7090.0000 14.4694 7.0944
7095.0000 14.4648 7.0831
7100.0000 14.4535 7.0608
7105.0000 14.4637 7.0740
7110.0000 14.4656 7.0736
7115.0000 14.4708 7.0792
7120.0000 14.4669 7.0697
7125.0000 14.4623 7.0565
7130.0000 14.4702 7.0670
7135.0000 14.4678 7.0571
7140.0000 14.4982 7.1046
7145.0000 14.5008 7.1042
7150.0000 14.5017 7.1013
7155.0000 14.5002 7.0959
7160.0000 14.5025 7.0955
7165.0000 14.5002 7.0885
7170.0000 14.4944 7.0764
7175.0000 14.4987 7.0816
7180.0000 14.4974 7.0778
7185.0000 14.5019 7.0835
7190.0000 14.5025 7.0834
7195.0000 14.5032 7.0833
7200.0000 14.5040 7.0831
7205.0000 14.5044 7.0830
7210.0000 14.5053 7.0829
7215.0000 14.5058 7.0828
7220.0000 14.5061 7.0828
7225.0000 14.5066 7.0827
7230.0000 14.5068 7.0826
7235.0000 14.5068 7.0826
7240.0000 14.5068 7.0826
7245.0000 14.5068 7.0826
7250.0000 14.5070 7.0826
7255.0000 14.5073 7.0825
7260.0000 14.5075 7.0825
7265.0000 14.5075 7.0825
7270.0000 14.5077 7.0825
7275.0000 14.5079 7.0825
7280.0000 14.5079 7.0825
7285.0000 14.5082 7.0824
7290.0000 14.5083 7.0824
7295.0000 14.5083 7.0824
7300.0000 14.5086 7.0823
7305.0000 14.5088 7.0823
7310.0000 14.5090 7.0823
7315.0000 14.5097 7.0822
7320.0000 14.5104 7.0820
7325.0000 14.5106 7.0820
7330.0000 14.5117 7.0818
7335.0000 14.5165 7.0893
7340.0000 14.5174 7.0892
7345.0000 14.5190 7.0889
7350.0000 14.5204 7.0887
7355.0000 14.5134 7.0716
7360.0000 14.5168 7.0726
7365.0000 14.5181 7.0653
7370.0000 14.5048 7.0354
7375.0000 14.4960 7.0144
7380.0000 14.4933 7.0049
7385.0000 14.4845 6.9869
7390.0000 14.4920 6.9955
7395.0000 14.4937 6.9921
7400.0000 14.4916 6.9814
7405.0000 14.4921 6.9785
7410.0000 14.4938 6.9754
7415.0000 14.5017 6.9824
7420.0000 14.5047 6.9819
7425.0000 14.5070 6.9815
7430.0000 14.5086 6.9812
7435.0000 14.5084 6.9785
7440.0000 14.5084 6.9785
7445.0000 14.5058 6.9721
7450.0000 14.5021 6.9619
7455.0000 14.4984 6.9529
7460.0000 14.5028 6.9578
7465.0000 14.5051 6.9574
7470.0000 14.5060 6.9573
7475.0000 14.5065 6.9572
7480.0000 14.5067 6.9572
7485.0000 14.5069 6.9571
7490.0000 14.5069 6.9571
7495.0000 14.5074 6.9571
7500.0000 14.5074 6.9571
7505.0000 14.5078 6.9570
7510.0000 14.5082 6.9569
7515.0000 14.5087 6.9568
7520.0000 14.5089 6.9568
7525.0000 14.5089 6.9568
7530.0000 14.5089 6.9568
7535.0000 14.5089 6.9568
7540.0000 14.5089 6.9568
7545.0000 14.5089 6.9568
7550.0000 14.5089 6.9568
7555.0000 14.5089 6.9568
7560.0000 14.5089 6.9568
7565.0000 14.5089 6.9568
7570.0000 14.5089 6.9568
7575.0000 14.5089 6.9568
7580.0000 14.5089 6.9568
7585.0000 14.5089 6.9568
7590.0000 14.5089 6.9568
7595.0000 14.5089 6.9568
7600.0000 14.5089 6.9568
7605.0000 14.5089 6.9568
7610.0000 14.5089 6.9568
7615.0000 14.5089 6.9568
7620.0000 14.5089 6.9568
7625.0000 14.5089 6.9568
7630.0000 14.5089 6.9568
7635.0000 14.5089 6.9568
7640.0000 14.5089 6.9568
7645.0000 14.5052 6.9506
7650.0000 14.5052 6.9506
7655.0000 14.5052 6.9506
7660.0000 14.5052 6.9506
7665.0000 14.5052 6.9506
7670.0000 14.5052 6.9506
7675.0000 14.5052 6.9506
7680.0000 14.5015 6.9445
7685.0000 14.5015 6.9445
7690.0000 14.5015 6.9445
7695.0000 14.5015 6.9445
7700.0000 14.5015 6.9445
7705.0000 14.5015 6.9445
7710.0000 14.5015 6.9445
7715.0000 14.5015 6.9445
7720.0000 14.5015 6.9445
7725.0000 14.5015 6.9445
7730.0000 14.5015 6.9445
7735.0000 14.5015 6.9445
7740.0000 14.5015 6.9445
7745.0000 14.5015 6.9445
7750.0000 14.5018 6.9444
7755.0000 14.5018 6.9444
7760.0000 14.5018 6.9444
7765.0000 14.5018 6.9444
7770.0000 14.5018 6.9444
7775.0000 14.5018 6.9444
7780.0000 14.5018 6.9444
7785.0000 14.5020 6.9444
7790.0000 14.5022 6.9444
7795.0000 14.5031 6.9442
7800.0000 14.5033 6.9442
7805.0000 14.5124 6.9584
7810.0000 14.5177 6.9654
7815.0000 14.5313 6.9868
7820.0000 14.5244 6.9726
7825.0000 14.5246 6.9726
7830.0000 14.5178 6.9583
7835.0000 14.5361 6.9863
7840.0000 14.5518 7.0060
7845.0000 14.5730 7.0325
7850.0000 14.5775 7.0318
7855.0000 14.5745 7.0168
7860.0000 14.5778 7.0137
7865.0000 14.5869 7.0190
7870.0000 14.5844 7.0042
7875.0000 14.5906 7.0025
7880.0000 14.5967 7.0025
7885.0000 14.6186 7.0271
7890.0000 14.6258 7.0241
7895.0000 14.6119 6.9892
7900.0000 14.6045 6.9600
7905.0000 14.6200 6.9642
7910.0000 14.6198 6.9479
7915.0000 14.6258 6.9406
7920.0000 14.6355 6.9360
7925.0000 14.6434 6.9316
7930.0000 14.6656 6.9483
7935.0000 14.6892 6.9629
7940.0000 14.6953 6.9585
7945.0000 14.6854 6.9232
7950.0000 14.7047 6.9421
7955.0000 14.7164 6.9449
7960.0000 14.7295 6.9538
7965.0000 14.7311 6.9468
7970.0000 14.7320 6.9405
7975.0000 14.7446 6.9530
7980.0000 14.7444 6.9429
7985.0000 14.7501 6.9444
7990.0000 14.7430 6.9270
7995.0000 14.7517 6.9369
8000.0000 14.7542 6.9368
