# deliveryTime  hopCount
148.0000 8
105.0000 10
183.0000 6
119.0000 6
96.0000 5
136.0000 4
227.0000 7
109.0000 5
1716.0000 7
1456.0000 4
1776.0000 5
1520.0000 10
81.0000 8
1526.0000 11
1790.0000 6
1792.0000 9
1530.0000 11
1795.0000 10
1535.0000 5
1557.0000 8
1823.0000 5
1566.0000 6
1830.0000 8
1570.0000 8
1576.0000 5
1840.0000 7
1580.0000 10
1580.0000 11
1844.0000 11
1846.0000 10
1847.0000 8
1587.0000 3
1853.0000 8
1593.0000 9
1856.0000 8
1594.0000 4
1859.0000 9
1598.0000 10
1599.0000 4
1601.0000 4
1602.0000 5
1870.0000 5
1870.0000 5
1873.0000 10
1873.0000 8
1610.0000 8
1613.0000 9
1613.0000 5
1614.0000 10
1877.0000 5
1880.0000 6
1880.0000 7
1882.0000 8
1620.0000 6
1883.0000 7
1883.0000 7
1622.0000 9
1627.0000 5
1627.0000 10
1891.0000 8
123.0000 6
1629.0000 5
1893.0000 7
1631.0000 9
1631.0000 12
1895.0000 10
1895.0000 10
1635.0000 10
1636.0000 5
1639.0000 5
1640.0000 10
1640.0000 10
1905.0000 6
1645.0000 11
1646.0000 11
1909.0000 7
1910.0000 6
1910.0000 6
1911.0000 6
1912.0000 8
1912.0000 6
1912.0000 7
1650.0000 3
1650.0000 13
1650.0000 6
1652.0000 13
1652.0000 4
1915.0000 7
1652.0000 9
1653.0000 10
1653.0000 10
1919.0000 7
1919.0000 9
1919.0000 6
1657.0000 9
1921.0000 6
1658.0000 5
1658.0000 4
1659.0000 3
1659.0000 13
1924.0000 6
1925.0000 5
1662.0000 10
1925.0000 8
1925.0000 7
1032.0000 5
1926.0000 6
1928.0000 4
1928.0000 6
1666.0000 11
1930.0000 7
1667.0000 4
966.0000 7
1930.0000 7
1668.0000 5
1669.0000 9
1934.0000 5
1934.0000 8
1935.0000 9
1936.0000 10
1674.0000 11
1674.0000 9
1674.0000 4
1674.0000 7
1938.0000 6
1676.0000 10
1939.0000 6
1939.0000 7
1940.0000 5
1940.0000 9
1678.0000 12
1942.0000 7
1679.0000 7
1943.0000 8
1680.0000 7
1680.0000 3
1681.0000 7
1682.0000 11
1682.0000 9
1682.0000 5
1946.0000 5
1683.0000 9
1946.0000 6
1685.0000 11
1948.0000 6
1949.0000 7
1686.0000 11
1949.0000 6
1686.0000 7
1950.0000 6
1687.0000 9
1950.0000 8
1687.0000 3
1688.0000 13
1952.0000 5
1689.0000 12
1952.0000 5
1953.0000 7
1953.0000 7
1690.0000 9
1953.0000 7
1955.0000 6
1955.0000 5
1956.0000 6
1956.0000 9
1956.0000 7
1957.0000 8
1957.0000 10
1957.0000 8
1957.0000 7
1957.0000 7
1695.0000 5
1695.0000 8
1695.0000 10
1696.0000 11
1696.0000 9
1696.0000 4
1697.0000 10
1697.0000 7
1697.0000 11
1960.0000 5
1697.0000 9
1697.0000 10
1697.0000 9
1698.0000 7
1961.0000 6
1961.0000 6
1962.0000 7
1699.0000 5
1699.0000 11
1963.0000 9
1700.0000 8
1701.0000 5
1964.0000 5
1964.0000 6
1701.0000 11
1964.0000 6
1702.0000 12
1702.0000 9
1965.0000 7
1703.0000 9
1703.0000 10
1966.0000 6
1967.0000 10
1704.0000 7
1704.0000 11
1968.0000 7
1075.0000 4
1705.0000 11
1968.0000 7
1968.0000 7
1705.0000 8
1968.0000 8
1969.0000 8
1706.0000 6
1969.0000 7
1707.0000 10
1970.0000 5
1970.0000 7
1708.0000 9
1708.0000 4
1971.0000 5
1972.0000 6
1972.0000 8
1008.0000 5
1973.0000 8
1710.0000 12
1974.0000 8
1712.0000 10
1975.0000 8
1712.0000 11
1713.0000 9
1713.0000 11
1713.0000 10
1713.0000 5
1977.0000 7
1977.0000 7
1715.0000 9
1715.0000 8
1715.0000 7
1979.0000 9
1716.0000 11
1716.0000 9
1979.0000 8
1716.0000 10
1717.0000 12
1088.0000 9
1718.0000 8
1981.0000 6
1981.0000 6
1982.0000 9
1982.0000 8
1982.0000 9
1982.0000 7
1983.0000 7
1983.0000 8
1983.0000 7
1721.0000 10
1985.0000 7
1722.0000 9
1986.0000 7
1723.0000 9
1723.0000 9
1723.0000 9
1723.0000 9
1726.0000 8
1726.0000 8
1726.0000 10
1989.0000 8
1989.0000 8
1097.0000 6
1097.0000 10
1727.0000 11
1992.0000 8
1729.0000 6
1729.0000 4
1729.0000 9
1993.0000 6
1730.0000 9
1730.0000 9
1730.0000 10
1030.0000 10
1994.0000 7
1995.0000 7
1102.0000 4
1995.0000 7
1995.0000 8
1032.0000 6
1733.0000 3
1996.0000 7
1996.0000 7
1733.0000 9
1734.0000 12
1997.0000 7
1998.0000 7
1735.0000 9
1035.0000 7
1736.0000 10
1737.0000 10
2000.0000 8
2001.0000 9
2001.0000 8
2001.0000 9
1108.0000 8
1108.0000 10
2001.0000 7
1109.0000 8
1739.0000 10
2002.0000 7
1740.0000 6
1741.0000 10
1741.0000 10
1741.0000 7
1741.0000 9
2004.0000 8
1741.0000 12
2005.0000 8
1113.0000 9
1042.0000 8
1113.0000 5
2006.0000 7
2007.0000 9
1043.0000 3
2008.0000 7
2008.0000 7
1746.0000 11
2009.0000 2
1046.0000 9
1747.0000 9
1046.0000 4
1748.0000 9
1047.0000 8
1118.0000 6
1118.0000 7
1749.0000 10
1749.0000 10
2012.0000 6
1749.0000 12
1749.0000 8
1121.0000 8
1751.0000 9
1051.0000 8
2015.0000 7
1752.0000 11
1123.0000 11
1753.0000 6
2017.0000 8
2017.0000 6
1755.0000 10
1054.0000 6
2018.0000 7
2019.0000 6
2019.0000 7
1127.0000 8
1127.0000 9
1757.0000 9
1759.0000 9
1759.0000 10
2023.0000 5
2023.0000 8
1060.0000 8
1761.0000 10
1060.0000 8
2025.0000 8
2026.0000 7
1133.0000 6
1134.0000 10
2027.0000 8
2027.0000 7
2027.0000 7
2027.0000 9
2028.0000 7
1766.0000 10
1767.0000 7
1767.0000 10
1767.0000 10
1768.0000 10
2031.0000 6
2031.0000 6
1769.0000 12
1140.0000 8
2033.0000 7
1141.0000 8
1771.0000 9
1141.0000 9
2034.0000 7
1771.0000 11
2035.0000 9
1142.0000 5
1143.0000 6
1773.0000 10
1774.0000 11
1073.0000 6
1144.0000 6
1073.0000 9
1774.0000 10
1074.0000 8
1775.0000 7
1775.0000 9
2039.0000 9
1075.0000 8
1147.0000 8
2040.0000 6
1076.0000 8
1149.0000 10
1779.0000 10
1149.0000 6
1780.0000 10
1150.0000 7
1079.0000 7
1150.0000 5
1150.0000 8
1150.0000 6
1781.0000 5
1080.0000 5
1080.0000 8
1151.0000 9
1080.0000 8
1152.0000 9
1152.0000 6
2045.0000 9
1782.0000 10
1152.0000 6
1153.0000 9
1082.0000 7
2046.0000 6
1083.0000 6
2047.0000 7
1083.0000 6
1154.0000 8
1155.0000 8
1155.0000 8
1785.0000 10
1785.0000 5
2048.0000 8
1786.0000 11
1085.0000 7
1787.0000 10
1086.0000 10
1787.0000 10
1787.0000 12
2051.0000 6
1087.0000 10
2051.0000 9
1159.0000 6
1088.0000 4
122.0000 7
2053.0000 7
1160.0000 8
1161.0000 9
1161.0000 10
1791.0000 10
1091.0000 7
1092.0000 8
1164.0000 6
1093.0000 8
2057.0000 10
1165.0000 9
1165.0000 8
1094.0000 6
1796.0000 5
2059.0000 8
1166.0000 6
2060.0000 7
2060.0000 7
2060.0000 10
1168.0000 7
1097.0000 7
1168.0000 7
1097.0000 8
1097.0000 5
2062.0000 9
1169.0000 5
1169.0000 6
1170.0000 10
1170.0000 6
1099.0000 8
1800.0000 9
1800.0000 7
1171.0000 6
1801.0000 11
1172.0000 5
1172.0000 8
1101.0000 8
1101.0000 7
1102.0000 7
1803.0000 10
1173.0000 5
1174.0000 6
1174.0000 8
1804.0000 10
1174.0000 7
1105.0000 7
1105.0000 8
1106.0000 8
1106.0000 10
1106.0000 8
2070.0000 6
1107.0000 7
1808.0000 10
1808.0000 12
1107.0000 5
1808.0000 11
1107.0000 8
2072.0000 9
1108.0000 10
1109.0000 7
2073.0000 6
2073.0000 6
1109.0000 8
1181.0000 7
2074.0000 7
1110.0000 5
1181.0000 6
1182.0000 7
1182.0000 6
1812.0000 9
1111.0000 8
1183.0000 10
1183.0000 10
1813.0000 10
1813.0000 5
1183.0000 7
1184.0000 8
1814.0000 11
1184.0000 6
1184.0000 7
1814.0000 12
1114.0000 7
1114.0000 7
1185.0000 5
1185.0000 6
1114.0000 8
1815.0000 5
1185.0000 6
1186.0000 9
1115.0000 6
1186.0000 7
1186.0000 7
1816.0000 10
1115.0000 7
1187.0000 7
1116.0000 6
1116.0000 6
1188.0000 10
2081.0000 6
1117.0000 4
1118.0000 8
2082.0000 7
2082.0000 6
1189.0000 6
2082.0000 7
1118.0000 8
1190.0000 9
2083.0000 8
1119.0000 8
1822.0000 12
1192.0000 9
1822.0000 10
1122.0000 9
1122.0000 10
1193.0000 6
1123.0000 8
1123.0000 6
1195.0000 7
1195.0000 6
1195.0000 7
1196.0000 6
1196.0000 7
1197.0000 9
1197.0000 10
1126.0000 5
1419.0000 7
1198.0000 7
1128.0000 7
1128.0000 10
1128.0000 5
1200.0000 11
1200.0000 9
1130.0000 7
1831.0000 11
1201.0000 7
1130.0000 10
1130.0000 6
1202.0000 7
1203.0000 6
1203.0000 10
1132.0000 9
1833.0000 5
1132.0000 6
1133.0000 9
1834.0000 9
1204.0000 10
2097.0000 9
1133.0000 8
1134.0000 5
1206.0000 6
1135.0000 5
1207.0000 6
1837.0000 10
1207.0000 5
1136.0000 8
1137.0000 6
1208.0000 4
1137.0000 7
1137.0000 6
1209.0000 6
1209.0000 8
2103.0000 8
1210.0000 7
1840.0000 10
1139.0000 9
2103.0000 6
1140.0000 8
1211.0000 8
1140.0000 7
1211.0000 7
1140.0000 5
1842.0000 11
1212.0000 6
1141.0000 8
1843.0000 5
1843.0000 8
1213.0000 6
1142.0000 6
2107.0000 8
2107.0000 8
1143.0000 8
2107.0000 7
1214.0000 5
1215.0000 7
1144.0000 5
1215.0000 7
1145.0000 6
1216.0000 4
1145.0000 6
1217.0000 5
1217.0000 9
1217.0000 6
1217.0000 8
1219.0000 6
1148.0000 8
1219.0000 9
1148.0000 8
1219.0000 6
1220.0000 6
1220.0000 6
1220.0000 10
1220.0000 7
1220.0000 6
1150.0000 9
1221.0000 6
1150.0000 5
1150.0000 7
1221.0000 7
1222.0000 6
1222.0000 6
1222.0000 5
1222.0000 8
1222.0000 6
1152.0000 9
1152.0000 6
1223.0000 5
2117.0000 8
1153.0000 8
1153.0000 6
1153.0000 6
1224.0000 8
1224.0000 10
1153.0000 6
1225.0000 3
2118.0000 6
2118.0000 7
1225.0000 5
1155.0000 6
1226.0000 6
1226.0000 6
2119.0000 6
1227.0000 4
1156.0000 7
1156.0000 6
1857.0000 9
1156.0000 9
1227.0000 8
1227.0000 6
1227.0000 8
1157.0000 5
1228.0000 8
1157.0000 5
1858.0000 12
1858.0000 5
1229.0000 4
1158.0000 5
1229.0000 5
1158.0000 7
1158.0000 7
1158.0000 7
1229.0000 7
2123.0000 7
1159.0000 9
1160.0000 6
1231.0000 6
1231.0000 10
1231.0000 7
1160.0000 6
1160.0000 6
1161.0000 6
1161.0000 7
1161.0000 6
1161.0000 10
1863.0000 9
1162.0000 8
1162.0000 6
1233.0000 5
1233.0000 8
1162.0000 8
1234.0000 5
1164.0000 6
1235.0000 5
1164.0000 7
1164.0000 5
1235.0000 5
1236.0000 7
1165.0000 5
1166.0000 8
1237.0000 6
1166.0000 10
1867.0000 8
1167.0000 7
1239.0000 4
1869.0000 5
1168.0000 5
1168.0000 7
1240.0000 5
1240.0000 6
1169.0000 6
2133.0000 7
1241.0000 7
2135.0000 8
1242.0000 6
1464.0000 9
2135.0000 7
1172.0000 6
1243.0000 5
1243.0000 6
1173.0000 8
1874.0000 9
1173.0000 8
1173.0000 5
1245.0000 8
1875.0000 9
1175.0000 6
1176.0000 8
1247.0000 7
2141.0000 8
1177.0000 8
1249.0000 6
1250.0000 7
1179.0000 6
1251.0000 7
1251.0000 6
1181.0000 6
1182.0000 10
1182.0000 7
1253.0000 5
1183.0000 6
1183.0000 6
1254.0000 7
1184.0000 7
1184.0000 9
2148.0000 6
1255.0000 8
1256.0000 7
2149.0000 6
1257.0000 6
1257.0000 6
1257.0000 6
1258.0000 7
2152.0000 7
1260.0000 7
1189.0000 4
1190.0000 6
1190.0000 10
1261.0000 6
2154.0000 9
1262.0000 5
1191.0000 9
1262.0000 4
1191.0000 6
1263.0000 8
1263.0000 9
1894.0000 10
1265.0000 7
1195.0000 5
1196.0000 6
1267.0000 5
1897.0000 6
1898.0000 10
1898.0000 10
1198.0000 9
1198.0000 7
1198.0000 7
1269.0000 6
1199.0000 6
1271.0000 7
1200.0000 8
2166.0000 6
2166.0000 7
1202.0000 9
1274.0000 5
1905.0000 11
1906.0000 10
1279.0000 5
1280.0000 7
1210.0000 8
1211.0000 5
1282.0000 6
1212.0000 8
2177.0000 6
1214.0000 7
1285.0000 6
1915.0000 2
1916.0000 6
1286.0000 6
2182.0000 6
1290.0000 7
2185.0000 6
1922.0000 5
1222.0000 5
1223.0000 5
1223.0000 6
2188.0000 8
1295.0000 5
1225.0000 9
1225.0000 9
1226.0000 9
1297.0000 4
1928.0000 8
2191.0000 6
1298.0000 5
1228.0000 7
1300.0000 8
1301.0000 7
2194.0000 6
1231.0000 8
2196.0000 8
1232.0000 7
1305.0000 5
1306.0000 5
1235.0000 9
2200.0000 7
1237.0000 8
1309.0000 10
1939.0000 12
1238.0000 8
1311.0000 5
1312.0000 5
2205.0000 6
1943.0000 11
1242.0000 10
1943.0000 10
1243.0000 7
1244.0000 8
1945.0000 5
2209.0000 9
1245.0000 5
1247.0000 7
2211.0000 8
1318.0000 9
1318.0000 5
1251.0000 8
1251.0000 9
1323.0000 5
1323.0000 5
1325.0000 7
1254.0000 5
1255.0000 8
2219.0000 8
2219.0000 8
1958.0000 9
1257.0000 7
1258.0000 7
1258.0000 8
1959.0000 10
1259.0000 6
1260.0000 8
1331.0000 4
1962.0000 10
1261.0000 8
1962.0000 5
1333.0000 11
2227.0000 8
2227.0000 7
2228.0000 8
2228.0000 8
1264.0000 8
2228.0000 6
1335.0000 4
2228.0000 6
1265.0000 4
1336.0000 9
1266.0000 9
2230.0000 8
1337.0000 5
1968.0000 8
1969.0000 10
1339.0000 7
128.0000 9
2235.0000 8
2235.0000 6
2235.0000 7
1343.0000 6
1272.0000 8
2236.0000 8
1344.0000 5
1344.0000 6
1976.0000 10
1976.0000 10
1276.0000 6
1978.0000 8
1348.0000 6
1277.0000 12
1349.0000 7
1349.0000 9
2242.0000 6
1279.0000 8
1280.0000 9
1281.0000 10
1352.0000 6
1281.0000 6
1281.0000 2
1982.0000 8
1353.0000 9
1282.0000 7
1355.0000 5
1355.0000 6
1285.0000 7
2249.0000 8
1285.0000 6
1286.0000 6
1357.0000 7
2251.0000 8
1989.0000 9
1359.0000 6
1989.0000 5
1290.0000 8
2254.0000 8
1361.0000 7
2254.0000 8
1292.0000 6
2257.0000 7
1294.0000 9
1294.0000 6
1019.0000 9
1294.0000 10
1366.0000 4
1367.0000 7
1997.0000 9
1368.0000 10
1297.0000 6
1370.0000 5
1371.0000 3
2264.0000 8
1302.0000 8
1027.0000 4
2267.0000 8
1303.0000 6
1303.0000 8
2005.0000 8
1306.0000 6
785.0000 6
786.0000 6
1309.0000 4
1310.0000 2
1310.0000 7
1311.0000 10
2012.0000 9
1312.0000 8
789.0000 8
2276.0000 8
2278.0000 7
1314.0000 8
792.0000 8
2279.0000 8
1388.0000 10
2281.0000 7
2282.0000 8
1392.0000 6
1392.0000 4
1321.0000 6
1392.0000 8
1322.0000 11
2025.0000 9
1396.0000 5
1398.0000 6
2029.0000 10
1328.0000 6
805.0000 7
1332.0000 6
1333.0000 5
810.0000 4
813.0000 2
1337.0000 7
815.0000 7
1338.0000 8
1339.0000 8
818.0000 7
2043.0000 9
2309.0000 8
824.0000 2
2313.0000 7
826.0000 5
1354.0000 2
832.0000 7
2056.0000 7
833.0000 6
1428.0000 3
835.0000 7
836.0000 9
2326.0000 6
840.0000 6
1363.0000 8
1435.0000 6
1364.0000 6
2066.0000 10
1365.0000 6
1438.0000 6
1439.0000 4
1370.0000 8
848.0000 10
848.0000 5
1372.0000 5
1372.0000 6
850.0000 7
2075.0000 10
1375.0000 4
852.0000 7
1376.0000 7
853.0000 3
854.0000 7
1377.0000 6
855.0000 7
1449.0000 4
1451.0000 10
858.0000 5
858.0000 6
859.0000 8
1453.0000 4
1383.0000 7
860.0000 7
860.0000 7
1384.0000 10
861.0000 8
861.0000 7
863.0000 6
1386.0000 8
864.0000 7
866.0000 10
2353.0000 6
1389.0000 6
2093.0000 5
869.0000 7
1464.0000 8
871.0000 9
1467.0000 5
1467.0000 7
1690.0000 9
874.0000 9
2361.0000 7
876.0000 6
1401.0000 9
881.0000 7
882.0000 8
1405.0000 8
1406.0000 6
883.0000 8
883.0000 6
884.0000 7
1479.0000 10
2373.0000 8
887.0000 6
149.0000 8
1481.0000 8
889.0000 3
1412.0000 10
2113.0000 10
1484.0000 8
890.0000 9
1489.0000 8
1490.0000 5
897.0000 6
2121.0000 10
1714.0000 10
898.0000 8
899.0000 6
1423.0000 11
1716.0000 11
900.0000 7
1496.0000 6
903.0000 8
1499.0000 6
908.0000 6
2134.0000 12
911.0000 6
1728.0000 10
1731.0000 9
1438.0000 10
915.0000 10
2402.0000 7
1732.0000 6
916.0000 8
1733.0000 6
1733.0000 8
2141.0000 8
1512.0000 10
1734.0000 10
1735.0000 4
1442.0000 9
919.0000 6
2407.0000 7
921.0000 8
1737.0000 10
1737.0000 11
1516.0000 6
922.0000 5
1740.0000 7
1740.0000 8
925.0000 4
1743.0000 4
1743.0000 11
1744.0000 9
928.0000 7
929.0000 7
1745.0000 13
1745.0000 7
1745.0000 7
930.0000 3
1453.0000 8
1747.0000 10
1456.0000 7
1749.0000 10
935.0000 8
1754.0000 7
1754.0000 8
1754.0000 10
1462.0000 7
1755.0000 10
1756.0000 7
1756.0000 5
1756.0000 7
942.0000 3
1758.0000 8
2430.0000 7
1759.0000 9
1759.0000 6
1760.0000 4
2170.0000 9
946.0000 11
1763.0000 12
2171.0000 9
1763.0000 9
1764.0000 9
1542.0000 8
1473.0000 9
950.0000 9
1766.0000 10
1767.0000 11
1767.0000 11
1767.0000 9
1767.0000 6
1547.0000 6
1476.0000 7
1770.0000 7
1770.0000 11
1771.0000 8
1478.0000 7
1771.0000 9
956.0000 3
956.0000 7
1773.0000 10
1773.0000 9
1774.0000 13
1777.0000 10
1778.0000 7
1779.0000 9
963.0000 12
1780.0000 11
964.0000 6
1780.0000 10
1782.0000 9
966.0000 13
1783.0000 10
2191.0000 9
1783.0000 13
1562.0000 7
2195.0000 10
1788.0000 8
972.0000 13
1788.0000 7
1789.0000 8
1789.0000 12
1790.0000 7
1790.0000 12
1790.0000 11
2461.0000 9
1791.0000 6
1791.0000 12
1791.0000 7
1791.0000 8
1792.0000 10
1792.0000 8
1792.0000 8
1792.0000 8
1793.0000 5
1793.0000 12
1793.0000 9
1793.0000 11
978.0000 11
978.0000 8
1794.0000 8
1573.0000 6
1796.0000 11
1796.0000 8
1796.0000 10
980.0000 9
1796.0000 8
1503.0000 6
1797.0000 9
1797.0000 6
1797.0000 11
981.0000 6
1798.0000 7
1798.0000 7
982.0000 6
2206.0000 5
1506.0000 8
1507.0000 8
1800.0000 10
1800.0000 8
1801.0000 7
1802.0000 9
987.0000 7
1803.0000 10
987.0000 7
1511.0000 6
1511.0000 6
1804.0000 8
1583.0000 6
1805.0000 8
989.0000 9
1806.0000 7
1806.0000 11
1807.0000 10
1585.0000 7
991.0000 13
1808.0000 9
1808.0000 9
1808.0000 13
2216.0000 9
1809.0000 8
1809.0000 6
1809.0000 8
1587.0000 6
2219.0000 7
1812.0000 8
996.0000 11
1520.0000 8
2485.0000 7
1814.0000 8
1814.0000 9
1815.0000 10
1815.0000 10
1815.0000 7
1815.0000 8
2487.0000 8
1817.0000 9
1817.0000 8
2226.0000 10
1819.0000 6
1003.0000 7
1820.0000 9
1005.0000 9
2492.0000 8
1823.0000 12
1532.0000 11
2233.0000 4
1826.0000 8
1827.0000 9
1606.0000 7
1828.0000 12
1829.0000 8
1829.0000 7
1829.0000 9
1830.0000 13
1831.0000 12
2240.0000 10
1832.0000 6
1018.0000 6
1834.0000 9
1834.0000 7
1835.0000 12
1835.0000 12
1837.0000 10
1021.0000 9
1023.0000 8
1839.0000 10
1839.0000 8
1841.0000 11
1026.0000 10
1843.0000 5
1845.0000 8
1845.0000 9
1846.0000 6
1846.0000 12
1848.0000 12
1849.0000 8
2521.0000 8
1851.0000 5
1851.0000 12
1852.0000 9
1852.0000 7
1854.0000 12
2526.0000 6
1039.0000 6
2264.0000 10
1041.0000 5
1858.0000 10
1858.0000 7
598.0000 7
1861.0000 12
1868.0000 13
1870.0000 9
1870.0000 6
1871.0000 7
1872.0000 9
1873.0000 9
1873.0000 9
1581.0000 6
1875.0000 11
1653.0000 6
1060.0000 13
1876.0000 9
1879.0000 6
1657.0000 8
2560.0000 7
1889.0000 8
1893.0000 10
1904.0000 8
1908.0000 8
1908.0000 9
2320.0000 9
2321.0000 9
1623.0000 6
1917.0000 9
2589.0000 7
1697.0000 6
1921.0000 7
2593.0000 8
1629.0000 6
2593.0000 7
1109.0000 6
2597.0000 6
1928.0000 9
1112.0000 8
1707.0000 5
1116.0000 9
1934.0000 10
1713.0000 8
1935.0000 10
1936.0000 8
206.0000 5
1937.0000 7
2611.0000 7
1941.0000 9
1945.0000 11
1653.0000 6
1947.0000 5
1654.0000 12
1948.0000 7
1948.0000 9
2357.0000 9
2358.0000 10
2623.0000 8
1731.0000 5
1953.0000 5
2625.0000 9
1955.0000 12
1733.0000 6
1955.0000 9
1956.0000 8
2364.0000 4
1957.0000 7
2366.0000 8
1958.0000 9
2368.0000 9
1960.0000 7
1668.0000 6
1145.0000 5
2372.0000 10
1965.0000 6
2636.0000 7
1967.0000 9
1675.0000 6
1968.0000 6
1746.0000 7
1746.0000 6
1968.0000 9
1969.0000 9
1969.0000 9
1154.0000 13
1749.0000 5
1155.0000 9
1973.0000 6
1751.0000 4
1973.0000 10
2382.0000 8
1974.0000 6
1977.0000 5
1978.0000 5
1162.0000 6
1978.0000 4
1979.0000 8
2392.0000 10
1985.0000 6
1986.0000 9
1987.0000 9
1988.0000 7
1172.0000 11
1989.0000 12
1989.0000 10
1991.0000 11
1996.0000 5
2000.0000 8
2005.0000 6
2006.0000 9
2007.0000 9
1787.0000 10
2009.0000 8
2681.0000 7
2011.0000 10
2012.0000 13
2421.0000 8
2014.0000 6
1199.0000 5
2016.0000 7
2687.0000 7
2017.0000 9
2427.0000 4
1726.0000 10
2023.0000 13
2433.0000 10
2026.0000 8
2699.0000 6
1738.0000 6
2703.0000 8
2034.0000 6
1219.0000 6
2036.0000 8
2036.0000 5
1221.0000 8
1221.0000 9
1818.0000 6
2041.0000 5
1821.0000 4
2043.0000 8
2046.0000 6
1754.0000 6
2720.0000 7
2458.0000 10
1830.0000 5
2052.0000 8
55.0000 4
2054.0000 11
2055.0000 9
2055.0000 6
2057.0000 4
2059.0000 6
1837.0000 8
2730.0000 9
2062.0000 8
1840.0000 7
2062.0000 4
2063.0000 10
1776.0000 8
1255.0000 13
1259.0000 8
1259.0000 10
2078.0000 8
2078.0000 6
2079.0000 10
2081.0000 6
2084.0000 8
2085.0000 11
2087.0000 5
1272.0000 5
2090.0000 10
2090.0000 9
2092.0000 7
1799.0000 7
1276.0000 12
1277.0000 13
2094.0000 6
2095.0000 9
2769.0000 7
2769.0000 8
2507.0000 12
2100.0000 10
1809.0000 7
1881.0000 6
1811.0000 7
1885.0000 7
1814.0000 6
2778.0000 8
1292.0000 11
2780.0000 6
2781.0000 7
1820.0000 8
1892.0000 6
1300.0000 5
2116.0000 7
2117.0000 9
1897.0000 6
2120.0000 10
1308.0000 10
2126.0000 9
1311.0000 7
2127.0000 7
2128.0000 10
2128.0000 6
1314.0000 11
2137.0000 5
2139.0000 6
2141.0000 8
2156.0000 8
2159.0000 9
2161.0000 11
2164.0000 11
2166.0000 8
2170.0000 10
2175.0000 7
1359.0000 7
2175.0000 8
2182.0000 8
2183.0000 7
2187.0000 11
2190.0000 8
2599.0000 11
2608.0000 12
1386.0000 9
2877.0000 7
2209.0000 10
1917.0000 7
1994.0000 7
1402.0000 9
2218.0000 10
2220.0000 6
2226.0000 9
2004.0000 5
2228.0000 8
1417.0000 8
976.0000 9
2238.0000 11
53.0000 6
2240.0000 11
1426.0000 6
2654.0000 10
2250.0000 10
1444.0000 11
1453.0000 4
2276.0000 9
1990.0000 6
2286.0000 9
2070.0000 3
1477.0000 9
2703.0000 10
1487.0000 6
752.0000 8
2014.0000 6
1492.0000 7
42.0000 4
2088.0000 6
2984.0000 8
1497.0000 10
1498.0000 9
1502.0000 5
1503.0000 7
1503.0000 9
1503.0000 11
1504.0000 6
1506.0000 6
1506.0000 9
2324.0000 6
1514.0000 10
3001.0000 6
1515.0000 6
1515.0000 5
1516.0000 9
1517.0000 8
1518.0000 6
1518.0000 8
1518.0000 5
1519.0000 12
1521.0000 9
2340.0000 8
1525.0000 11
1525.0000 8
2342.0000 9
1527.0000 11
1528.0000 8
2051.0000 6
1528.0000 6
1530.0000 10
1532.0000 9
1533.0000 11
1534.0000 8
1534.0000 6
1535.0000 9
1536.0000 11
1538.0000 9
1539.0000 9
1541.0000 10
1541.0000 5
1541.0000 7
1541.0000 9
2358.0000 10
1542.0000 8
1543.0000 9
2360.0000 6
1547.0000 7
1548.0000 11
1548.0000 8
1550.0000 10
1551.0000 12
1554.0000 9
1554.0000 9
1554.0000 11
1554.0000 7
1556.0000 10
1556.0000 9
2150.0000 5
1559.0000 6
1559.0000 9
1559.0000 8
1562.0000 6
1563.0000 6
1563.0000 10
1564.0000 9
1569.0000 6
1569.0000 7
1570.0000 9
1570.0000 8
1573.0000 6
1573.0000 6
1574.0000 9
1574.0000 6
1574.0000 7
2098.0000 6
1575.0000 6
2392.0000 6
1576.0000 5
1576.0000 8
3065.0000 8
1579.0000 6
1579.0000 5
1580.0000 7
1580.0000 11
2805.0000 9
1582.0000 6
1582.0000 5
1583.0000 5
1586.0000 9
1588.0000 5
1592.0000 7
1592.0000 7
1593.0000 9
2190.0000 6
1599.0000 6
1602.0000 6
2419.0000 6
1603.0000 7
2126.0000 7
1605.0000 6
3093.0000 7
1607.0000 7
1609.0000 6
1609.0000 7
78.0000 3
1612.0000 6
2428.0000 6
1613.0000 8
1613.0000 9
2429.0000 5
1617.0000 10
1617.0000 7
1619.0000 6
1621.0000 9
2438.0000 8
1623.0000 8
1623.0000 7
1625.0000 5
1629.0000 8
1630.0000 5
1631.0000 5
1634.0000 6
1634.0000 9
1637.0000 7
1640.0000 6
2457.0000 6
1641.0000 10
1641.0000 7
1643.0000 5
1646.0000 9
1652.0000 7
2471.0000 10
1658.0000 7
1661.0000 5
1662.0000 6
1664.0000 10
2481.0000 9
2262.0000 7
1673.0000 7
1673.0000 6
1674.0000 5
1675.0000 13
1675.0000 7
1232.0000 12
1681.0000 7
1685.0000 7
3174.0000 9
2507.0000 6
1692.0000 5
1695.0000 5
1697.0000 6
1700.0000 10
1703.0000 5
1710.0000 6
1711.0000 9
1712.0000 10
1715.0000 9
2312.0000 6
2245.0000 8
3212.0000 8
2544.0000 6
2958.0000 10
2559.0000 7
2271.0000 7
1752.0000 7
1752.0000 7
1760.0000 7
1766.0000 7
1769.0000 7
2587.0000 7
3261.0000 8
1777.0000 5
1779.0000 7
1783.0000 6
1788.0000 7
1790.0000 7
1052.0000 8
2385.0000 4
1795.0000 13
1802.0000 8
1803.0000 9
1803.0000 13
1813.0000 7
1817.0000 6
1824.0000 9
1826.0000 8
2361.0000 6
2656.0000 9
1841.0000 6
1852.0000 9
1852.0000 7
1422.0000 9
1867.0000 5
1880.0000 5
1895.0000 7
119.0000 3
1911.0000 9
2739.0000 6
1938.0000 5
2467.0000 5
2763.0000 6
3437.0000 6
1957.0000 13
1965.0000 10
1968.0000 5
1991.0000 6
2811.0000 6
3485.0000 8
2525.0000 10
2005.0000 5
2012.0000 7
3238.0000 9
2029.0000 6
2046.0000 5
25.0000 4
1620.0000 11
2074.0000 9
2896.0000 4
2083.0000 9
2088.0000 7
2092.0000 7
2098.0000 7
356.0000 10
360.0000 5
377.0000 8
378.0000 10
379.0000 5
983.0000 10
383.0000 8
2984.0000 8
388.0000 9
389.0000 7
390.0000 9
392.0000 8
393.0000 4
393.0000 5
397.0000 11
401.0000 9
401.0000 10
2186.0000 6
403.0000 3
404.0000 4
404.0000 10
404.0000 11
405.0000 13
408.0000 7
409.0000 8
411.0000 12
413.0000 10
414.0000 3
416.0000 8
417.0000 10
417.0000 10
417.0000 2
418.0000 10
418.0000 7
420.0000 5
420.0000 9
3019.0000 6
420.0000 11
420.0000 10
420.0000 9
2204.0000 6
422.0000 9
423.0000 4
423.0000 9
425.0000 9
426.0000 12
431.0000 5
431.0000 10
433.0000 10
434.0000 11
435.0000 3
437.0000 12
437.0000 9
438.0000 12
438.0000 3
439.0000 2
443.0000 9
445.0000 7
446.0000 5
447.0000 10
448.0000 9
449.0000 9
450.0000 9
451.0000 11
452.0000 12
452.0000 8
454.0000 9
455.0000 12
455.0000 10
455.0000 12
456.0000 10
458.0000 9
460.0000 8
461.0000 10
463.0000 7
463.0000 10
464.0000 7
467.0000 12
468.0000 10
473.0000 9
473.0000 9
474.0000 11
3481.0000 4
477.0000 9
479.0000 5
480.0000 4
480.0000 12
480.0000 8
481.0000 10
481.0000 7
481.0000 10
482.0000 11
483.0000 5
485.0000 2
485.0000 9
485.0000 10
486.0000 10
486.0000 7
486.0000 6
486.0000 11
2270.0000 5
2864.0000 7
487.0000 10
487.0000 11
487.0000 9
488.0000 4
490.0000 4
490.0000 5
490.0000 8
491.0000 10
491.0000 9
493.0000 2
493.0000 8
494.0000 12
494.0000 8
495.0000 10
496.0000 6
497.0000 7
497.0000 10
498.0000 9
498.0000 11
499.0000 9
499.0000 8
500.0000 9
500.0000 9
502.0000 2
503.0000 5
504.0000 10
505.0000 11
505.0000 9
506.0000 11
506.0000 8
507.0000 8
511.0000 9
513.0000 11
515.0000 5
517.0000 8
518.0000 11
520.0000 10
520.0000 5
520.0000 8
520.0000 9
522.0000 10
522.0000 10
523.0000 9
2307.0000 9
525.0000 8
526.0000 8
526.0000 8
527.0000 10
527.0000 10
527.0000 6
529.0000 7
529.0000 11
531.0000 9
532.0000 7
532.0000 9
532.0000 8
533.0000 7
534.0000 6
534.0000 10
537.0000 9
539.0000 10
540.0000 10
541.0000 11
542.0000 12
542.0000 9
542.0000 8
542.0000 9
542.0000 7
543.0000 7
543.0000 6
544.0000 8
545.0000 9
547.0000 5
548.0000 10
548.0000 5
553.0000 10
553.0000 10
554.0000 13
554.0000 3
554.0000 6
555.0000 12
556.0000 12
556.0000 8
558.0000 4
558.0000 12
561.0000 5
561.0000 10
563.0000 8
566.0000 9
567.0000 5
568.0000 7
568.0000 10
568.0000 6
569.0000 9
570.0000 10
570.0000 7
572.0000 7
573.0000 12
573.0000 10
573.0000 9
573.0000 8
574.0000 11
575.0000 13
575.0000 12
576.0000 7
577.0000 8
578.0000 5
579.0000 8
580.0000 10
583.0000 8
583.0000 3
583.0000 10
584.0000 7
589.0000 10
589.0000 9
590.0000 9
598.0000 8
602.0000 5
603.0000 12
604.0000 10
605.0000 11
605.0000 11
606.0000 7
610.0000 12
616.0000 10
618.0000 9
619.0000 11
620.0000 8
289.0000 7
620.0000 4
622.0000 7
628.0000 9
629.0000 5
630.0000 11
635.0000 12
636.0000 9
645.0000 9
654.0000 11
100.0000 8
660.0000 8
660.0000 12
661.0000 9
664.0000 6
669.0000 4
671.0000 6
674.0000 9
679.0000 9
682.0000 5
684.0000 5
269.0000 6
696.0000 10
698.0000 10
702.0000 9
711.0000 4
712.0000 10
716.0000 7
716.0000 10
2511.0000 7
742.0000 8
774.0000 8
797.0000 7
797.0000 13
810.0000 8
825.0000 10
832.0000 5
840.0000 10
860.0000 10
865.0000 9
261.0000 5
2686.0000 7
909.0000 7
937.0000 7
938.0000 7
963.0000 10
1005.0000 13
1008.0000 6
1010.0000 13
1011.0000 10
1050.0000 5
270.0000 6
1098.0000 7
1101.0000 10
1130.0000 10
1197.0000 12
1199.0000 8
1295.0000 8
350.0000 7
1406.0000 7
1416.0000 12
1419.0000 9
1421.0000 7
1514.0000 7
4797.0000 8
3837.0000 10
1538.0000 5
1539.0000 7
1600.0000 10
1606.0000 7
1613.0000 10
1701.0000 8
1822.0000 10
1822.0000 11
1848.0000 9
469.0000 7
1887.0000 9
1992.0000 8
2023.0000 11
4658.0000 9
4369.0000 8
2063.0000 6
2067.0000 9
4447.0000 5
5365.0000 6
647.0000 7
4201.0000 5
2430.0000 9
2461.0000 7
2512.0000 7
427.0000 10
2610.0000 7
364.0000 7
2724.0000 11
2772.0000 12
5916.0000 4
615.0000 10
3206.0000 7
6258.0000 10
598.0000 10
467.0000 8
615.0000 8
1060.0000 15
573.0000 11
934.0000 7
24.0000 2
155.0000 2
188.0000 2
1037.0000 9
averageTime:1500.2440503966402  averageHopCount:7.7120858609426035
