# deliveryTime  hopCount
148.0000 8
105.0000 10
183.0000 6
119.0000 6
96.0000 5
136.0000 4
227.0000 7
109.0000 5
1716.0000 7
1456.0000 4
1776.0000 5
81.0000 8
1530.0000 11
1566.0000 6
1844.0000 11
1853.0000 8
1593.0000 9
968.0000 7
1883.0000 7
1057.0000 7
1960.0000 6
1700.0000 5
1712.0000 5
1984.0000 6
1984.0000 6
1724.0000 6
1724.0000 5
1737.0000 6
1738.0000 8
1743.0000 12
1744.0000 3
2009.0000 8
2012.0000 6
2013.0000 6
2017.0000 6
1756.0000 9
1757.0000 6
1759.0000 12
1129.0000 8
2023.0000 7
2028.0000 9
1136.0000 9
1136.0000 10
1065.0000 6
2033.0000 7
1069.0000 8
2033.0000 12
1771.0000 9
2034.0000 9
2034.0000 6
1773.0000 12
1144.0000 5
1774.0000 11
2037.0000 9
1776.0000 8
2040.0000 7
1147.0000 7
2043.0000 8
2045.0000 7
1782.0000 3
2046.0000 12
2047.0000 9
1154.0000 5
1785.0000 10
1785.0000 5
1786.0000 12
1786.0000 11
1787.0000 8
2050.0000 6
2050.0000 8
1157.0000 5
1787.0000 8
2051.0000 12
2052.0000 9
2053.0000 6
1091.0000 7
2055.0000 9
1793.0000 10
2056.0000 7
2056.0000 5
1793.0000 8
1795.0000 9
2059.0000 7
2059.0000 7
1796.0000 11
2059.0000 9
2060.0000 4
1797.0000 6
1799.0000 12
1799.0000 9
2062.0000 5
1800.0000 9
2063.0000 9
2067.0000 6
1804.0000 10
2067.0000 6
1804.0000 14
2067.0000 5
2069.0000 8
2069.0000 7
2069.0000 6
139.0000 8
2070.0000 8
2071.0000 7
2072.0000 10
1809.0000 11
2073.0000 8
2073.0000 7
2073.0000 7
1811.0000 10
1811.0000 10
2075.0000 9
2075.0000 13
1813.0000 5
1813.0000 9
1814.0000 8
1185.0000 8
1815.0000 5
1185.0000 5
1815.0000 11
1815.0000 8
2078.0000 7
1815.0000 10
2079.0000 8
1186.0000 6
2080.0000 9
1817.0000 10
1187.0000 10
2081.0000 10
2081.0000 14
2083.0000 13
1820.0000 8
1822.0000 11
1194.0000 7
1194.0000 10
2088.0000 9
1825.0000 11
1826.0000 13
2089.0000 9
2090.0000 8
2091.0000 6
1828.0000 6
2092.0000 13
2092.0000 11
1830.0000 8
2094.0000 10
1831.0000 10
1831.0000 11
1831.0000 5
2095.0000 9
2095.0000 12
2096.0000 10
1833.0000 8
1834.0000 13
1834.0000 11
2097.0000 9
2099.0000 9
2099.0000 7
2099.0000 7
1208.0000 6
1839.0000 6
2102.0000 8
1839.0000 9
2103.0000 7
2104.0000 13
2104.0000 11
1140.0000 7
2105.0000 7
1212.0000 8
1842.0000 8
2105.0000 13
2107.0000 7
1214.0000 7
1145.0000 7
1145.0000 6
2109.0000 5
2109.0000 8
2110.0000 13
1218.0000 8
2111.0000 9
1850.0000 11
1851.0000 6
1851.0000 10
1852.0000 10
2117.0000 13
2117.0000 12
2117.0000 11
1854.0000 10
1224.0000 8
2119.0000 6
2119.0000 9
1857.0000 6
2120.0000 7
2121.0000 7
1157.0000 7
2122.0000 12
2123.0000 11
1861.0000 12
2124.0000 7
1232.0000 5
1862.0000 12
1233.0000 7
1863.0000 11
1864.0000 11
1864.0000 6
1163.0000 8
2128.0000 7
1866.0000 11
1866.0000 4
2129.0000 12
1236.0000 8
2129.0000 13
2130.0000 7
1166.0000 5
1869.0000 9
1869.0000 13
1240.0000 7
1170.0000 5
1872.0000 10
1172.0000 7
2136.0000 8
1245.0000 4
2139.0000 9
2139.0000 9
1176.0000 8
2140.0000 6
2141.0000 6
1880.0000 6
1881.0000 11
1251.0000 8
1881.0000 11
1180.0000 7
2145.0000 6
1181.0000 7
1182.0000 8
1182.0000 9
2146.0000 11
1183.0000 7
1884.0000 11
2147.0000 9
1884.0000 13
1255.0000 7
1885.0000 9
1256.0000 6
2150.0000 8
1186.0000 8
2150.0000 8
2152.0000 10
1260.0000 6
1191.0000 8
2155.0000 7
1264.0000 8
1266.0000 9
1266.0000 4
1196.0000 8
1899.0000 12
2163.0000 11
1270.0000 7
1271.0000 10
1271.0000 10
1901.0000 8
1903.0000 12
1203.0000 5
2167.0000 10
2168.0000 9
1204.0000 8
2169.0000 8
1205.0000 6
2170.0000 9
1279.0000 5
1209.0000 3
1912.0000 6
1212.0000 7
1913.0000 5
1213.0000 7
1285.0000 6
1916.0000 8
1917.0000 12
2181.0000 12
2181.0000 11
2183.0000 10
2184.0000 10
1292.0000 3
2185.0000 12
1293.0000 4
1223.0000 5
1223.0000 8
2188.0000 12
2190.0000 10
1226.0000 6
2190.0000 8
1927.0000 6
2192.0000 14
1930.0000 11
1930.0000 11
1523.0000 12
1302.0000 5
1932.0000 11
1303.0000 4
1232.0000 7
1306.0000 7
1307.0000 6
2200.0000 7
1308.0000 4
1308.0000 7
1308.0000 9
2201.0000 6
1309.0000 6
2203.0000 9
1942.0000 10
1942.0000 7
1312.0000 7
1943.0000 5
1943.0000 8
1945.0000 5
2209.0000 9
1317.0000 9
1317.0000 7
1247.0000 8
1949.0000 5
1950.0000 11
1320.0000 11
1249.0000 6
1320.0000 11
1250.0000 8
2215.0000 7
1952.0000 6
1323.0000 6
1323.0000 11
1252.0000 8
1323.0000 9
1253.0000 9
1325.0000 5
1255.0000 10
1958.0000 11
1328.0000 6
1329.0000 7
1330.0000 5
1961.0000 11
1331.0000 9
2225.0000 8
1333.0000 6
2226.0000 8
1556.0000 7
1334.0000 11
1264.0000 6
1264.0000 11
1264.0000 5
1965.0000 6
1967.0000 11
2230.0000 7
1266.0000 7
1968.0000 10
1269.0000 12
1972.0000 13
1342.0000 5
2236.0000 7
2237.0000 8
1344.0000 8
1275.0000 11
1277.0000 8
1277.0000 8
1978.0000 13
1350.0000 7
2243.0000 7
1279.0000 7
1350.0000 9
1281.0000 5
1352.0000 10
1281.0000 6
1984.0000 12
1576.0000 9
2247.0000 8
1984.0000 12
2248.0000 14
1577.0000 8
1355.0000 5
1985.0000 11
1356.0000 6
1357.0000 7
1987.0000 12
1987.0000 8
1287.0000 7
1359.0000 11
2254.0000 8
1583.0000 6
2255.0000 8
2256.0000 11
1585.0000 11
1293.0000 9
1364.0000 7
1587.0000 7
1587.0000 12
1365.0000 9
1365.0000 8
1295.0000 8
1295.0000 7
1295.0000 7
1295.0000 6
1996.0000 12
1296.0000 11
2260.0000 7
2261.0000 6
1368.0000 7
1369.0000 10
1299.0000 8
2263.0000 8
1371.0000 7
1372.0000 4
1372.0000 9
1594.0000 6
2003.0000 10
1595.0000 10
1373.0000 8
2267.0000 11
2004.0000 14
2005.0000 10
2269.0000 7
1376.0000 8
1377.0000 6
1306.0000 7
2007.0000 9
1599.0000 7
2271.0000 6
1307.0000 7
1309.0000 9
1309.0000 6
2273.0000 5
1309.0000 11
2011.0000 6
2011.0000 9
1311.0000 10
2275.0000 7
1382.0000 7
1312.0000 10
2276.0000 6
1312.0000 9
2013.0000 12
1605.0000 4
1383.0000 9
1313.0000 9
1316.0000 10
175.0000 5
2017.0000 10
2019.0000 5
1318.0000 10
1319.0000 11
1319.0000 7
1392.0000 6
1321.0000 11
1321.0000 8
1322.0000 11
1393.0000 5
2024.0000 10
2287.0000 7
1395.0000 6
1395.0000 8
1617.0000 8
1395.0000 8
1395.0000 6
2288.0000 7
1395.0000 10
1398.0000 9
2028.0000 12
1327.0000 6
1328.0000 6
1399.0000 8
1399.0000 10
1400.0000 9
1401.0000 5
1402.0000 6
2033.0000 6
1332.0000 9
2297.0000 9
2034.0000 7
1334.0000 8
1334.0000 7
2036.0000 6
1335.0000 11
1629.0000 7
2300.0000 8
1336.0000 11
2037.0000 9
2300.0000 8
1336.0000 11
1630.0000 10
2038.0000 11
2039.0000 13
1339.0000 11
1410.0000 8
1411.0000 5
2304.0000 15
2304.0000 7
1634.0000 8
1341.0000 7
1412.0000 5
2306.0000 8
1635.0000 9
2306.0000 8
2043.0000 10
1343.0000 6
2044.0000 9
1345.0000 9
1346.0000 6
1417.0000 9
1347.0000 10
1640.0000 8
2048.0000 6
2312.0000 7
1348.0000 8
2312.0000 11
1419.0000 7
2313.0000 14
1642.0000 6
1421.0000 6
1422.0000 8
2315.0000 8
2315.0000 7
2052.0000 9
2053.0000 13
1646.0000 9
2317.0000 11
2055.0000 13
2056.0000 9
1649.0000 9
1649.0000 7
1356.0000 7
1427.0000 9
1650.0000 13
1650.0000 7
1357.0000 10
1429.0000 7
2322.0000 8
2323.0000 7
1430.0000 7
1430.0000 7
2324.0000 10
1432.0000 7
2062.0000 12
2062.0000 12
2326.0000 7
1655.0000 9
2063.0000 13
2328.0000 7
1435.0000 6
1364.0000 6
1435.0000 7
1657.0000 7
1435.0000 6
2328.0000 16
1657.0000 8
1436.0000 8
1437.0000 9
2067.0000 6
2068.0000 7
1438.0000 7
2068.0000 5
1660.0000 10
1660.0000 9
1367.0000 10
1660.0000 6
2069.0000 9
1441.0000 7
1370.0000 12
1370.0000 7
1372.0000 6
1444.0000 9
2337.0000 13
1666.0000 7
1667.0000 8
2339.0000 8
1668.0000 11
1447.0000 7
2077.0000 9
1448.0000 3
2078.0000 6
1671.0000 8
2079.0000 13
2343.0000 13
1379.0000 11
1379.0000 8
2080.0000 11
1451.0000 6
1451.0000 7
1381.0000 6
1674.0000 11
2346.0000 9
1382.0000 11
1675.0000 11
1455.0000 4
1677.0000 10
1384.0000 7
2350.0000 16
1387.0000 8
1681.0000 7
1681.0000 10
2353.0000 7
2353.0000 9
1460.0000 8
2092.0000 15
1462.0000 9
1392.0000 10
1392.0000 12
2094.0000 7
2357.0000 7
2358.0000 8
2358.0000 7
1465.0000 7
1467.0000 9
1396.0000 8
1467.0000 10
1467.0000 7
1690.0000 7
1690.0000 10
1398.0000 9
1469.0000 9
1692.0000 8
2100.0000 5
2363.0000 7
1692.0000 11
1692.0000 7
1471.0000 4
1694.0000 11
1694.0000 8
1401.0000 7
2365.0000 11
1473.0000 8
1695.0000 9
1473.0000 10
1695.0000 9
2104.0000 8
1696.0000 14
1696.0000 9
1403.0000 14
1697.0000 12
1698.0000 12
1405.0000 10
1699.0000 7
2107.0000 10
1478.0000 6
1701.0000 10
2109.0000 12
2109.0000 13
1409.0000 6
2373.0000 8
1480.0000 6
1410.0000 12
1705.0000 9
1414.0000 9
1708.0000 11
1416.0000 7
1487.0000 3
1418.0000 7
1711.0000 9
2382.0000 11
1712.0000 8
2383.0000 8
2383.0000 7
2120.0000 5
1492.0000 8
1714.0000 10
1714.0000 11
2122.0000 8
1715.0000 9
1715.0000 10
2123.0000 6
1423.0000 6
2124.0000 11
2387.0000 8
1495.0000 9
1425.0000 9
2389.0000 11
2389.0000 7
1497.0000 8
1719.0000 10
2127.0000 10
2390.0000 6
2390.0000 17
1719.0000 11
1498.0000 8
1721.0000 8
1721.0000 9
1429.0000 7
1500.0000 10
1500.0000 8
1722.0000 7
1722.0000 15
1500.0000 9
1723.0000 6
1502.0000 6
1725.0000 6
2397.0000 7
172.0000 5
1433.0000 12
2399.0000 9
2136.0000 12
1435.0000 11
1728.0000 9
2138.0000 8
1509.0000 10
2403.0000 10
1510.0000 10
2140.0000 8
2140.0000 9
1440.0000 5
2141.0000 10
1734.0000 6
1735.0000 11
2145.0000 9
2145.0000 13
2148.0000 11
2150.0000 9
2414.0000 8
2151.0000 15
1523.0000 6
1745.0000 11
1746.0000 6
1524.0000 10
1525.0000 6
2155.0000 7
2156.0000 9
1749.0000 8
1750.0000 9
1457.0000 13
1751.0000 11
1752.0000 8
1754.0000 9
1461.0000 11
1461.0000 8
1754.0000 8
2426.0000 6
1756.0000 8
2428.0000 7
1536.0000 9
1758.0000 10
2166.0000 16
2430.0000 17
2169.0000 7
2432.0000 16
2432.0000 7
1761.0000 9
1539.0000 12
2169.0000 8
2170.0000 13
2434.0000 10
2434.0000 6
2435.0000 17
1764.0000 6
2436.0000 9
2173.0000 6
1767.0000 9
2175.0000 11
1475.0000 10
1475.0000 9
1769.0000 8
1770.0000 8
1770.0000 10
2179.0000 14
1478.0000 9
1550.0000 5
1479.0000 8
1773.0000 9
1551.0000 9
1773.0000 8
1481.0000 8
2446.0000 7
2447.0000 11
1776.0000 8
2184.0000 7
1554.0000 11
1484.0000 7
2448.0000 8
2449.0000 8
2186.0000 11
2450.0000 7
1486.0000 8
1780.0000 9
1781.0000 9
1781.0000 12
1781.0000 8
1489.0000 9
2453.0000 7
1782.0000 9
2454.0000 8
1490.0000 7
2191.0000 12
2455.0000 9
1562.0000 6
1784.0000 10
1562.0000 9
1562.0000 9
1492.0000 10
1785.0000 7
1563.0000 7
1564.0000 6
1493.0000 10
1786.0000 9
1786.0000 7
2195.0000 10
2196.0000 10
2196.0000 8
1567.0000 7
1791.0000 10
1569.0000 11
2199.0000 12
2463.0000 14
1793.0000 10
1793.0000 11
1794.0000 8
1795.0000 10
2466.0000 7
2204.0000 7
2204.0000 5
2468.0000 7
1575.0000 10
2206.0000 11
1799.0000 5
1800.0000 8
1579.0000 9
1509.0000 7
1581.0000 9
2475.0000 9
2476.0000 6
1512.0000 9
2477.0000 8
1806.0000 11
1809.0000 12
1810.0000 11
1811.0000 7
1519.0000 5
1590.0000 8
1519.0000 6
1519.0000 8
1591.0000 8
2484.0000 14
2222.0000 10
1522.0000 13
1523.0000 7
1596.0000 7
1818.0000 8
2227.0000 14
1598.0000 7
2229.0000 6
1600.0000 7
2232.0000 12
2233.0000 9
2234.0000 15
1607.0000 6
1536.0000 13
2237.0000 8
2237.0000 11
1537.0000 9
2239.0000 13
1610.0000 10
1833.0000 11
1612.0000 6
2506.0000 9
2506.0000 10
1615.0000 11
2246.0000 5
1838.0000 8
2510.0000 10
2511.0000 16
2513.0000 7
1549.0000 12
1844.0000 11
2253.0000 14
1552.0000 6
1553.0000 12
1846.0000 11
2520.0000 10
2520.0000 6
1849.0000 11
2520.0000 10
1849.0000 9
1557.0000 11
1559.0000 11
1630.0000 10
1853.0000 10
1632.0000 11
1855.0000 9
1562.0000 8
1564.0000 8
1637.0000 10
2532.0000 7
1862.0000 5
2271.0000 10
2534.0000 8
2272.0000 11
2535.0000 8
2273.0000 11
2536.0000 8
1866.0000 6
2276.0000 7
1576.0000 10
2279.0000 14
1871.0000 13
1580.0000 13
1580.0000 13
2546.0000 9
1876.0000 11
1654.0000 9
1654.0000 6
1585.0000 8
2551.0000 9
1659.0000 8
2291.0000 14
1886.0000 8
2558.0000 11
1666.0000 8
2297.0000 10
2299.0000 14
1669.0000 8
2300.0000 15
2564.0000 9
1893.0000 12
1671.0000 8
1894.0000 12
1602.0000 9
1895.0000 10
1895.0000 9
1603.0000 12
1606.0000 11
1678.0000 12
1607.0000 12
1901.0000 9
2310.0000 14
1902.0000 7
1682.0000 11
2575.0000 11
1906.0000 12
2314.0000 6
1907.0000 9
1615.0000 12
1686.0000 6
1621.0000 10
1917.0000 7
1626.0000 9
1923.0000 9
1631.0000 11
1925.0000 11
1925.0000 9
1703.0000 13
1705.0000 6
1637.0000 12
1934.0000 12
1714.0000 8
1716.0000 12
2620.0000 9
1950.0000 9
2359.0000 4
1659.0000 10
2361.0000 12
1731.0000 7
2362.0000 16
1955.0000 8
1956.0000 10
1956.0000 11
227.0000 6
1958.0000 10
1665.0000 12
1960.0000 10
1741.0000 12
2634.0000 10
1742.0000 6
1743.0000 12
2373.0000 9
1674.0000 7
2638.0000 10
1968.0000 8
1968.0000 11
2377.0000 10
1969.0000 6
1748.0000 6
1749.0000 10
2379.0000 12
1973.0000 4
1975.0000 10
1687.0000 7
2389.0000 15
1689.0000 9
1983.0000 8
2392.0000 10
1762.0000 14
2659.0000 6
2397.0000 16
1696.0000 7
2399.0000 5
1699.0000 6
1702.0000 9
1702.0000 9
1703.0000 14
2669.0000 10
2408.0000 8
1707.0000 8
1782.0000 11
2004.0000 8
1712.0000 10
1787.0000 9
2681.0000 8
1718.0000 9
2011.0000 13
1791.0000 9
2016.0000 11
2017.0000 9
1798.0000 10
2694.0000 8
2434.0000 10
1734.0000 7
2435.0000 12
2028.0000 11
2028.0000 6
2703.0000 9
2704.0000 6
1745.0000 10
1819.0000 9
2450.0000 15
2043.0000 11
2452.0000 13
2044.0000 11
1824.0000 9
1826.0000 15
52.0000 6
1758.0000 8
1759.0000 12
1831.0000 10
2054.0000 13
2055.0000 5
1769.0000 10
2062.0000 12
2065.0000 13
1776.0000 6
1848.0000 7
1849.0000 8
1780.0000 9
1853.0000 8
2075.0000 10
2076.0000 13
1854.0000 10
2485.0000 13
2486.0000 9
2079.0000 9
2081.0000 11
1790.0000 10
2085.0000 10
2088.0000 8
2089.0000 11
1797.0000 7
1798.0000 8
2500.0000 11
2093.0000 6
2503.0000 4
1875.0000 9
1805.0000 11
2098.0000 5
2770.0000 9
1883.0000 10
1812.0000 10
2778.0000 7
1815.0000 9
2780.0000 7
2110.0000 11
2113.0000 7
2114.0000 7
2117.0000 7
1824.0000 10
2119.0000 10
2120.0000 6
2121.0000 9
2794.0000 8
2531.0000 8
2124.0000 10
1906.0000 7
2133.0000 8
1841.0000 13
2806.0000 8
1843.0000 8
2139.0000 12
2811.0000 8
1918.0000 9
2551.0000 9
1851.0000 8
1922.0000 6
1922.0000 8
1924.0000 8
1855.0000 8
2152.0000 12
2560.0000 5
1861.0000 11
2826.0000 8
2156.0000 5
1863.0000 11
1934.0000 10
2564.0000 8
2570.0000 11
2570.0000 12
2570.0000 14
2571.0000 9
2164.0000 11
2836.0000 8
1947.0000 6
1880.0000 12
1883.0000 6
2176.0000 8
2587.0000 13
2588.0000 15
2593.0000 15
2186.0000 11
2187.0000 8
1895.0000 9
2188.0000 5
2860.0000 12
2597.0000 11
1968.0000 6
1969.0000 5
2600.0000 14
2605.0000 10
2197.0000 12
2197.0000 13
2869.0000 10
2869.0000 11
2199.0000 6
1977.0000 6
2608.0000 14
2202.0000 9
1981.0000 14
2874.0000 11
1981.0000 13
2205.0000 7
2215.0000 13
2628.0000 5
2892.0000 8
1933.0000 15
2903.0000 9
1944.0000 9
2651.0000 9
2657.0000 5
2670.0000 14
2266.0000 7
1981.0000 8
2686.0000 14
93.0000 4
2283.0000 9
2284.0000 8
2298.0000 11
2707.0000 15
2006.0000 11
2708.0000 9
2300.0000 6
2009.0000 13
2010.0000 11
2305.0000 8
2086.0000 7
2311.0000 12
2093.0000 14
2094.0000 6
2725.0000 9
2728.0000 10
2027.0000 6
2028.0000 8
2993.0000 17
2101.0000 10
2101.0000 5
2734.0000 8
2035.0000 7
2108.0000 7
2037.0000 6
2332.0000 7
2040.0000 8
66.0000 5
2041.0000 8
2335.0000 6
2045.0000 11
2046.0000 10
2341.0000 13
2750.0000 14
2343.0000 10
2122.0000 12
2123.0000 9
2123.0000 9
2349.0000 11
2759.0000 10
2353.0000 10
2354.0000 6
2062.0000 9
2133.0000 15
2067.0000 8
2364.0000 6
3036.0000 15
2773.0000 9
2073.0000 6
2147.0000 6
2078.0000 10
3043.0000 8
2374.0000 12
2081.0000 6
2085.0000 12
2788.0000 9
2088.0000 10
2382.0000 11
2385.0000 9
2164.0000 8
3057.0000 8
2389.0000 9
2391.0000 11
2171.0000 6
2174.0000 5
2106.0000 12
2399.0000 9
2400.0000 10
2181.0000 6
2404.0000 14
2404.0000 13
2812.0000 11
2411.0000 13
3083.0000 7
2191.0000 7
2121.0000 9
2197.0000 6
2421.0000 11
2422.0000 13
2129.0000 10
2130.0000 9
2205.0000 5
2135.0000 15
2135.0000 8
2838.0000 7
83.0000 3
2435.0000 12
2435.0000 11
2213.0000 8
2437.0000 9
2147.0000 11
2222.0000 7
2223.0000 9
2158.0000 6
2860.0000 12
2159.0000 12
2453.0000 11
2160.0000 10
2459.0000 6
2168.0000 9
3137.0000 6
3138.0000 7
2174.0000 7
2179.0000 16
2472.0000 6
2184.0000 11
2258.0000 6
2191.0000 8
2263.0000 13
2488.0000 11
2488.0000 4
2195.0000 9
2197.0000 12
2491.0000 11
2272.0000 8
2201.0000 8
2498.0000 9
2910.0000 5
2504.0000 10
2282.0000 8
2507.0000 8
2289.0000 8
2291.0000 9
3184.0000 8
2221.0000 12
2516.0000 6
2924.0000 5
2924.0000 8
2224.0000 6
2299.0000 10
3193.0000 8
2300.0000 6
2528.0000 4
2236.0000 8
2534.0000 6
2534.0000 6
2943.0000 9
3214.0000 8
2253.0000 14
2253.0000 11
2549.0000 7
2328.0000 7
2259.0000 11
2336.0000 7
2267.0000 10
2969.0000 5
2971.0000 9
2344.0000 11
2348.0000 11
2573.0000 6
2282.0000 6
2575.0000 6
2577.0000 7
2986.0000 10
2357.0000 11
2287.0000 6
2995.0000 10
2365.0000 8
2366.0000 9
2298.0000 9
3000.0000 9
3002.0000 9
3006.0000 10
3270.0000 9
3008.0000 11
2308.0000 8
2313.0000 10
3021.0000 4
2320.0000 13
2394.0000 8
2406.0000 5
3300.0000 6
2634.0000 8
2349.0000 6
2350.0000 9
2643.0000 12
921.0000 6
3327.0000 15
2657.0000 9
3328.0000 9
3350.0000 9
2387.0000 9
2682.0000 10
2391.0000 10
2686.0000 9
2688.0000 11
2691.0000 8
2700.0000 4
2408.0000 6
2414.0000 11
2486.0000 7
2716.0000 9
2719.0000 9
120.0000 4
2720.0000 11
3394.0000 7
2723.0000 7
3136.0000 6
2738.0000 11
1016.0000 9
2747.0000 17
2529.0000 5
2752.0000 7
3431.0000 6
2470.0000 13
2764.0000 5
2472.0000 12
2767.0000 6
2770.0000 10
3442.0000 8
2554.0000 5
2776.0000 10
2777.0000 10
3454.0000 6
3454.0000 9
2564.0000 6
3199.0000 9
2569.0000 9
2574.0000 6
2580.0000 6
2804.0000 9
2806.0000 7
2808.0000 7
2811.0000 8
3482.0000 8
2528.0000 10
2529.0000 11
2829.0000 9
2608.0000 10
2541.0000 6
2546.0000 8
2851.0000 4
2631.0000 9
3263.0000 11
261.0000 10
3532.0000 9
2643.0000 9
2663.0000 6
2888.0000 8
2888.0000 5
2671.0000 8
3564.0000 9
2601.0000 7
2602.0000 8
2605.0000 12
3570.0000 6
2907.0000 6
63.0000 4
3323.0000 12
3589.0000 6
2921.0000 5
2927.0000 9
2933.0000 7
3611.0000 6
3622.0000 7
2659.0000 6
3363.0000 7
2955.0000 5
2735.0000 6
2957.0000 7
2736.0000 7
2666.0000 6
3630.0000 10
2669.0000 8
2676.0000 8
2680.0000 7
2681.0000 8
2978.0000 14
2983.0000 6
3394.0000 9
3399.0000 10
2773.0000 5
3008.0000 5
2717.0000 12
2720.0000 13
2743.0000 8
2821.0000 15
2832.0000 10
3485.0000 8
2786.0000 13
3769.0000 7
2877.0000 6
3100.0000 6
3102.0000 8
2882.0000 5
3513.0000 12
2817.0000 7
2889.0000 9
2892.0000 6
186.0000 4
2903.0000 7
2916.0000 15
3816.0000 6
3161.0000 9
3835.0000 6
3171.0000 4
2956.0000 4
2896.0000 8
173.0000 5
2898.0000 10
3212.0000 9
3946.0000 6
2997.0000 8
3710.0000 10
3009.0000 5
3044.0000 7
3063.0000 9
3767.0000 10
4033.0000 8
3091.0000 8
4069.0000 6
3411.0000 6
3127.0000 11
3835.0000 11
3433.0000 5
315.0000 8
3906.0000 10
3321.0000 6
3264.0000 10
3279.0000 12
402.0000 5
3414.0000 5
3684.0000 9
3693.0000 6
3751.0000 9
3550.0000 5
4193.0000 9
3702.0000 6
3746.0000 6
4008.0000 8
617.0000 13
3874.0000 6
3964.0000 7
4081.0000 7
4320.0000 6
4101.0000 6
761.0000 5
4155.0000 7
4145.0000 6
4207.0000 7
4371.0000 6
4451.0000 5
5124.0000 8
4455.0000 6
4795.0000 10
519.0000 9
735.0000 13
5290.0000 9
5331.0000 11
274.0000 7
5801.0000 8
344.0000 6
5229.0000 5
5369.0000 6
6046.0000 8
5414.0000 7
6133.0000 8
6219.0000 7
5306.0000 7
558.0000 12
524.0000 8
525.0000 10
5820.0000 7
525.0000 10
6122.0000 6
6149.0000 6
6550.0000 7
650.0000 11
6668.0000 8
336.0000 5
7093.0000 6
averageTime:2051.8955717118306  averageHopCount:8.682749504296101
