5.0000 0.0000 0.0000
10.0000 0.0000 0.0000
15.0000 0.0000 0.0000
20.0000 0.0000 0.0000
25.0000 0.0000 0.0000
30.0000 0.0000 0.0000
35.0000 0.0000 0.0000
40.0000 0.0000 0.0000
45.0000 0.0000 0.0000
50.0000 0.0000 0.0000
55.0000 0.0000 0.0000
60.0000 0.0000 0.0000
65.0000 0.0000 0.0000
70.0000 0.0000 0.0000
75.0000 0.0000 0.0000
80.0000 0.0000 0.0000
85.0000 0.0180 0.0011
90.0000 0.0359 0.0021
95.0000 0.0899 0.0052
100.0000 0.1078 0.0063
105.0000 0.1078 0.0063
110.0000 0.1078 0.0063
115.0000 0.1078 0.0063
120.0000 0.1078 0.0063
125.0000 0.1258 0.0073
130.0000 0.1438 0.0083
135.0000 0.1438 0.0083
140.0000 0.1438 0.0083
145.0000 0.1797 0.0103
150.0000 0.2336 0.0133
155.0000 0.2875 0.0162
160.0000 0.3235 0.0181
165.0000 0.3414 0.0191
170.0000 0.3774 0.0210
175.0000 0.5032 0.0273
180.0000 0.6469 0.0342
185.0000 0.9165 0.0459
190.0000 1.1321 0.0543
195.0000 1.3118 0.0606
200.0000 1.6532 0.0707
205.0000 1.9084 0.0766
210.0000 2.1923 0.0811
215.0000 2.4727 0.0841
220.0000 2.7961 0.0863
225.0000 3.0190 0.0862
230.0000 3.2382 0.0853
235.0000 3.4877 0.0844
240.0000 3.7948 0.0847
245.0000 3.9565 0.0818
250.0000 4.0859 0.0789
255.0000 4.2368 0.0749
260.0000 4.4237 0.0695
265.0000 4.5423 0.0653
270.0000 4.6609 0.0610
275.0000 4.6789 0.0603
280.0000 4.7364 0.0582
285.0000 4.8658 0.0532
290.0000 5.0275 0.0468
295.0000 5.0994 0.0438
300.0000 5.1174 0.0430
305.0000 5.1713 0.0407
310.0000 5.2180 0.0381
315.0000 5.3325 0.0425
320.0000 5.3505 0.0416
325.0000 5.3505 0.0416
330.0000 5.3864 0.0399
335.0000 5.4404 0.0372
340.0000 5.4583 0.0364
345.0000 5.4763 0.0355
350.0000 5.4956 0.0369
355.0000 5.5523 0.0387
360.0000 5.5703 0.0378
365.0000 5.5703 0.0378
370.0000 5.5896 0.0392
375.0000 5.6270 0.0396
380.0000 5.6643 0.0400
385.0000 5.7248 0.0413
390.0000 5.7636 0.0440
395.0000 5.7829 0.0452
400.0000 5.8797 0.0516
405.0000 5.9789 0.0552
410.0000 6.0564 0.0600
415.0000 6.0937 0.0601
420.0000 6.1517 0.0635
425.0000 6.2330 0.0677
430.0000 6.4730 0.0799
435.0000 6.6859 0.0907
440.0000 6.9104 0.0995
445.0000 7.0188 0.1025
450.0000 7.2124 0.1113
455.0000 7.5910 0.1254
460.0000 7.7730 0.1295
465.0000 7.9820 0.1364
470.0000 8.4032 0.1486
475.0000 8.7400 0.1528
480.0000 9.0497 0.1542
485.0000 9.5142 0.1527
490.0000 9.7077 0.1508
495.0000 9.9206 0.1479
500.0000 10.0832 0.1439
505.0000 10.1413 0.1428
510.0000 10.3735 0.1375
515.0000 10.5283 0.1334
520.0000 10.6251 0.1306
525.0000 10.8187 0.1244
530.0000 10.9387 0.1196
535.0000 11.0432 0.1146
540.0000 11.1399 0.1108
545.0000 11.1980 0.1084
550.0000 11.3141 0.1034
555.0000 11.3528 0.1017
560.0000 11.3915 0.1000
565.0000 11.4109 0.0991
570.0000 11.4303 0.0982
575.0000 11.4690 0.0964
580.0000 11.4883 0.0994
585.0000 11.5077 0.0984
590.0000 11.5077 0.0984
595.0000 11.5077 0.0984
600.0000 11.5077 0.0984
605.0000 11.5464 0.0966
610.0000 11.5464 0.0966
615.0000 11.5657 0.0956
620.0000 11.5718 0.0947
625.0000 11.6082 0.0971
630.0000 11.7172 0.1044
635.0000 11.9354 0.1267
640.0000 12.3260 0.1714
645.0000 12.5123 0.1884
650.0000 12.8116 0.2118
655.0000 13.2246 0.2448
660.0000 13.4857 0.2604
665.0000 13.7171 0.2695
670.0000 13.9358 0.2830
675.0000 14.3027 0.3045
680.0000 14.7336 0.3470
685.0000 15.2678 0.3975
690.0000 15.6344 0.4319
695.0000 16.1215 0.4642
700.0000 16.6226 0.4956
705.0000 17.1412 0.5179
710.0000 17.7441 0.5521
715.0000 18.5358 0.5880
720.0000 19.1085 0.6246
725.0000 19.7871 0.6587
730.0000 20.5264 0.6691
735.0000 21.3102 0.6633
740.0000 22.1281 0.6810
745.0000 22.8261 0.6665
750.0000 23.2755 0.6589
755.0000 23.6314 0.6606
760.0000 23.9384 0.6620
765.0000 24.4902 0.6537
770.0000 24.8611 0.6405
775.0000 25.3238 0.6426
780.0000 25.6217 0.6331
785.0000 25.9421 0.6394
790.0000 26.3141 0.6493
795.0000 26.6787 0.6516
800.0000 27.0301 0.6587
805.0000 27.3223 0.6700
810.0000 27.7757 0.6760
815.0000 28.1702 0.6927
820.0000 28.5608 0.7063
825.0000 29.0713 0.7112
830.0000 29.3617 0.7026
835.0000 29.7739 0.7239
840.0000 30.1437 0.7291
845.0000 30.5513 0.7262
850.0000 30.8663 0.7225
855.0000 31.0984 0.7257
860.0000 31.3760 0.7296
865.0000 31.5873 0.7332
870.0000 31.8680 0.7316
875.0000 32.0724 0.7337
880.0000 32.2643 0.7248
885.0000 32.4414 0.7236
890.0000 32.6154 0.7250
895.0000 32.6348 0.7251
900.0000 32.7314 0.7255
905.0000 32.8088 0.7257
910.0000 32.9055 0.7258
915.0000 32.9828 0.7257
920.0000 33.0408 0.7256
925.0000 33.1375 0.7224
930.0000 33.2373 0.7216
935.0000 33.2373 0.7216
940.0000 33.2991 0.7191
945.0000 33.3030 0.7170
950.0000 33.3223 0.7169
955.0000 33.3223 0.7169
960.0000 33.3223 0.7169
965.0000 33.4137 0.7035
970.0000 33.4331 0.7033
975.0000 33.4331 0.7033
980.0000 33.4502 0.7052
985.0000 33.5017 0.7108
990.0000 33.5463 0.7092
995.0000 33.6960 0.7163
1000.0000 33.7681 0.7217
1005.0000 33.8401 0.7269
1010.0000 33.9019 0.7267
1015.0000 33.9705 0.7336
1020.0000 34.1072 0.7461
1025.0000 34.2342 0.7548
1030.0000 34.3449 0.7583
1035.0000 34.5358 0.7731
1040.0000 34.7760 0.7948
1045.0000 34.8790 0.8032
1050.0000 35.0555 0.8152
1055.0000 35.2457 0.8264
1060.0000 35.5610 0.8509
1065.0000 35.7821 0.8720
1070.0000 36.1469 0.8960
1075.0000 36.5963 0.9263
1080.0000 36.8942 0.9549
1085.0000 37.1786 0.9756
1090.0000 37.3566 0.9903
1095.0000 37.6444 1.0031
1100.0000 38.0950 1.0236
1105.0000 38.4431 1.0403
1110.0000 38.7595 1.0761
1115.0000 39.0587 1.0982
1120.0000 39.3411 1.1217
1125.0000 39.6350 1.1449
1130.0000 40.0226 1.1873
1135.0000 40.2596 1.2124
1140.0000 40.5491 1.2494
1145.0000 40.7801 1.2643
1150.0000 41.0459 1.2778
1155.0000 41.2306 1.2804
1160.0000 41.4731 1.2847
1165.0000 41.7915 1.3068
1170.0000 42.0982 1.3323
1175.0000 42.3356 1.3485
1180.0000 42.9141 1.3816
1185.0000 43.2854 1.3994
1190.0000 43.6265 1.4183
1195.0000 44.0261 1.4331
1200.0000 44.5101 1.4428
1205.0000 45.0004 1.4711
1210.0000 45.5560 1.5109
1215.0000 46.0681 1.5275
1220.0000 46.4460 1.5442
1225.0000 46.9292 1.5697
1230.0000 47.1892 1.5838
1235.0000 47.5274 1.6051
1240.0000 47.9375 1.6358
1245.0000 48.4656 1.6546
1250.0000 48.9774 1.6932
1255.0000 49.3922 1.7127
1260.0000 49.7000 1.7432
1265.0000 49.9155 1.7544
1270.0000 50.2791 1.8057
1275.0000 50.5821 1.8413
1280.0000 51.0629 1.8829
1285.0000 51.3027 1.8927
1290.0000 51.7138 1.9263
1295.0000 52.0458 1.9500
1300.0000 52.2094 1.9544
1305.0000 52.5124 1.9783
1310.0000 52.6942 1.9918
1315.0000 53.0262 2.0090
1320.0000 53.5717 2.0540
1325.0000 54.0561 2.0789
1330.0000 54.3955 2.0997
1335.0000 54.7289 2.1417
1340.0000 55.0669 2.1583
1345.0000 55.5998 2.1983
1350.0000 55.9574 2.2168
1355.0000 56.4423 2.2454
1360.0000 56.8964 2.2767
1365.0000 57.3506 2.3138
1370.0000 57.8354 2.3801
1375.0000 58.3701 2.4212
1380.0000 59.0755 2.4406
1385.0000 59.8112 2.5060
1390.0000 60.4196 2.5569
1395.0000 61.2165 2.6069
1400.0000 61.8790 2.6430
1405.0000 62.3695 2.6800
1410.0000 62.7965 2.6869
1415.0000 63.4627 2.7225
1420.0000 64.0408 2.7587
1425.0000 64.5612 2.7920
1430.0000 65.0743 2.8321
1435.0000 65.4153 2.8384
1440.0000 65.7099 2.8508
1445.0000 66.3152 2.9046
1450.0000 66.7031 2.9463
1455.0000 66.9487 2.9611
1460.0000 67.2405 2.9626
1465.0000 67.4884 2.9731
1470.0000 67.7821 2.9879
1475.0000 67.9780 2.9833
1480.0000 68.2486 2.9888
1485.0000 68.5475 3.0057
1490.0000 68.6933 3.0179
1495.0000 68.8356 3.0335
1500.0000 69.1755 3.0354
1505.0000 69.4566 3.0407
1510.0000 69.7786 3.0621
1515.0000 69.9209 3.0746
1520.0000 70.2125 3.0905
1525.0000 70.4207 3.1020
1530.0000 70.6947 3.1126
1535.0000 70.8672 3.1198
1540.0000 70.9384 3.1245
1545.0000 70.9739 3.1269
1550.0000 71.0273 3.1339
1555.0000 71.1109 3.1405
1560.0000 71.1768 3.1493
1565.0000 71.2123 3.1515
1570.0000 71.3138 3.1528
1575.0000 71.3805 3.1600
1580.0000 71.3805 3.1600
1585.0000 71.4738 3.1768
1590.0000 71.5227 3.1829
1595.0000 71.5871 3.1884
1600.0000 71.6694 3.1992
1605.0000 71.7338 3.2076
1610.0000 71.8316 3.2205
1615.0000 71.9405 3.2407
1620.0000 72.0494 3.2576
1625.0000 72.2049 3.2813
1630.0000 72.2827 3.2923
1635.0000 72.3969 3.3051
1640.0000 72.5556 3.3253
1645.0000 72.7112 3.3475
1650.0000 72.8876 3.3629
1655.0000 73.1232 3.3909
1660.0000 73.3143 3.4138
1665.0000 73.3859 3.4111
1670.0000 73.6099 3.4312
1675.0000 73.8308 3.4340
1680.0000 74.0725 3.4552
1685.0000 74.2491 3.4685
1690.0000 74.4980 3.4960
1695.0000 74.6473 3.4996
1700.0000 74.8277 3.5057
1705.0000 75.0455 3.5267
1710.0000 75.1108 3.5288
1715.0000 75.3006 3.5421
1720.0000 75.3815 3.5452
1725.0000 75.4655 3.5446
1730.0000 75.5433 3.5480
1735.0000 75.6669 3.5629
1740.0000 75.8883 3.5882
1745.0000 76.0718 3.6204
1750.0000 76.3337 3.6671
1755.0000 76.6591 3.7219
1760.0000 76.9551 3.7652
1765.0000 77.2286 3.8164
1770.0000 77.4579 3.8474
1775.0000 77.9167 3.9062
1780.0000 78.5070 3.9826
1785.0000 78.9892 4.0481
1790.0000 79.4535 4.1032
1795.0000 79.8740 4.1650
1800.0000 80.4268 4.2334
1805.0000 81.1200 4.3191
1810.0000 81.5551 4.3323
1815.0000 82.1514 4.4009
1820.0000 82.5799 4.4294
1825.0000 82.9675 4.4345
1830.0000 83.4426 4.4769
1835.0000 83.9514 4.4894
1840.0000 84.2616 4.5046
1845.0000 84.5754 4.5302
1850.0000 84.7896 4.5622
1855.0000 85.1566 4.6118
1860.0000 85.2703 4.6305
1865.0000 85.6129 4.6659
1870.0000 85.9318 4.7186
1875.0000 86.3258 4.7719
1880.0000 86.5413 4.8023
1885.0000 86.9268 4.8665
1890.0000 87.2717 4.8839
1895.0000 87.5019 4.9118
1900.0000 87.8346 4.9401
1905.0000 88.2207 4.9784
1910.0000 88.4566 4.9956
1915.0000 88.8160 5.0135
1920.0000 89.0089 5.0230
1925.0000 89.2610 5.0493
1930.0000 89.4108 5.0500
1935.0000 89.6597 5.0654
1940.0000 89.7788 5.0740
1945.0000 89.8479 5.0822
1950.0000 90.0231 5.0863
1955.0000 90.0713 5.0836
1960.0000 90.0675 5.0855
1965.0000 90.1415 5.0914
1970.0000 90.1298 5.0824
1975.0000 90.1990 5.0886
1980.0000 90.1077 5.0840
1985.0000 90.1643 5.0813
1990.0000 90.0126 5.0759
1995.0000 89.8445 5.0665
2000.0000 89.7805 5.0473
2005.0000 89.6340 5.0329
2010.0000 89.5544 5.0172
2015.0000 89.2165 4.9777
2020.0000 89.4163 4.9784
2025.0000 89.0862 4.9492
2030.0000 89.0177 4.9306
2035.0000 88.9124 4.8834
2040.0000 88.7190 4.8700
2045.0000 88.3778 4.7849
2050.0000 88.2526 4.7227
2055.0000 88.2189 4.7085
2060.0000 88.1127 4.6672
2065.0000 87.9283 4.6334
2070.0000 87.8395 4.6039
2075.0000 87.6904 4.5841
2080.0000 87.4496 4.5483
2085.0000 87.4039 4.5307
2090.0000 87.2476 4.5122
2095.0000 87.0076 4.4733
2100.0000 87.1338 4.4759
2105.0000 86.9693 4.4502
2110.0000 86.7501 4.4042
2115.0000 86.6488 4.3832
2120.0000 86.4636 4.3646
2125.0000 86.2194 4.3406
2130.0000 85.9388 4.2968
2135.0000 85.8432 4.2791
2140.0000 85.7492 4.2485
2145.0000 85.6461 4.2358
2150.0000 85.4655 4.2125
2155.0000 85.3590 4.1992
2160.0000 85.0404 4.1568
2165.0000 84.8368 4.1253
2170.0000 84.7695 4.1140
2175.0000 84.6668 4.0885
2180.0000 84.5103 4.0608
2185.0000 84.2529 4.0098
2190.0000 83.8414 3.9344
2195.0000 83.6966 3.9109
2200.0000 83.6159 3.8939
2205.0000 83.5031 3.8608
2210.0000 83.3886 3.8357
2215.0000 83.2813 3.8111
2220.0000 83.1728 3.7890
2225.0000 83.2204 3.7823
2230.0000 83.2955 3.7805
2235.0000 83.2160 3.7596
2240.0000 83.2547 3.7566
2245.0000 83.2840 3.7613
2250.0000 83.2649 3.7469
2255.0000 83.2267 3.7279
2260.0000 83.1974 3.7191
2265.0000 83.1525 3.7102
2270.0000 83.2225 3.7212
2275.0000 83.3418 3.7322
2280.0000 83.4377 3.7366
2285.0000 83.6988 3.7695
2290.0000 83.7648 3.7894
2295.0000 83.9337 3.8060
2300.0000 84.0328 3.8171
2305.0000 84.1598 3.8419
2310.0000 84.2829 3.8291
2315.0000 84.4549 3.8431
2320.0000 84.6032 3.8526
2325.0000 84.8600 3.8850
2330.0000 84.9919 3.8866
2335.0000 85.1323 3.8802
2340.0000 85.1208 3.8678
2345.0000 85.2567 3.8758
2350.0000 85.3668 3.8730
2355.0000 85.4451 3.8687
2360.0000 85.4997 3.8635
2365.0000 85.4848 3.8601
2370.0000 85.5411 3.8686
2375.0000 85.5436 3.8600
2380.0000 85.4734 3.8458
2385.0000 85.4275 3.8347
2390.0000 85.4301 3.8358
2395.0000 85.5088 3.8263
2400.0000 85.3041 3.7757
2405.0000 85.4402 3.7963
2410.0000 85.4752 3.7892
2415.0000 85.3952 3.7815
2420.0000 85.4484 3.7813
2425.0000 85.5861 3.7637
2430.0000 85.3566 3.7277
2435.0000 85.2503 3.6812
2440.0000 85.2694 3.6807
2445.0000 85.1411 3.6575
2450.0000 84.9692 3.6323
2455.0000 85.0506 3.6253
2460.0000 84.8121 3.5952
2465.0000 84.7099 3.5436
2470.0000 84.4566 3.5044
2475.0000 84.4134 3.4884
2480.0000 84.6807 3.4812
2485.0000 84.3973 3.4336
2490.0000 84.2669 3.3987
2495.0000 84.3481 3.3851
2500.0000 84.2854 3.3569
2505.0000 84.3626 3.3760
2510.0000 84.2832 3.3539
2515.0000 84.3872 3.3435
2520.0000 84.3536 3.3429
2525.0000 84.3523 3.3366
2530.0000 84.3307 3.3440
2535.0000 84.4409 3.3383
2540.0000 84.4264 3.3430
2545.0000 84.2942 3.3075
2550.0000 84.1602 3.2918
2555.0000 84.3260 3.3129
2560.0000 84.2802 3.3116
2565.0000 84.3238 3.2987
2570.0000 84.3717 3.2860
2575.0000 84.3699 3.2890
2580.0000 84.2681 3.2693
2585.0000 84.1216 3.2597
2590.0000 84.1604 3.2557
2595.0000 84.2624 3.2692
2600.0000 84.2412 3.2639
2605.0000 84.2574 3.2577
2610.0000 84.1885 3.2592
2615.0000 84.2676 3.2522
2620.0000 84.3780 3.2587
2625.0000 84.3277 3.2471
2630.0000 84.3769 3.2417
2635.0000 84.5095 3.2633
2640.0000 84.4918 3.2585
2645.0000 84.5583 3.2634
2650.0000 84.4343 3.2461
2655.0000 84.4724 3.2536
2660.0000 84.5342 3.2584
2665.0000 84.4989 3.2495
2670.0000 84.5678 3.2504
2675.0000 84.6536 3.2609
2680.0000 84.7308 3.2668
2685.0000 84.7872 3.2705
2690.0000 84.8485 3.2629
2695.0000 84.7785 3.2616
2700.0000 85.1632 3.3026
2705.0000 85.2102 3.2985
2710.0000 85.4152 3.3081
2715.0000 85.6542 3.3028
2720.0000 85.6628 3.2854
2725.0000 85.9195 3.2758
2730.0000 85.9532 3.2696
2735.0000 85.9784 3.2600
2740.0000 86.1594 3.2598
2745.0000 86.2069 3.2555
2750.0000 86.2986 3.2568
2755.0000 86.3272 3.2589
2760.0000 86.4608 3.2633
2765.0000 86.4385 3.2522
2770.0000 86.4766 3.2538
2775.0000 86.6133 3.2627
2780.0000 86.7040 3.2723
2785.0000 86.9510 3.2801
2790.0000 86.8330 3.2666
2795.0000 86.8540 3.2673
2800.0000 86.8558 3.2599
2805.0000 87.0508 3.2812
2810.0000 87.3131 3.2994
2815.0000 87.3100 3.2727
2820.0000 87.5102 3.2683
2825.0000 87.7243 3.2786
2830.0000 88.0315 3.2779
2835.0000 88.0460 3.2902
2840.0000 88.2173 3.2810
2845.0000 88.2374 3.2742
2850.0000 88.4970 3.2949
2855.0000 88.5619 3.2966
2860.0000 88.8234 3.3118
2865.0000 88.8440 3.3159
2870.0000 88.9988 3.3270
2875.0000 89.0218 3.3337
2880.0000 89.0321 3.3382
2885.0000 89.0560 3.3484
2890.0000 89.1657 3.3639
2895.0000 89.2247 3.3683
2900.0000 89.3002 3.3804
2905.0000 89.3129 3.3826
2910.0000 89.3466 3.3844
2915.0000 89.3206 3.3911
2920.0000 89.4210 3.3961
2925.0000 89.4641 3.3979
2930.0000 89.5120 3.4025
2935.0000 89.5864 3.4112
2940.0000 89.7022 3.4260
2945.0000 89.6624 3.4275
2950.0000 89.6151 3.4221
2955.0000 89.5549 3.4189
2960.0000 89.5284 3.4219
2965.0000 89.4926 3.4102
2970.0000 89.3363 3.4005
2975.0000 89.3600 3.3935
2980.0000 89.2683 3.3819
2985.0000 89.0839 3.3740
2990.0000 89.0063 3.3590
2995.0000 88.8785 3.3383
3000.0000 88.7434 3.3200
3005.0000 88.6123 3.3219
3010.0000 88.6302 3.3078
3015.0000 88.5245 3.2780
3020.0000 88.3826 3.2551
3025.0000 88.2033 3.2466
3030.0000 88.3959 3.2401
3035.0000 88.4225 3.2259
3040.0000 88.4633 3.2050
3045.0000 88.3935 3.1809
3050.0000 88.2591 3.1649
3055.0000 88.3821 3.1434
3060.0000 88.2867 3.1231
3065.0000 88.4211 3.1292
3070.0000 88.2497 3.1052
3075.0000 88.0468 3.0873
3080.0000 88.0921 3.0839
3085.0000 88.2104 3.0945
3090.0000 88.1294 3.0907
3095.0000 88.4250 3.0989
3100.0000 88.4051 3.0881
3105.0000 88.4190 3.0766
3110.0000 88.6684 3.0877
3115.0000 88.7932 3.0891
3120.0000 88.9409 3.0877
3125.0000 89.0962 3.0949
3130.0000 89.0806 3.0845
3135.0000 89.0747 3.0760
3140.0000 89.3263 3.0823
3145.0000 89.1453 3.0651
3150.0000 89.2258 3.0525
3155.0000 89.2364 3.0421
3160.0000 89.3926 3.0457
3165.0000 89.3606 3.0451
3170.0000 89.3935 3.0398
3175.0000 89.3438 3.0295
3180.0000 89.3349 3.0269
3185.0000 89.2744 3.0203
3190.0000 89.2529 3.0164
3195.0000 89.3549 3.0172
3200.0000 89.4825 3.0204
3205.0000 89.3888 3.0133
3210.0000 89.3603 2.9941
3215.0000 89.4171 2.9882
3220.0000 89.3200 2.9777
3225.0000 89.3096 2.9720
3230.0000 89.2226 2.9701
3235.0000 89.0662 2.9379
3240.0000 89.0419 2.9287
3245.0000 88.7941 2.8875
3250.0000 88.9072 2.8888
3255.0000 88.7966 2.8800
3260.0000 88.7174 2.8669
3265.0000 88.5628 2.8472
3270.0000 88.3699 2.8259
3275.0000 88.3938 2.8142
3280.0000 88.3496 2.7964
3285.0000 88.3127 2.7780
3290.0000 88.2515 2.7646
3295.0000 88.1965 2.7528
3300.0000 88.1568 2.7425
3305.0000 87.8730 2.7129
3310.0000 87.6838 2.6958
3315.0000 87.6777 2.6829
3320.0000 87.6863 2.6787
3325.0000 87.7478 2.6776
3330.0000 87.7392 2.6749
3335.0000 87.8283 2.6777
3340.0000 87.8047 2.6763
3345.0000 87.8547 2.6775
3350.0000 87.8417 2.6764
3355.0000 87.9178 2.6792
3360.0000 87.9475 2.6811
3365.0000 87.9363 2.6869
3370.0000 88.0156 2.6976
3375.0000 88.0747 2.7026
3380.0000 88.1548 2.7157
3385.0000 88.1733 2.7186
3390.0000 88.1763 2.7268
3395.0000 88.1753 2.7233
3400.0000 88.2822 2.7356
3405.0000 88.4090 2.7498
3410.0000 88.4515 2.7553
3415.0000 88.4706 2.7538
3420.0000 88.5361 2.7606
3425.0000 88.6383 2.7539
3430.0000 88.6852 2.7497
3435.0000 88.8007 2.7600
3440.0000 88.8717 2.7691
3445.0000 89.0450 2.7819
3450.0000 89.2015 2.8015
3455.0000 89.2496 2.8109
3460.0000 89.4054 2.8302
3465.0000 89.4701 2.8366
3470.0000 89.5717 2.8466
3475.0000 89.7074 2.8596
3480.0000 89.7059 2.8582
3485.0000 89.8550 2.8704
3490.0000 90.0000 2.8864
3495.0000 90.2023 2.8946
3500.0000 90.4115 2.9139
3505.0000 90.6255 2.9330
3510.0000 90.7643 2.9473
3515.0000 90.9340 2.9655
3520.0000 91.1394 2.9761
3525.0000 91.2575 2.9845
3530.0000 91.5331 3.0085
3535.0000 91.7841 3.0362
3540.0000 92.0065 3.0577
3545.0000 92.2017 3.0640
3550.0000 92.3198 3.0723
3555.0000 92.4006 3.0760
3560.0000 92.4704 3.0821
3565.0000 92.5486 3.0842
3570.0000 92.7484 3.0899
3575.0000 92.7920 3.0941
3580.0000 92.8218 3.0945
3585.0000 92.8752 3.1010
3590.0000 93.0455 3.1102
3595.0000 93.0777 3.1105
3600.0000 93.1200 3.1128
3605.0000 93.1105 3.1137
3610.0000 93.0494 3.1195
3615.0000 92.9281 3.1201
3620.0000 92.7835 3.1283
3625.0000 92.8019 3.1273
3630.0000 92.5879 3.1149
3635.0000 92.4653 3.1167
3640.0000 92.3295 3.0997
3645.0000 92.0593 3.0658
3650.0000 91.7503 3.0580
3655.0000 91.6606 3.0407
3660.0000 91.4713 3.0365
3665.0000 91.3407 3.0121
3670.0000 91.4314 2.9845
3675.0000 90.8520 2.9529
3680.0000 90.6938 2.9361
3685.0000 90.3703 2.9066
3690.0000 90.4387 2.8793
3695.0000 90.2644 2.8649
3700.0000 90.0698 2.8375
3705.0000 89.7070 2.8049
3710.0000 89.4941 2.7817
3715.0000 89.5284 2.7512
3720.0000 89.3680 2.7512
3725.0000 89.0833 2.7340
3730.0000 88.8238 2.6993
3735.0000 88.6769 2.6712
3740.0000 88.3889 2.6458
3745.0000 88.1924 2.6146
3750.0000 88.0703 2.5821
3755.0000 88.1721 2.5803
3760.0000 87.9635 2.5575
3765.0000 87.8799 2.5348
3770.0000 87.7048 2.5136
3775.0000 87.4163 2.4989
3780.0000 87.5273 2.4846
3785.0000 87.5854 2.4891
3790.0000 87.7571 2.4891
3795.0000 87.5686 2.4559
3800.0000 87.4500 2.4343
3805.0000 87.3733 2.4067
3810.0000 87.2185 2.3938
3815.0000 87.1708 2.3850
3820.0000 86.8465 2.3367
3825.0000 86.7476 2.3214
3830.0000 86.5970 2.2992
3835.0000 86.7430 2.3157
3840.0000 86.8748 2.3196
3845.0000 86.9567 2.3306
3850.0000 86.8881 2.3093
3855.0000 86.7809 2.2864
3860.0000 86.5755 2.2575
3865.0000 86.5892 2.2507
3870.0000 86.5434 2.2456
3875.0000 86.5734 2.2615
3880.0000 86.7298 2.2407
3885.0000 86.6443 2.2257
3890.0000 86.7323 2.2088
3895.0000 86.5058 2.1993
3900.0000 86.4673 2.1850
3905.0000 86.2359 2.1542
3910.0000 86.4847 2.1656
3915.0000 86.4498 2.1626
3920.0000 86.5102 2.1630
3925.0000 86.7964 2.1725
3930.0000 86.7900 2.1721
3935.0000 86.8622 2.1843
3940.0000 86.8573 2.1945
3945.0000 87.0444 2.1777
3950.0000 87.0888 2.1703
3955.0000 87.1729 2.1580
3960.0000 87.4143 2.1743
3965.0000 87.4852 2.1730
3970.0000 87.5073 2.1531
3975.0000 87.5603 2.1568
3980.0000 87.9494 2.1872
3985.0000 87.8129 2.1675
3990.0000 87.9139 2.1591
3995.0000 88.1958 2.1712
4000.0000 88.0534 2.1511
4005.0000 88.0474 2.1525
4010.0000 87.8896 2.1377
4015.0000 87.8267 2.1192
4020.0000 87.8127 2.1045
4025.0000 87.6251 2.0768
4030.0000 87.5850 2.0638
4035.0000 87.6408 2.0659
4040.0000 87.6226 2.0577
4045.0000 87.6477 2.0478
4050.0000 87.7597 2.0411
4055.0000 87.8384 2.0359
4060.0000 87.8413 2.0230
4065.0000 87.8312 2.0258
4070.0000 88.0481 2.0389
4075.0000 88.0732 2.0309
4080.0000 87.9217 2.0082
4085.0000 88.0219 2.0130
4090.0000 87.8745 2.0065
4095.0000 87.9637 1.9920
4100.0000 87.7295 1.9773
4105.0000 87.7973 1.9835
4110.0000 87.5240 1.9554
4115.0000 87.5357 1.9544
4120.0000 87.5113 1.9417
4125.0000 87.6803 1.9545
4130.0000 87.6468 1.9504
4135.0000 87.7737 1.9626
4140.0000 87.6997 1.9577
4145.0000 87.6774 1.9574
4150.0000 87.8215 1.9714
4155.0000 87.6681 1.9511
4160.0000 87.4966 1.9235
4165.0000 87.5947 1.9282
4170.0000 87.5959 1.9308
4175.0000 87.7780 1.9465
4180.0000 87.6538 1.9279
4185.0000 87.5567 1.9256
4190.0000 87.3757 1.9081
4195.0000 87.3895 1.9027
4200.0000 87.3789 1.8991
4205.0000 87.3098 1.9005
4210.0000 87.3767 1.8973
4215.0000 87.3205 1.8894
4220.0000 87.3859 1.8963
4225.0000 87.3588 1.8980
4230.0000 87.3587 1.8942
4235.0000 87.3733 1.8941
4240.0000 87.2155 1.8830
4245.0000 87.3257 1.8932
4250.0000 87.3910 1.9002
4255.0000 87.3444 1.8950
4260.0000 87.4285 1.9034
4265.0000 87.3212 1.8846
4270.0000 87.2139 1.8623
4275.0000 87.2143 1.8595
4280.0000 87.2552 1.8562
4285.0000 87.1152 1.8345
4290.0000 87.2547 1.8419
4295.0000 87.4964 1.8517
4300.0000 87.6055 1.8447
4305.0000 87.5114 1.8330
4310.0000 87.8080 1.8684
4315.0000 87.7947 1.8642
4320.0000 87.8410 1.8684
4325.0000 87.8560 1.8649
4330.0000 87.7534 1.8541
4335.0000 87.6728 1.8502
4340.0000 87.6404 1.8442
4345.0000 87.5357 1.8275
4350.0000 87.5341 1.8327
4355.0000 87.6305 1.8403
4360.0000 87.6495 1.8436
4365.0000 87.7999 1.8610
4370.0000 87.7333 1.8488
4375.0000 87.6382 1.8384
4380.0000 87.7177 1.8537
4385.0000 87.8231 1.8596
4390.0000 87.9908 1.8738
4395.0000 88.0267 1.8770
4400.0000 87.8252 1.8399
4405.0000 87.6893 1.8308
4410.0000 87.6628 1.8112
4415.0000 87.6766 1.8097
4420.0000 87.6600 1.8090
4425.0000 87.6071 1.8057
4430.0000 87.6080 1.8092
4435.0000 87.6663 1.8188
4440.0000 87.7608 1.8181
4445.0000 87.6346 1.7967
4450.0000 87.7236 1.8035
4455.0000 87.5474 1.7903
4460.0000 87.3593 1.7701
4465.0000 87.4384 1.7684
4470.0000 87.4986 1.7620
4475.0000 87.6792 1.7804
4480.0000 87.5688 1.7651
4485.0000 87.5368 1.7402
4490.0000 87.6365 1.7653
4495.0000 87.6554 1.7559
4500.0000 87.7088 1.7640
4505.0000 87.8529 1.7699
4510.0000 87.7150 1.7528
4515.0000 87.5511 1.7486
4520.0000 87.7000 1.7601
4525.0000 87.4727 1.7393
4530.0000 87.5171 1.7497
4535.0000 87.5143 1.7252
4540.0000 87.3598 1.7056
4545.0000 87.2537 1.6838
4550.0000 87.4868 1.7110
4555.0000 87.5789 1.7261
4560.0000 87.6960 1.7249
4565.0000 87.4457 1.6983
4570.0000 87.4349 1.6928
4575.0000 87.7007 1.7044
4580.0000 87.4141 1.6894
4585.0000 87.3715 1.6790
4590.0000 87.1940 1.6470
4595.0000 87.0320 1.6312
4600.0000 87.2152 1.6297
4605.0000 87.2162 1.6258
4610.0000 87.4103 1.6208
4615.0000 87.3213 1.6040
4620.0000 87.2781 1.6104
4625.0000 87.4881 1.6333
4630.0000 87.4404 1.6344
4635.0000 87.3770 1.6214
4640.0000 87.0466 1.6043
4645.0000 87.2116 1.6038
4650.0000 87.4785 1.6048
4655.0000 87.2275 1.5938
4660.0000 87.5212 1.6202
4665.0000 87.5509 1.6264
4670.0000 87.2141 1.5892
4675.0000 87.4527 1.6080
4680.0000 87.3500 1.5984
4685.0000 87.3501 1.5958
4690.0000 87.2878 1.5788
4695.0000 87.2945 1.5796
4700.0000 87.5298 1.5854
4705.0000 87.5324 1.5773
4710.0000 87.8237 1.5804
4715.0000 87.6660 1.5880
4720.0000 87.6342 1.5809
4725.0000 87.6530 1.5846
4730.0000 87.7932 1.5817
4735.0000 87.5487 1.5675
4740.0000 87.3815 1.5365
4745.0000 87.2412 1.5333
4750.0000 87.1444 1.5341
4755.0000 87.0604 1.5200
4760.0000 87.1256 1.5133
4765.0000 87.0995 1.5076
4770.0000 87.2304 1.5150
4775.0000 87.0853 1.4988
4780.0000 86.8503 1.4808
4785.0000 86.9539 1.4949
4790.0000 86.8381 1.4823
4795.0000 86.9920 1.4790
4800.0000 87.0418 1.4793
4805.0000 86.9848 1.4867
4810.0000 87.0172 1.4839
4815.0000 87.1938 1.5072
4820.0000 86.9437 1.4918
4825.0000 87.0142 1.4942
4830.0000 87.2370 1.5310
4835.0000 87.2054 1.5369
4840.0000 87.3836 1.5626
4845.0000 87.1237 1.5266
4850.0000 87.3144 1.5379
4855.0000 87.2368 1.5325
4860.0000 86.8466 1.5011
4865.0000 86.9096 1.4945
4870.0000 86.8906 1.4847
4875.0000 87.1627 1.5112
4880.0000 87.2467 1.5032
4885.0000 87.1337 1.4911
4890.0000 87.0206 1.4891
4895.0000 87.1338 1.4898
4900.0000 87.1181 1.4883
4905.0000 87.5181 1.5371
4910.0000 87.5440 1.5481
4915.0000 87.7237 1.5544
4920.0000 87.4878 1.5354
4925.0000 87.4247 1.5320
4930.0000 87.6102 1.5438
4935.0000 87.4318 1.5306
4940.0000 87.2962 1.5220
4945.0000 87.4202 1.5266
4950.0000 87.0745 1.5091
4955.0000 87.0223 1.4942
4960.0000 87.1693 1.5058
4965.0000 86.9432 1.4884
4970.0000 86.7293 1.4736
4975.0000 87.0454 1.4929
4980.0000 86.8819 1.4692
4985.0000 86.7878 1.4641
4990.0000 86.8624 1.4898
4995.0000 86.8566 1.5000
5000.0000 86.7658 1.4872
5005.0000 87.0068 1.4942
5010.0000 87.0048 1.5003
5015.0000 87.0132 1.5004
5020.0000 86.8529 1.4870
5025.0000 87.1166 1.5057
5030.0000 86.9456 1.4871
5035.0000 86.9342 1.4912
5040.0000 86.8528 1.4855
5045.0000 87.1345 1.5072
5050.0000 87.0907 1.5015
5055.0000 87.0363 1.5089
5060.0000 86.8791 1.4813
5065.0000 87.0660 1.4878
5070.0000 86.9156 1.4663
5075.0000 86.9671 1.4729
5080.0000 86.7173 1.4515
5085.0000 86.8626 1.4658
5090.0000 86.9977 1.4746
5095.0000 87.1916 1.4764
5100.0000 87.1366 1.4738
5105.0000 86.9622 1.4673
5110.0000 86.8514 1.4678
5115.0000 86.9722 1.4815
5120.0000 87.1670 1.4884
5125.0000 87.1922 1.5095
5130.0000 87.2565 1.5024
5135.0000 87.1755 1.4964
5140.0000 87.4859 1.5152
5145.0000 87.1142 1.4769
5150.0000 87.3615 1.4884
5155.0000 87.5601 1.5177
5160.0000 87.6061 1.5304
5165.0000 87.3399 1.5100
5170.0000 87.2204 1.4953
5175.0000 87.2909 1.4925
5180.0000 87.3562 1.5061
5185.0000 87.3857 1.4874
5190.0000 87.2562 1.4719
5195.0000 87.2017 1.4764
5200.0000 87.0670 1.4714
5205.0000 86.8222 1.4516
5210.0000 86.9502 1.4543
5215.0000 86.8314 1.4532
5220.0000 87.0415 1.4603
5225.0000 87.0225 1.4610
5230.0000 87.2960 1.4823
5235.0000 87.3101 1.4866
5240.0000 87.4743 1.4952
5245.0000 87.2635 1.4783
5250.0000 87.2167 1.4606
5255.0000 87.2730 1.4658
5260.0000 87.0587 1.4415
5265.0000 87.2910 1.4389
5270.0000 87.2221 1.4318
5275.0000 86.9745 1.3963
5280.0000 86.8007 1.3835
5285.0000 86.7568 1.3734
5290.0000 86.9114 1.3787
5295.0000 86.8610 1.3720
5300.0000 86.9148 1.3668
5305.0000 86.9268 1.3721
5310.0000 86.9780 1.3700
5315.0000 86.8105 1.3574
5320.0000 86.8801 1.3558
5325.0000 87.1001 1.3756
5330.0000 86.9346 1.3638
5335.0000 86.8696 1.3589
5340.0000 86.7640 1.3260
5345.0000 87.1350 1.3450
5350.0000 86.9088 1.3344
5355.0000 87.2564 1.3684
5360.0000 87.2734 1.3451
5365.0000 87.3250 1.3482
5370.0000 87.3906 1.3568
5375.0000 87.5530 1.3820
5380.0000 87.6353 1.3902
5385.0000 87.3507 1.3685
5390.0000 87.3885 1.3508
5395.0000 87.3456 1.3487
5400.0000 87.2320 1.3359
5405.0000 87.2705 1.3308
5410.0000 87.3928 1.3415
5415.0000 87.1060 1.3287
5420.0000 87.3193 1.3557
5425.0000 87.3231 1.3448
5430.0000 87.4351 1.3599
5435.0000 87.5943 1.3824
5440.0000 87.4320 1.3572
5445.0000 87.6631 1.3688
5450.0000 87.5021 1.3603
5455.0000 87.4373 1.3466
5460.0000 87.3154 1.3422
5465.0000 87.3663 1.3433
5470.0000 87.3791 1.3487
5475.0000 87.3523 1.3427
5480.0000 87.2338 1.3321
5485.0000 87.2645 1.3436
5490.0000 87.4044 1.3373
5495.0000 87.2813 1.3346
5500.0000 87.1337 1.3301
5505.0000 87.1609 1.3326
5510.0000 87.3545 1.3410
5515.0000 86.9033 1.2994
5520.0000 87.3024 1.3203
5525.0000 87.2321 1.3165
5530.0000 87.0693 1.3116
5535.0000 87.2182 1.3190
5540.0000 87.2406 1.3159
5545.0000 87.1289 1.3189
5550.0000 87.1987 1.3216
5555.0000 87.4290 1.3390
5560.0000 87.3457 1.3379
5565.0000 87.3883 1.3355
5570.0000 87.2404 1.3343
5575.0000 87.4807 1.3468
5580.0000 87.5542 1.3492
5585.0000 87.3280 1.3267
5590.0000 87.2399 1.3169
5595.0000 87.1963 1.3192
5600.0000 87.4554 1.3299
5605.0000 87.3825 1.3126
5610.0000 87.2350 1.3130
5615.0000 87.3039 1.3168
5620.0000 87.5255 1.3357
5625.0000 87.4449 1.3322
5630.0000 87.2209 1.3039
5635.0000 87.2865 1.3052
5640.0000 87.3452 1.3123
5645.0000 87.2605 1.3105
5650.0000 87.1478 1.2982
5655.0000 87.2968 1.3138
5660.0000 87.2680 1.3152
5665.0000 87.4301 1.3125
5670.0000 87.6168 1.3225
5675.0000 87.6412 1.3221
5680.0000 87.4397 1.3085
5685.0000 87.3478 1.2924
5690.0000 87.3313 1.2933
5695.0000 87.1785 1.2829
5700.0000 87.5383 1.3071
5705.0000 87.4034 1.2910
5710.0000 87.6068 1.3050
5715.0000 87.4881 1.3062
5720.0000 87.6018 1.3123
5725.0000 87.6268 1.3075
5730.0000 87.5481 1.2967
5735.0000 87.7068 1.3085
5740.0000 87.5103 1.2930
5745.0000 87.5681 1.2904
5750.0000 87.5407 1.2886
5755.0000 87.6637 1.2873
5760.0000 87.8742 1.3004
5765.0000 87.8352 1.2934
5770.0000 87.7086 1.2812
5775.0000 87.7728 1.2877
5780.0000 87.6251 1.2764
5785.0000 87.7024 1.2737
5790.0000 87.5579 1.2663
5795.0000 87.3274 1.2597
5800.0000 87.2713 1.2382
5805.0000 87.2403 1.2440
5810.0000 87.2654 1.2461
5815.0000 87.2771 1.2308
5820.0000 87.3160 1.2493
5825.0000 87.4144 1.2471
5830.0000 87.4958 1.2455
5835.0000 87.4926 1.2528
5840.0000 87.6207 1.2700
5845.0000 87.5339 1.2628
5850.0000 87.5693 1.2702
5855.0000 87.6023 1.2565
5860.0000 87.5275 1.2532
5865.0000 87.6533 1.2609
5870.0000 87.7176 1.2586
5875.0000 87.7487 1.2661
5880.0000 87.6591 1.2672
5885.0000 87.7552 1.2651
5890.0000 87.7735 1.2669
5895.0000 87.6587 1.2394
5900.0000 87.4409 1.2329
5905.0000 87.6424 1.2455
5910.0000 87.5961 1.2368
5915.0000 87.7548 1.2429
5920.0000 87.9092 1.2486
5925.0000 88.1370 1.2683
5930.0000 87.8015 1.2453
5935.0000 88.0867 1.2656
5940.0000 87.8104 1.2294
5945.0000 87.7901 1.2379
5950.0000 87.7891 1.2330
5955.0000 87.9046 1.2293
5960.0000 87.9769 1.2307
5965.0000 87.7729 1.2089
5970.0000 87.9187 1.2142
5975.0000 88.0584 1.2203
5980.0000 87.8767 1.2002
5985.0000 87.8719 1.2023
5990.0000 87.8626 1.2156
5995.0000 87.8613 1.2058
6000.0000 87.8141 1.1910
6005.0000 87.8206 1.1935
6010.0000 87.9139 1.1936
6015.0000 87.8560 1.1907
6020.0000 87.7017 1.1948
6025.0000 87.9608 1.2095
6030.0000 88.0171 1.1960
6035.0000 87.9940 1.1893
6040.0000 87.7661 1.1775
6045.0000 87.6143 1.1555
6050.0000 87.8081 1.1521
6055.0000 87.6207 1.1386
6060.0000 87.4990 1.1278
6065.0000 87.4994 1.1317
6070.0000 87.6878 1.1250
6075.0000 87.6643 1.1311
6080.0000 87.9190 1.1373
6085.0000 87.8591 1.1290
6090.0000 87.4681 1.1261
6095.0000 87.7791 1.1428
6100.0000 87.6962 1.1440
6105.0000 87.6947 1.1341
6110.0000 87.7341 1.1384
6115.0000 87.8958 1.1532
6120.0000 87.8220 1.1166
6125.0000 87.6694 1.1146
6130.0000 87.4964 1.0926
6135.0000 87.1863 1.0646
6140.0000 87.3939 1.0753
6145.0000 87.6238 1.0914
6150.0000 87.7227 1.1034
6155.0000 87.7354 1.0970
6160.0000 87.9910 1.1166
6165.0000 87.8902 1.1019
6170.0000 88.1235 1.1372
6175.0000 88.3085 1.1540
6180.0000 88.0975 1.1187
6185.0000 88.2474 1.1213
6190.0000 87.9999 1.1053
6195.0000 88.0241 1.1108
6200.0000 87.7928 1.0994
6205.0000 88.0012 1.0945
6210.0000 87.8685 1.0844
6215.0000 87.7505 1.0837
6220.0000 87.8315 1.0951
6225.0000 87.6951 1.0803
6230.0000 87.7125 1.0706
6235.0000 87.7769 1.0871
6240.0000 87.9164 1.0904
6245.0000 87.6705 1.0855
6250.0000 87.8003 1.0813
6255.0000 87.8665 1.0868
6260.0000 88.0861 1.0947
6265.0000 88.0895 1.0921
6270.0000 87.9809 1.0810
6275.0000 87.9456 1.0748
6280.0000 87.7700 1.0545
6285.0000 87.9428 1.0894
6290.0000 87.9659 1.0801
6295.0000 88.1351 1.0820
6300.0000 88.1661 1.0796
6305.0000 87.8620 1.0779
6310.0000 87.9877 1.0617
6315.0000 87.9184 1.0667
6320.0000 88.0620 1.0845
6325.0000 88.1264 1.0769
6330.0000 88.2265 1.0688
6335.0000 88.2160 1.0553
6340.0000 88.2588 1.0645
6345.0000 88.3397 1.0662
6350.0000 88.4803 1.0764
6355.0000 88.1512 1.0464
6360.0000 88.0901 1.0474
6365.0000 88.0200 1.0406
6370.0000 87.9872 1.0273
6375.0000 87.9779 1.0083
6380.0000 88.1079 1.0087
6385.0000 88.1565 0.9991
6390.0000 88.1897 0.9956
6395.0000 88.0848 0.9807
6400.0000 88.0785 0.9860
6405.0000 87.8922 0.9779
6410.0000 87.9588 0.9798
6415.0000 87.8464 0.9641
6420.0000 87.8490 0.9690
6425.0000 87.8274 0.9673
6430.0000 87.7034 0.9483
6435.0000 87.8266 0.9452
6440.0000 87.8302 0.9430
6445.0000 87.7779 0.9428
6450.0000 87.9704 0.9426
6455.0000 88.1109 0.9529
6460.0000 88.2781 0.9484
6465.0000 88.1895 0.9526
6470.0000 88.2029 0.9462
6475.0000 88.0656 0.9227
6480.0000 87.8050 0.8955
6485.0000 87.9899 0.8981
6490.0000 87.9579 0.8934
6495.0000 87.7324 0.8654
6500.0000 87.9407 0.8711
6505.0000 87.7442 0.8669
6510.0000 87.7672 0.8580
6515.0000 87.7028 0.8556
6520.0000 87.7728 0.8421
6525.0000 87.6908 0.8310
6530.0000 87.7784 0.8446
6535.0000 87.7563 0.8267
6540.0000 87.6078 0.8164
6545.0000 87.6728 0.7940
6550.0000 87.7104 0.7988
6555.0000 87.7932 0.8113
6560.0000 87.7622 0.8096
6565.0000 87.9885 0.8074
6570.0000 88.1230 0.8158
6575.0000 88.2061 0.8267
6580.0000 88.1970 0.8358
6585.0000 88.4067 0.8320
6590.0000 88.1985 0.8154
6595.0000 88.0096 0.7784
6600.0000 88.2011 0.7979
6605.0000 88.1164 0.7983
6610.0000 88.0374 0.7879
6615.0000 88.1252 0.7955
6620.0000 88.0110 0.7823
6625.0000 87.9825 0.7813
6630.0000 88.3548 0.7996
6635.0000 88.5985 0.8099
6640.0000 88.4568 0.7991
6645.0000 88.5111 0.8173
6650.0000 88.4706 0.8093
6655.0000 88.4222 0.8091
6660.0000 88.3040 0.8086
6665.0000 88.1449 0.7846
6670.0000 87.8801 0.7763
6675.0000 87.6955 0.7505
6680.0000 87.5106 0.7346
6685.0000 87.6568 0.7413
6690.0000 87.7850 0.7556
6695.0000 87.7388 0.7353
6700.0000 87.9933 0.7492
6705.0000 88.1389 0.7483
6710.0000 87.9550 0.7585
6715.0000 88.0596 0.7450
6720.0000 87.8832 0.7423
6725.0000 88.0500 0.7561
6730.0000 87.9377 0.7460
6735.0000 88.1243 0.7676
6740.0000 88.0706 0.7586
6745.0000 87.9485 0.7443
6750.0000 88.0861 0.7606
6755.0000 87.7108 0.7392
6760.0000 87.8162 0.7332
6765.0000 87.7766 0.7438
6770.0000 87.7350 0.7389
6775.0000 87.8884 0.7374
6780.0000 87.8912 0.7505
6785.0000 88.1154 0.7534
6790.0000 88.1347 0.7687
6795.0000 88.1400 0.7600
6800.0000 88.1329 0.7614
6805.0000 88.2410 0.7719
6810.0000 88.2247 0.7609
6815.0000 88.3206 0.7678
6820.0000 88.2101 0.7658
6825.0000 88.3593 0.7657
6830.0000 88.3164 0.7568
6835.0000 88.2096 0.7543
6840.0000 88.1464 0.7519
6845.0000 87.8060 0.7429
6850.0000 87.8595 0.7459
6855.0000 87.9422 0.7319
6860.0000 88.0053 0.7259
6865.0000 87.9645 0.7285
6870.0000 88.0580 0.7405
6875.0000 88.2043 0.7512
6880.0000 88.2227 0.7493
6885.0000 88.0392 0.7374
6890.0000 88.1210 0.7296
6895.0000 88.1743 0.7368
6900.0000 88.4426 0.7496
6905.0000 88.2398 0.7388
6910.0000 88.3127 0.7438
6915.0000 88.3001 0.7452
6920.0000 88.2946 0.7336
6925.0000 88.3272 0.7354
6930.0000 88.2190 0.7268
6935.0000 88.2696 0.7216
6940.0000 88.1524 0.7199
6945.0000 88.0629 0.7075
6950.0000 88.0754 0.7040
6955.0000 88.0880 0.7183
6960.0000 88.1916 0.7230
6965.0000 88.3154 0.7267
6970.0000 88.4596 0.7324
6975.0000 88.3147 0.7379
6980.0000 88.4935 0.7225
6985.0000 88.5735 0.7389
6990.0000 88.4609 0.7398
6995.0000 88.5147 0.7226
7000.0000 88.2920 0.7108
7005.0000 88.6086 0.7280
7010.0000 88.4286 0.7189
7015.0000 88.5195 0.7099
7020.0000 88.3891 0.7075
7025.0000 88.1816 0.6991
7030.0000 88.3607 0.6996
7035.0000 88.3814 0.7031
7040.0000 88.3767 0.7048
7045.0000 88.5151 0.7148
7050.0000 88.3676 0.6957
7055.0000 88.3914 0.6803
7060.0000 88.2262 0.6855
7065.0000 88.2151 0.6853
7070.0000 88.1468 0.6829
7075.0000 88.2427 0.6794
7080.0000 88.3532 0.6768
7085.0000 88.3114 0.6843
7090.0000 88.4102 0.6648
7095.0000 88.3101 0.6522
7100.0000 88.3572 0.6626
7105.0000 88.1846 0.6402
7110.0000 88.2883 0.6595
7115.0000 88.4412 0.6619
7120.0000 88.7028 0.6783
7125.0000 88.4678 0.6648
7130.0000 88.5447 0.6744
7135.0000 88.3094 0.6661
7140.0000 88.1733 0.6632
7145.0000 88.4454 0.6662
7150.0000 88.3088 0.6553
7155.0000 88.3317 0.6642
7160.0000 88.3258 0.6586
7165.0000 88.0510 0.6463
7170.0000 88.1039 0.6496
7175.0000 88.2362 0.6568
7180.0000 88.3547 0.6518
7185.0000 88.3002 0.6548
7190.0000 88.3798 0.6556
7195.0000 88.4907 0.6712
7200.0000 88.4110 0.6588
7205.0000 88.2847 0.6532
7210.0000 88.3312 0.6481
7215.0000 88.5734 0.6526
7220.0000 88.3538 0.6446
7225.0000 88.3382 0.6302
7230.0000 88.3915 0.6403
7235.0000 88.3889 0.6487
7240.0000 88.3502 0.6498
7245.0000 88.4374 0.6416
7250.0000 88.3252 0.6366
7255.0000 88.3749 0.6446
7260.0000 88.1602 0.6193
7265.0000 88.3258 0.6401
7270.0000 88.4836 0.6569
7275.0000 88.5428 0.6646
7280.0000 88.6766 0.6796
7285.0000 88.7656 0.6680
7290.0000 88.6041 0.6590
7295.0000 88.7139 0.6630
7300.0000 88.5300 0.6494
7305.0000 88.4662 0.6365
7310.0000 88.7571 0.6533
7315.0000 88.7143 0.6508
7320.0000 88.8788 0.6696
7325.0000 88.6633 0.6550
7330.0000 88.6272 0.6529
7335.0000 88.4121 0.6501
7340.0000 88.4200 0.6472
7345.0000 88.5500 0.6425
7350.0000 88.6405 0.6500
7355.0000 88.5177 0.6422
7360.0000 88.3474 0.6316
7365.0000 88.4737 0.6291
7370.0000 88.3395 0.6157
7375.0000 88.3194 0.6231
7380.0000 88.3980 0.6303
7385.0000 88.4090 0.6287
7390.0000 88.4775 0.6342
7395.0000 88.5238 0.6306
7400.0000 88.5716 0.6318
7405.0000 88.5251 0.6220
7410.0000 88.4369 0.6224
7415.0000 88.3541 0.6191
7420.0000 88.3341 0.6193
7425.0000 88.2940 0.6264
7430.0000 88.3754 0.6308
7435.0000 88.4932 0.6322
7440.0000 88.7426 0.6453
7445.0000 88.8125 0.6556
7450.0000 88.4886 0.6395
7455.0000 88.6387 0.6614
7460.0000 88.7423 0.6494
7465.0000 88.4832 0.6442
7470.0000 88.3094 0.6460
7475.0000 88.3257 0.6430
7480.0000 88.4204 0.6547
7485.0000 88.4220 0.6568
7490.0000 88.5612 0.6478
7495.0000 88.4873 0.6414
7500.0000 88.5841 0.6388
7505.0000 88.4872 0.6410
7510.0000 88.4290 0.6370
7515.0000 88.4965 0.6495
7520.0000 88.5235 0.6419
7525.0000 88.5792 0.6376
7530.0000 88.4978 0.6342
7535.0000 88.5381 0.6345
7540.0000 88.3589 0.6322
7545.0000 88.4813 0.6342
7550.0000 88.3152 0.6391
7555.0000 88.2898 0.6305
7560.0000 88.4619 0.6177
7565.0000 88.3594 0.6349
7570.0000 88.9264 0.6601
7575.0000 88.6655 0.6558
7580.0000 88.8266 0.6701
7585.0000 88.7259 0.6680
7590.0000 88.4936 0.6552
7595.0000 88.5892 0.6485
7600.0000 88.3488 0.6409
7605.0000 88.7426 0.6567
7610.0000 88.5749 0.6630
7615.0000 88.3955 0.6464
7620.0000 88.4348 0.6492
7625.0000 88.5044 0.6550
7630.0000 88.5158 0.6661
7635.0000 88.6687 0.6606
7640.0000 88.3366 0.6485
7645.0000 88.2644 0.6489
7650.0000 88.4070 0.6397
7655.0000 88.3732 0.6483
7660.0000 88.3647 0.6410
7665.0000 88.4858 0.6502
7670.0000 88.3748 0.6472
7675.0000 88.3507 0.6396
7680.0000 88.4724 0.6387
7685.0000 88.3383 0.6325
7690.0000 88.4337 0.6271
7695.0000 88.4599 0.6284
7700.0000 88.3083 0.6154
7705.0000 88.3571 0.6254
7710.0000 88.5326 0.6240
7715.0000 88.2507 0.6260
7720.0000 88.4750 0.6293
7725.0000 88.2223 0.6117
7730.0000 88.1777 0.6108
7735.0000 88.1737 0.6050
7740.0000 87.9063 0.5846
7745.0000 88.0032 0.6028
7750.0000 88.1694 0.6292
7755.0000 87.9404 0.6046
7760.0000 88.1593 0.6129
7765.0000 88.2254 0.6082
7770.0000 88.5183 0.6273
7775.0000 88.2196 0.6214
7780.0000 88.1985 0.6079
7785.0000 88.2212 0.6205
7790.0000 88.2154 0.6384
7795.0000 88.4664 0.6327
7800.0000 88.4325 0.6173
7805.0000 88.6531 0.6354
7810.0000 88.4493 0.6244
7815.0000 88.4733 0.6244
7820.0000 88.3806 0.6202
7825.0000 88.1159 0.6229
7830.0000 88.4547 0.6243
7835.0000 88.2622 0.6107
7840.0000 87.9499 0.5998
7845.0000 88.0245 0.6171
7850.0000 88.1093 0.6155
7855.0000 88.2539 0.6174
7860.0000 88.2765 0.6163
7865.0000 88.4876 0.6325
7870.0000 88.3349 0.6215
7875.0000 88.6984 0.6380
7880.0000 88.5115 0.6379
7885.0000 88.3083 0.6303
7890.0000 88.4511 0.6433
7895.0000 88.3334 0.6291
7900.0000 88.7574 0.6515
7905.0000 88.7667 0.6520
7910.0000 88.7782 0.6475
7915.0000 88.8395 0.6452
7920.0000 88.7990 0.6456
7925.0000 88.8068 0.6608
7930.0000 88.4834 0.6484
7935.0000 88.2873 0.6377
7940.0000 88.3057 0.6272
7945.0000 88.1448 0.6103
7950.0000 88.2691 0.6182
7955.0000 88.2522 0.6228
7960.0000 88.0577 0.6133
7965.0000 88.4241 0.6284
7970.0000 88.3846 0.6320
7975.0000 88.4390 0.6393
7980.0000 88.2729 0.6207
7985.0000 88.1384 0.6174
7990.0000 88.2582 0.6210
7995.0000 88.1834 0.6058
8000.0000 88.1114 0.6101
