5.0000 0.0000 0.0000
10.0000 0.0000 0.0000
15.0000 0.0000 0.0000
20.0000 0.0000 0.0000
25.0000 0.0000 0.0000
30.0000 0.0000 0.0000
35.0000 0.0000 0.0000
40.0000 0.0000 0.0000
45.0000 0.0000 0.0000
50.0000 0.0000 0.0000
55.0000 0.0000 0.0000
60.0000 0.0000 0.0000
65.0000 0.0000 0.0000
70.0000 0.0000 0.0000
75.0000 0.0000 0.0000
80.0000 0.0000 0.0000
85.0000 0.0180 0.0011
90.0000 0.0359 0.0021
95.0000 0.0899 0.0052
100.0000 0.1078 0.0063
105.0000 0.1078 0.0063
110.0000 0.1078 0.0063
115.0000 0.1078 0.0063
120.0000 0.1078 0.0063
125.0000 0.1258 0.0073
130.0000 0.1438 0.0083
135.0000 0.1438 0.0083
140.0000 0.1438 0.0083
145.0000 0.1797 0.0103
150.0000 0.2336 0.0133
155.0000 0.2875 0.0162
160.0000 0.3235 0.0181
165.0000 0.3414 0.0191
170.0000 0.3774 0.0210
175.0000 0.5032 0.0273
180.0000 0.6469 0.0342
185.0000 0.9165 0.0459
190.0000 1.1321 0.0543
195.0000 1.3118 0.0606
200.0000 1.6532 0.0707
205.0000 1.9084 0.0766
210.0000 2.1923 0.0811
215.0000 2.4727 0.0841
220.0000 2.7961 0.0863
225.0000 3.0190 0.0862
230.0000 3.2382 0.0853
235.0000 3.4877 0.0844
240.0000 3.7948 0.0847
245.0000 3.9565 0.0818
250.0000 4.0859 0.0789
255.0000 4.2368 0.0749
260.0000 4.4237 0.0695
265.0000 4.5423 0.0653
270.0000 4.6609 0.0610
275.0000 4.6789 0.0603
280.0000 4.7364 0.0582
285.0000 4.8658 0.0532
290.0000 5.0275 0.0468
295.0000 5.0994 0.0438
300.0000 5.1174 0.0430
305.0000 5.1713 0.0407
310.0000 5.2180 0.0381
315.0000 5.3325 0.0425
320.0000 5.3505 0.0416
325.0000 5.3505 0.0416
330.0000 5.3864 0.0399
335.0000 5.4404 0.0372
340.0000 5.4583 0.0364
345.0000 5.4763 0.0355
350.0000 5.4956 0.0369
355.0000 5.5523 0.0387
360.0000 5.5703 0.0378
365.0000 5.5703 0.0378
370.0000 5.5896 0.0392
375.0000 5.6270 0.0396
380.0000 5.6643 0.0400
385.0000 5.7248 0.0413
390.0000 5.7636 0.0440
395.0000 5.7829 0.0452
400.0000 5.8797 0.0516
405.0000 5.9789 0.0552
410.0000 6.0564 0.0600
415.0000 6.0937 0.0601
420.0000 6.1517 0.0635
425.0000 6.2330 0.0677
430.0000 6.4730 0.0799
435.0000 6.6859 0.0907
440.0000 6.9104 0.0995
445.0000 7.0188 0.1025
450.0000 7.2124 0.1113
455.0000 7.5910 0.1254
460.0000 7.7730 0.1295
465.0000 7.9820 0.1364
470.0000 8.4032 0.1486
475.0000 8.7400 0.1528
480.0000 9.0497 0.1542
485.0000 9.5142 0.1527
490.0000 9.7077 0.1508
495.0000 9.9206 0.1479
500.0000 10.0832 0.1439
505.0000 10.1413 0.1428
510.0000 10.3735 0.1375
515.0000 10.5283 0.1334
520.0000 10.6251 0.1306
525.0000 10.8187 0.1244
530.0000 10.9387 0.1196
535.0000 11.0432 0.1146
540.0000 11.1399 0.1108
545.0000 11.1980 0.1084
550.0000 11.3141 0.1034
555.0000 11.3528 0.1017
560.0000 11.3915 0.1000
565.0000 11.4109 0.0991
570.0000 11.4303 0.0982
575.0000 11.4690 0.0964
580.0000 11.4883 0.0994
585.0000 11.5077 0.0984
590.0000 11.5077 0.0984
595.0000 11.5077 0.0984
600.0000 11.5077 0.0984
605.0000 11.5464 0.0966
610.0000 11.5464 0.0966
615.0000 11.5657 0.0956
620.0000 11.5718 0.0947
625.0000 11.6082 0.0971
630.0000 11.7172 0.1044
635.0000 11.9354 0.1267
640.0000 12.3260 0.1714
645.0000 12.5123 0.1884
650.0000 12.8116 0.2118
655.0000 13.2246 0.2448
660.0000 13.4857 0.2604
665.0000 13.7171 0.2695
670.0000 13.9358 0.2830
675.0000 14.3027 0.3045
680.0000 14.7336 0.3470
685.0000 15.2678 0.3975
690.0000 15.6344 0.4319
695.0000 16.1215 0.4642
700.0000 16.6226 0.4956
705.0000 17.1412 0.5179
710.0000 17.7441 0.5521
715.0000 18.5358 0.5880
720.0000 19.1085 0.6246
725.0000 19.7871 0.6587
730.0000 20.5264 0.6691
735.0000 21.3102 0.6633
740.0000 22.1281 0.6810
745.0000 22.8261 0.6665
750.0000 23.2755 0.6589
755.0000 23.6314 0.6606
760.0000 23.9384 0.6620
765.0000 24.4902 0.6537
770.0000 24.8611 0.6405
775.0000 25.3238 0.6426
780.0000 25.6217 0.6331
785.0000 25.9421 0.6394
790.0000 26.3141 0.6493
795.0000 26.6787 0.6516
800.0000 27.0301 0.6587
805.0000 27.3223 0.6700
810.0000 27.7757 0.6760
815.0000 28.1702 0.6927
820.0000 28.5608 0.7063
825.0000 29.0713 0.7112
830.0000 29.3617 0.7026
835.0000 29.7739 0.7239
840.0000 30.1437 0.7291
845.0000 30.5513 0.7262
850.0000 30.8663 0.7225
855.0000 31.0984 0.7257
860.0000 31.3760 0.7296
865.0000 31.5873 0.7332
870.0000 31.8680 0.7316
875.0000 32.0724 0.7337
880.0000 32.2643 0.7248
885.0000 32.4414 0.7236
890.0000 32.6154 0.7250
895.0000 32.6348 0.7251
900.0000 32.7314 0.7255
905.0000 32.8088 0.7257
910.0000 32.9055 0.7258
915.0000 32.9828 0.7257
920.0000 33.0408 0.7256
925.0000 33.1375 0.7224
930.0000 33.2373 0.7216
935.0000 33.2373 0.7216
940.0000 33.2991 0.7191
945.0000 33.3030 0.7170
950.0000 33.3223 0.7169
955.0000 33.3223 0.7169
960.0000 33.3223 0.7169
965.0000 33.4137 0.7035
970.0000 33.4331 0.7033
975.0000 33.4331 0.7033
980.0000 33.4502 0.7052
985.0000 33.5017 0.7108
990.0000 33.5463 0.7092
995.0000 33.6960 0.7163
1000.0000 33.7681 0.7217
1005.0000 33.8401 0.7269
1010.0000 33.9019 0.7267
1015.0000 33.9705 0.7336
1020.0000 34.1072 0.7461
1025.0000 34.2342 0.7548
1030.0000 34.3449 0.7583
1035.0000 34.5358 0.7731
1040.0000 34.7760 0.7948
1045.0000 34.8790 0.8032
1050.0000 35.0555 0.8152
1055.0000 35.2457 0.8264
1060.0000 35.5610 0.8509
1065.0000 35.7821 0.8720
1070.0000 36.1469 0.8960
1075.0000 36.5963 0.9263
1080.0000 36.8942 0.9549
1085.0000 37.1786 0.9756
1090.0000 37.3566 0.9903
1095.0000 37.6444 1.0031
1100.0000 38.0950 1.0236
1105.0000 38.4431 1.0403
1110.0000 38.7595 1.0761
1115.0000 39.0587 1.0982
1120.0000 39.3411 1.1217
1125.0000 39.6350 1.1449
1130.0000 40.0226 1.1873
1135.0000 40.2596 1.2124
1140.0000 40.5491 1.2494
1145.0000 40.7801 1.2643
1150.0000 41.0459 1.2778
1155.0000 41.2306 1.2804
1160.0000 41.4731 1.2847
1165.0000 41.7915 1.3068
1170.0000 42.0982 1.3323
1175.0000 42.3356 1.3485
1180.0000 42.9141 1.3816
1185.0000 43.2854 1.3994
1190.0000 43.6265 1.4183
1195.0000 44.0261 1.4331
1200.0000 44.5101 1.4428
1205.0000 45.0004 1.4711
1210.0000 45.5560 1.5109
1215.0000 46.0681 1.5275
1220.0000 46.4460 1.5442
1225.0000 46.9292 1.5697
1230.0000 47.1892 1.5838
1235.0000 47.5274 1.6051
1240.0000 47.9375 1.6358
1245.0000 48.4656 1.6546
1250.0000 48.9774 1.6932
1255.0000 49.3922 1.7127
1260.0000 49.7000 1.7432
1265.0000 49.9155 1.7544
1270.0000 50.2791 1.8057
1275.0000 50.5821 1.8413
1280.0000 51.0629 1.8829
1285.0000 51.3027 1.8927
1290.0000 51.7138 1.9263
1295.0000 52.0458 1.9500
1300.0000 52.2094 1.9544
1305.0000 52.5124 1.9783
1310.0000 52.6942 1.9918
1315.0000 53.0262 2.0090
1320.0000 53.5717 2.0540
1325.0000 54.0561 2.0789
1330.0000 54.3955 2.0997
1335.0000 54.7289 2.1417
1340.0000 55.0669 2.1583
1345.0000 55.5998 2.1983
1350.0000 55.9574 2.2168
1355.0000 56.4423 2.2454
1360.0000 56.8964 2.2767
1365.0000 57.3506 2.3138
1370.0000 57.8354 2.3801
1375.0000 58.3701 2.4212
1380.0000 59.0755 2.4406
1385.0000 59.8112 2.5060
1390.0000 60.4196 2.5569
1395.0000 61.2165 2.6069
1400.0000 61.8790 2.6430
1405.0000 62.3695 2.6800
1410.0000 62.7965 2.6869
1415.0000 63.4627 2.7225
1420.0000 64.0408 2.7587
1425.0000 64.5612 2.7920
1430.0000 65.0743 2.8321
1435.0000 65.4153 2.8384
1440.0000 65.7099 2.8508
1445.0000 66.3152 2.9046
1450.0000 66.7031 2.9463
1455.0000 66.9487 2.9611
1460.0000 67.2405 2.9626
1465.0000 67.4884 2.9731
1470.0000 67.7821 2.9879
1475.0000 67.9780 2.9833
1480.0000 68.2486 2.9888
1485.0000 68.5475 3.0057
1490.0000 68.6933 3.0179
1495.0000 68.8356 3.0335
1500.0000 69.1755 3.0354
1505.0000 69.4566 3.0407
1510.0000 69.7786 3.0621
1515.0000 69.9209 3.0746
1520.0000 70.2125 3.0905
1525.0000 70.4207 3.1020
1530.0000 70.6947 3.1126
1535.0000 70.8672 3.1198
1540.0000 70.9384 3.1245
1545.0000 70.9739 3.1269
1550.0000 71.0273 3.1339
1555.0000 71.1109 3.1405
1560.0000 71.1768 3.1493
1565.0000 71.2123 3.1515
1570.0000 71.3138 3.1528
1575.0000 71.3805 3.1600
1580.0000 71.3805 3.1600
1585.0000 71.4738 3.1768
1590.0000 71.5227 3.1829
1595.0000 71.5871 3.1884
1600.0000 71.6694 3.1992
1605.0000 71.7338 3.2076
1610.0000 71.8316 3.2205
1615.0000 71.9405 3.2407
1620.0000 72.0494 3.2576
1625.0000 72.2049 3.2813
1630.0000 72.2827 3.2923
1635.0000 72.3969 3.3051
1640.0000 72.5556 3.3253
1645.0000 72.7112 3.3475
1650.0000 72.8876 3.3629
1655.0000 73.1232 3.3909
1660.0000 73.3143 3.4138
1665.0000 73.3859 3.4111
1670.0000 73.6099 3.4312
1675.0000 73.8308 3.4340
1680.0000 74.0725 3.4552
1685.0000 74.2491 3.4685
1690.0000 74.4980 3.4960
1695.0000 74.6473 3.4996
1700.0000 74.8277 3.5057
1705.0000 75.0455 3.5267
1710.0000 75.1108 3.5288
1715.0000 75.3006 3.5421
1720.0000 75.3815 3.5452
1725.0000 75.4655 3.5446
1730.0000 75.5433 3.5480
1735.0000 75.6669 3.5629
1740.0000 75.8883 3.5882
1745.0000 76.0718 3.6204
1750.0000 76.3337 3.6671
1755.0000 76.6591 3.7219
1760.0000 76.9551 3.7652
1765.0000 77.2286 3.8164
1770.0000 77.4579 3.8474
1775.0000 77.9167 3.9062
1780.0000 78.5070 3.9826
1785.0000 78.9892 4.0481
1790.0000 79.4535 4.1032
1795.0000 79.8740 4.1650
1800.0000 80.4268 4.2334
1805.0000 81.1200 4.3191
1810.0000 81.5551 4.3323
1815.0000 82.1514 4.4009
1820.0000 82.5799 4.4294
1825.0000 82.9675 4.4345
1830.0000 83.4426 4.4769
1835.0000 83.9514 4.4894
1840.0000 84.2616 4.5046
1845.0000 84.5754 4.5302
1850.0000 84.7896 4.5622
1855.0000 85.1566 4.6118
1860.0000 85.2703 4.6305
1865.0000 85.6129 4.6659
1870.0000 85.9736 4.7229
1875.0000 86.3219 4.7745
1880.0000 86.5430 4.8057
1885.0000 86.9254 4.8701
1890.0000 87.2753 4.8885
1895.0000 87.5358 4.9185
1900.0000 87.9059 4.9503
1905.0000 88.3499 4.9905
1910.0000 88.6956 5.0166
1915.0000 89.0945 5.0354
1920.0000 89.2901 5.0450
1925.0000 89.5904 5.0729
1930.0000 89.8199 5.0769
1935.0000 90.0292 5.0937
1940.0000 90.1374 5.1031
1945.0000 90.3568 5.1157
1950.0000 90.5612 5.1219
1955.0000 90.6582 5.1296
1960.0000 90.7196 5.1359
1965.0000 90.8452 5.1486
1970.0000 90.9716 5.1490
1975.0000 91.0949 5.1605
1980.0000 91.1348 5.1636
1985.0000 91.1964 5.1692
1990.0000 91.2170 5.1710
1995.0000 91.2376 5.1729
2000.0000 91.3033 5.1724
2005.0000 91.3239 5.1742
2010.0000 91.3280 5.1683
2015.0000 91.3280 5.1683
2020.0000 91.2963 5.1666
2025.0000 91.3384 5.1645
2030.0000 91.3793 5.1600
2035.0000 91.4355 5.1594
2040.0000 91.5287 5.1664
2045.0000 91.5314 5.1605
2050.0000 91.5089 5.1616
2055.0000 91.4940 5.1571
2060.0000 91.5407 5.1624
2065.0000 91.5586 5.1635
2070.0000 91.4918 5.1579
2075.0000 91.4741 5.1533
2080.0000 91.4106 5.1503
2085.0000 91.3102 5.1471
2090.0000 91.2691 5.1419
2095.0000 91.1854 5.1405
2100.0000 91.2073 5.1327
2105.0000 91.0453 5.1265
2110.0000 91.0882 5.1244
2115.0000 91.0169 5.1209
2120.0000 90.8724 5.1126
2125.0000 90.8017 5.1074
2130.0000 90.8549 5.1075
2135.0000 90.6382 5.0996
2140.0000 90.6995 5.0857
2145.0000 90.4895 5.0619
2150.0000 90.2850 5.0295
2155.0000 90.1448 5.0088
2160.0000 89.9771 4.9966
2165.0000 89.7216 4.9834
2170.0000 89.8673 4.9631
2175.0000 89.8902 4.9499
2180.0000 89.6794 4.9234
2185.0000 89.6366 4.9109
2190.0000 89.5790 4.8980
2195.0000 89.5853 4.8857
2200.0000 89.4392 4.8695
2205.0000 89.4073 4.8606
2210.0000 89.2211 4.8610
2215.0000 89.0404 4.8330
2220.0000 89.2115 4.8325
2225.0000 89.0562 4.8242
2230.0000 89.0108 4.8023
2235.0000 88.9864 4.7942
2240.0000 89.0107 4.7894
2245.0000 89.0489 4.7695
2250.0000 89.0442 4.7704
2255.0000 89.1361 4.7408
2260.0000 89.1512 4.7304
2265.0000 89.1769 4.7159
2270.0000 89.2478 4.7176
2275.0000 89.1049 4.7111
2280.0000 88.8212 4.6711
2285.0000 88.8433 4.6681
2290.0000 88.8091 4.6655
2295.0000 88.7598 4.6541
2300.0000 88.4435 4.6364
2305.0000 88.2457 4.6093
2310.0000 88.2440 4.5667
2315.0000 88.0872 4.5354
2320.0000 88.0577 4.5112
2325.0000 87.7637 4.4474
2330.0000 87.5560 4.4166
2335.0000 87.3845 4.3767
2340.0000 87.2990 4.3469
2345.0000 87.1388 4.3285
2350.0000 87.0671 4.3050
2355.0000 87.3844 4.2860
2360.0000 87.1631 4.2544
2365.0000 86.9156 4.2155
2370.0000 86.9503 4.2201
2375.0000 86.9992 4.2094
2380.0000 86.8873 4.1971
2385.0000 87.0016 4.2184
2390.0000 86.8897 4.1788
2395.0000 87.1176 4.1798
2400.0000 87.1358 4.1881
2405.0000 86.8516 4.1388
2410.0000 86.6873 4.1193
2415.0000 87.0306 4.1275
2420.0000 86.7069 4.1029
2425.0000 86.6441 4.0915
2430.0000 86.6141 4.0687
2435.0000 86.8041 4.0906
2440.0000 86.9143 4.0959
2445.0000 86.9947 4.0962
2450.0000 86.6570 4.0561
2455.0000 86.5623 4.0501
2460.0000 86.7752 4.0488
2465.0000 86.8954 4.0410
2470.0000 86.4988 3.9984
2475.0000 86.6960 3.9970
2480.0000 86.3009 3.9695
2485.0000 86.3208 3.9485
2490.0000 86.1901 3.9227
2495.0000 86.3388 3.9442
2500.0000 86.4216 3.9539
2505.0000 86.2160 3.9406
2510.0000 86.2475 3.9323
2515.0000 86.1481 3.9100
2520.0000 85.9591 3.9003
2525.0000 85.8674 3.8752
2530.0000 86.0497 3.8959
2535.0000 86.0680 3.8898
2540.0000 86.0414 3.8749
2545.0000 85.8313 3.8400
2550.0000 85.8655 3.8445
2555.0000 85.9830 3.8557
2560.0000 86.1301 3.8654
2565.0000 86.2396 3.8719
2570.0000 86.2146 3.8678
2575.0000 86.2483 3.8419
2580.0000 86.3758 3.8452
2585.0000 86.2572 3.8329
2590.0000 86.2784 3.8390
2595.0000 86.3207 3.8444
2600.0000 86.2613 3.8439
2605.0000 86.3702 3.8539
2610.0000 86.4214 3.8549
2615.0000 86.5396 3.8680
2620.0000 86.5803 3.8602
2625.0000 86.6650 3.8729
2630.0000 86.7173 3.8814
2635.0000 86.8196 3.8974
2640.0000 86.7537 3.8917
2645.0000 86.7978 3.8904
2650.0000 86.6313 3.8828
2655.0000 86.8141 3.8892
2660.0000 86.7188 3.8911
2665.0000 86.7572 3.8926
2670.0000 86.8753 3.9125
2675.0000 87.0446 3.9129
2680.0000 87.0999 3.9164
2685.0000 87.1799 3.9290
2690.0000 87.3201 3.9316
2695.0000 87.3409 3.9352
2700.0000 87.4928 3.9609
2705.0000 87.4471 3.9561
2710.0000 87.5015 3.9529
2715.0000 87.3826 3.9201
2720.0000 87.6276 3.9280
2725.0000 87.7356 3.9470
2730.0000 87.9415 3.9625
2735.0000 88.0484 3.9434
2740.0000 88.2422 3.9557
2745.0000 88.5533 3.9636
2750.0000 88.7731 3.9781
2755.0000 88.9522 3.9921
2760.0000 88.9174 3.9923
2765.0000 88.9067 3.9813
2770.0000 88.8646 3.9699
2775.0000 88.8364 3.9698
2780.0000 88.8734 3.9716
2785.0000 88.9002 3.9687
2790.0000 88.9740 3.9610
2795.0000 89.2730 3.9663
2800.0000 88.9709 3.9574
2805.0000 89.0059 3.9521
2810.0000 89.1005 3.9431
2815.0000 89.1027 3.9157
2820.0000 89.0467 3.8904
2825.0000 88.8848 3.8556
2830.0000 88.8565 3.8336
2835.0000 88.8653 3.8476
2840.0000 88.7546 3.8337
2845.0000 88.8890 3.8159
2850.0000 88.5783 3.7895
2855.0000 88.3088 3.7622
2860.0000 88.4482 3.7656
2865.0000 88.5015 3.7682
2870.0000 88.5528 3.7635
2875.0000 88.5137 3.7586
2880.0000 88.4625 3.7372
2885.0000 88.6451 3.7537
2890.0000 88.5583 3.7440
2895.0000 88.3696 3.7313
2900.0000 88.4319 3.7240
2905.0000 88.4149 3.7254
2910.0000 88.1671 3.7114
2915.0000 88.2276 3.7094
2920.0000 88.3425 3.7175
2925.0000 88.2537 3.7142
2930.0000 88.2822 3.7069
2935.0000 88.2634 3.7106
2940.0000 88.1852 3.6936
2945.0000 88.1774 3.7077
2950.0000 88.2292 3.6997
2955.0000 88.2266 3.7073
2960.0000 88.2130 3.7043
2965.0000 88.2995 3.7095
2970.0000 88.4171 3.7132
2975.0000 88.4178 3.7147
2980.0000 88.4991 3.7224
2985.0000 88.4797 3.7194
2990.0000 88.4459 3.7185
2995.0000 88.5523 3.7251
3000.0000 88.4136 3.7109
3005.0000 88.3566 3.7072
3010.0000 88.3262 3.7088
3015.0000 88.5813 3.7201
3020.0000 88.5935 3.7154
3025.0000 88.5029 3.7094
3030.0000 88.4070 3.7087
3035.0000 88.3796 3.6950
3040.0000 88.3027 3.6966
3045.0000 88.3079 3.6819
3050.0000 88.1282 3.6715
3055.0000 88.1386 3.6767
3060.0000 88.2116 3.6774
3065.0000 88.2348 3.6602
3070.0000 88.1943 3.6324
3075.0000 88.1279 3.6250
3080.0000 88.1603 3.6120
3085.0000 87.9745 3.5868
3090.0000 88.1245 3.5928
3095.0000 88.1717 3.5666
3100.0000 88.2109 3.5540
3105.0000 88.2117 3.5477
3110.0000 88.3602 3.5633
3115.0000 88.3884 3.5545
3120.0000 88.5876 3.5685
3125.0000 88.5588 3.5679
3130.0000 88.4912 3.5358
3135.0000 88.5940 3.5144
3140.0000 88.7167 3.5236
3145.0000 88.8086 3.5299
3150.0000 88.9776 3.5091
3155.0000 89.0432 3.4997
3160.0000 89.0852 3.5072
3165.0000 89.2244 3.5173
3170.0000 89.1673 3.5108
3175.0000 89.0795 3.4922
3180.0000 89.3959 3.5097
3185.0000 89.3477 3.5139
3190.0000 89.3666 3.5109
3195.0000 89.2387 3.5176
3200.0000 89.4292 3.5204
3205.0000 89.4411 3.5135
3210.0000 89.4045 3.4953
3215.0000 89.4415 3.4844
3220.0000 89.7093 3.4956
3225.0000 89.8058 3.5106
3230.0000 89.8600 3.5073
3235.0000 89.8139 3.4976
3240.0000 89.7644 3.4735
3245.0000 89.7776 3.4836
3250.0000 90.0414 3.4786
3255.0000 90.0304 3.4845
3260.0000 90.1602 3.4977
3265.0000 90.2148 3.4928
3270.0000 90.3727 3.4955
3275.0000 90.3596 3.4810
3280.0000 90.5042 3.4948
3285.0000 90.3791 3.4882
3290.0000 90.4536 3.4889
3295.0000 90.4382 3.4816
3300.0000 90.3490 3.4734
3305.0000 90.3058 3.4610
3310.0000 90.5205 3.4864
3315.0000 90.5870 3.4760
3320.0000 90.6973 3.4814
3325.0000 90.9205 3.4974
3330.0000 90.8905 3.5027
3335.0000 90.8637 3.4992
3340.0000 90.7125 3.4970
3345.0000 90.6668 3.4961
3350.0000 90.9422 3.5018
3355.0000 90.7806 3.4936
3360.0000 90.8845 3.5031
3365.0000 90.8949 3.5037
3370.0000 90.9684 3.5056
3375.0000 90.9844 3.5024
3380.0000 90.9318 3.4975
3385.0000 91.0481 3.5023
3390.0000 91.0318 3.5003
3395.0000 91.0604 3.5040
3400.0000 90.9283 3.4966
3405.0000 90.9061 3.4966
3410.0000 90.7702 3.4840
3415.0000 90.7880 3.4823
3420.0000 90.7954 3.4766
3425.0000 90.7991 3.4732
3430.0000 90.7331 3.4717
3435.0000 90.7084 3.4593
3440.0000 90.6040 3.4471
3445.0000 90.6682 3.4462
3450.0000 90.6136 3.4189
3455.0000 90.5860 3.4066
3460.0000 90.5913 3.3996
3465.0000 90.4683 3.4010
3470.0000 90.5141 3.3959
3475.0000 90.4546 3.3808
3480.0000 90.2538 3.3621
3485.0000 90.2498 3.3622
3490.0000 90.0976 3.3530
3495.0000 89.9243 3.3259
3500.0000 89.8346 3.3139
3505.0000 89.6341 3.2888
3510.0000 89.5680 3.2803
3515.0000 89.5729 3.2680
3520.0000 89.4956 3.2689
3525.0000 89.5346 3.2504
3530.0000 89.5078 3.2252
3535.0000 89.4599 3.2327
3540.0000 89.5418 3.2221
3545.0000 89.4715 3.1972
3550.0000 89.1998 3.1838
3555.0000 89.4284 3.1991
3560.0000 89.3837 3.1901
3565.0000 89.4830 3.1821
3570.0000 89.3194 3.1639
3575.0000 89.3673 3.1629
3580.0000 89.4363 3.1669
3585.0000 89.3905 3.1641
3590.0000 89.2854 3.1473
3595.0000 89.2492 3.1444
3600.0000 89.4624 3.1559
3605.0000 89.4643 3.1516
3610.0000 89.3869 3.1487
3615.0000 89.3018 3.1486
3620.0000 89.4077 3.1361
3625.0000 89.2900 3.1309
3630.0000 89.2514 3.1250
3635.0000 89.3861 3.1253
3640.0000 89.3732 3.1218
3645.0000 89.4832 3.1266
3650.0000 89.3588 3.1296
3655.0000 89.2541 3.1267
3660.0000 89.4392 3.1292
3665.0000 89.3498 3.1147
3670.0000 89.2394 3.1065
3675.0000 89.2560 3.1058
3680.0000 89.2622 3.0948
3685.0000 89.1633 3.0829
3690.0000 89.0441 3.0708
3695.0000 88.9639 3.0686
3700.0000 88.9398 3.0671
3705.0000 89.0473 3.0792
3710.0000 88.9407 3.0576
3715.0000 88.7970 3.0465
3720.0000 88.7056 3.0258
3725.0000 88.6755 3.0034
3730.0000 88.5575 2.9837
3735.0000 88.6634 2.9809
3740.0000 88.5838 2.9758
3745.0000 88.3779 2.9599
3750.0000 88.2069 2.9408
3755.0000 88.0837 2.9260
3760.0000 88.0190 2.9190
3765.0000 88.2038 2.9479
3770.0000 88.1798 2.9243
3775.0000 88.3469 2.9323
3780.0000 88.2472 2.9251
3785.0000 88.1341 2.9027
3790.0000 88.1912 2.8953
3795.0000 88.2292 2.8855
3800.0000 88.1380 2.8892
3805.0000 88.2267 2.8898
3810.0000 88.2123 2.8782
3815.0000 88.2905 2.8905
3820.0000 88.2735 2.8901
3825.0000 88.6601 2.9219
3830.0000 88.6691 2.9246
3835.0000 88.9135 2.9475
3840.0000 88.9362 2.9504
3845.0000 89.0946 2.9644
3850.0000 89.1390 2.9626
3855.0000 89.3894 2.9676
3860.0000 89.4256 2.9851
3865.0000 89.2755 2.9859
3870.0000 89.4298 2.9965
3875.0000 89.5733 3.0031
3880.0000 89.6997 3.0050
3885.0000 89.7445 3.0125
3890.0000 89.7973 3.0103
3895.0000 89.7173 3.0147
3900.0000 89.8310 3.0086
3905.0000 89.8584 3.0106
3910.0000 89.7998 3.0136
3915.0000 89.7570 3.0060
3920.0000 89.7320 3.0109
3925.0000 89.8466 3.0088
3930.0000 89.9026 3.0110
3935.0000 89.5434 2.9620
3940.0000 89.5068 2.9468
3945.0000 89.3716 2.9403
3950.0000 89.2411 2.9307
3955.0000 89.0533 2.9203
3960.0000 89.0354 2.9085
3965.0000 89.0975 2.9026
3970.0000 89.0524 2.8917
3975.0000 88.8814 2.8789
3980.0000 88.7567 2.8668
3985.0000 88.2870 2.8287
3990.0000 88.1343 2.7949
3995.0000 87.9428 2.7541
4000.0000 87.7191 2.7399
4005.0000 87.5532 2.7201
4010.0000 87.5219 2.7141
4015.0000 87.4128 2.6943
4020.0000 87.2523 2.6656
4025.0000 87.2778 2.6545
4030.0000 87.1865 2.6569
4035.0000 86.9011 2.6087
4040.0000 86.9692 2.6160
4045.0000 86.8075 2.5992
4050.0000 86.8577 2.6087
4055.0000 86.8399 2.5926
4060.0000 86.5370 2.5439
4065.0000 86.6424 2.5398
4070.0000 86.4631 2.5240
4075.0000 86.3929 2.5101
4080.0000 86.0171 2.4648
4085.0000 86.1285 2.4692
4090.0000 86.0507 2.4589
4095.0000 86.0156 2.4540
4100.0000 86.1322 2.4684
4105.0000 86.1992 2.4704
4110.0000 86.0023 2.4513
4115.0000 85.9613 2.4456
4120.0000 85.9524 2.4296
4125.0000 86.0092 2.4366
4130.0000 86.0107 2.4391
4135.0000 86.1462 2.4548
4140.0000 86.2592 2.4584
4145.0000 86.2056 2.4565
4150.0000 86.3860 2.4823
4155.0000 86.3123 2.4705
4160.0000 85.9508 2.4329
4165.0000 86.0033 2.4344
4170.0000 86.1780 2.4522
4175.0000 86.1566 2.4508
4180.0000 86.0631 2.4330
4185.0000 85.9852 2.4118
4190.0000 85.8280 2.3859
4195.0000 85.9966 2.3927
4200.0000 85.8933 2.3680
4205.0000 86.2690 2.3855
4210.0000 86.2915 2.3934
4215.0000 86.1103 2.3764
4220.0000 86.3606 2.3954
4225.0000 86.5375 2.4188
4230.0000 86.3750 2.3909
4235.0000 86.3134 2.3912
4240.0000 86.0635 2.3650
4245.0000 86.2385 2.3818
4250.0000 86.2706 2.3771
4255.0000 86.1891 2.3643
4260.0000 86.3302 2.3689
4265.0000 86.2869 2.3579
4270.0000 86.4505 2.3861
4275.0000 86.5023 2.3899
4280.0000 86.3550 2.3804
4285.0000 86.3530 2.3537
4290.0000 86.1941 2.3304
4295.0000 86.5425 2.3508
4300.0000 86.3486 2.3247
4305.0000 86.4462 2.3223
4310.0000 86.2890 2.2921
4315.0000 86.5521 2.3123
4320.0000 86.5041 2.3045
4325.0000 86.5467 2.2996
4330.0000 86.6694 2.3035
4335.0000 86.8642 2.3188
4340.0000 86.6067 2.2763
4345.0000 86.3614 2.2572
4350.0000 86.2433 2.2337
4355.0000 86.2486 2.2153
4360.0000 86.2586 2.2084
4365.0000 86.4234 2.2191
4370.0000 86.3417 2.2034
4375.0000 86.5603 2.2358
4380.0000 86.4764 2.2210
4385.0000 86.4158 2.2141
4390.0000 86.8952 2.2566
4395.0000 86.6734 2.2378
4400.0000 86.4802 2.2184
4405.0000 86.8836 2.2531
4410.0000 86.7030 2.2284
4415.0000 86.5175 2.2125
4420.0000 86.4282 2.2052
4425.0000 86.3865 2.1874
4430.0000 86.3919 2.1700
4435.0000 86.1679 2.1544
4440.0000 86.3193 2.1465
4445.0000 86.4488 2.1553
4450.0000 86.3812 2.1451
4455.0000 86.0824 2.1167
4460.0000 86.0830 2.1160
4465.0000 86.5025 2.1522
4470.0000 86.3453 2.1216
4475.0000 86.3311 2.1116
4480.0000 86.6457 2.1432
4485.0000 86.6141 2.1269
4490.0000 86.7269 2.1318
4495.0000 86.6173 2.1074
4500.0000 86.4947 2.0861
4505.0000 86.7162 2.1062
4510.0000 86.6979 2.0964
4515.0000 86.6240 2.0907
4520.0000 86.5581 2.0833
4525.0000 86.5432 2.0782
4530.0000 86.5286 2.0737
4535.0000 86.6081 2.0823
4540.0000 86.4798 2.0735
4545.0000 86.2773 2.0610
4550.0000 86.3996 2.0700
4555.0000 86.6284 2.0923
4560.0000 86.5530 2.0778
4565.0000 86.5653 2.0753
4570.0000 86.7018 2.0828
4575.0000 86.7909 2.0901
4580.0000 86.6657 2.0645
4585.0000 86.4306 2.0286
4590.0000 86.6551 2.0370
4595.0000 86.8547 2.0587
4600.0000 86.8033 2.0486
4605.0000 86.7322 2.0269
4610.0000 86.6584 2.0135
4615.0000 86.7570 2.0292
4620.0000 86.6785 2.0197
4625.0000 87.2281 2.0770
4630.0000 87.2003 2.0718
4635.0000 87.2558 2.0554
4640.0000 86.9486 2.0183
4645.0000 86.9141 2.0163
4650.0000 86.8394 1.9948
4655.0000 86.8752 1.9999
4660.0000 86.9999 2.0004
4665.0000 87.1027 2.0210
4670.0000 86.8386 1.9806
4675.0000 86.7761 1.9773
4680.0000 86.7454 1.9623
4685.0000 86.8113 1.9724
4690.0000 86.9660 1.9767
4695.0000 87.1485 1.9964
4700.0000 87.0942 1.9969
4705.0000 86.8245 1.9565
4710.0000 86.9703 1.9461
4715.0000 86.8751 1.9359
4720.0000 86.7248 1.9286
4725.0000 86.8276 1.9364
4730.0000 86.8628 1.9436
4735.0000 87.0302 1.9489
4740.0000 86.6886 1.8891
4745.0000 86.7345 1.8965
4750.0000 86.7382 1.9077
4755.0000 86.8478 1.9085
4760.0000 87.0586 1.9322
4765.0000 86.9648 1.9114
4770.0000 87.0047 1.9301
4775.0000 86.9301 1.9273
4780.0000 87.0424 1.9309
4785.0000 87.0180 1.9294
4790.0000 86.9733 1.9203
4795.0000 87.0051 1.9171
4800.0000 86.9933 1.9127
4805.0000 86.9248 1.8975
4810.0000 86.8803 1.9032
4815.0000 86.8588 1.8996
4820.0000 86.9194 1.9152
4825.0000 86.9186 1.8982
4830.0000 86.9891 1.9170
4835.0000 87.0159 1.9289
4840.0000 87.1724 1.9298
4845.0000 86.9638 1.9112
4850.0000 87.0119 1.9177
4855.0000 86.8580 1.9029
4860.0000 86.8375 1.8951
4865.0000 86.6371 1.8749
4870.0000 86.5219 1.8657
4875.0000 86.7103 1.9044
4880.0000 86.7826 1.8894
4885.0000 86.5686 1.8744
4890.0000 86.5100 1.8620
4895.0000 86.6844 1.8836
4900.0000 86.8814 1.9208
4905.0000 86.8932 1.9201
4910.0000 86.8928 1.9121
4915.0000 87.0451 1.9270
4920.0000 87.1023 1.9283
4925.0000 86.9278 1.9209
4930.0000 87.0189 1.9303
4935.0000 87.0924 1.9301
4940.0000 86.9463 1.9138
4945.0000 86.8118 1.9156
4950.0000 86.8129 1.9195
4955.0000 86.6482 1.8982
4960.0000 86.4895 1.8700
4965.0000 86.8027 1.9034
4970.0000 86.9350 1.9084
4975.0000 86.6911 1.8941
4980.0000 86.7430 1.9017
4985.0000 86.8619 1.9142
4990.0000 86.8945 1.9278
4995.0000 86.7846 1.9158
5000.0000 87.0302 1.9305
5005.0000 87.2801 1.9499
5010.0000 87.0314 1.9330
5015.0000 87.0635 1.9507
5020.0000 87.1984 1.9564
5025.0000 87.1144 1.9566
5030.0000 87.1258 1.9427
5035.0000 86.7419 1.9004
5040.0000 86.8350 1.9046
5045.0000 86.9013 1.9105
5050.0000 86.9596 1.9152
5055.0000 86.9996 1.9157
5060.0000 86.9044 1.9259
5065.0000 86.9072 1.9292
5070.0000 86.8116 1.9125
5075.0000 86.7109 1.9012
5080.0000 86.7528 1.9000
5085.0000 86.8592 1.9117
5090.0000 86.9867 1.9232
5095.0000 86.9561 1.9107
5100.0000 86.9037 1.8966
5105.0000 86.8126 1.8823
5110.0000 86.7341 1.8825
5115.0000 86.5941 1.8617
5120.0000 86.7921 1.8812
5125.0000 86.9555 1.9039
5130.0000 86.9562 1.9082
5135.0000 86.9312 1.9060
5140.0000 87.0703 1.9138
5145.0000 87.0936 1.9108
5150.0000 87.1073 1.9129
5155.0000 87.0537 1.9092
5160.0000 87.1071 1.9205
5165.0000 86.9565 1.8999
5170.0000 86.9740 1.9082
5175.0000 86.8165 1.8824
5180.0000 86.6195 1.8693
5185.0000 86.6572 1.8721
5190.0000 86.6596 1.8627
5195.0000 86.7419 1.8729
5200.0000 86.6625 1.8778
5205.0000 86.8457 1.8722
5210.0000 86.9511 1.8849
5215.0000 86.9212 1.8926
5220.0000 86.8928 1.8892
5225.0000 87.1679 1.9122
5230.0000 87.3601 1.9220
5235.0000 87.1818 1.9186
5240.0000 86.9626 1.8927
5245.0000 87.1974 1.9155
5250.0000 87.0278 1.8852
5255.0000 86.9780 1.8953
5260.0000 87.1985 1.9042
5265.0000 87.0577 1.8953
5270.0000 87.0907 1.8964
5275.0000 87.1318 1.8985
5280.0000 87.0867 1.8945
5285.0000 87.3358 1.9101
5290.0000 87.1832 1.8951
5295.0000 87.1436 1.9108
5300.0000 87.1163 1.9095
5305.0000 87.0816 1.8976
5310.0000 87.0254 1.8935
5315.0000 87.2347 1.8984
5320.0000 87.1735 1.8809
5325.0000 87.3375 1.9030
5330.0000 87.1543 1.8910
5335.0000 87.1355 1.8957
5340.0000 87.0151 1.8763
5345.0000 86.8713 1.8649
5350.0000 86.9919 1.8584
5355.0000 86.9626 1.8551
5360.0000 87.0564 1.8594
5365.0000 86.8052 1.8248
5370.0000 86.7486 1.8015
5375.0000 86.9283 1.8191
5380.0000 86.8826 1.8013
5385.0000 86.9065 1.8057
5390.0000 86.9539 1.8021
5395.0000 87.0581 1.7996
5400.0000 86.9728 1.7918
5405.0000 87.0098 1.7887
5410.0000 87.0771 1.8045
5415.0000 87.0290 1.8117
5420.0000 86.9437 1.7935
5425.0000 86.8084 1.7800
5430.0000 86.8837 1.7741
5435.0000 87.1036 1.7952
5440.0000 86.9989 1.7792
5445.0000 86.9958 1.7774
5450.0000 87.2992 1.7866
5455.0000 87.1695 1.7783
5460.0000 87.1983 1.7779
5465.0000 87.1866 1.7654
5470.0000 87.0426 1.7579
5475.0000 86.9205 1.7284
5480.0000 86.8695 1.7129
5485.0000 86.8320 1.7060
5490.0000 86.7555 1.6918
5495.0000 86.6949 1.6905
5500.0000 86.5323 1.6810
5505.0000 86.5794 1.6691
5510.0000 86.3666 1.6555
5515.0000 86.5216 1.6622
5520.0000 86.5339 1.6718
5525.0000 86.5074 1.6658
5530.0000 86.8267 1.7008
5535.0000 86.9568 1.7129
5540.0000 87.0341 1.7184
5545.0000 87.0868 1.7258
5550.0000 87.1927 1.7289
5555.0000 86.9994 1.7241
5560.0000 87.1678 1.7269
5565.0000 87.2103 1.7312
5570.0000 87.1608 1.7286
5575.0000 87.3560 1.7347
5580.0000 87.4064 1.7496
5585.0000 87.0951 1.7116
5590.0000 87.1360 1.7199
5595.0000 87.1766 1.7106
5600.0000 87.0173 1.7082
5605.0000 86.9246 1.7023
5610.0000 86.8290 1.6890
5615.0000 86.9339 1.7018
5620.0000 86.9333 1.6963
5625.0000 87.1147 1.7082
5630.0000 87.2083 1.7150
5635.0000 87.4030 1.7386
5640.0000 87.3125 1.7295
5645.0000 87.3303 1.7223
5650.0000 87.4280 1.7237
5655.0000 87.4782 1.7266
5660.0000 87.2735 1.7237
5665.0000 87.1634 1.7111
5670.0000 87.1540 1.7016
5675.0000 87.3565 1.7271
5680.0000 87.0581 1.6948
5685.0000 87.6117 1.7355
5690.0000 87.3558 1.7173
5695.0000 87.1527 1.6999
5700.0000 87.3539 1.7002
5705.0000 87.2563 1.7027
5710.0000 87.2738 1.7069
5715.0000 87.1408 1.6806
5720.0000 87.3178 1.6899
5725.0000 86.9509 1.6520
5730.0000 87.0687 1.6635
5735.0000 87.1554 1.6626
5740.0000 87.1501 1.6739
5745.0000 87.1365 1.6746
5750.0000 87.1640 1.6683
5755.0000 87.1417 1.6714
5760.0000 87.1918 1.6913
5765.0000 87.1381 1.6745
5770.0000 87.0265 1.6496
5775.0000 86.9723 1.6560
5780.0000 87.1489 1.6641
5785.0000 87.3418 1.6835
5790.0000 87.2954 1.6766
5795.0000 87.1500 1.6467
5800.0000 87.4473 1.6639
5805.0000 87.3034 1.6624
5810.0000 87.1778 1.6448
5815.0000 87.2456 1.6417
5820.0000 87.3085 1.6348
5825.0000 87.1477 1.6232
5830.0000 87.2362 1.6261
5835.0000 86.9483 1.6039
5840.0000 86.7806 1.5838
5845.0000 86.8648 1.5882
5850.0000 86.8919 1.5905
5855.0000 87.0472 1.5979
5860.0000 87.1530 1.5989
5865.0000 87.2031 1.6152
5870.0000 87.2676 1.6074
5875.0000 87.1606 1.6002
5880.0000 87.0647 1.5812
5885.0000 87.2182 1.5936
5890.0000 87.4088 1.6059
5895.0000 87.3143 1.6017
5900.0000 87.1817 1.5915
5905.0000 87.3116 1.5949
5910.0000 87.4380 1.6187
5915.0000 87.4547 1.5928
5920.0000 87.3224 1.5986
5925.0000 87.5930 1.6126
5930.0000 87.4037 1.5961
5935.0000 87.1671 1.5798
5940.0000 87.3386 1.5824
5945.0000 87.2697 1.5838
5950.0000 87.3147 1.5898
5955.0000 87.1786 1.5741
5960.0000 87.2363 1.5712
5965.0000 87.2544 1.5660
5970.0000 87.3691 1.5681
5975.0000 87.3529 1.5581
5980.0000 87.1126 1.5432
5985.0000 87.3637 1.5748
5990.0000 87.2033 1.5570
5995.0000 87.3054 1.5662
6000.0000 87.1818 1.5331
6005.0000 87.1606 1.5371
6010.0000 87.1843 1.5369
6015.0000 87.2008 1.5391
6020.0000 87.1992 1.5357
6025.0000 87.5006 1.5641
6030.0000 87.1562 1.5291
6035.0000 87.1603 1.5368
6040.0000 87.0824 1.5321
6045.0000 87.3524 1.5501
6050.0000 87.2059 1.5270
6055.0000 87.1882 1.5296
6060.0000 87.0752 1.5255
6065.0000 87.1764 1.5211
6070.0000 87.1696 1.5299
6075.0000 87.5058 1.5510
6080.0000 87.4601 1.5516
6085.0000 87.4319 1.5332
6090.0000 87.5151 1.5446
6095.0000 87.5124 1.5468
6100.0000 87.4348 1.5341
6105.0000 87.3777 1.5373
6110.0000 87.2679 1.5431
6115.0000 87.2561 1.5375
6120.0000 87.3960 1.5528
6125.0000 87.5523 1.5663
6130.0000 87.4724 1.5619
6135.0000 87.3625 1.5481
6140.0000 87.4600 1.5584
6145.0000 87.6444 1.5633
6150.0000 87.4147 1.5422
6155.0000 87.3479 1.5458
6160.0000 87.5620 1.5591
6165.0000 87.5822 1.5675
6170.0000 87.7452 1.5759
6175.0000 87.7221 1.5796
6180.0000 87.5907 1.5636
6185.0000 87.6881 1.5750
6190.0000 87.7165 1.5659
6195.0000 87.7031 1.5531
6200.0000 87.6267 1.5496
6205.0000 87.7704 1.5413
6210.0000 87.7397 1.5541
6215.0000 87.9551 1.5441
6220.0000 87.5130 1.5184
6225.0000 87.5087 1.5105
6230.0000 87.3649 1.4946
6235.0000 87.1748 1.4929
6240.0000 87.3887 1.5023
6245.0000 87.4452 1.5007
6250.0000 87.4202 1.4838
6255.0000 87.2264 1.4675
6260.0000 87.1232 1.4617
6265.0000 87.1710 1.4683
6270.0000 87.2428 1.4546
6275.0000 87.1860 1.4525
6280.0000 87.2544 1.4530
6285.0000 87.4834 1.4678
6290.0000 87.4871 1.4731
6295.0000 87.6108 1.4727
6300.0000 87.8887 1.4923
6305.0000 87.7892 1.4945
6310.0000 87.5789 1.4713
6315.0000 87.4938 1.4637
6320.0000 87.8555 1.4833
6325.0000 87.6188 1.4666
6330.0000 87.4990 1.4394
6335.0000 87.3889 1.4270
6340.0000 87.6366 1.4302
6345.0000 87.5677 1.4245
6350.0000 87.2313 1.3877
6355.0000 87.3748 1.4042
6360.0000 87.3134 1.4027
6365.0000 87.3891 1.4079
6370.0000 87.4156 1.4007
6375.0000 87.4186 1.3989
6380.0000 87.3181 1.3859
6385.0000 87.3149 1.3709
6390.0000 87.2773 1.3755
6395.0000 87.2421 1.3659
6400.0000 87.2286 1.3645
6405.0000 87.1791 1.3493
6410.0000 87.2744 1.3580
6415.0000 87.3695 1.3490
6420.0000 87.3479 1.3432
6425.0000 87.5296 1.3603
6430.0000 87.2221 1.3308
6435.0000 87.2280 1.3389
6440.0000 87.2055 1.3172
6445.0000 87.2994 1.3300
6450.0000 87.3104 1.3388
6455.0000 87.6742 1.3622
6460.0000 87.6409 1.3683
6465.0000 87.4410 1.3347
6470.0000 87.2238 1.3071
6475.0000 87.2282 1.2956
6480.0000 87.1638 1.2908
6485.0000 87.4099 1.2993
6490.0000 87.4747 1.3049
6495.0000 87.6052 1.3198
6500.0000 87.8144 1.3294
6505.0000 87.6343 1.2882
6510.0000 87.5974 1.2855
6515.0000 87.6935 1.2760
6520.0000 87.4665 1.2611
6525.0000 87.3967 1.2660
6530.0000 87.4491 1.2465
6535.0000 87.2825 1.2263
6540.0000 87.4294 1.2220
6545.0000 87.2793 1.2062
6550.0000 87.2601 1.1998
6555.0000 87.4257 1.2112
6560.0000 87.2426 1.1880
6565.0000 87.5798 1.2162
6570.0000 87.4641 1.1951
6575.0000 87.4387 1.2028
6580.0000 87.4241 1.2015
6585.0000 87.4632 1.1898
6590.0000 87.7793 1.2179
6595.0000 87.7632 1.2123
6600.0000 87.7801 1.2065
6605.0000 87.8536 1.2014
6610.0000 87.7067 1.1970
6615.0000 87.7018 1.1726
6620.0000 87.6001 1.1607
6625.0000 87.7209 1.1583
6630.0000 87.7570 1.1730
6635.0000 87.9024 1.1849
6640.0000 87.9904 1.1850
6645.0000 87.9115 1.1854
6650.0000 87.9179 1.1791
6655.0000 88.0312 1.1909
6660.0000 88.1391 1.1910
6665.0000 87.6869 1.1702
6670.0000 87.5917 1.1364
6675.0000 87.6030 1.1402
6680.0000 87.4429 1.1253
6685.0000 87.5186 1.1297
6690.0000 87.5104 1.1252
6695.0000 87.3994 1.1199
6700.0000 87.6026 1.1297
6705.0000 87.5188 1.1246
6710.0000 87.7520 1.1471
6715.0000 87.7393 1.1435
6720.0000 87.6822 1.1303
6725.0000 87.7952 1.1422
6730.0000 87.4963 1.1221
6735.0000 87.5554 1.1319
6740.0000 87.5900 1.1187
6745.0000 87.5987 1.1160
6750.0000 87.5166 1.1122
6755.0000 87.2744 1.1010
6760.0000 87.3929 1.1174
6765.0000 87.5891 1.1264
6770.0000 87.3726 1.1155
6775.0000 87.4677 1.1171
6780.0000 87.6368 1.1406
6785.0000 87.4762 1.1194
6790.0000 87.5981 1.1277
6795.0000 87.4838 1.1222
6800.0000 87.5855 1.1219
6805.0000 87.5585 1.1254
6810.0000 87.7819 1.1458
6815.0000 88.0375 1.1493
6820.0000 87.9947 1.1481
6825.0000 87.8668 1.1452
6830.0000 87.4036 1.1152
6835.0000 87.5651 1.1140
6840.0000 87.5587 1.1212
6845.0000 87.4866 1.1224
6850.0000 87.4160 1.1123
6855.0000 87.2998 1.0905
6860.0000 87.5118 1.1044
6865.0000 87.7381 1.1320
6870.0000 87.5755 1.1275
6875.0000 87.6247 1.1216
6880.0000 87.5979 1.1144
6885.0000 87.6444 1.1131
6890.0000 87.5468 1.1073
6895.0000 87.6931 1.1387
6900.0000 87.5196 1.1132
6905.0000 87.8101 1.1451
6910.0000 87.7167 1.1264
6915.0000 87.8540 1.1281
6920.0000 87.8371 1.1191
6925.0000 87.8797 1.1205
6930.0000 87.4665 1.0856
6935.0000 87.6368 1.0902
6940.0000 87.2487 1.0713
6945.0000 87.5773 1.1053
6950.0000 87.7800 1.1153
6955.0000 87.6377 1.1127
6960.0000 87.5349 1.0987
6965.0000 87.6837 1.1009
6970.0000 87.5319 1.0972
6975.0000 87.4445 1.0854
6980.0000 87.4789 1.0922
6985.0000 87.3354 1.0807
6990.0000 87.3772 1.0733
6995.0000 87.4614 1.0833
7000.0000 87.3154 1.0688
7005.0000 87.4465 1.0831
7010.0000 87.4844 1.0949
7015.0000 87.3061 1.0912
7020.0000 87.7650 1.1046
7025.0000 87.7257 1.0958
7030.0000 87.7485 1.0963
7035.0000 87.5385 1.0857
7040.0000 87.5901 1.0954
7045.0000 87.9696 1.1096
7050.0000 87.8269 1.1102
7055.0000 87.7188 1.1015
7060.0000 87.6719 1.1112
7065.0000 87.3518 1.0767
7070.0000 87.6538 1.1036
7075.0000 87.4968 1.0894
7080.0000 87.4870 1.1014
7085.0000 87.5919 1.1015
7090.0000 87.5371 1.1001
7095.0000 87.5768 1.0986
7100.0000 87.6209 1.0959
7105.0000 87.6721 1.1000
7110.0000 87.6430 1.0877
7115.0000 87.4409 1.0778
7120.0000 87.5923 1.0767
7125.0000 87.4719 1.0800
7130.0000 87.6316 1.0969
7135.0000 87.5399 1.0897
7140.0000 87.3016 1.0818
7145.0000 87.6974 1.1056
7150.0000 87.5583 1.1051
7155.0000 87.7302 1.1083
7160.0000 87.7135 1.1096
7165.0000 87.7327 1.1008
7170.0000 87.5853 1.0942
7175.0000 87.5833 1.0974
7180.0000 87.4734 1.0859
7185.0000 87.1951 1.0658
7190.0000 87.1316 1.0468
7195.0000 87.1765 1.0417
7200.0000 87.0295 1.0385
7205.0000 87.1387 1.0487
7210.0000 87.3463 1.0596
7215.0000 87.3548 1.0708
7220.0000 87.5104 1.0679
7225.0000 87.3767 1.0644
7230.0000 87.5508 1.0675
7235.0000 87.5911 1.0797
7240.0000 87.7086 1.0830
7245.0000 87.5215 1.0668
7250.0000 87.6833 1.0649
7255.0000 87.5405 1.0525
7260.0000 87.3410 1.0466
7265.0000 87.6479 1.0717
7270.0000 87.3809 1.0548
7275.0000 87.7742 1.0705
7280.0000 87.6333 1.0492
7285.0000 87.6268 1.0547
7290.0000 87.5657 1.0472
7295.0000 87.6752 1.0463
7300.0000 87.2734 1.0080
7305.0000 87.3671 1.0246
7310.0000 87.9080 1.0712
7315.0000 87.7047 1.0618
7320.0000 87.8862 1.0858
7325.0000 87.9765 1.0801
7330.0000 87.8506 1.0741
7335.0000 87.9203 1.0768
7340.0000 87.8371 1.0634
7345.0000 87.7765 1.0696
7350.0000 87.7623 1.0584
7355.0000 87.6790 1.0444
7360.0000 87.6321 1.0336
7365.0000 87.5655 1.0204
7370.0000 87.8392 1.0341
7375.0000 87.7899 1.0365
7380.0000 87.9665 1.0413
7385.0000 87.7652 1.0298
7390.0000 88.0266 1.0442
7395.0000 87.7929 1.0361
7400.0000 87.8491 1.0327
7405.0000 87.9165 1.0406
7410.0000 87.6628 1.0220
7415.0000 87.5621 1.0177
7420.0000 87.6944 1.0147
7425.0000 87.6801 1.0132
7430.0000 87.6055 1.0234
7435.0000 87.6827 1.0338
7440.0000 87.8031 1.0266
7445.0000 87.7761 1.0242
7450.0000 87.6910 1.0156
7455.0000 87.7820 1.0269
7460.0000 87.7433 1.0140
7465.0000 87.8739 1.0186
7470.0000 87.6661 1.0076
7475.0000 87.8196 1.0188
7480.0000 87.8183 1.0185
7485.0000 87.8163 1.0192
7490.0000 87.9035 1.0156
7495.0000 87.9524 1.0256
7500.0000 88.0313 1.0439
7505.0000 87.8086 1.0184
7510.0000 87.7398 1.0157
7515.0000 87.8182 1.0232
7520.0000 87.9995 1.0378
7525.0000 88.2146 1.0548
7530.0000 88.1769 1.0479
7535.0000 87.6254 1.0047
7540.0000 87.6643 1.0012
7545.0000 87.9556 1.0243
7550.0000 88.1211 1.0362
7555.0000 87.9437 1.0254
7560.0000 87.8893 1.0226
7565.0000 87.7753 1.0209
7570.0000 88.2341 1.0535
7575.0000 87.8911 1.0348
7580.0000 88.0622 1.0223
7585.0000 87.9840 1.0005
7590.0000 87.8833 1.0056
7595.0000 87.9257 1.0026
7600.0000 88.0427 1.0034
7605.0000 87.8562 1.0086
7610.0000 87.8797 1.0007
7615.0000 87.8258 0.9980
7620.0000 87.6479 0.9942
7625.0000 87.6910 0.9962
7630.0000 87.5782 0.9849
7635.0000 87.5951 0.9746
7640.0000 87.6547 0.9817
7645.0000 87.8800 1.0105
7650.0000 88.0141 1.0098
7655.0000 88.0706 1.0187
7660.0000 87.7400 0.9977
7665.0000 87.8695 0.9963
7670.0000 87.5999 0.9879
7675.0000 87.6214 0.9769
7680.0000 87.6114 0.9933
7685.0000 87.8472 1.0063
7690.0000 87.6320 0.9846
7695.0000 87.5585 0.9786
7700.0000 87.7388 0.9668
7705.0000 87.9396 0.9682
7710.0000 87.9174 0.9623
7715.0000 87.7662 0.9646
7720.0000 87.8537 0.9734
7725.0000 87.9552 0.9836
7730.0000 88.0622 1.0025
7735.0000 88.1108 0.9970
7740.0000 87.9186 0.9901
7745.0000 87.8561 0.9962
7750.0000 88.0064 0.9974
7755.0000 87.6530 0.9700
7760.0000 87.8178 0.9744
7765.0000 87.9081 0.9803
7770.0000 88.1380 0.9977
7775.0000 87.8854 0.9799
7780.0000 88.0690 0.9781
7785.0000 87.9895 0.9774
7790.0000 88.3023 1.0066
7795.0000 88.1682 0.9958
7800.0000 88.1106 0.9866
7805.0000 88.1543 0.9786
7810.0000 88.2273 0.9741
7815.0000 88.3812 0.9828
7820.0000 88.1746 0.9653
7825.0000 88.2358 0.9706
7830.0000 88.1992 0.9568
7835.0000 88.4248 0.9656
7840.0000 88.6318 0.9855
7845.0000 88.5351 0.9759
7850.0000 88.3242 0.9779
7855.0000 88.3470 0.9714
7860.0000 87.9514 0.9493
7865.0000 88.0327 0.9491
7870.0000 87.7825 0.9350
7875.0000 87.9970 0.9409
7880.0000 88.2629 0.9408
7885.0000 88.0077 0.9384
7890.0000 87.9593 0.9379
7895.0000 88.2260 0.9541
7900.0000 88.3253 0.9650
7905.0000 88.4512 0.9596
7910.0000 88.3109 0.9570
7915.0000 88.2409 0.9504
7920.0000 88.3702 0.9568
7925.0000 88.3237 0.9559
7930.0000 88.2546 0.9549
7935.0000 88.2328 0.9450
7940.0000 87.9853 0.9232
7945.0000 88.0182 0.9245
7950.0000 88.2674 0.9317
7955.0000 88.1202 0.9296
7960.0000 88.0195 0.9319
7965.0000 88.1923 0.9352
7970.0000 87.8145 0.9210
7975.0000 87.9418 0.9181
7980.0000 87.8416 0.9100
7985.0000 87.7762 0.9085
7990.0000 87.8158 0.9141
7995.0000 87.7104 0.9007
8000.0000 87.7854 0.9180
