# deliveryTime  hopCount
148.0000 8
105.0000 10
183.0000 6
119.0000 6
96.0000 5
136.0000 4
227.0000 7
109.0000 5
81.0000 8
123.0000 6
117.0000 6
128.0000 12
150.0000 8
169.0000 8
52.0000 6
53.0000 6
66.0000 6
78.0000 3
90.0000 5
136.0000 3
139.0000 5
148.0000 4
174.0000 10
197.0000 4
200.0000 5
201.0000 5
213.0000 8
214.0000 5
216.0000 6
225.0000 4
242.0000 7
289.0000 7
301.0000 4
119.0000 3
21.0000 4
42.0000 5
64.0000 4
65.0000 7
70.0000 4
74.0000 4
76.0000 4
76.0000 5
78.0000 4
80.0000 5
80.0000 4
81.0000 4
81.0000 5
82.0000 5
84.0000 4
84.0000 4
85.0000 7
86.0000 6
86.0000 5
89.0000 5
89.0000 6
92.0000 5
92.0000 4
95.0000 6
99.0000 6
102.0000 5
105.0000 4
105.0000 5
106.0000 4
108.0000 4
108.0000 4
109.0000 5
111.0000 4
111.0000 5
113.0000 6
114.0000 4
115.0000 4
116.0000 5
118.0000 6
118.0000 6
119.0000 4
120.0000 5
121.0000 6
122.0000 4
123.0000 5
124.0000 6
125.0000 5
126.0000 5
126.0000 5
127.0000 6
127.0000 4
129.0000 5
130.0000 4
131.0000 5
132.0000 5
133.0000 4
133.0000 6
134.0000 7
135.0000 5
136.0000 6
136.0000 4
136.0000 4
138.0000 5
140.0000 5
141.0000 4
141.0000 5
141.0000 5
141.0000 6
142.0000 7
143.0000 6
143.0000 4
144.0000 5
144.0000 5
144.0000 5
145.0000 5
146.0000 5
146.0000 4
148.0000 5
149.0000 8
150.0000 4
152.0000 5
152.0000 5
153.0000 4
153.0000 5
153.0000 6
155.0000 7
155.0000 6
156.0000 5
156.0000 5
158.0000 5
160.0000 7
160.0000 4
160.0000 6
161.0000 5
161.0000 5
162.0000 7
162.0000 6
163.0000 6
163.0000 7
166.0000 6
166.0000 5
166.0000 4
167.0000 6
169.0000 5
171.0000 7
171.0000 5
171.0000 5
174.0000 5
176.0000 4
178.0000 5
178.0000 7
178.0000 7
179.0000 4
179.0000 4
180.0000 5
181.0000 6
181.0000 4
181.0000 5
182.0000 4
182.0000 7
182.0000 6
184.0000 5
185.0000 7
187.0000 5
187.0000 5
189.0000 6
190.0000 6
190.0000 4
191.0000 6
193.0000 5
193.0000 5
194.0000 4
199.0000 6
201.0000 4
203.0000 5
204.0000 5
205.0000 7
205.0000 4
206.0000 4
206.0000 5
206.0000 5
207.0000 4
207.0000 7
208.0000 4
208.0000 7
211.0000 6
211.0000 7
212.0000 6
215.0000 4
216.0000 7
216.0000 5
218.0000 5
219.0000 7
219.0000 5
219.0000 4
221.0000 5
221.0000 6
221.0000 4
222.0000 4
223.0000 4
224.0000 5
226.0000 7
228.0000 5
229.0000 7
229.0000 7
230.0000 5
230.0000 6
230.0000 5
234.0000 5
155.0000 4
237.0000 6
240.0000 7
241.0000 7
241.0000 4
245.0000 5
248.0000 5
250.0000 5
252.0000 5
255.0000 5
255.0000 6
256.0000 4
256.0000 7
258.0000 6
261.0000 4
96.0000 4
267.0000 4
269.0000 7
269.0000 5
277.0000 4
279.0000 6
279.0000 5
282.0000 7
283.0000 7
284.0000 6
290.0000 5
291.0000 4
304.0000 4
304.0000 4
305.0000 7
308.0000 5
311.0000 5
311.0000 5
314.0000 5
319.0000 5
329.0000 6
331.0000 4
339.0000 5
340.0000 6
353.0000 6
382.0000 5
385.0000 7
387.0000 6
393.0000 7
16.0000 3
90.0000 8
95.0000 2
313.0000 12
315.0000 4
133.0000 7
341.0000 6
93.0000 5
162.0000 4
166.0000 5
88.0000 3
135.0000 4
176.0000 9
183.0000 6
188.0000 7
222.0000 9
254.0000 5
262.0000 8
76.0000 4
348.0000 6
107.0000 5
67.0000 3
93.0000 4
99.0000 4
102.0000 4
111.0000 4
111.0000 3
118.0000 3
127.0000 5
128.0000 4
143.0000 4
150.0000 4
156.0000 3
168.0000 5
173.0000 4
176.0000 4
176.0000 5
181.0000 4
217.0000 4
222.0000 5
242.0000 5
271.0000 5
298.0000 5
5980.0000 7
5982.0000 5
5432.0000 4
5722.0000 12
5723.0000 12
5724.0000 5
5437.0000 5
5993.0000 7
5733.0000 10
5448.0000 7
6000.0000 8
6002.0000 7
5742.0000 9
5457.0000 7
5753.0000 6
6019.0000 8
6025.0000 8
5765.0000 6
5358.0000 7
5480.0000 8
5139.0000 6
6033.0000 9
218.0000 5
5773.0000 5
5081.0000 5
6047.0000 9
5787.0000 9
5500.0000 6
5161.0000 5
5386.0000 6
6058.0000 8
5798.0000 10
5511.0000 6
5393.0000 7
5394.0000 7
5396.0000 8
5805.0000 10
5175.0000 7
6071.0000 6
5179.0000 7
5809.0000 5
5523.0000 6
5812.0000 11
6075.0000 9
5112.0000 8
5406.0000 9
6078.0000 5
5527.0000 7
5527.0000 6
6079.0000 6
5817.0000 11
5410.0000 8
5188.0000 7
5818.0000 4
6083.0000 6
5820.0000 12
5191.0000 8
5413.0000 9
6084.0000 6
5822.0000 9
5535.0000 8
5123.0000 8
5824.0000 11
5537.0000 6
5195.0000 3
5539.0000 7
5539.0000 6
5543.0000 7
5424.0000 8
6095.0000 6
6097.0000 9
5426.0000 4
5427.0000 7
5135.0000 7
5135.0000 6
5136.0000 3
5837.0000 9
6102.0000 5
5209.0000 6
5210.0000 5
5552.0000 10
5552.0000 7
5435.0000 7
5843.0000 12
225.0000 11
5142.0000 7
5143.0000 4
6107.0000 6
5437.0000 9
6109.0000 7
5216.0000 9
5847.0000 11
5439.0000 6
5218.0000 6
4625.0000 8
5219.0000 7
5562.0000 7
5563.0000 9
5150.0000 7
6115.0000 9
6116.0000 4
5853.0000 5
5446.0000 8
300.0000 6
5153.0000 9
5855.0000 9
4632.0000 6
6119.0000 5
5227.0000 9
5449.0000 8
5227.0000 6
5570.0000 11
5858.0000 3
5571.0000 7
4355.0000 3
6124.0000 9
5160.0000 8
5862.0000 9
4420.0000 9
5575.0000 8
5163.0000 6
5234.0000 6
5865.0000 11
6128.0000 6
5236.0000 7
4642.0000 6
5237.0000 4
5868.0000 3
4426.0000 11
5461.0000 9
6134.0000 9
5583.0000 6
5171.0000 6
5584.0000 7
4368.0000 9
5585.0000 7
4649.0000 8
5245.0000 6
5467.0000 4
321.0000 4
5468.0000 5
5468.0000 7
5588.0000 9
5248.0000 8
5470.0000 7
5249.0000 8
5249.0000 7
6142.0000 6
5472.0000 9
4656.0000 6
5594.0000 8
5474.0000 8
5882.0000 4
4658.0000 8
5182.0000 6
6146.0000 6
5253.0000 8
5255.0000 7
4442.0000 3
4442.0000 5
5256.0000 9
5188.0000 6
5188.0000 5
4384.0000 8
4384.0000 7
337.0000 3
5190.0000 7
5486.0000 8
5488.0000 6
6159.0000 7
5267.0000 5
4674.0000 6
5611.0000 8
4395.0000 13
5201.0000 10
4678.0000 8
4397.0000 3
5274.0000 6
5617.0000 8
5204.0000 7
4462.0000 12
351.0000 4
4462.0000 9
4401.0000 10
5205.0000 6
5907.0000 4
5207.0000 5
5278.0000 7
4684.0000 4
4465.0000 12
5207.0000 7
5208.0000 8
4241.0000 5
5208.0000 10
5210.0000 5
4243.0000 7
4468.0000 10
4688.0000 8
5505.0000 7
4690.0000 6
5506.0000 7
4471.0000 9
4410.0000 9
4411.0000 11
5509.0000 10
4413.0000 13
5289.0000 8
4476.0000 7
5920.0000 7
4478.0000 10
367.0000 4
5634.0000 7
370.0000 7
5223.0000 6
4700.0000 8
4423.0000 5
5521.0000 5
4488.0000 7
5232.0000 8
4710.0000 9
4712.0000 6
4494.0000 11
4715.0000 8
5240.0000 7
4436.0000 12
4499.0000 12
5243.0000 10
391.0000 9
5316.0000 7
4504.0000 7
4446.0000 8
4728.0000 6
4729.0000 7
4731.0000 8
4450.0000 8
4731.0000 8
4451.0000 9
4732.0000 8
4516.0000 10
4454.0000 10
4455.0000 9
406.0000 6
4737.0000 7
4519.0000 9
4520.0000 8
4522.0000 6
4522.0000 13
4522.0000 9
4463.0000 7
4464.0000 9
4464.0000 13
4464.0000 9
4528.0000 10
4748.0000 5
4748.0000 8
5344.0000 4
4751.0000 6
4753.0000 6
5569.0000 8
4535.0000 8
4538.0000 13
4477.0000 11
4478.0000 9
4543.0000 10
4481.0000 8
5287.0000 5
4764.0000 4
4548.0000 13
4550.0000 9
4327.0000 7
441.0000 6
4491.0000 6
4772.0000 8
4774.0000 6
4156.0000 14
4495.0000 9
244.0000 6
4497.0000 8
4562.0000 11
4782.0000 6
4505.0000 11
4570.0000 8
4523.0000 9
4808.0000 4
4531.0000 9
4369.0000 8
4369.0000 7
4198.0000 14
4198.0000 9
4379.0000 10
4380.0000 8
4380.0000 5
4212.0000 7
4216.0000 6
4390.0000 8
4391.0000 10
4392.0000 6
4617.0000 11
4098.0000 5
4392.0000 2
4219.0000 13
4100.0000 7
4221.0000 5
4101.0000 5
4222.0000 14
4223.0000 6
4224.0000 5
4225.0000 15
4402.0000 6
4404.0000 6
4231.0000 13
4405.0000 6
4407.0000 7
4234.0000 5
4409.0000 4
4236.0000 7
4238.0000 13
4238.0000 11
4415.0000 6
4419.0000 7
4419.0000 10
4420.0000 12
4248.0000 7
4248.0000 6
4422.0000 7
4425.0000 9
4251.0000 13
4428.0000 7
4257.0000 6
4432.0000 7
4432.0000 5
4261.0000 12
4261.0000 13
4437.0000 9
4284.0000 8
4461.0000 9
4295.0000 12
4000.0000 11
4179.0000 6
4179.0000 7
4180.0000 9
4007.0000 9
4007.0000 11
4313.0000 7
257.0000 9
4197.0000 8
4197.0000 3
4322.0000 7
4206.0000 9
4503.0000 10
4329.0000 2
4330.0000 12
4509.0000 10
4219.0000 9
4220.0000 9
4342.0000 7
4048.0000 9
4228.0000 9
4060.0000 9
144.0000 6
4364.0000 10
4299.0000 9
4304.0000 7
4129.0000 13
4313.0000 5
4317.0000 6
4319.0000 9
4145.0000 3
4321.0000 9
4147.0000 6
4323.0000 6
4324.0000 8
4149.0000 8
4150.0000 10
4151.0000 8
4328.0000 7
3885.0000 12
4330.0000 6
4331.0000 11
4156.0000 8
3891.0000 8
4159.0000 14
3892.0000 7
4160.0000 10
4161.0000 6
4164.0000 9
4164.0000 8
4165.0000 11
3899.0000 6
4167.0000 12
3899.0000 7
3900.0000 7
3902.0000 6
3905.0000 6
4351.0000 7
3910.0000 6
4355.0000 7
4180.0000 6
3913.0000 8
4183.0000 12
4183.0000 9
3916.0000 8
3916.0000 5
3916.0000 12
3917.0000 10
3648.0000 4
4187.0000 10
3651.0000 5
4364.0000 9
3653.0000 8
3573.0000 13
4367.0000 6
3654.0000 3
3573.0000 6
3655.0000 11
4192.0000 6
3925.0000 4
3576.0000 4
4371.0000 6
3578.0000 6
3659.0000 11
4198.0000 12
4199.0000 13
3583.0000 6
3666.0000 8
3936.0000 5
3589.0000 7
4387.0000 9
4387.0000 4
3943.0000 5
4211.0000 2
4213.0000 7
3946.0000 7
4215.0000 6
3681.0000 8
3603.0000 6
3957.0000 7
4227.0000 2
3691.0000 11
3965.0000 7
3965.0000 6
3699.0000 5
3969.0000 7
3971.0000 9
3707.0000 11
3629.0000 3
199.0000 6
3982.0000 12
3716.0000 6
3989.0000 6
3723.0000 7
3727.0000 6
3649.0000 4
4004.0000 5
4005.0000 6
4006.0000 5
3738.0000 12
3658.0000 12
3743.0000 10
3665.0000 6
3746.0000 10
4025.0000 4
3759.0000 5
3767.0000 6
3689.0000 8
3777.0000 7
3699.0000 7
3712.0000 4
3796.0000 5
4068.0000 9
3802.0000 5
3805.0000 9
3724.0000 4
3727.0000 5
3813.0000 9
3733.0000 4
3739.0000 10
3489.0000 10
3742.0000 10
3499.0000 5
3840.0000 9
74.0000 4
3762.0000 3
3770.0000 7
3523.0000 10
3526.0000 9
3799.0000 10
3802.0000 10
3559.0000 10
3810.0000 10
3561.0000 13
3894.0000 6
3312.0000 5
3565.0000 10
3316.0000 6
3842.0000 8
3858.0000 4
3621.0000 6
3884.0000 9
3384.0000 7
3886.0000 3
3968.0000 7
3970.0000 13
3640.0000 8
3644.0000 8
3979.0000 7
3981.0000 10
3901.0000 9
3903.0000 8
3679.0000 6
3493.0000 7
3747.0000 6
3750.0000 6
3755.0000 9
3769.0000 10
3769.0000 8
3771.0000 7
3523.0000 6
3774.0000 11
3776.0000 10
3781.0000 11
3781.0000 11
3781.0000 10
3532.0000 4
3784.0000 10
3539.0000 7
3550.0000 7
3803.0000 7
3804.0000 10
127.0000 8
3816.0000 7
3820.0000 3
3824.0000 8
3495.0000 13
3828.0000 3
3829.0000 7
3500.0000 12
3671.0000 15
3589.0000 4
3680.0000 9
3598.0000 6
3684.0000 7
3687.0000 12
3602.0000 5
3688.0000 6
3690.0000 5
3605.0000 9
3692.0000 6
3608.0000 6
3694.0000 13
3700.0000 13
3616.0000 6
3617.0000 8
3708.0000 12
99.0000 11
3626.0000 6
3765.0000 12
3766.0000 4
3771.0000 12
3774.0000 12
3.0000 2
17.0000 2
27.0000 2
49.0000 2
105.0000 2
110.0000 2
116.0000 2
124.0000 2
129.0000 2
132.0000 2
3959.0000 16
140.0000 2
145.0000 2
158.0000 2
161.0000 2
164.0000 2
167.0000 2
170.0000 2
3997.0000 16
176.0000 2
191.0000 2
197.0000 2
286.0000 2
291.0000 2
298.0000 2
305.0000 2
308.0000 2
4135.0000 16
4051.0000 6
314.0000 2
317.0000 2
320.0000 2
4148.0000 11
327.0000 2
4066.0000 6
336.0000 2
3937.0000 6
339.0000 2
342.0000 2
4091.0000 7
353.0000 2
4179.0000 5
3957.0000 4
4097.0000 7
4185.0000 11
363.0000 2
4104.0000 9
4191.0000 13
4108.0000 9
4194.0000 13
4109.0000 9
4197.0000 11
4112.0000 4
4198.0000 8
3973.0000 4
374.0000 2
4113.0000 7
3976.0000 5
3710.0000 8
3981.0000 5
3981.0000 3
108.0000 9
3911.0000 6
3912.0000 8
3988.0000 8
3990.0000 6
4130.0000 6
3721.0000 7
3919.0000 6
3723.0000 8
4218.0000 13
4219.0000 13
3995.0000 4
3726.0000 6
4135.0000 7
4221.0000 4
3924.0000 8
4136.0000 4
4137.0000 9
4137.0000 6
3729.0000 6
4000.0000 4
4001.0000 7
4141.0000 7
4003.0000 6
3931.0000 9
4004.0000 7
4004.0000 7
4005.0000 4
4005.0000 8
3736.0000 6
4007.0000 6
4010.0000 8
4010.0000 6
4149.0000 7
4011.0000 6
3938.0000 7
4150.0000 5
3939.0000 7
3742.0000 8
3941.0000 8
3941.0000 6
4154.0000 7
3746.0000 6
3746.0000 9
3944.0000 9
3748.0000 4
3748.0000 9
3946.0000 7
421.0000 2
3753.0000 9
4026.0000 4
4026.0000 8
4165.0000 7
4030.0000 3
3957.0000 6
432.0000 2
4033.0000 6
4033.0000 6
4174.0000 5
3766.0000 10
3964.0000 7
3767.0000 4
439.0000 2
4038.0000 7
3769.0000 8
3771.0000 7
3969.0000 8
3970.0000 9
3488.0000 5
4283.0000 7
460.0000 2
4060.0000 9
463.0000 2
4201.0000 8
4067.0000 8
3998.0000 9
4073.0000 8
476.0000 2
479.0000 2
4008.0000 5
482.0000 2
485.0000 2
4014.0000 9
3818.0000 6
averageTime:2972.594974874372  averageHopCount:6.678391959798995
