5.0000 0.0000 0.0000
10.0000 0.0000 0.0000
15.0000 0.0000 0.0000
20.0000 0.0000 0.0000
25.0000 0.0000 0.0000
30.0000 0.0000 0.0000
35.0000 0.0000 0.0000
40.0000 0.0000 0.0000
45.0000 0.0000 0.0000
50.0000 0.0000 0.0000
55.0000 0.0000 0.0000
60.0000 0.0000 0.0000
65.0000 0.0000 0.0000
70.0000 0.0000 0.0000
75.0000 0.0000 0.0000
80.0000 0.0000 0.0000
85.0000 0.0002 0.0000
90.0000 0.0004 0.0000
95.0000 0.0009 0.0000
100.0000 0.0011 0.0000
105.0000 0.0011 0.0000
110.0000 0.0011 0.0000
115.0000 0.0011 0.0000
120.0000 0.0011 0.0000
125.0000 0.0013 0.0000
130.0000 0.0014 0.0000
135.0000 0.0014 0.0000
140.0000 0.0014 0.0000
145.0000 0.0018 0.0000
150.0000 0.0023 0.0000
155.0000 0.0029 0.0000
160.0000 0.0032 0.0000
165.0000 0.0034 0.0000
170.0000 0.0038 0.0000
175.0000 0.0050 0.0000
180.0000 0.0065 0.0000
185.0000 0.0092 0.0000
190.0000 0.0113 0.0000
195.0000 0.0131 0.0000
200.0000 0.0165 0.0000
205.0000 0.0226 0.0000
210.0000 0.0397 0.0002
215.0000 0.0532 0.0003
220.0000 0.0564 0.0003
225.0000 0.0658 0.0004
230.0000 0.0715 0.0004
235.0000 0.0776 0.0005
240.0000 0.0878 0.0005
245.0000 0.0894 0.0005
250.0000 0.0942 0.0006
255.0000 0.1029 0.0006
260.0000 0.1118 0.0007
265.0000 0.1237 0.0008
270.0000 0.1356 0.0009
275.0000 0.1357 0.0009
280.0000 0.1399 0.0009
285.0000 0.1447 0.0010
290.0000 0.1463 0.0010
295.0000 0.1471 0.0010
300.0000 0.1472 0.0010
305.0000 0.1478 0.0010
310.0000 0.1589 0.0011
315.0000 0.1601 0.0011
320.0000 0.1602 0.0011
325.0000 0.1602 0.0011
330.0000 0.1606 0.0011
335.0000 0.1611 0.0011
340.0000 0.1613 0.0011
345.0000 0.1615 0.0011
350.0000 0.1617 0.0011
355.0000 0.1623 0.0011
360.0000 0.1624 0.0010
365.0000 0.1624 0.0010
370.0000 0.1626 0.0010
375.0000 0.1630 0.0010
380.0000 0.1634 0.0010
385.0000 0.1678 0.0012
390.0000 0.1682 0.0012
395.0000 0.1684 0.0012
400.0000 0.1694 0.0012
405.0000 0.1742 0.0013
410.0000 0.1750 0.0013
415.0000 0.1753 0.0013
420.0000 0.1759 0.0013
425.0000 0.1806 0.0014
430.0000 0.1906 0.0017
435.0000 0.1928 0.0017
440.0000 0.2065 0.0020
445.0000 0.2191 0.0024
450.0000 0.2402 0.0030
455.0000 0.2440 0.0030
460.0000 0.2535 0.0033
465.0000 0.2709 0.0037
470.0000 0.2789 0.0038
475.0000 0.2899 0.0041
480.0000 0.2930 0.0040
485.0000 0.2977 0.0040
490.0000 0.2996 0.0040
495.0000 0.3018 0.0040
500.0000 0.3110 0.0042
505.0000 0.3116 0.0042
510.0000 0.3139 0.0042
515.0000 0.3155 0.0042
520.0000 0.3165 0.0042
525.0000 0.3184 0.0042
530.0000 0.3234 0.0043
535.0000 0.3321 0.0045
540.0000 0.3331 0.0045
545.0000 0.3337 0.0045
550.0000 0.3348 0.0045
555.0000 0.3352 0.0045
560.0000 0.3356 0.0045
565.0000 0.3358 0.0045
570.0000 0.3360 0.0045
575.0000 0.3364 0.0045
580.0000 0.3366 0.0045
585.0000 0.3368 0.0045
590.0000 0.3368 0.0045
595.0000 0.3368 0.0045
600.0000 0.3368 0.0045
605.0000 0.3372 0.0045
610.0000 0.3372 0.0045
615.0000 0.3374 0.0045
620.0000 0.3434 0.0049
625.0000 0.3498 0.0053
630.0000 0.3689 0.0064
635.0000 0.3771 0.0068
640.0000 0.3854 0.0070
645.0000 0.3917 0.0072
650.0000 0.4067 0.0080
655.0000 0.4153 0.0082
660.0000 0.4299 0.0089
665.0000 0.4591 0.0105
670.0000 0.4613 0.0105
675.0000 0.4694 0.0107
680.0000 0.4737 0.0107
685.0000 0.4939 0.0121
690.0000 0.5095 0.0129
695.0000 0.5204 0.0133
700.0000 0.5374 0.0143
705.0000 0.5695 0.0160
710.0000 0.5815 0.0163
715.0000 0.6192 0.0189
720.0000 0.6309 0.0194
725.0000 0.6377 0.0193
730.0000 0.6451 0.0193
735.0000 0.6618 0.0200
740.0000 0.6760 0.0203
745.0000 0.7111 0.0224
750.0000 0.7378 0.0242
755.0000 0.7518 0.0251
760.0000 0.7609 0.0255
765.0000 0.7664 0.0255
770.0000 0.7746 0.0258
775.0000 0.7919 0.0270
780.0000 0.8140 0.0292
785.0000 0.8325 0.0310
790.0000 0.8439 0.0318
795.0000 0.8514 0.0322
800.0000 0.8625 0.0331
805.0000 0.8655 0.0331
810.0000 0.8738 0.0334
815.0000 0.8816 0.0338
820.0000 0.8855 0.0338
825.0000 0.8983 0.0346
830.0000 0.9012 0.0346
835.0000 0.9053 0.0345
840.0000 0.9167 0.0354
845.0000 0.9322 0.0366
850.0000 0.9354 0.0366
855.0000 0.9377 0.0366
860.0000 0.9443 0.0370
865.0000 0.9502 0.0374
870.0000 0.9569 0.0378
875.0000 0.9589 0.0377
880.0000 0.9647 0.0382
885.0000 0.9664 0.0381
890.0000 0.9682 0.0381
895.0000 0.9684 0.0381
900.0000 0.9693 0.0381
905.0000 0.9701 0.0381
910.0000 0.9711 0.0381
915.0000 0.9718 0.0381
920.0000 0.9724 0.0381
925.0000 0.9734 0.0380
930.0000 0.9744 0.0380
935.0000 0.9744 0.0380
940.0000 0.9788 0.0385
945.0000 0.9827 0.0389
950.0000 0.9829 0.0389
955.0000 0.9829 0.0389
960.0000 0.9829 0.0389
965.0000 0.9838 0.0389
970.0000 0.9840 0.0389
975.0000 0.9840 0.0389
980.0000 0.9842 0.0389
985.0000 0.9847 0.0389
990.0000 0.9953 0.0403
995.0000 1.0070 0.0416
1000.0000 1.0111 0.0421
1005.0000 1.0153 0.0426
1010.0000 1.0261 0.0439
1015.0000 1.0268 0.0439
1020.0000 1.0315 0.0444
1025.0000 1.0396 0.0453
1030.0000 1.0441 0.0457
1035.0000 1.0460 0.0457
1040.0000 1.0484 0.0457
1045.0000 1.0494 0.0457
1050.0000 1.0614 0.0470
1055.0000 1.0701 0.0479
1060.0000 1.0732 0.0479
1065.0000 1.0788 0.0483
1070.0000 1.0859 0.0487
1075.0000 1.1029 0.0505
1080.0000 1.1150 0.0519
1085.0000 1.1213 0.0523
1090.0000 1.1230 0.0523
1095.0000 1.1327 0.0532
1100.0000 1.1406 0.0536
1105.0000 1.1532 0.0549
1110.0000 1.1564 0.0549
1115.0000 1.1594 0.0548
1120.0000 1.1679 0.0557
1125.0000 1.1709 0.0557
1130.0000 1.1805 0.0566
1135.0000 1.1829 0.0565
1140.0000 1.1857 0.0565
1145.0000 1.1938 0.0574
1150.0000 1.2079 0.0592
1155.0000 1.2270 0.0620
1160.0000 1.2466 0.0648
1165.0000 1.2612 0.0666
1170.0000 1.2643 0.0666
1175.0000 1.2724 0.0675
1180.0000 1.2839 0.0683
1185.0000 1.2876 0.0682
1190.0000 1.2911 0.0682
1195.0000 1.3011 0.0693
1200.0000 1.3354 0.0747
1205.0000 1.3460 0.0755
1210.0000 1.3516 0.0754
1215.0000 1.3567 0.0754
1220.0000 1.3839 0.0795
1225.0000 1.4005 0.0816
1230.0000 1.4088 0.0824
1235.0000 1.4237 0.0842
1240.0000 1.4335 0.0850
1245.0000 1.4622 0.0891
1250.0000 1.4734 0.0902
1255.0000 1.4775 0.0902
1260.0000 1.4866 0.0913
1265.0000 1.4947 0.0924
1270.0000 1.4984 0.0924
1275.0000 1.5014 0.0923
1280.0000 1.5062 0.0922
1285.0000 1.5086 0.0922
1290.0000 1.5127 0.0921
1295.0000 1.5161 0.0920
1300.0000 1.5297 0.0944
1305.0000 1.5327 0.0943
1310.0000 1.5345 0.0943
1315.0000 1.5379 0.0942
1320.0000 1.5433 0.0941
1325.0000 1.5602 0.0966
1330.0000 1.5695 0.0977
1335.0000 1.5729 0.0976
1340.0000 1.5823 0.0988
1345.0000 1.5876 0.0986
1350.0000 1.6152 0.1035
1355.0000 1.6500 0.1095
1360.0000 1.6666 0.1120
1365.0000 1.6831 0.1147
1370.0000 1.6879 0.1146
1375.0000 1.7088 0.1181
1380.0000 1.7614 0.1283
1385.0000 1.7843 0.1316
1390.0000 1.7999 0.1336
1395.0000 1.8258 0.1373
1400.0000 1.8480 0.1409
1405.0000 1.8709 0.1451
1410.0000 1.9027 0.1517
1415.0000 1.9284 0.1560
1420.0000 1.9437 0.1582
1425.0000 1.9489 0.1580
1430.0000 1.9540 0.1579
1435.0000 1.9670 0.1601
1440.0000 1.9759 0.1614
1445.0000 1.9820 0.1613
1450.0000 1.9858 0.1612
1455.0000 1.9953 0.1629
1460.0000 2.0159 0.1674
1465.0000 2.0349 0.1715
1470.0000 2.0378 0.1714
1475.0000 2.0433 0.1722
1480.0000 2.0531 0.1740
1485.0000 2.0631 0.1757
1490.0000 2.0681 0.1766
1495.0000 2.0695 0.1766
1500.0000 2.0729 0.1765
1505.0000 2.0827 0.1782
1510.0000 2.0860 0.1781
1515.0000 2.0874 0.1781
1520.0000 2.0973 0.1798
1525.0000 2.0994 0.1798
1530.0000 2.1022 0.1797
1535.0000 2.1039 0.1796
1540.0000 2.1046 0.1796
1545.0000 2.1050 0.1796
1550.0000 2.1055 0.1796
1555.0000 2.1063 0.1796
1560.0000 2.1070 0.1796
1565.0000 2.1073 0.1796
1570.0000 2.1084 0.1795
1575.0000 2.1090 0.1795
1580.0000 2.1090 0.1795
1585.0000 2.1100 0.1795
1590.0000 2.1104 0.1795
1595.0000 2.1111 0.1794
1600.0000 2.1119 0.1794
1605.0000 2.1126 0.1794
1610.0000 2.1135 0.1794
1615.0000 2.1146 0.1794
1620.0000 2.1157 0.1793
1625.0000 2.1173 0.1793
1630.0000 2.1180 0.1793
1635.0000 2.1223 0.1801
1640.0000 2.1269 0.1809
1645.0000 2.1285 0.1809
1650.0000 2.1333 0.1817
1655.0000 2.1357 0.1816
1660.0000 2.1376 0.1816
1665.0000 2.1476 0.1843
1670.0000 2.1560 0.1859
1675.0000 2.1766 0.1910
1680.0000 2.1852 0.1927
1685.0000 2.1932 0.1943
1690.0000 2.1956 0.1943
1695.0000 2.2064 0.1968
1700.0000 2.2174 0.1993
1705.0000 2.2196 0.1992
1710.0000 2.2233 0.2001
1715.0000 2.2283 0.2009
1720.0000 2.2322 0.2017
1725.0000 2.2392 0.2034
1730.0000 2.2400 0.2034
1735.0000 2.2412 0.2033
1740.0000 2.2494 0.2051
1745.0000 2.2513 0.2051
1750.0000 2.2570 0.2058
1755.0000 2.2662 0.2076
1760.0000 2.2752 0.2094
1765.0000 2.2779 0.2093
1770.0000 2.2802 0.2092
1775.0000 2.3028 0.2146
1780.0000 2.3207 0.2181
1785.0000 2.3375 0.2216
1790.0000 2.3543 0.2252
1795.0000 2.3645 0.2269
1800.0000 2.3763 0.2285
1805.0000 2.3892 0.2302
1810.0000 2.4235 0.2392
1815.0000 2.4295 0.2390
1820.0000 2.4458 0.2425
1825.0000 2.4677 0.2481
1830.0000 2.4724 0.2479
1835.0000 2.4955 0.2532
1840.0000 2.5046 0.2549
1845.0000 2.5077 0.2548
1850.0000 2.5099 0.2547
1855.0000 2.5139 0.2546
1860.0000 2.5213 0.2564
1865.0000 2.5255 0.2563
1870.0000 2.5289 0.2561
1875.0000 2.5326 0.2560
1880.0000 2.5355 0.2559
1885.0000 2.5399 0.2558
1890.0000 2.5553 0.2598
1895.0000 2.5617 0.2611
1900.0000 2.5736 0.2637
1905.0000 2.5900 0.2676
1910.0000 2.6016 0.2704
1915.0000 2.6191 0.2743
1920.0000 2.6257 0.2756
1925.0000 2.6340 0.2768
1930.0000 2.6489 0.2808
1935.0000 2.6520 0.2807
1940.0000 2.6571 0.2820
1945.0000 2.6641 0.2833
1950.0000 2.6752 0.2859
1955.0000 2.6821 0.2876
1960.0000 2.6830 0.2876
1965.0000 2.6859 0.2875
1970.0000 2.6921 0.2888
1975.0000 2.6946 0.2887
1980.0000 2.6969 0.2886
1985.0000 2.6998 0.2885
1990.0000 2.7015 0.2885
1995.0000 2.7042 0.2884
2000.0000 2.7166 0.2914
2005.0000 2.7193 0.2913
2010.0000 2.7305 0.2944
2015.0000 2.7335 0.2943
2020.0000 2.7422 0.2960
2025.0000 2.7545 0.2991
2030.0000 2.7634 0.3003
2035.0000 2.8034 0.3123
2040.0000 2.8348 0.3211
2045.0000 2.8682 0.3315
2050.0000 2.8711 0.3314
2055.0000 2.8782 0.3331
2060.0000 2.8808 0.3330
2065.0000 2.8838 0.3329
2070.0000 2.8863 0.3328
2075.0000 2.8899 0.3327
2080.0000 2.8973 0.3344
2085.0000 2.9054 0.3361
2090.0000 2.9084 0.3360
2095.0000 2.9159 0.3377
2100.0000 2.9235 0.3394
2105.0000 2.9297 0.3407
2110.0000 2.9431 0.3442
2115.0000 2.9489 0.3454
2120.0000 2.9569 0.3471
2125.0000 2.9592 0.3470
2130.0000 2.9700 0.3501
2135.0000 2.9937 0.3583
2140.0000 3.0002 0.3595
2145.0000 3.0126 0.3636
2150.0000 3.0222 0.3662
2155.0000 3.0242 0.3661
2160.0000 3.0296 0.3674
2165.0000 3.0317 0.3674
2170.0000 3.0408 0.3700
2175.0000 3.0526 0.3741
2180.0000 3.0583 0.3754
2185.0000 3.0747 0.3809
2190.0000 3.0832 0.3836
2195.0000 3.0881 0.3849
2200.0000 3.0924 0.3862
2205.0000 3.0969 0.3877
2210.0000 3.1020 0.3891
2215.0000 3.1028 0.3891
2220.0000 3.1195 0.3952
2225.0000 3.1243 0.3966
2230.0000 3.1321 0.3996
2235.0000 3.1409 0.4025
2240.0000 3.1460 0.4040
2245.0000 3.1509 0.4054
2250.0000 3.1512 0.4054
2255.0000 3.1560 0.4069
2260.0000 3.1575 0.4068
2265.0000 3.1583 0.4068
2270.0000 3.1640 0.4082
2275.0000 3.1709 0.4096
2280.0000 3.1897 0.4162
2285.0000 3.1992 0.4191
2290.0000 3.2015 0.4190
2295.0000 3.2132 0.4231
2300.0000 3.2458 0.4347
2305.0000 3.2635 0.4396
2310.0000 3.2872 0.4457
2315.0000 3.3132 0.4546
2320.0000 3.3185 0.4544
2325.0000 3.3282 0.4557
2330.0000 3.3465 0.4603
2335.0000 3.3809 0.4708
2340.0000 3.4069 0.4777
2345.0000 3.4204 0.4789
2350.0000 3.4729 0.4977
2355.0000 3.5073 0.5083
2360.0000 3.5468 0.5225
2365.0000 3.5648 0.5267
2370.0000 3.5737 0.5263
2375.0000 3.5865 0.5288
2380.0000 3.6018 0.5334
2385.0000 3.6266 0.5409
2390.0000 3.6461 0.5460
2395.0000 3.6764 0.5561
2400.0000 3.6927 0.5602
2405.0000 3.7048 0.5630
2410.0000 3.7175 0.5656
2415.0000 3.7517 0.5788
2420.0000 3.7803 0.5890
2425.0000 3.8126 0.6006
2430.0000 3.8255 0.6032
2435.0000 3.8438 0.6089
2440.0000 3.8558 0.6116
2445.0000 3.8705 0.6141
2450.0000 3.8749 0.6139
2455.0000 3.8855 0.6167
2460.0000 3.8908 0.6164
2465.0000 3.8971 0.6161
2470.0000 3.9018 0.6159
2475.0000 3.9052 0.6157
2480.0000 3.9090 0.6155
2485.0000 3.9187 0.6181
2490.0000 3.9294 0.6207
2495.0000 3.9450 0.6261
2500.0000 3.9697 0.6363
2505.0000 3.9771 0.6386
2510.0000 3.9830 0.6409
2515.0000 3.9989 0.6481
2520.0000 4.0056 0.6504
2525.0000 4.0087 0.6502
2530.0000 4.0107 0.6501
2535.0000 4.0135 0.6500
2540.0000 4.0146 0.6499
2545.0000 4.0160 0.6498
2550.0000 4.0178 0.6497
2555.0000 4.0187 0.6497
2560.0000 4.0196 0.6496
2565.0000 4.0207 0.6496
2570.0000 4.0218 0.6495
2575.0000 4.0223 0.6495
2580.0000 4.0234 0.6494
2585.0000 4.0242 0.6494
2590.0000 4.0250 0.6494
2595.0000 4.0255 0.6493
2600.0000 4.0263 0.6493
2605.0000 4.0270 0.6493
2610.0000 4.0280 0.6492
2615.0000 4.0295 0.6491
2620.0000 4.0305 0.6491
2625.0000 4.0323 0.6490
2630.0000 4.0340 0.6489
2635.0000 4.0355 0.6488
2640.0000 4.0372 0.6487
2645.0000 4.0404 0.6486
2650.0000 4.0503 0.6509
2655.0000 4.0703 0.6585
2660.0000 4.0933 0.6687
2665.0000 4.1275 0.6841
2670.0000 4.1520 0.6942
2675.0000 4.1671 0.6991
2680.0000 4.1775 0.7014
2685.0000 4.2060 0.7142
2690.0000 4.2184 0.7192
2695.0000 4.2214 0.7190
2700.0000 4.2241 0.7189
2705.0000 4.2358 0.7240
2710.0000 4.2373 0.7239
2715.0000 4.2393 0.7238
2720.0000 4.2400 0.7237
2725.0000 4.2408 0.7237
2730.0000 4.2408 0.7237
2735.0000 4.2410 0.7237
2740.0000 4.2413 0.7237
2745.0000 4.2415 0.7237
2750.0000 4.2418 0.7237
2755.0000 4.2422 0.7236
2760.0000 4.2426 0.7236
2765.0000 4.2433 0.7236
2770.0000 4.2443 0.7235
2775.0000 4.2494 0.7257
2780.0000 4.2502 0.7256
2785.0000 4.2513 0.7256
2790.0000 4.2562 0.7277
2795.0000 4.2612 0.7299
2800.0000 4.2664 0.7320
2805.0000 4.2729 0.7341
2810.0000 4.2843 0.7383
2815.0000 4.3114 0.7514
2820.0000 4.3178 0.7535
2825.0000 4.3410 0.7643
2830.0000 4.3570 0.7707
2835.0000 4.3594 0.7705
2840.0000 4.3700 0.7748
2845.0000 4.3776 0.7768
2850.0000 4.3931 0.7832
2855.0000 4.3997 0.7853
2860.0000 4.4021 0.7851
2865.0000 4.4075 0.7872
2870.0000 4.4085 0.7872
2875.0000 4.4095 0.7871
2880.0000 4.4109 0.7870
2885.0000 4.4125 0.7870
2890.0000 4.4141 0.7869
2895.0000 4.4151 0.7868
2900.0000 4.4163 0.7867
2905.0000 4.4171 0.7867
2910.0000 4.4180 0.7866
2915.0000 4.4184 0.7866
2920.0000 4.4196 0.7866
2925.0000 4.4205 0.7865
2930.0000 4.4217 0.7864
2935.0000 4.4223 0.7864
2940.0000 4.4237 0.7863
2945.0000 4.4245 0.7863
2950.0000 4.4249 0.7863
2955.0000 4.4257 0.7862
2960.0000 4.4270 0.7861
2965.0000 4.4281 0.7861
2970.0000 4.4294 0.7860
2975.0000 4.4318 0.7859
2980.0000 4.4344 0.7857
2985.0000 4.4364 0.7856
2990.0000 4.4385 0.7855
2995.0000 4.4422 0.7853
3000.0000 4.4473 0.7850
3005.0000 4.4514 0.7848
3010.0000 4.4609 0.7869
3015.0000 4.4689 0.7892
3020.0000 4.4748 0.7889
3025.0000 4.4837 0.7911
3030.0000 4.5065 0.8003
3035.0000 4.5305 0.8109
3040.0000 4.5527 0.8191
3045.0000 4.5804 0.8294
3050.0000 4.6054 0.8387
3055.0000 4.6289 0.8479
3060.0000 4.6447 0.8539
3065.0000 4.6664 0.8621
3070.0000 4.6917 0.8738
3075.0000 4.7093 0.8808
3080.0000 4.7227 0.8840
3085.0000 4.7367 0.8872
3090.0000 4.7592 0.8965
3095.0000 4.7736 0.9023
3100.0000 4.8280 0.9311
3105.0000 4.8381 0.9332
3110.0000 4.8664 0.9446
3115.0000 4.8923 0.9576
3120.0000 4.9126 0.9656
3125.0000 4.9171 0.9653
3130.0000 4.9411 0.9768
3135.0000 4.9711 0.9937
3140.0000 4.9885 1.0017
3145.0000 5.0032 1.0087
3150.0000 5.0192 1.0168
3155.0000 5.0219 1.0166
3160.0000 5.0258 1.0164
3165.0000 5.0319 1.0188
3170.0000 5.0386 1.0209
3175.0000 5.0428 1.0206
3180.0000 5.0451 1.0205
3185.0000 5.0485 1.0203
3190.0000 5.0586 1.0250
3195.0000 5.0627 1.0247
3200.0000 5.0686 1.0271
3205.0000 5.0795 1.0317
3210.0000 5.1080 1.0487
3215.0000 5.1305 1.0609
3220.0000 5.1329 1.0607
3225.0000 5.1374 1.0604
3230.0000 5.1565 1.0702
3235.0000 5.1681 1.0749
3240.0000 5.1776 1.0771
3245.0000 5.1820 1.0768
3250.0000 5.1961 1.0831
3255.0000 5.2191 1.0952
3260.0000 5.2247 1.0949
3265.0000 5.2448 1.1054
3270.0000 5.3086 1.1448
3275.0000 5.3462 1.1677
3280.0000 5.3702 1.1796
3285.0000 5.3820 1.1834
3290.0000 5.4005 1.1912
3295.0000 5.4061 1.1908
3300.0000 5.4243 1.1986
3305.0000 5.4336 1.2025
3310.0000 5.4382 1.2021
3315.0000 5.4508 1.2058
3320.0000 5.4562 1.2054
3325.0000 5.4664 1.2092
3330.0000 5.4777 1.2130
3335.0000 5.4863 1.2169
3340.0000 5.4885 1.2168
3345.0000 5.4901 1.2167
3350.0000 5.4922 1.2165
3355.0000 5.4927 1.2165
3360.0000 5.4938 1.2164
3365.0000 5.4952 1.2163
3370.0000 5.4965 1.2162
3375.0000 5.4974 1.2161
3380.0000 5.4985 1.2161
3385.0000 5.4998 1.2160
3390.0000 5.5012 1.2159
3395.0000 5.5022 1.2158
3400.0000 5.5073 1.2186
3405.0000 5.5081 1.2185
3410.0000 5.5092 1.2184
3415.0000 5.5183 1.2240
3420.0000 5.5273 1.2296
3425.0000 5.5447 1.2409
3430.0000 5.5584 1.2493
3435.0000 5.5593 1.2492
3440.0000 5.5643 1.2520
3445.0000 5.5700 1.2547
3450.0000 5.5716 1.2546
3455.0000 5.5726 1.2545
3460.0000 5.5782 1.2573
3465.0000 5.5790 1.2572
3470.0000 5.5804 1.2571
3475.0000 5.5897 1.2627
3480.0000 5.5910 1.2626
3485.0000 5.6013 1.2681
3490.0000 5.6111 1.2736
3495.0000 5.6215 1.2791
3500.0000 5.6319 1.2846
3505.0000 5.6335 1.2845
3510.0000 5.6399 1.2872
3515.0000 5.6459 1.2899
3520.0000 5.6478 1.2897
3525.0000 5.6490 1.2896
3530.0000 5.6520 1.2894
3535.0000 5.6550 1.2892
3540.0000 5.6580 1.2890
3545.0000 5.6644 1.2917
3550.0000 5.6650 1.2916
3555.0000 5.6658 1.2915
3560.0000 5.6668 1.2915
3565.0000 5.6718 1.2942
3570.0000 5.6770 1.2970
3575.0000 5.6778 1.2969
3580.0000 5.6780 1.2969
3585.0000 5.6792 1.2968
3590.0000 5.6802 1.2967
3595.0000 5.6804 1.2967
3600.0000 5.6808 1.2967
3605.0000 5.6814 1.2967
3610.0000 5.6822 1.2966
3615.0000 5.6832 1.2965
3620.0000 5.6969 1.3040
3625.0000 5.7077 1.3104
3630.0000 5.7111 1.3102
3635.0000 5.7184 1.3147
3640.0000 5.7251 1.3178
3645.0000 5.7337 1.3221
3650.0000 5.7371 1.3219
3655.0000 5.7758 1.3476
3660.0000 5.8008 1.3607
3665.0000 5.8247 1.3737
3670.0000 5.8585 1.3951
3675.0000 5.8889 1.4119
3680.0000 5.9191 1.4285
3685.0000 5.9386 1.4373
3690.0000 5.9829 1.4646
3695.0000 5.9909 1.4640
3700.0000 6.0156 1.4763
3705.0000 6.0460 1.4937
3710.0000 6.0690 1.5049
3715.0000 6.0872 1.5104
3720.0000 6.1064 1.5181
3725.0000 6.1279 1.5292
3730.0000 6.1509 1.5409
3735.0000 6.1718 1.5489
3740.0000 6.1901 1.5558
3745.0000 6.1976 1.5552
3750.0000 6.2095 1.5593
3755.0000 6.2272 1.5665
3760.0000 6.2356 1.5659
3765.0000 6.2449 1.5651
3770.0000 6.2656 1.5734
3775.0000 6.2821 1.5803
3780.0000 6.3001 1.5890
3785.0000 6.3198 1.5997
3790.0000 6.3396 1.6085
3795.0000 6.3670 1.6256
3800.0000 6.3967 1.6457
3805.0000 6.4103 1.6535
3810.0000 6.4239 1.6617
3815.0000 6.4367 1.6680
3820.0000 6.4466 1.6739
3825.0000 6.4606 1.6813
3830.0000 6.4782 1.6937
3835.0000 6.4880 1.6996
3840.0000 6.4936 1.7025
3845.0000 6.5067 1.7101
3850.0000 6.5179 1.7159
3855.0000 6.5288 1.7216
3860.0000 6.5317 1.7214
3865.0000 6.5405 1.7249
3870.0000 6.5610 1.7387
3875.0000 6.5647 1.7384
3880.0000 6.5844 1.7497
3885.0000 6.6048 1.7612
3890.0000 6.6290 1.7756
3895.0000 6.6382 1.7792
3900.0000 6.6581 1.7897
3905.0000 6.6740 1.7971
3910.0000 6.6896 1.8045
3915.0000 6.7128 1.8164
3920.0000 6.7289 1.8251
3925.0000 6.7639 1.8491
3930.0000 6.7788 1.8557
3935.0000 6.8022 1.8719
3940.0000 6.8226 1.8818
3945.0000 6.8499 1.9007
3950.0000 6.8836 1.9255
3955.0000 6.9243 1.9531
3960.0000 6.9488 1.9679
3965.0000 6.9614 1.9727
3970.0000 6.9672 1.9721
3975.0000 6.9791 1.9771
3980.0000 6.9935 1.9831
3985.0000 7.0086 1.9913
3990.0000 7.0314 2.0059
3995.0000 7.0518 2.0197
4000.0000 7.0756 2.0347
4005.0000 7.0931 2.0427
4010.0000 7.0978 2.0423
4015.0000 7.1086 2.0473
4020.0000 7.1403 2.0712
4025.0000 7.1523 2.0762
4030.0000 7.1632 2.0788
4035.0000 7.1762 2.0836
4040.0000 7.1852 2.0865
4045.0000 7.1906 2.0860
4050.0000 7.1966 2.0854
4055.0000 7.2110 2.0939
4060.0000 7.2266 2.1022
4065.0000 7.2545 2.1234
4070.0000 7.2693 2.1318
4075.0000 7.2978 2.1535
4080.0000 7.3081 2.1573
4085.0000 7.3231 2.1656
4090.0000 7.3292 2.1651
4095.0000 7.3478 2.1778
4100.0000 7.3571 2.1818
4105.0000 7.3617 2.1814
4110.0000 7.3644 2.1811
4115.0000 7.3670 2.1809
4120.0000 7.3786 2.1895
4125.0000 7.3851 2.1938
4130.0000 7.3919 2.1980
4135.0000 7.3942 2.1978
4140.0000 7.3954 2.1977
4145.0000 7.4018 2.2020
4150.0000 7.4036 2.2018
4155.0000 7.4090 2.2060
4160.0000 7.4190 2.2148
4165.0000 7.4199 2.2147
4170.0000 7.4201 2.2147
4175.0000 7.4209 2.2146
4180.0000 7.4266 2.2189
4185.0000 7.4276 2.2189
4190.0000 7.4283 2.2188
4195.0000 7.4287 2.2187
4200.0000 7.4296 2.2187
4205.0000 7.4304 2.2186
4210.0000 7.4311 2.2185
4215.0000 7.4311 2.2185
4220.0000 7.4311 2.2185
4225.0000 7.4311 2.2185
4230.0000 7.4314 2.2185
4235.0000 7.4314 2.2185
4240.0000 7.4323 2.2184
4245.0000 7.4329 2.2184
4250.0000 7.4332 2.2183
4255.0000 7.4335 2.2183
4260.0000 7.4342 2.2182
4265.0000 7.4354 2.2181
4270.0000 7.4365 2.2180
4275.0000 7.4377 2.2179
4280.0000 7.4389 2.2178
4285.0000 7.4416 2.2175
4290.0000 7.4490 2.2231
4295.0000 7.4689 2.2401
4300.0000 7.4763 2.2457
4305.0000 7.4849 2.2512
4310.0000 7.4882 2.2509
4315.0000 7.4965 2.2564
4320.0000 7.5191 2.2728
4325.0000 7.5476 2.2951
4330.0000 7.5696 2.3118
4335.0000 7.5939 2.3283
4340.0000 7.6118 2.3392
4345.0000 7.6165 2.3387
4350.0000 7.6204 2.3384
4355.0000 7.6355 2.3495
4360.0000 7.6376 2.3493
4365.0000 7.6474 2.3546
4370.0000 7.6498 2.3544
4375.0000 7.6584 2.3598
4380.0000 7.6617 2.3595
4385.0000 7.6688 2.3649
4390.0000 7.6756 2.3705
4395.0000 7.6835 2.3764
4400.0000 7.7038 2.3937
4405.0000 7.7068 2.3934
4410.0000 7.7092 2.3931
4415.0000 7.7123 2.3928
4420.0000 7.7322 2.4108
4425.0000 7.7356 2.4105
4430.0000 7.7598 2.4277
4435.0000 7.7849 2.4454
4440.0000 7.8101 2.4631
4445.0000 7.8237 2.4684
4450.0000 7.8613 2.4980
4455.0000 7.8803 2.5094
4460.0000 7.8982 2.5211
4465.0000 7.9252 2.5389
4470.0000 7.9523 2.5568
4475.0000 7.9755 2.5682
4480.0000 7.9904 2.5736
4485.0000 8.0100 2.5849
4490.0000 8.0410 2.6090
4495.0000 8.0674 2.6278
4500.0000 8.1003 2.6509
4505.0000 8.1210 2.6623
4510.0000 8.1518 2.6834
4515.0000 8.1656 2.6887
4520.0000 8.1785 2.6942
4525.0000 8.1939 2.7036
4530.0000 8.2050 2.7093
4535.0000 8.2117 2.7086
4540.0000 8.2318 2.7214
4545.0000 8.2667 2.7494
4550.0000 8.2908 2.7663
4555.0000 8.3292 2.7996
4560.0000 8.3755 2.8400
4565.0000 8.4124 2.8731
4570.0000 8.4529 2.9097
4575.0000 8.4917 2.9429
4580.0000 8.5226 2.9680
4585.0000 8.5461 2.9764
4590.0000 8.6163 3.0387
4595.0000 8.6527 3.0618
4600.0000 8.7068 3.1042
4605.0000 8.7825 3.1729
4610.0000 8.8260 3.2045
4615.0000 8.8667 3.2362
4620.0000 8.8979 3.2549
4625.0000 8.9309 3.2734
4630.0000 8.9591 3.2918
4635.0000 8.9765 3.2967
4640.0000 9.0087 3.3194
4645.0000 9.0180 3.3183
4650.0000 9.0323 3.3235
4655.0000 9.0453 3.3297
4660.0000 9.0533 3.3288
4665.0000 9.0607 3.3279
4670.0000 9.0681 3.3271
4675.0000 9.0786 3.3329
4680.0000 9.0891 3.3386
4685.0000 9.0990 3.3443
4690.0000 9.1156 3.3569
4695.0000 9.1319 3.3696
4700.0000 9.1477 3.3823
4705.0000 9.1574 3.3882
4710.0000 9.1608 3.3878
4715.0000 9.1628 3.3876
4720.0000 9.1639 3.3875
4725.0000 9.1669 3.3871
4730.0000 9.1693 3.3868
4735.0000 9.1713 3.3866
4740.0000 9.1738 3.3863
4745.0000 9.1821 3.3928
4750.0000 9.1893 3.3990
4755.0000 9.1909 3.3988
4760.0000 9.1914 3.3988
4765.0000 9.1924 3.3986
4770.0000 9.1935 3.3985
4775.0000 9.1940 3.3984
4780.0000 9.1948 3.3984
4785.0000 9.1960 3.3982
4790.0000 9.1968 3.3981
4795.0000 9.1972 3.3981
4800.0000 9.2107 3.4123
4805.0000 9.2227 3.4234
4810.0000 9.2286 3.4273
4815.0000 9.2339 3.4313
4820.0000 9.2464 3.4424
4825.0000 9.2727 3.4690
4830.0000 9.2896 3.4842
4835.0000 9.2993 3.4908
4840.0000 9.3093 3.4975
4845.0000 9.3179 3.5012
4850.0000 9.3231 3.5006
4855.0000 9.3480 3.5262
4860.0000 9.3670 3.5411
4865.0000 9.3850 3.5547
4870.0000 9.4032 3.5685
4875.0000 9.4172 3.5749
4880.0000 9.4395 3.5943
4885.0000 9.4721 3.6238
4890.0000 9.4896 3.6345
4895.0000 9.5174 3.6615
4900.0000 9.5311 3.6725
4905.0000 9.5426 3.6792
4910.0000 9.5477 3.6786
4915.0000 9.5650 3.6952
4920.0000 9.5691 3.6947
4925.0000 9.5762 3.6986
4930.0000 9.5922 3.7141
4935.0000 9.5962 3.7136
4940.0000 9.5970 3.7135
4945.0000 9.6113 3.7277
4950.0000 9.6125 3.7275
4955.0000 9.6141 3.7273
4960.0000 9.6162 3.7271
4965.0000 9.6173 3.7269
4970.0000 9.6183 3.7268
4975.0000 9.6192 3.7267
4980.0000 9.6207 3.7265
4985.0000 9.6225 3.7263
4990.0000 9.6245 3.7261
4995.0000 9.6253 3.7260
5000.0000 9.6260 3.7259
5005.0000 9.6275 3.7257
5010.0000 9.6303 3.7253
5015.0000 9.6316 3.7252
5020.0000 9.6331 3.7250
5025.0000 9.6379 3.7291
5030.0000 9.6438 3.7330
5035.0000 9.6457 3.7328
5040.0000 9.6472 3.7326
5045.0000 9.6498 3.7323
5050.0000 9.6632 3.7447
5055.0000 9.6696 3.7485
5060.0000 9.6830 3.7608
5065.0000 9.6921 3.7690
5070.0000 9.7053 3.7813
5075.0000 9.7107 3.7852
5080.0000 9.7174 3.7890
5085.0000 9.7206 3.7886
5090.0000 9.7342 3.8015
5095.0000 9.7478 3.8142
5100.0000 9.7569 3.8229
5105.0000 9.7647 3.8266
5110.0000 9.7774 3.8395
5115.0000 9.7898 3.8523
5120.0000 9.8026 3.8650
5125.0000 9.8122 3.8733
5130.0000 9.8173 3.8776
5135.0000 9.8198 3.8773
5140.0000 9.8313 3.8856
5145.0000 9.8587 3.9137
5150.0000 9.8681 3.9173
5155.0000 9.8733 3.9166
5160.0000 9.8843 3.9202
5165.0000 9.9032 3.9362
5170.0000 9.9581 3.9951
5175.0000 10.0008 4.0381
5180.0000 10.0428 4.0768
5185.0000 10.0649 4.0875
5190.0000 10.0974 4.1145
5195.0000 10.1232 4.1334
5200.0000 10.1644 4.1711
5205.0000 10.2034 4.2005
5210.0000 10.2350 4.2218
5215.0000 10.2564 4.2360
5220.0000 10.2926 4.2710
5225.0000 10.3222 4.2985
5230.0000 10.3431 4.3133
5235.0000 10.3685 4.3363
5240.0000 10.3845 4.3477
5245.0000 10.3950 4.3551
5250.0000 10.4051 4.3625
5255.0000 10.4138 4.3700
5260.0000 10.4231 4.3775
5265.0000 10.4382 4.3930
5270.0000 10.4590 4.4166
5275.0000 10.4631 4.4160
5280.0000 10.4655 4.4157
5285.0000 10.4672 4.4155
5290.0000 10.4698 4.4151
5295.0000 10.4791 4.4227
5300.0000 10.4807 4.4224
5305.0000 10.4880 4.4300
5310.0000 10.4954 4.4376
5315.0000 10.4970 4.4374
5320.0000 10.5039 4.4451
5325.0000 10.5166 4.4605
5330.0000 10.5248 4.4680
5335.0000 10.5439 4.4910
5340.0000 10.5524 4.4985
5345.0000 10.5660 4.5138
5350.0000 10.5750 4.5212
5355.0000 10.5892 4.5364
5360.0000 10.6042 4.5514
5365.0000 10.6134 4.5590
5370.0000 10.6242 4.5659
5375.0000 10.6353 4.5730
5380.0000 10.6538 4.5876
5385.0000 10.6963 4.6351
5390.0000 10.7170 4.6507
5395.0000 10.7367 4.6658
5400.0000 10.7678 4.6965
5405.0000 10.7969 4.7201
5410.0000 10.8413 4.7694
5415.0000 10.8868 4.8188
5420.0000 10.9458 4.8846
5425.0000 10.9842 4.9259
5430.0000 11.0072 4.9412
5435.0000 11.0277 4.9573
5440.0000 11.0519 4.9726
5445.0000 11.1002 5.0222
5450.0000 11.1505 5.0720
5455.0000 11.1819 5.0960
5460.0000 11.2349 5.1554
5465.0000 11.2782 5.1967
5470.0000 11.3264 5.2470
5475.0000 11.3808 5.3066
5480.0000 11.3968 5.3140
5485.0000 11.4307 5.3478
5490.0000 11.4460 5.3553
5495.0000 11.4609 5.3628
5500.0000 11.4690 5.3616
5505.0000 11.4923 5.3792
5510.0000 11.5010 5.3779
5515.0000 11.5222 5.3912
5520.0000 11.5322 5.3897
5525.0000 11.5541 5.4100
5530.0000 11.5658 5.4153
5535.0000 11.5749 5.4139
5540.0000 11.5900 5.4284
5545.0000 11.6057 5.4399
5550.0000 11.6100 5.4393
5555.0000 11.6137 5.4387
5560.0000 11.6279 5.4505
5565.0000 11.6409 5.4626
5570.0000 11.6577 5.4811
5575.0000 11.6793 5.5058
5580.0000 11.6870 5.5117
5585.0000 11.6934 5.5177
5590.0000 11.7100 5.5362
5595.0000 11.7174 5.5421
5600.0000 11.7199 5.5417
5605.0000 11.7280 5.5474
5610.0000 11.7343 5.5535
5615.0000 11.7364 5.5531
5620.0000 11.7385 5.5528
5625.0000 11.7413 5.5524
5630.0000 11.7445 5.5519
5635.0000 11.7465 5.5516
5640.0000 11.7665 5.5758
5645.0000 11.7825 5.5934
5650.0000 11.7931 5.6019
5655.0000 11.7968 5.6014
5660.0000 11.8088 5.6096
5665.0000 11.8244 5.6275
5670.0000 11.8302 5.6266
5675.0000 11.8533 5.6532
5680.0000 11.8878 5.6951
5685.0000 11.9019 5.7030
5690.0000 11.9277 5.7296
5695.0000 11.9456 5.7474
5700.0000 11.9768 5.7837
5705.0000 11.9925 5.7916
5710.0000 12.0422 5.8561
5715.0000 12.0638 5.8735
5720.0000 12.0800 5.8809
5725.0000 12.1146 5.9197
5730.0000 12.1562 5.9678
5735.0000 12.1971 6.0135
5740.0000 12.2294 6.0462
5745.0000 12.2557 6.0733
5750.0000 12.2702 6.0780
5755.0000 12.2877 6.0928
5760.0000 12.3139 6.1202
5765.0000 12.3301 6.1318
5770.0000 12.3371 6.1307
5775.0000 12.3443 6.1295
5780.0000 12.3500 6.1286
5785.0000 12.3691 6.1500
5790.0000 12.3790 6.1555
5795.0000 12.4070 6.1920
5800.0000 12.4198 6.2038
5805.0000 12.4364 6.2222
5810.0000 12.4526 6.2408
5815.0000 12.4660 6.2528
5820.0000 12.4734 6.2589
5825.0000 12.4816 6.2648
5830.0000 12.4848 6.2643
5835.0000 12.4969 6.2768
5840.0000 12.5136 6.2917
5845.0000 12.5275 6.3040
5850.0000 12.5554 6.3422
5855.0000 12.5693 6.3545
5860.0000 12.5837 6.3665
5865.0000 12.5993 6.3822
5870.0000 12.6107 6.3912
5875.0000 12.6364 6.4230
5880.0000 12.6654 6.4580
5885.0000 12.6937 6.4932
5890.0000 12.7354 6.5408
5895.0000 12.7563 6.5553
5900.0000 12.7768 6.5704
5905.0000 12.7948 6.5781
5910.0000 12.8235 6.6061
5915.0000 12.8386 6.6036
5920.0000 12.8693 6.6319
5925.0000 12.9245 6.7003
5930.0000 12.9664 6.7441
5935.0000 13.0164 6.7959
5940.0000 13.0781 6.8750
5945.0000 13.1172 6.9080
5950.0000 13.1543 6.9353
5955.0000 13.1781 6.9467
5960.0000 13.2144 6.9779
5965.0000 13.2471 7.0068
5970.0000 13.2728 7.0267
5975.0000 13.2794 7.0219
5980.0000 13.2761 6.9995
5985.0000 13.3028 7.0266
5990.0000 13.3424 7.0750
5995.0000 13.3805 7.1210
6000.0000 13.3908 7.1237
6005.0000 13.4185 7.1548
6010.0000 13.4498 7.1936
6015.0000 13.4430 7.1710
6020.0000 13.4446 7.1608
6025.0000 13.4462 7.1516
6030.0000 13.4785 7.1943
6035.0000 13.5081 7.2326
6040.0000 13.5043 7.2138
6045.0000 13.5039 7.2015
6050.0000 13.5153 7.2089
6055.0000 13.5381 7.2342
6060.0000 13.5485 7.2405
6065.0000 13.5455 7.2209
6070.0000 13.5427 7.2010
6075.0000 13.5559 7.2136
6080.0000 13.5552 7.1973
6085.0000 13.5405 7.1596
6090.0000 13.5459 7.1547
6095.0000 13.5573 7.1636
6100.0000 13.5723 7.1763
6105.0000 13.5874 7.1921
6110.0000 13.6036 7.2086
6115.0000 13.6052 7.2000
6120.0000 13.6167 7.2073
6125.0000 13.6313 7.2147
6130.0000 13.6186 7.1781
6135.0000 13.6210 7.1689
6140.0000 13.6367 7.1793
6145.0000 13.6517 7.1946
6150.0000 13.6516 7.1780
6155.0000 13.6533 7.1700
6160.0000 13.6402 7.1336
6165.0000 13.6394 7.1184
6170.0000 13.6751 7.1660
6175.0000 13.6704 7.1409
6180.0000 13.6709 7.1241
6185.0000 13.6578 7.0876
6190.0000 13.6647 7.0873
6195.0000 13.6707 7.0849
6200.0000 13.6970 7.1158
6205.0000 13.6942 7.0932
6210.0000 13.7241 7.1274
6215.0000 13.7127 7.0952
6220.0000 13.7266 7.1037
6225.0000 13.7443 7.1189
6230.0000 13.7361 7.0918
6235.0000 13.7444 7.0920
6240.0000 13.7271 7.0483
6245.0000 13.7518 7.0770
6250.0000 13.7290 7.0265
6255.0000 13.7631 7.0749
6260.0000 13.7465 7.0342
6265.0000 13.7731 7.0660
6270.0000 13.7689 7.0455
6275.0000 13.7901 7.0706
6280.0000 13.7775 7.0360
6285.0000 13.8021 7.0676
6290.0000 13.8016 7.0549
6295.0000 13.7921 7.0289
6300.0000 13.8101 7.0512
6305.0000 13.7985 7.0220
6310.0000 13.8263 7.0605
6315.0000 13.8136 7.0283
6320.0000 13.8162 7.0235
6325.0000 13.8308 7.0398
6330.0000 13.8248 7.0202
6335.0000 13.8545 7.0595
6340.0000 13.8622 7.0569
6345.0000 13.8641 7.0518
6350.0000 13.8923 7.0911
6355.0000 13.8878 7.0764
6360.0000 13.8870 7.0677
6365.0000 13.9020 7.0845
6370.0000 13.8918 7.0554
6375.0000 13.9005 7.0619
6380.0000 13.9112 7.0717
6385.0000 13.9326 7.0997
6390.0000 13.9315 7.0921
6395.0000 13.9374 7.0943
6400.0000 13.9483 7.1043
6405.0000 13.9291 7.0644
6410.0000 13.9632 7.1115
6415.0000 13.9537 7.0876
6420.0000 13.9487 7.0701
6425.0000 13.9802 7.1163
6430.0000 13.9677 7.0889
6435.0000 14.0049 7.1462
6440.0000 13.9887 7.1124
6445.0000 13.9965 7.1210
6450.0000 13.9991 7.1191
6455.0000 14.0041 7.1230
6460.0000 14.0361 7.1723
6465.0000 14.0305 7.1552
6470.0000 14.0307 7.1499
6475.0000 14.0352 7.1523
6480.0000 13.9983 7.0852
6485.0000 13.9941 7.0722
6490.0000 13.9793 7.0390
6495.0000 13.9951 7.0588
6500.0000 13.9991 7.0561
6505.0000 14.0105 7.0694
6510.0000 14.0160 7.0744
6515.0000 14.0328 7.0991
6520.0000 14.0434 7.1095
6525.0000 14.0594 7.1310
6530.0000 14.0771 7.1558
6535.0000 14.0765 7.1530
6540.0000 14.0876 7.1685
6545.0000 14.0885 7.1676
6550.0000 14.0868 7.1610
6555.0000 14.0858 7.1569
6560.0000 14.0848 7.1524
6565.0000 14.0923 7.1629
6570.0000 14.0924 7.1611
6575.0000 14.0969 7.1668
6580.0000 14.1020 7.1728
6585.0000 14.0942 7.1567
6590.0000 14.0922 7.1495
6595.0000 14.0974 7.1535
6600.0000 14.1023 7.1562
6605.0000 14.0975 7.1431
6610.0000 14.0982 7.1390
6615.0000 14.0931 7.1254
6620.0000 14.0978 7.1290
6625.0000 14.0968 7.1206
6630.0000 14.0990 7.1178
6635.0000 14.1125 7.1329
6640.0000 14.1140 7.1280
6645.0000 14.1208 7.1336
6650.0000 14.1049 7.0996
6655.0000 14.1007 7.0842
6660.0000 14.1270 7.1193
6665.0000 14.1474 7.1439
6670.0000 14.1517 7.1381
6675.0000 14.1647 7.1495
6680.0000 14.1702 7.1482
6685.0000 14.1685 7.1344
6690.0000 14.1727 7.1289
6695.0000 14.1869 7.1429
6700.0000 14.1898 7.1421
6705.0000 14.1746 7.1085
6710.0000 14.1881 7.1176
6715.0000 14.1999 7.1264
6720.0000 14.2077 7.1302
6725.0000 14.2113 7.1267
6730.0000 14.1972 7.0960
6735.0000 14.2076 7.1059
6740.0000 14.2005 7.0839
6745.0000 14.2095 7.0930
6750.0000 14.2145 7.0918
6755.0000 14.2176 7.0912
6760.0000 14.2328 7.1108
6765.0000 14.2498 7.1314
6770.0000 14.2552 7.1331
6775.0000 14.2779 7.1590
6780.0000 14.2837 7.1622
6785.0000 14.2749 7.1372
6790.0000 14.2815 7.1398
6795.0000 14.2873 7.1413
6800.0000 14.2782 7.1182
6805.0000 14.2882 7.1274
6810.0000 14.2878 7.1144
6815.0000 14.2976 7.1186
6820.0000 14.3069 7.1253
6825.0000 14.2966 7.1031
6830.0000 14.2744 7.0606
6835.0000 14.2913 7.0828
6840.0000 14.3083 7.1058
6845.0000 14.3051 7.0914
6850.0000 14.3175 7.1059
6855.0000 14.3248 7.1114
6860.0000 14.3362 7.1250
6865.0000 14.3425 7.1301
6870.0000 14.3506 7.1368
6875.0000 14.3426 7.1165
6880.0000 14.3532 7.1285
6885.0000 14.3644 7.1389
6890.0000 14.3532 7.1087
6895.0000 14.3617 7.1155
6900.0000 14.3720 7.1239
6905.0000 14.3688 7.1128
6910.0000 14.3657 7.0998
6915.0000 14.3572 7.0798
6920.0000 14.3580 7.0775
6925.0000 14.3666 7.0872
6930.0000 14.3696 7.0879
6935.0000 14.3910 7.1180
6940.0000 14.3792 7.0942
6945.0000 14.3962 7.1166
6950.0000 14.4050 7.1270
6955.0000 14.4012 7.1164
6960.0000 14.3998 7.1130
6965.0000 14.4039 7.1172
6970.0000 14.4149 7.1331
6975.0000 14.4060 7.1167
6980.0000 14.4109 7.1233
6985.0000 14.4149 7.1284
6990.0000 14.4153 7.1274
6995.0000 14.4036 7.1052
7000.0000 14.4165 7.1253
7005.0000 14.3989 7.0953
7010.0000 14.3980 7.0927
7015.0000 14.4118 7.1148
7020.0000 14.4182 7.1251
7025.0000 14.4165 7.1208
7030.0000 14.4086 7.1072
7035.0000 14.4163 7.1200
7040.0000 14.4199 7.1257
7045.0000 14.4205 7.1256
7050.0000 14.4211 7.1255
7055.0000 14.4220 7.1254
7060.0000 14.4224 7.1253
7065.0000 14.4232 7.1252
7070.0000 14.4253 7.1248
7075.0000 14.4269 7.1245
7080.0000 14.4290 7.1242
7085.0000 14.4298 7.1241
7090.0000 14.4317 7.1237
7095.0000 14.4332 7.1228
7100.0000 14.4295 7.1131
7105.0000 14.4333 7.1156
7110.0000 14.4409 7.1248
7115.0000 14.4362 7.1136
7120.0000 14.4336 7.1069
7125.0000 14.4319 7.0995
7130.0000 14.4426 7.1141
7135.0000 14.4342 7.0939
7140.0000 14.4355 7.0929
7145.0000 14.4472 7.1076
7150.0000 14.4491 7.1066
7155.0000 14.4594 7.1209
7160.0000 14.4693 7.1332
7165.0000 14.4641 7.1208
7170.0000 14.4574 7.1071
7175.0000 14.4660 7.1193
7180.0000 14.4527 7.0953
7185.0000 14.4622 7.1091
7190.0000 14.4646 7.1122
7195.0000 14.4727 7.1245
7200.0000 14.4837 7.1412
7205.0000 14.4830 7.1395
7210.0000 14.4869 7.1442
7215.0000 14.4837 7.1380
7220.0000 14.4851 7.1398
7225.0000 14.4857 7.1397
7230.0000 14.4858 7.1396
7235.0000 14.4889 7.1447
7240.0000 14.4871 7.1417
7245.0000 14.4908 7.1479
7250.0000 14.4910 7.1479
7255.0000 14.4913 7.1478
7260.0000 14.4915 7.1478
7265.0000 14.4915 7.1478
7270.0000 14.4917 7.1478
7275.0000 14.4918 7.1477
7280.0000 14.4918 7.1477
7285.0000 14.4924 7.1476
7290.0000 14.4938 7.1474
7295.0000 14.4959 7.1471
7300.0000 14.4977 7.1468
7305.0000 14.5003 7.1463
7310.0000 14.5027 7.1459
7315.0000 14.5061 7.1453
7320.0000 14.5086 7.1449
7325.0000 14.5052 7.1350
7330.0000 14.5065 7.1299
7335.0000 14.4936 7.1010
7340.0000 14.4765 7.0655
7345.0000 14.4911 7.0769
7350.0000 14.4891 7.0647
7355.0000 14.4981 7.0690
7360.0000 14.4962 7.0504
7365.0000 14.5127 7.0639
7370.0000 14.5163 7.0538
7375.0000 14.5146 7.0398
7380.0000 14.5151 7.0282
7385.0000 14.5334 7.0513
7390.0000 14.5339 7.0434
7395.0000 14.5616 7.0807
7400.0000 14.5868 7.1099
7405.0000 14.5884 7.1054
7410.0000 14.5886 7.0988
7415.0000 14.5800 7.0770
7420.0000 14.5939 7.0910
7425.0000 14.6105 7.1099
7430.0000 14.6145 7.1120
7435.0000 14.5997 7.0806
7440.0000 14.6008 7.0792
7445.0000 14.5930 7.0628
7450.0000 14.6017 7.0739
7455.0000 14.6015 7.0688
7460.0000 14.5961 7.0552
7465.0000 14.5999 7.0566
7470.0000 14.6051 7.0625
7475.0000 14.6143 7.0753
7480.0000 14.6240 7.0910
7485.0000 14.6229 7.0876
7490.0000 14.6295 7.0969
7495.0000 14.6398 7.1122
7500.0000 14.6390 7.1099
7505.0000 14.6453 7.1188
7510.0000 14.6414 7.1107
7515.0000 14.6428 7.1120
7520.0000 14.6429 7.1113
7525.0000 14.6345 7.0970
7530.0000 14.6473 7.1179
7535.0000 14.6473 7.1179
7540.0000 14.6478 7.1184
7545.0000 14.6504 7.1212
7550.0000 14.6501 7.1207
7555.0000 14.6506 7.1210
7560.0000 14.6485 7.1161
7565.0000 14.6467 7.1131
7570.0000 14.6534 7.1244
7575.0000 14.6596 7.1344
7580.0000 14.6640 7.1412
7585.0000 14.6645 7.1411
7590.0000 14.6648 7.1410
7595.0000 14.6657 7.1409
7600.0000 14.6660 7.1408
7605.0000 14.6663 7.1408
7610.0000 14.6667 7.1407
7615.0000 14.6611 7.1304
7620.0000 14.6614 7.1304
7625.0000 14.6619 7.1303
7630.0000 14.6625 7.1302
7635.0000 14.6511 7.1100
7640.0000 14.6575 7.1199
7645.0000 14.6640 7.1300
7650.0000 14.6652 7.1298
7655.0000 14.6588 7.1171
7660.0000 14.6634 7.1235
7665.0000 14.6591 7.1154
7670.0000 14.6566 7.1088
7675.0000 14.6659 7.1224
7680.0000 14.6645 7.1185
7685.0000 14.6516 7.0959
7690.0000 14.6498 7.0906
7695.0000 14.6462 7.0840
7700.0000 14.6500 7.0873
7705.0000 14.6639 7.1082
7710.0000 14.6617 7.1032
7715.0000 14.6668 7.1106
7720.0000 14.6678 7.1099
7725.0000 14.6527 7.0819
7730.0000 14.6546 7.0838
7735.0000 14.6539 7.0801
7740.0000 14.6541 7.0793
7745.0000 14.6652 7.0971
7750.0000 14.6694 7.1037
7755.0000 14.6701 7.1035
7760.0000 14.6763 7.1128
7765.0000 14.6676 7.0965
7770.0000 14.6741 7.1066
7775.0000 14.6717 7.1014
7780.0000 14.6692 7.0960
7785.0000 14.6702 7.0961
7790.0000 14.6709 7.0959
7795.0000 14.6754 7.1017
7800.0000 14.6761 7.1016
7805.0000 14.6779 7.1013
7810.0000 14.6804 7.1009
7815.0000 14.6847 7.1002
7820.0000 14.6816 7.0871
7825.0000 14.6814 7.0843
7830.0000 14.6646 7.0512
7835.0000 14.6598 7.0377
7840.0000 14.6452 7.0057
7845.0000 14.6510 7.0048
7850.0000 14.6541 7.0000
7855.0000 14.6576 6.9898
7860.0000 14.6605 6.9798
7865.0000 14.6878 7.0090
7870.0000 14.6858 6.9905
7875.0000 14.7070 7.0080
7880.0000 14.7009 6.9791
7885.0000 14.6972 6.9577
7890.0000 14.7064 6.9594
7895.0000 14.7479 7.0137
7900.0000 14.7343 6.9742
7905.0000 14.7419 6.9702
7910.0000 14.7374 6.9478
7915.0000 14.7307 6.9218
7920.0000 14.7595 6.9543
7925.0000 14.7636 6.9484
7930.0000 14.7715 6.9488
7935.0000 14.8064 6.9894
7940.0000 14.8140 6.9903
7945.0000 14.8135 6.9734
7950.0000 14.8105 6.9558
7955.0000 14.8269 6.9703
7960.0000 14.8438 6.9873
7965.0000 14.8523 6.9929
7970.0000 14.8598 6.9950
7975.0000 14.8591 6.9905
7980.0000 14.8589 6.9862
7985.0000 14.8999 7.0473
7990.0000 14.8978 7.0402
7995.0000 14.8997 7.0401
8000.0000 14.8994 7.0362
