5.0000 0.0000 0.0000
10.0000 0.0000 0.0000
15.0000 0.0000 0.0000
20.0000 0.0000 0.0000
25.0000 0.0000 0.0000
30.0000 0.0000 0.0000
35.0000 0.0000 0.0000
40.0000 0.0000 0.0000
45.0000 0.0000 0.0000
50.0000 0.0000 0.0000
55.0000 0.0000 0.0000
60.0000 0.0000 0.0000
65.0000 0.0000 0.0000
70.0000 0.0000 0.0000
75.0000 0.0000 0.0000
80.0000 0.0000 0.0000
85.0000 0.0036 0.0000
90.0000 0.0072 0.0001
95.0000 0.0180 0.0002
100.0000 0.0216 0.0003
105.0000 0.0216 0.0003
110.0000 0.0216 0.0003
115.0000 0.0216 0.0003
120.0000 0.0216 0.0003
125.0000 0.0252 0.0003
130.0000 0.0288 0.0003
135.0000 0.0288 0.0003
140.0000 0.0288 0.0003
145.0000 0.0359 0.0004
150.0000 0.0467 0.0005
155.0000 0.0575 0.0006
160.0000 0.0647 0.0007
165.0000 0.0683 0.0008
170.0000 0.0755 0.0008
175.0000 0.1006 0.0011
180.0000 0.1294 0.0014
185.0000 0.1833 0.0018
190.0000 0.2264 0.0022
195.0000 0.2624 0.0024
200.0000 0.3306 0.0028
205.0000 0.3846 0.0031
210.0000 0.4528 0.0033
215.0000 0.5175 0.0035
220.0000 0.5822 0.0035
225.0000 0.6325 0.0035
230.0000 0.6793 0.0034
235.0000 0.7321 0.0034
240.0000 0.7992 0.0033
245.0000 0.8316 0.0032
250.0000 0.8603 0.0030
255.0000 0.8962 0.0028
260.0000 0.9394 0.0026
265.0000 0.9717 0.0023
270.0000 1.0041 0.0021
275.0000 1.0077 0.0020
280.0000 1.0220 0.0019
285.0000 1.0508 0.0017
290.0000 1.0831 0.0014
295.0000 1.0975 0.0012
300.0000 1.1011 0.0012
305.0000 1.1119 0.0011
310.0000 1.1299 0.0009
315.0000 1.1528 0.0010
320.0000 1.1564 0.0010
325.0000 1.1564 0.0010
330.0000 1.1635 0.0009
335.0000 1.1743 0.0008
340.0000 1.1779 0.0007
345.0000 1.1815 0.0007
350.0000 1.1854 0.0007
355.0000 1.1967 0.0008
360.0000 1.2003 0.0007
365.0000 1.2003 0.0007
370.0000 1.2042 0.0008
375.0000 1.2117 0.0008
380.0000 1.2191 0.0008
385.0000 1.2343 0.0009
390.0000 1.2421 0.0010
395.0000 1.2459 0.0010
400.0000 1.2653 0.0012
405.0000 1.2882 0.0014
410.0000 1.3037 0.0016
415.0000 1.3112 0.0016
420.0000 1.3228 0.0017
425.0000 1.3422 0.0019
430.0000 1.3963 0.0024
435.0000 1.4389 0.0027
440.0000 1.4931 0.0031
445.0000 1.5241 0.0033
450.0000 1.5783 0.0037
455.0000 1.6540 0.0041
460.0000 1.6966 0.0042
465.0000 1.7508 0.0045
470.0000 1.8381 0.0047
475.0000 1.9117 0.0047
480.0000 1.9736 0.0046
485.0000 2.0665 0.0042
490.0000 2.1052 0.0040
495.0000 2.1478 0.0038
500.0000 2.1865 0.0035
505.0000 2.1981 0.0034
510.0000 2.2446 0.0031
515.0000 2.2755 0.0028
520.0000 2.2949 0.0026
525.0000 2.3336 0.0022
530.0000 2.3607 0.0019
535.0000 2.3878 0.0016
540.0000 2.4071 0.0014
545.0000 2.4188 0.0013
550.0000 2.4420 0.0010
555.0000 2.4497 0.0009
560.0000 2.4575 0.0008
565.0000 2.4613 0.0008
570.0000 2.4652 0.0007
575.0000 2.4729 0.0006
580.0000 2.4768 0.0007
585.0000 2.4807 0.0007
590.0000 2.4807 0.0007
595.0000 2.4807 0.0007
600.0000 2.4807 0.0007
605.0000 2.4884 0.0006
610.0000 2.4884 0.0006
615.0000 2.4923 0.0005
620.0000 2.4984 0.0006
625.0000 2.5105 0.0009
630.0000 2.5468 0.0015
635.0000 2.5953 0.0024
640.0000 2.6770 0.0040
645.0000 2.7179 0.0046
650.0000 2.7874 0.0055
655.0000 2.8736 0.0065
660.0000 2.9355 0.0071
665.0000 3.0035 0.0077
670.0000 3.0473 0.0081
675.0000 3.1242 0.0086
680.0000 3.2104 0.0098
685.0000 3.3293 0.0120
690.0000 3.4123 0.0133
695.0000 3.5146 0.0140
700.0000 3.6245 0.0152
705.0000 3.7499 0.0157
710.0000 3.8754 0.0164
715.0000 4.0577 0.0178
720.0000 4.1771 0.0186
725.0000 4.3128 0.0190
730.0000 4.4607 0.0184
735.0000 4.6246 0.0172
740.0000 4.7931 0.0167
745.0000 4.9554 0.0153
750.0000 5.0632 0.0146
755.0000 5.1429 0.0142
760.0000 5.2091 0.0138
765.0000 5.3195 0.0126
770.0000 5.3972 0.0115
775.0000 5.5000 0.0110
780.0000 5.5751 0.0108
785.0000 5.6515 0.0111
790.0000 5.7321 0.0111
795.0000 5.8081 0.0106
800.0000 5.8846 0.0105
805.0000 5.9430 0.0104
810.0000 6.0368 0.0098
815.0000 6.1188 0.0099
820.0000 6.1969 0.0096
825.0000 6.3052 0.0090
830.0000 6.3633 0.0081
835.0000 6.4457 0.0082
840.0000 6.5259 0.0078
845.0000 6.6167 0.0071
850.0000 6.6797 0.0064
855.0000 6.7261 0.0060
860.0000 6.7847 0.0057
865.0000 6.8301 0.0055
870.0000 6.8893 0.0049
875.0000 6.9302 0.0045
880.0000 6.9717 0.0038
885.0000 7.0071 0.0034
890.0000 7.0419 0.0031
895.0000 7.0458 0.0031
900.0000 7.0651 0.0029
905.0000 7.0806 0.0028
910.0000 7.0999 0.0026
915.0000 7.1154 0.0024
920.0000 7.1270 0.0023
925.0000 7.1463 0.0019
930.0000 7.1663 0.0017
935.0000 7.1663 0.0017
940.0000 7.1817 0.0015
945.0000 7.1856 0.0015
950.0000 7.1895 0.0014
955.0000 7.1895 0.0014
960.0000 7.1895 0.0014
965.0000 7.2077 0.0007
970.0000 7.2116 0.0006
975.0000 7.2116 0.0006
980.0000 7.2150 0.0007
985.0000 7.2253 0.0008
990.0000 7.2425 0.0010
995.0000 7.2807 0.0013
1000.0000 7.2978 0.0015
1005.0000 7.3150 0.0016
1010.0000 7.3356 0.0018
1015.0000 7.3493 0.0019
1020.0000 7.3794 0.0022
1025.0000 7.4103 0.0025
1030.0000 7.4352 0.0025
1035.0000 7.4733 0.0027
1040.0000 7.5214 0.0030
1045.0000 7.5420 0.0031
1050.0000 7.5855 0.0035
1055.0000 7.6290 0.0037
1060.0000 7.6921 0.0039
1065.0000 7.7391 0.0043
1070.0000 7.8148 0.0045
1075.0000 7.9148 0.0052
1080.0000 7.9817 0.0060
1085.0000 8.0414 0.0062
1090.0000 8.0770 0.0063
1095.0000 8.1400 0.0063
1100.0000 8.2329 0.0061
1105.0000 8.3099 0.0062
1110.0000 8.3731 0.0068
1115.0000 8.4330 0.0070
1120.0000 8.4941 0.0075
1125.0000 8.5529 0.0077
1130.0000 8.6350 0.0086
1135.0000 8.6824 0.0090
1140.0000 8.7403 0.0098
1145.0000 8.7912 0.0100
1150.0000 8.8536 0.0103
1155.0000 8.9044 0.0106
1160.0000 8.9668 0.0107
1165.0000 9.0398 0.0111
1170.0000 9.1011 0.0113
1175.0000 9.1532 0.0115
1180.0000 9.2736 0.0114
1185.0000 9.3478 0.0111
1190.0000 9.4160 0.0109
1195.0000 9.5008 0.0108
1200.0000 9.6214 0.0113
1205.0000 9.7241 0.0111
1210.0000 9.8352 0.0111
1215.0000 9.9376 0.0103
1220.0000 10.0322 0.0107
1225.0000 10.1383 0.0107
1230.0000 10.1950 0.0106
1235.0000 10.2719 0.0106
1240.0000 10.3585 0.0107
1245.0000 10.4831 0.0105
1250.0000 10.5903 0.0107
1255.0000 10.6733 0.0102
1260.0000 10.7397 0.0107
1265.0000 10.7876 0.0107
1270.0000 10.8603 0.0116
1275.0000 10.9209 0.0120
1280.0000 11.0171 0.0122
1285.0000 11.0651 0.0118
1290.0000 11.1473 0.0118
1295.0000 11.2137 0.0117
1300.0000 11.2561 0.0118
1305.0000 11.3167 0.0117
1310.0000 11.3531 0.0117
1315.0000 11.4195 0.0113
1320.0000 11.5286 0.0113
1325.0000 11.6351 0.0113
1330.0000 11.7079 0.0112
1335.0000 11.7745 0.0118
1340.0000 11.8470 0.0115
1345.0000 11.9536 0.0113
1350.0000 12.0445 0.0117
1355.0000 12.1657 0.0121
1360.0000 12.2662 0.0122
1365.0000 12.3668 0.0127
1370.0000 12.4637 0.0137
1375.0000 12.5832 0.0142
1380.0000 12.7611 0.0145
1385.0000 12.9208 0.0149
1390.0000 13.0501 0.0151
1395.0000 13.2240 0.0145
1400.0000 13.3691 0.0141
1405.0000 13.4817 0.0145
1410.0000 13.5894 0.0145
1415.0000 13.7380 0.0140
1420.0000 13.8613 0.0134
1425.0000 13.9654 0.0125
1430.0000 14.0680 0.0120
1435.0000 14.1439 0.0112
1440.0000 14.2077 0.0106
1445.0000 14.3287 0.0102
1450.0000 14.4063 0.0102
1455.0000 14.4611 0.0101
1460.0000 14.5337 0.0099
1465.0000 14.5967 0.0099
1470.0000 14.6554 0.0092
1475.0000 14.6975 0.0083
1480.0000 14.7573 0.0077
1485.0000 14.8227 0.0074
1490.0000 14.8547 0.0074
1495.0000 14.8832 0.0074
1500.0000 14.9512 0.0059
1505.0000 15.0131 0.0052
1510.0000 15.0775 0.0046
1515.0000 15.1059 0.0045
1520.0000 15.1700 0.0041
1525.0000 15.2116 0.0036
1530.0000 15.2664 0.0028
1535.0000 15.3009 0.0023
1540.0000 15.3151 0.0022
1545.0000 15.3222 0.0021
1550.0000 15.3329 0.0022
1555.0000 15.3496 0.0021
1560.0000 15.3628 0.0021
1565.0000 15.3699 0.0020
1570.0000 15.3902 0.0016
1575.0000 15.4035 0.0016
1580.0000 15.4035 0.0016
1585.0000 15.4222 0.0019
1590.0000 15.4320 0.0019
1595.0000 15.4449 0.0018
1600.0000 15.4613 0.0019
1605.0000 15.4742 0.0019
1610.0000 15.4938 0.0020
1615.0000 15.5155 0.0023
1620.0000 15.5373 0.0025
1625.0000 15.5684 0.0028
1630.0000 15.5840 0.0029
1635.0000 15.6093 0.0030
1640.0000 15.6436 0.0033
1645.0000 15.6747 0.0035
1650.0000 15.7124 0.0035
1655.0000 15.7596 0.0035
1660.0000 15.7978 0.0036
1665.0000 15.8196 0.0037
1670.0000 15.8693 0.0038
1675.0000 15.9284 0.0039
1680.0000 15.9818 0.0039
1685.0000 16.0221 0.0040
1690.0000 16.0718 0.0039
1695.0000 16.1092 0.0038
1700.0000 16.1527 0.0036
1705.0000 16.1963 0.0034
1710.0000 16.2118 0.0034
1715.0000 16.2523 0.0031
1720.0000 16.2710 0.0030
1725.0000 16.2927 0.0029
1730.0000 16.3083 0.0026
1735.0000 16.3330 0.0026
1740.0000 16.3821 0.0030
1745.0000 16.4188 0.0034
1750.0000 16.4737 0.0042
1755.0000 16.5436 0.0052
1760.0000 16.6077 0.0059
1765.0000 16.6624 0.0067
1770.0000 16.7082 0.0068
1775.0000 16.8146 0.0081
1780.0000 16.9423 0.0090
1785.0000 17.0485 0.0100
1790.0000 17.1546 0.0107
1795.0000 17.2436 0.0115
1800.0000 17.3628 0.0119
1805.0000 17.5063 0.0121
1810.0000 17.6176 0.0121
1815.0000 17.7368 0.0117
1820.0000 17.8322 0.0112
1825.0000 17.9243 0.0105
1830.0000 18.0193 0.0096
1835.0000 18.1356 0.0083
1840.0000 18.2025 0.0075
1845.0000 18.2653 0.0068
1850.0000 18.3081 0.0069
1855.0000 18.3887 0.0070
1860.0000 18.4214 0.0072
1865.0000 18.5051 0.0073
1870.0000 18.5726 0.0075
1875.0000 18.6462 0.0076
1880.0000 18.7053 0.0077
1885.0000 18.7935 0.0080
1890.0000 18.8673 0.0077
1895.0000 18.9166 0.0078
1900.0000 18.9986 0.0078
1905.0000 19.0932 0.0078
1910.0000 19.1679 0.0077
1915.0000 19.2833 0.0070
1920.0000 19.3377 0.0066
1925.0000 19.4256 0.0069
1930.0000 19.4902 0.0066
1935.0000 19.5506 0.0063
1940.0000 19.5751 0.0060
1945.0000 19.6374 0.0057
1950.0000 19.7029 0.0056
1955.0000 19.7447 0.0057
1960.0000 19.7621 0.0056
1965.0000 19.8203 0.0056
1970.0000 19.8662 0.0060
1975.0000 19.9162 0.0061
1980.0000 19.9618 0.0066
1985.0000 20.0197 0.0070
1990.0000 20.0542 0.0073
1995.0000 20.1090 0.0077
2000.0000 20.1811 0.0080
2005.0000 20.2359 0.0083
2010.0000 20.2856 0.0086
2015.0000 20.3464 0.0089
2020.0000 20.4245 0.0093
2025.0000 20.4961 0.0092
2030.0000 20.5955 0.0091
2035.0000 20.7392 0.0089
2040.0000 20.8859 0.0082
2045.0000 20.9949 0.0080
2050.0000 21.0527 0.0079
2055.0000 21.0996 0.0080
2060.0000 21.1502 0.0081
2065.0000 21.2101 0.0080
2070.0000 21.2600 0.0079
2075.0000 21.3328 0.0079
2080.0000 21.3847 0.0078
2085.0000 21.4510 0.0077
2090.0000 21.5107 0.0078
2095.0000 21.5647 0.0077
2100.0000 21.6196 0.0070
2105.0000 21.6751 0.0066
2110.0000 21.7506 0.0063
2115.0000 21.7996 0.0060
2120.0000 21.8629 0.0058
2125.0000 21.9096 0.0061
2130.0000 21.9613 0.0061
2135.0000 22.0262 0.0060
2140.0000 22.0876 0.0061
2145.0000 22.1315 0.0057
2150.0000 22.1867 0.0056
2155.0000 22.2262 0.0055
2160.0000 22.2657 0.0053
2165.0000 22.3087 0.0052
2170.0000 22.3533 0.0048
2175.0000 22.3855 0.0047
2180.0000 22.4322 0.0044
2185.0000 22.4860 0.0041
2190.0000 22.5199 0.0037
2195.0000 22.5502 0.0032
2200.0000 22.5683 0.0032
2205.0000 22.5863 0.0031
2210.0000 22.6194 0.0032
2215.0000 22.6343 0.0034
2220.0000 22.6861 0.0040
2225.0000 22.7117 0.0039
2230.0000 22.7265 0.0040
2235.0000 22.7599 0.0044
2240.0000 22.7930 0.0045
2245.0000 22.8188 0.0045
2250.0000 22.8262 0.0046
2255.0000 22.8518 0.0045
2260.0000 22.8814 0.0047
2265.0000 22.8963 0.0048
2270.0000 22.9408 0.0049
2275.0000 23.0085 0.0047
2280.0000 23.0824 0.0056
2285.0000 23.1317 0.0060
2290.0000 23.1772 0.0063
2295.0000 23.2252 0.0069
2300.0000 23.3462 0.0087
2305.0000 23.4709 0.0097
2310.0000 23.6423 0.0107
2315.0000 23.7463 0.0114
2320.0000 23.8528 0.0125
2325.0000 23.9766 0.0138
2330.0000 24.1305 0.0145
2335.0000 24.3322 0.0161
2340.0000 24.5292 0.0165
2345.0000 24.7301 0.0181
2350.0000 24.9470 0.0196
2355.0000 25.1753 0.0222
2360.0000 25.3652 0.0256
2365.0000 25.5401 0.0263
2370.0000 25.7188 0.0278
2375.0000 25.8599 0.0294
2380.0000 25.9791 0.0301
2385.0000 26.1531 0.0302
2390.0000 26.3123 0.0297
2395.0000 26.5034 0.0303
2400.0000 26.6443 0.0296
2405.0000 26.7719 0.0303
2410.0000 26.9105 0.0289
2415.0000 27.0634 0.0283
2420.0000 27.2213 0.0287
2425.0000 27.4057 0.0301
2430.0000 27.5491 0.0301
2435.0000 27.6850 0.0305
2440.0000 27.8087 0.0308
2445.0000 27.9882 0.0302
2450.0000 28.0755 0.0300
2455.0000 28.1737 0.0303
2460.0000 28.2794 0.0283
2465.0000 28.4044 0.0268
2470.0000 28.4991 0.0259
2475.0000 28.5683 0.0244
2480.0000 28.6435 0.0230
2485.0000 28.7225 0.0220
2490.0000 28.8220 0.0194
2495.0000 28.9021 0.0176
2500.0000 28.9811 0.0156
2505.0000 29.0370 0.0142
2510.0000 29.0625 0.0140
2515.0000 29.1038 0.0132
2520.0000 29.1439 0.0122
2525.0000 29.2071 0.0104
2530.0000 29.2459 0.0095
2535.0000 29.3030 0.0078
2540.0000 29.3248 0.0075
2545.0000 29.3528 0.0070
2550.0000 29.3892 0.0062
2555.0000 29.4062 0.0059
2560.0000 29.4244 0.0056
2565.0000 29.4475 0.0047
2570.0000 29.4683 0.0041
2575.0000 29.4781 0.0041
2580.0000 29.5012 0.0036
2585.0000 29.5172 0.0039
2590.0000 29.5332 0.0039
2595.0000 29.5431 0.0041
2600.0000 29.5580 0.0043
2605.0000 29.5728 0.0045
2610.0000 29.5926 0.0049
2615.0000 29.6224 0.0053
2620.0000 29.6422 0.0056
2625.0000 29.6780 0.0059
2630.0000 29.7127 0.0061
2635.0000 29.7424 0.0064
2640.0000 29.7771 0.0070
2645.0000 29.8415 0.0076
2650.0000 29.9455 0.0084
2655.0000 30.0617 0.0087
2660.0000 30.1459 0.0088
2665.0000 30.2648 0.0089
2670.0000 30.3788 0.0090
2675.0000 30.4927 0.0088
2680.0000 30.6067 0.0083
2685.0000 30.7057 0.0076
2690.0000 30.7652 0.0071
2695.0000 30.8247 0.0066
2700.0000 30.8791 0.0058
2705.0000 30.9248 0.0049
2710.0000 30.9546 0.0045
2715.0000 30.9941 0.0038
2720.0000 31.0090 0.0036
2725.0000 31.0238 0.0034
2730.0000 31.0238 0.0034
2735.0000 31.0288 0.0034
2740.0000 31.0338 0.0033
2745.0000 31.0387 0.0032
2750.0000 31.0437 0.0032
2755.0000 31.0526 0.0032
2760.0000 31.0616 0.0032
2765.0000 31.0755 0.0031
2770.0000 31.0945 0.0032
2775.0000 31.1195 0.0034
2780.0000 31.1375 0.0035
2785.0000 31.1584 0.0038
2790.0000 31.1794 0.0037
2795.0000 31.2044 0.0038
2800.0000 31.2325 0.0041
2805.0000 31.2865 0.0044
2810.0000 31.3626 0.0054
2815.0000 31.4467 0.0061
2820.0000 31.4988 0.0063
2825.0000 31.5809 0.0065
2830.0000 31.6731 0.0066
2835.0000 31.7211 0.0068
2840.0000 31.7813 0.0069
2845.0000 31.8574 0.0069
2850.0000 31.9385 0.0064
2855.0000 31.9946 0.0061
2860.0000 32.0427 0.0059
2865.0000 32.0748 0.0058
2870.0000 32.0948 0.0058
2875.0000 32.1149 0.0057
2880.0000 32.1429 0.0055
2885.0000 32.1750 0.0052
2890.0000 32.2070 0.0050
2895.0000 32.2271 0.0049
2900.0000 32.2511 0.0046
2905.0000 32.2672 0.0045
2910.0000 32.2832 0.0043
2915.0000 32.2912 0.0042
2920.0000 32.3153 0.0040
2925.0000 32.3333 0.0040
2930.0000 32.3574 0.0036
2935.0000 32.3694 0.0035
2940.0000 32.3975 0.0031
2945.0000 32.4138 0.0030
2950.0000 32.4223 0.0032
2955.0000 32.4391 0.0033
2960.0000 32.4643 0.0033
2965.0000 32.4856 0.0036
2970.0000 32.5125 0.0036
2975.0000 32.5605 0.0039
2980.0000 32.6129 0.0049
2985.0000 32.6531 0.0053
2990.0000 32.6949 0.0059
2995.0000 32.7686 0.0065
3000.0000 32.8697 0.0077
3005.0000 32.9518 0.0085
3010.0000 33.0612 0.0093
3015.0000 33.1392 0.0103
3020.0000 33.2586 0.0115
3025.0000 33.3553 0.0129
3030.0000 33.4982 0.0149
3035.0000 33.6198 0.0167
3040.0000 33.7864 0.0174
3045.0000 33.9827 0.0192
3050.0000 34.1578 0.0209
3055.0000 34.3165 0.0230
3060.0000 34.4360 0.0234
3065.0000 34.6030 0.0233
3070.0000 34.7361 0.0239
3075.0000 34.8586 0.0241
3080.0000 35.0101 0.0241
3085.0000 35.1764 0.0244
3090.0000 35.3325 0.0245
3095.0000 35.4242 0.0242
3100.0000 35.5980 0.0225
3105.0000 35.7177 0.0223
3110.0000 35.9018 0.0205
3115.0000 36.0109 0.0203
3120.0000 36.1509 0.0181
3125.0000 36.2392 0.0172
3130.0000 36.3563 0.0161
3135.0000 36.4184 0.0157
3140.0000 36.5101 0.0151
3145.0000 36.5810 0.0152
3150.0000 36.6454 0.0142
3155.0000 36.6985 0.0130
3160.0000 36.7758 0.0126
3165.0000 36.8253 0.0125
3170.0000 36.8898 0.0119
3175.0000 36.9735 0.0105
3180.0000 37.0182 0.0098
3185.0000 37.0865 0.0087
3190.0000 37.1444 0.0083
3195.0000 37.2273 0.0076
3200.0000 37.2724 0.0068
3205.0000 37.3468 0.0070
3210.0000 37.4116 0.0069
3215.0000 37.4988 0.0079
3220.0000 37.5476 0.0085
3225.0000 37.6375 0.0099
3230.0000 37.7273 0.0110
3235.0000 37.8149 0.0117
3240.0000 37.9267 0.0130
3245.0000 38.0196 0.0146
3250.0000 38.1169 0.0162
3255.0000 38.2277 0.0177
3260.0000 38.3396 0.0183
3265.0000 38.4386 0.0190
3270.0000 38.5869 0.0196
3275.0000 38.6909 0.0204
3280.0000 38.8284 0.0213
3285.0000 38.9500 0.0212
3290.0000 39.0897 0.0210
3295.0000 39.1953 0.0207
3300.0000 39.3361 0.0191
3305.0000 39.4107 0.0179
3310.0000 39.5020 0.0167
3315.0000 39.6446 0.0154
3320.0000 39.7713 0.0140
3325.0000 39.8599 0.0131
3330.0000 39.9585 0.0118
3335.0000 40.0207 0.0105
3340.0000 40.0647 0.0092
3345.0000 40.0967 0.0084
3350.0000 40.1423 0.0073
3355.0000 40.1584 0.0072
3360.0000 40.1822 0.0068
3365.0000 40.2023 0.0065
3370.0000 40.2164 0.0065
3375.0000 40.2342 0.0063
3380.0000 40.2578 0.0062
3385.0000 40.2840 0.0056
3390.0000 40.3120 0.0053
3395.0000 40.3278 0.0050
3400.0000 40.3536 0.0051
3405.0000 40.3696 0.0053
3410.0000 40.3915 0.0051
3415.0000 40.4216 0.0053
3420.0000 40.4496 0.0058
3425.0000 40.4996 0.0061
3430.0000 40.5337 0.0062
3435.0000 40.5517 0.0062
3440.0000 40.5757 0.0064
3445.0000 40.6138 0.0065
3450.0000 40.6458 0.0068
3455.0000 40.6658 0.0070
3460.0000 40.7018 0.0070
3465.0000 40.7178 0.0071
3470.0000 40.7458 0.0073
3475.0000 40.7799 0.0075
3480.0000 40.8059 0.0073
3485.0000 40.8600 0.0074
3490.0000 40.9040 0.0074
3495.0000 40.9600 0.0075
3500.0000 41.0160 0.0077
3505.0000 41.0480 0.0076
3510.0000 41.1000 0.0075
3515.0000 41.1440 0.0075
3520.0000 41.1821 0.0071
3525.0000 41.2061 0.0072
3530.0000 41.2661 0.0066
3535.0000 41.3261 0.0063
3540.0000 41.3861 0.0061
3545.0000 41.4362 0.0053
3550.0000 41.4482 0.0052
3555.0000 41.4642 0.0050
3560.0000 41.4842 0.0045
3565.0000 41.5082 0.0043
3570.0000 41.5362 0.0040
3575.0000 41.5522 0.0039
3580.0000 41.5562 0.0038
3585.0000 41.5802 0.0036
3590.0000 41.6002 0.0033
3595.0000 41.6042 0.0033
3600.0000 41.6122 0.0032
3605.0000 41.6246 0.0032
3610.0000 41.6410 0.0031
3615.0000 41.6604 0.0034
3620.0000 41.7361 0.0046
3625.0000 41.7832 0.0052
3630.0000 41.8518 0.0059
3635.0000 41.8816 0.0065
3640.0000 41.9313 0.0072
3645.0000 41.9882 0.0080
3650.0000 42.0560 0.0093
3655.0000 42.1707 0.0114
3660.0000 42.3257 0.0134
3665.0000 42.4570 0.0149
3670.0000 42.5882 0.0177
3675.0000 42.7668 0.0218
3680.0000 42.9428 0.0245
3685.0000 43.0923 0.0278
3690.0000 43.2869 0.0313
3695.0000 43.4477 0.0348
3700.0000 43.6230 0.0369
3705.0000 43.7923 0.0415
3710.0000 43.9555 0.0442
3715.0000 44.1739 0.0444
3720.0000 44.3581 0.0454
3725.0000 44.4844 0.0448
3730.0000 44.6408 0.0440
3735.0000 44.8326 0.0425
3740.0000 44.9990 0.0420
3745.0000 45.1645 0.0401
3750.0000 45.3012 0.0389
3755.0000 45.4894 0.0374
3760.0000 45.6557 0.0353
3765.0000 45.8372 0.0325
3770.0000 46.0045 0.0320
3775.0000 46.1268 0.0297
3780.0000 46.2448 0.0281
3785.0000 46.3773 0.0246
3790.0000 46.5037 0.0222
3795.0000 46.6364 0.0207
3800.0000 46.7122 0.0204
3805.0000 46.7705 0.0203
3810.0000 46.8331 0.0203
3815.0000 46.9335 0.0201
3820.0000 46.9981 0.0200
3825.0000 47.0995 0.0186
3830.0000 47.1644 0.0182
3835.0000 47.2318 0.0176
3840.0000 47.2840 0.0171
3845.0000 47.3552 0.0175
3850.0000 47.4461 0.0168
3855.0000 47.5385 0.0173
3860.0000 47.5999 0.0178
3865.0000 47.6931 0.0173
3870.0000 47.7893 0.0185
3875.0000 47.8564 0.0186
3880.0000 47.9785 0.0189
3885.0000 48.1134 0.0188
3890.0000 48.2414 0.0184
3895.0000 48.3272 0.0188
3900.0000 48.4567 0.0188
3905.0000 48.5795 0.0196
3910.0000 48.6788 0.0191
3915.0000 48.8225 0.0179
3920.0000 48.9234 0.0172
3925.0000 49.0580 0.0173
3930.0000 49.1477 0.0166
3935.0000 49.2133 0.0159
3940.0000 49.2983 0.0140
3945.0000 49.3694 0.0132
3950.0000 49.4167 0.0125
3955.0000 49.5192 0.0119
3960.0000 49.6015 0.0125
3965.0000 49.6689 0.0120
3970.0000 49.7072 0.0121
3975.0000 49.7802 0.0126
3980.0000 49.8492 0.0129
3985.0000 49.9251 0.0129
3990.0000 50.0020 0.0132
3995.0000 50.0488 0.0133
4000.0000 50.1121 0.0133
4005.0000 50.2259 0.0135
4010.0000 50.2851 0.0134
4015.0000 50.3321 0.0135
4020.0000 50.4156 0.0135
4025.0000 50.5030 0.0136
4030.0000 50.5736 0.0135
4035.0000 50.6339 0.0134
4040.0000 50.6914 0.0134
4045.0000 50.7678 0.0136
4050.0000 50.8600 0.0128
4055.0000 50.9385 0.0133
4060.0000 51.0332 0.0133
4065.0000 51.1175 0.0137
4070.0000 51.1915 0.0149
4075.0000 51.2750 0.0148
4080.0000 51.3802 0.0147
4085.0000 51.4769 0.0146
4090.0000 51.5749 0.0146
4095.0000 51.6699 0.0148
4100.0000 51.7544 0.0146
4105.0000 51.8389 0.0141
4110.0000 51.8817 0.0136
4115.0000 51.9340 0.0133
4120.0000 51.9822 0.0124
4125.0000 52.0192 0.0121
4130.0000 52.0575 0.0120
4135.0000 52.1003 0.0114
4140.0000 52.1240 0.0109
4145.0000 52.1620 0.0106
4150.0000 52.1943 0.0103
4155.0000 52.2133 0.0102
4160.0000 52.2313 0.0099
4165.0000 52.2503 0.0096
4170.0000 52.2550 0.0095
4175.0000 52.2743 0.0094
4180.0000 52.2933 0.0090
4185.0000 52.3088 0.0091
4190.0000 52.3183 0.0089
4195.0000 52.3278 0.0087
4200.0000 52.3448 0.0082
4205.0000 52.3580 0.0077
4210.0000 52.3687 0.0076
4215.0000 52.3687 0.0076
4220.0000 52.3687 0.0076
4225.0000 52.3687 0.0076
4230.0000 52.3746 0.0077
4235.0000 52.3746 0.0077
4240.0000 52.3913 0.0078
4245.0000 52.4032 0.0079
4250.0000 52.4091 0.0081
4255.0000 52.4150 0.0082
4260.0000 52.4307 0.0081
4265.0000 52.4532 0.0082
4270.0000 52.4758 0.0085
4275.0000 52.4996 0.0089
4280.0000 52.5235 0.0094
4285.0000 52.5772 0.0101
4290.0000 52.6128 0.0104
4295.0000 52.6904 0.0115
4300.0000 52.7322 0.0128
4305.0000 52.7917 0.0146
4310.0000 52.8752 0.0164
4315.0000 52.9714 0.0189
4320.0000 53.1507 0.0226
4325.0000 53.3119 0.0249
4330.0000 53.4432 0.0266
4335.0000 53.6281 0.0276
4340.0000 53.8318 0.0291
4345.0000 53.9936 0.0310
4350.0000 54.1860 0.0323
4355.0000 54.3964 0.0353
4360.0000 54.5774 0.0387
4365.0000 54.8720 0.0424
4370.0000 55.1256 0.0461
4375.0000 55.3673 0.0482
4380.0000 55.5539 0.0471
4385.0000 55.6926 0.0462
4390.0000 55.8742 0.0465
4395.0000 56.0554 0.0459
4400.0000 56.2609 0.0469
4405.0000 56.5209 0.0495
4410.0000 56.7810 0.0490
4415.0000 57.0169 0.0488
4420.0000 57.1865 0.0501
4425.0000 57.3134 0.0489
4430.0000 57.5556 0.0529
4435.0000 57.8038 0.0550
4440.0000 58.0644 0.0570
4445.0000 58.2765 0.0578
4450.0000 58.5005 0.0581
4455.0000 58.7062 0.0582
4460.0000 58.9122 0.0565
4465.0000 59.1665 0.0560
4470.0000 59.3881 0.0571
4475.0000 59.6821 0.0573
4480.0000 59.9314 0.0561
4485.0000 60.1296 0.0535
4490.0000 60.3303 0.0512
4495.0000 60.5201 0.0507
4500.0000 60.7478 0.0469
4505.0000 60.9679 0.0427
4510.0000 61.2011 0.0404
4515.0000 61.3858 0.0401
4520.0000 61.5483 0.0367
4525.0000 61.6738 0.0323
4530.0000 61.7874 0.0301
4535.0000 61.9352 0.0274
4540.0000 62.1032 0.0222
4545.0000 62.2720 0.0201
4550.0000 62.4185 0.0182
4555.0000 62.5240 0.0186
4560.0000 62.6960 0.0194
4565.0000 62.8341 0.0216
4570.0000 62.9644 0.0237
4575.0000 63.1215 0.0270
4580.0000 63.2774 0.0287
4585.0000 63.4793 0.0308
4590.0000 63.7289 0.0350
4595.0000 63.9754 0.0383
4600.0000 64.2374 0.0412
4605.0000 64.4534 0.0428
4610.0000 64.7029 0.0438
4615.0000 64.8807 0.0433
4620.0000 65.1005 0.0444
4625.0000 65.3264 0.0427
4630.0000 65.4340 0.0421
4635.0000 65.6052 0.0389
4640.0000 65.7512 0.0375
4645.0000 65.9291 0.0349
4650.0000 66.0829 0.0345
4655.0000 66.1764 0.0331
4660.0000 66.2912 0.0309
4665.0000 66.3970 0.0290
4670.0000 66.4615 0.0278
4675.0000 66.5328 0.0268
4680.0000 66.5814 0.0258
4685.0000 66.6441 0.0251
4690.0000 66.7286 0.0228
4695.0000 66.7978 0.0200
4700.0000 66.8660 0.0182
4705.0000 66.9252 0.0167
4710.0000 66.9687 0.0154
4715.0000 66.9990 0.0149
4720.0000 67.0045 0.0149
4725.0000 67.0475 0.0143
4730.0000 67.0738 0.0133
4735.0000 67.0910 0.0127
4740.0000 67.1285 0.0117
4745.0000 67.1665 0.0107
4750.0000 67.2005 0.0101
4755.0000 67.2157 0.0102
4760.0000 67.2212 0.0100
4765.0000 67.2375 0.0102
4770.0000 67.2446 0.0102
4775.0000 67.2553 0.0103
4780.0000 67.2660 0.0105
4785.0000 67.2894 0.0108
4790.0000 67.3001 0.0109
4795.0000 67.3107 0.0108
4800.0000 67.3321 0.0110
4805.0000 67.3656 0.0096
4810.0000 67.3986 0.0097
4815.0000 67.4200 0.0099
4820.0000 67.4485 0.0098
4825.0000 67.5004 0.0099
4830.0000 67.5538 0.0105
4835.0000 67.5920 0.0108
4840.0000 67.6372 0.0109
4845.0000 67.7013 0.0111
4850.0000 67.7583 0.0109
4855.0000 67.7965 0.0111
4860.0000 67.8891 0.0114
4865.0000 67.9568 0.0116
4870.0000 68.0031 0.0111
4875.0000 68.0672 0.0110
4880.0000 68.1064 0.0111
4885.0000 68.1492 0.0106
4890.0000 68.1777 0.0105
4895.0000 68.1954 0.0105
4900.0000 68.2167 0.0103
4905.0000 68.2345 0.0103
4910.0000 68.2558 0.0101
4915.0000 68.2913 0.0098
4920.0000 68.3091 0.0099
4925.0000 68.3234 0.0099
4930.0000 68.3448 0.0096
4935.0000 68.3624 0.0096
4940.0000 68.3660 0.0096
4945.0000 68.3730 0.0097
4950.0000 68.3861 0.0098
4955.0000 68.4038 0.0097
4960.0000 68.4143 0.0096
4965.0000 68.4179 0.0096
4970.0000 68.4249 0.0096
4975.0000 68.4354 0.0094
4980.0000 68.4423 0.0095
4985.0000 68.4562 0.0097
4990.0000 68.4736 0.0097
4995.0000 68.4839 0.0099
5000.0000 68.4978 0.0100
5005.0000 68.5221 0.0099
5010.0000 68.5673 0.0098
5015.0000 68.5832 0.0097
5020.0000 68.6005 0.0098
5025.0000 68.6246 0.0097
5030.0000 68.6659 0.0095
5035.0000 68.6969 0.0099
5040.0000 68.7278 0.0102
5045.0000 68.7795 0.0104
5050.0000 68.8518 0.0110
5055.0000 68.9025 0.0106
5060.0000 68.9747 0.0109
5065.0000 69.0254 0.0111
5070.0000 69.0945 0.0112
5075.0000 69.1360 0.0111
5080.0000 69.2056 0.0106
5085.0000 69.2685 0.0113
5090.0000 69.3312 0.0114
5095.0000 69.4010 0.0114
5100.0000 69.4464 0.0114
5105.0000 69.5300 0.0117
5110.0000 69.5826 0.0117
5115.0000 69.6317 0.0120
5120.0000 69.6844 0.0124
5125.0000 69.7460 0.0129
5130.0000 69.7810 0.0134
5135.0000 69.8308 0.0141
5140.0000 69.9237 0.0157
5145.0000 70.0411 0.0182
5150.0000 70.1625 0.0199
5155.0000 70.2669 0.0210
5160.0000 70.4197 0.0219
5165.0000 70.5497 0.0230
5170.0000 70.7497 0.0257
5175.0000 70.9398 0.0266
5180.0000 71.1747 0.0299
5185.0000 71.4493 0.0331
5190.0000 71.6892 0.0363
5195.0000 71.8982 0.0386
5200.0000 72.1549 0.0423
5205.0000 72.4684 0.0460
5210.0000 72.7683 0.0466
5215.0000 72.9666 0.0461
5220.0000 73.1538 0.0443
5225.0000 73.3354 0.0434
5230.0000 73.5300 0.0398
5235.0000 73.6788 0.0380
5240.0000 73.8264 0.0341
5245.0000 73.9171 0.0304
5250.0000 73.9979 0.0290
5255.0000 74.0632 0.0274
5260.0000 74.1394 0.0254
5265.0000 74.1950 0.0240
5270.0000 74.2628 0.0232
5275.0000 74.3523 0.0203
5280.0000 74.3991 0.0198
5285.0000 74.4305 0.0188
5290.0000 74.4823 0.0177
5295.0000 74.5484 0.0161
5300.0000 74.5884 0.0139
5305.0000 74.6253 0.0133
5310.0000 74.6583 0.0134
5315.0000 74.6938 0.0133
5320.0000 74.7230 0.0134
5325.0000 74.7582 0.0134
5330.0000 74.8182 0.0139
5335.0000 74.8704 0.0151
5340.0000 74.9342 0.0158
5345.0000 74.9867 0.0159
5350.0000 75.0541 0.0163
5355.0000 75.1176 0.0172
5360.0000 75.1984 0.0178
5365.0000 75.2680 0.0178
5370.0000 75.3500 0.0191
5375.0000 75.4375 0.0199
5380.0000 75.5695 0.0209
5385.0000 75.7213 0.0213
5390.0000 75.8919 0.0224
5395.0000 76.0501 0.0238
5400.0000 76.1964 0.0241
5405.0000 76.3852 0.0249
5410.0000 76.5493 0.0253
5415.0000 76.7276 0.0268
5420.0000 76.8997 0.0270
5425.0000 77.0139 0.0301
5430.0000 77.1871 0.0332
5435.0000 77.3375 0.0354
5440.0000 77.5603 0.0395
5445.0000 77.7831 0.0413
5450.0000 78.0123 0.0423
5455.0000 78.2108 0.0417
5460.0000 78.3727 0.0412
5465.0000 78.5776 0.0412
5470.0000 78.7407 0.0399
5475.0000 78.8911 0.0378
5480.0000 79.0238 0.0353
5485.0000 79.1866 0.0333
5490.0000 79.2936 0.0324
5495.0000 79.4095 0.0321
5500.0000 79.5479 0.0305
5505.0000 79.7203 0.0311
5510.0000 79.8576 0.0304
5515.0000 80.0546 0.0302
5520.0000 80.2040 0.0280
5525.0000 80.3393 0.0258
5530.0000 80.4607 0.0239
5535.0000 80.5882 0.0226
5540.0000 80.6710 0.0217
5545.0000 80.7881 0.0210
5550.0000 80.8406 0.0206
5555.0000 80.9138 0.0198
5560.0000 81.0246 0.0193
5565.0000 81.1071 0.0195
5570.0000 81.1918 0.0187
5575.0000 81.2986 0.0173
5580.0000 81.3736 0.0163
5585.0000 81.4079 0.0164
5590.0000 81.4740 0.0163
5595.0000 81.5212 0.0163
5600.0000 81.5658 0.0163
5605.0000 81.6337 0.0159
5610.0000 81.6638 0.0158
5615.0000 81.6908 0.0146
5620.0000 81.7078 0.0145
5625.0000 81.7413 0.0141
5630.0000 81.7774 0.0139
5635.0000 81.8108 0.0140
5640.0000 81.8815 0.0137
5645.0000 81.9332 0.0140
5650.0000 81.9746 0.0145
5655.0000 82.0221 0.0152
5660.0000 82.0954 0.0149
5665.0000 82.1569 0.0157
5670.0000 82.2168 0.0159
5675.0000 82.3023 0.0171
5680.0000 82.3883 0.0174
5685.0000 82.4819 0.0181
5690.0000 82.5911 0.0180
5695.0000 82.6480 0.0180
5700.0000 82.7776 0.0192
5705.0000 82.9037 0.0205
5710.0000 83.0375 0.0218
5715.0000 83.1654 0.0226
5720.0000 83.2808 0.0237
5725.0000 83.3703 0.0242
5730.0000 83.5385 0.0257
5735.0000 83.7150 0.0257
5740.0000 83.8815 0.0244
5745.0000 83.9849 0.0252
5750.0000 84.1108 0.0253
5755.0000 84.2082 0.0250
5760.0000 84.3303 0.0243
5765.0000 84.4481 0.0232
5770.0000 84.5616 0.0223
5775.0000 84.6730 0.0218
5780.0000 84.7442 0.0207
5785.0000 84.8315 0.0200
5790.0000 84.9187 0.0174
5795.0000 84.9897 0.0164
5800.0000 85.0711 0.0150
5805.0000 85.1570 0.0148
5810.0000 85.2450 0.0143
5815.0000 85.3126 0.0140
5820.0000 85.3576 0.0145
5825.0000 85.4436 0.0154
5830.0000 85.4971 0.0159
5835.0000 85.5750 0.0158
5840.0000 85.6981 0.0157
5845.0000 85.8292 0.0158
5850.0000 85.9213 0.0160
5855.0000 86.0319 0.0164
5860.0000 86.1710 0.0178
5865.0000 86.2747 0.0199
5870.0000 86.3745 0.0218
5875.0000 86.4969 0.0223
5880.0000 86.6493 0.0240
5885.0000 86.7979 0.0252
5890.0000 87.0494 0.0294
5895.0000 87.2787 0.0305
5900.0000 87.4792 0.0324
5905.0000 87.7216 0.0365
5910.0000 87.9484 0.0403
5915.0000 88.2579 0.0442
5920.0000 88.5489 0.0488
5925.0000 88.8298 0.0537
5930.0000 89.1433 0.0593
5935.0000 89.5212 0.0634
5940.0000 89.8446 0.0680
5945.0000 90.1741 0.0716
5950.0000 90.6109 0.0757
5955.0000 91.0211 0.0811
5960.0000 91.4133 0.0842
5965.0000 91.7750 0.0862
5970.0000 92.1141 0.0834
5975.0000 92.3223 0.0830
5980.0000 92.4881 0.0782
5985.0000 92.6881 0.0747
5990.0000 92.8741 0.0688
5995.0000 93.0539 0.0627
6000.0000 93.1994 0.0590
6005.0000 93.3687 0.0570
6010.0000 93.5381 0.0531
6015.0000 93.6931 0.0488
6020.0000 93.8306 0.0471
6025.0000 93.9882 0.0437
6030.0000 94.1579 0.0438
6035.0000 94.3449 0.0426
6040.0000 94.5066 0.0420
6045.0000 94.6961 0.0396
6050.0000 94.8571 0.0394
6055.0000 95.0202 0.0389
6060.0000 95.1540 0.0365
6065.0000 95.3688 0.0377
6070.0000 95.6099 0.0370
6075.0000 95.7859 0.0358
6080.0000 95.9833 0.0370
6085.0000 96.1588 0.0383
6090.0000 96.3860 0.0388
6095.0000 96.5668 0.0387
6100.0000 96.7457 0.0393
6105.0000 96.8898 0.0385
6110.0000 97.0296 0.0385
6115.0000 97.1262 0.0364
6120.0000 97.2596 0.0344
6125.0000 97.3924 0.0313
6130.0000 97.4751 0.0289
6135.0000 97.5653 0.0276
6140.0000 97.6869 0.0274
6145.0000 97.7633 0.0269
6150.0000 97.7708 0.0248
6155.0000 97.8116 0.0232
6160.0000 97.9321 0.0231
6165.0000 97.9640 0.0223
6170.0000 97.9642 0.0221
6175.0000 98.0235 0.0203
6180.0000 98.0842 0.0195
6185.0000 98.0683 0.0197
6190.0000 98.1087 0.0189
6195.0000 98.1410 0.0174
6200.0000 98.1644 0.0183
6205.0000 98.1304 0.0174
6210.0000 98.1918 0.0163
6215.0000 98.1539 0.0158
6220.0000 98.1483 0.0155
6225.0000 98.0927 0.0153
6230.0000 98.0701 0.0148
6235.0000 98.0201 0.0133
6240.0000 98.0633 0.0130
6245.0000 98.0933 0.0132
6250.0000 98.0836 0.0130
6255.0000 98.0267 0.0131
6260.0000 98.0314 0.0123
6265.0000 98.0931 0.0124
6270.0000 98.1494 0.0125
6275.0000 98.1361 0.0119
6280.0000 98.1170 0.0119
6285.0000 98.1351 0.0120
6290.0000 98.2074 0.0114
6295.0000 98.2364 0.0108
6300.0000 98.2332 0.0110
6305.0000 98.2296 0.0109
6310.0000 98.1700 0.0103
6315.0000 98.2299 0.0095
6320.0000 98.1775 0.0094
6325.0000 98.1917 0.0098
6330.0000 98.2448 0.0097
6335.0000 98.2003 0.0103
6340.0000 98.2500 0.0097
6345.0000 98.2847 0.0101
6350.0000 98.2231 0.0098
6355.0000 98.2170 0.0094
6360.0000 98.2175 0.0093
6365.0000 98.1852 0.0103
6370.0000 98.1554 0.0103
6375.0000 98.1999 0.0110
6380.0000 98.2374 0.0098
6385.0000 98.2000 0.0108
6390.0000 98.2266 0.0104
6395.0000 98.2347 0.0105
6400.0000 98.2004 0.0101
6405.0000 98.1798 0.0095
6410.0000 98.1373 0.0098
6415.0000 98.1218 0.0098
6420.0000 98.1708 0.0100
6425.0000 98.2211 0.0103
6430.0000 98.2001 0.0097
6435.0000 98.1538 0.0100
6440.0000 98.1771 0.0103
6445.0000 98.2046 0.0106
6450.0000 98.2121 0.0105
6455.0000 98.2187 0.0104
6460.0000 98.2281 0.0103
6465.0000 98.2050 0.0108
6470.0000 98.2206 0.0112
6475.0000 98.2416 0.0105
6480.0000 98.1809 0.0111
6485.0000 98.2334 0.0101
6490.0000 98.2344 0.0106
6495.0000 98.2121 0.0104
6500.0000 98.2207 0.0109
6505.0000 98.1688 0.0113
6510.0000 98.1703 0.0105
6515.0000 98.1378 0.0105
6520.0000 98.1119 0.0104
6525.0000 98.1596 0.0096
6530.0000 98.1527 0.0098
6535.0000 98.1154 0.0102
6540.0000 98.1320 0.0101
6545.0000 98.1228 0.0091
6550.0000 98.0961 0.0104
6555.0000 98.0955 0.0108
6560.0000 98.0658 0.0112
6565.0000 98.0529 0.0110
6570.0000 98.1032 0.0112
6575.0000 98.1391 0.0108
6580.0000 98.1582 0.0110
6585.0000 98.1340 0.0110
6590.0000 98.1530 0.0120
6595.0000 98.1628 0.0127
6600.0000 98.2043 0.0118
6605.0000 98.1841 0.0124
6610.0000 98.1614 0.0124
6615.0000 98.2041 0.0121
6620.0000 98.2363 0.0121
6625.0000 98.2010 0.0116
6630.0000 98.1835 0.0118
6635.0000 98.2074 0.0110
6640.0000 98.1853 0.0115
6645.0000 98.1663 0.0110
6650.0000 98.1593 0.0122
6655.0000 98.1855 0.0120
6660.0000 98.2080 0.0130
6665.0000 98.2054 0.0125
6670.0000 98.2285 0.0120
6675.0000 98.2155 0.0115
6680.0000 98.1927 0.0119
6685.0000 98.2040 0.0118
6690.0000 98.2260 0.0113
6695.0000 98.2098 0.0120
6700.0000 98.2280 0.0128
6705.0000 98.2100 0.0122
6710.0000 98.1936 0.0114
6715.0000 98.1801 0.0112
6720.0000 98.1541 0.0110
6725.0000 98.1148 0.0121
6730.0000 98.1095 0.0118
6735.0000 98.1279 0.0115
6740.0000 98.1315 0.0118
6745.0000 98.1696 0.0112
6750.0000 98.1190 0.0115
6755.0000 98.1448 0.0113
6760.0000 98.1260 0.0118
6765.0000 98.1509 0.0107
6770.0000 98.1083 0.0114
6775.0000 98.1047 0.0111
6780.0000 98.1556 0.0117
6785.0000 98.0934 0.0119
6790.0000 98.1244 0.0126
6795.0000 98.1254 0.0120
6800.0000 98.1645 0.0120
6805.0000 98.1436 0.0121
6810.0000 98.1681 0.0117
6815.0000 98.1312 0.0121
6820.0000 98.1563 0.0118
6825.0000 98.1359 0.0119
6830.0000 98.0743 0.0123
6835.0000 98.0301 0.0124
6840.0000 98.0893 0.0116
6845.0000 98.1234 0.0126
6850.0000 98.0352 0.0134
6855.0000 98.0608 0.0131
6860.0000 98.1460 0.0125
6865.0000 98.1914 0.0124
6870.0000 98.2078 0.0124
6875.0000 98.1857 0.0121
6880.0000 98.2052 0.0126
6885.0000 98.1973 0.0126
6890.0000 98.2075 0.0122
6895.0000 98.2140 0.0117
6900.0000 98.1956 0.0124
6905.0000 98.2224 0.0124
6910.0000 98.2251 0.0116
6915.0000 98.2370 0.0107
6920.0000 98.2068 0.0118
6925.0000 98.2820 0.0114
6930.0000 98.2410 0.0119
6935.0000 98.2691 0.0113
6940.0000 98.3456 0.0113
6945.0000 98.3380 0.0113
6950.0000 98.3535 0.0113
6955.0000 98.3277 0.0116
6960.0000 98.3445 0.0113
6965.0000 98.3678 0.0109
6970.0000 98.3729 0.0115
6975.0000 98.3697 0.0120
6980.0000 98.3534 0.0118
6985.0000 98.3513 0.0115
6990.0000 98.2793 0.0127
6995.0000 98.3204 0.0123
7000.0000 98.3284 0.0117
7005.0000 98.3225 0.0120
7010.0000 98.3628 0.0117
7015.0000 98.3591 0.0123
7020.0000 98.3972 0.0114
7025.0000 98.4148 0.0112
7030.0000 98.4382 0.0109
7035.0000 98.4399 0.0111
7040.0000 98.4609 0.0109
7045.0000 98.5251 0.0104
7050.0000 98.4519 0.0109
7055.0000 98.4885 0.0100
7060.0000 98.5475 0.0102
7065.0000 98.5542 0.0103
7070.0000 98.6064 0.0099
7075.0000 98.6647 0.0093
7080.0000 98.6983 0.0091
7085.0000 98.6977 0.0090
7090.0000 98.6544 0.0097
7095.0000 98.5933 0.0103
7100.0000 98.5817 0.0108
7105.0000 98.6033 0.0112
7110.0000 98.5745 0.0114
7115.0000 98.6214 0.0108
7120.0000 98.6541 0.0102
7125.0000 98.6888 0.0102
7130.0000 98.7014 0.0099
7135.0000 98.6848 0.0095
7140.0000 98.6368 0.0101
7145.0000 98.6214 0.0103
7150.0000 98.6334 0.0101
7155.0000 98.6690 0.0097
7160.0000 98.6564 0.0099
7165.0000 98.6692 0.0099
7170.0000 98.6586 0.0094
7175.0000 98.6259 0.0095
7180.0000 98.6115 0.0092
7185.0000 98.6477 0.0085
7190.0000 98.6787 0.0081
7195.0000 98.6547 0.0088
7200.0000 98.6515 0.0090
7205.0000 98.6548 0.0090
7210.0000 98.6748 0.0088
7215.0000 98.7066 0.0082
7220.0000 98.7147 0.0085
7225.0000 98.7510 0.0081
7230.0000 98.7748 0.0078
7235.0000 98.7715 0.0081
7240.0000 98.7763 0.0077
7245.0000 98.8130 0.0072
7250.0000 98.8214 0.0071
7255.0000 98.8332 0.0069
7260.0000 98.8218 0.0074
7265.0000 98.8174 0.0075
7270.0000 98.8370 0.0064
7275.0000 98.8469 0.0064
7280.0000 98.8657 0.0061
7285.0000 98.8782 0.0057
7290.0000 98.8962 0.0055
7295.0000 98.8859 0.0056
7300.0000 98.8668 0.0062
7305.0000 98.8962 0.0054
7310.0000 98.9013 0.0052
7315.0000 98.9008 0.0053
7320.0000 98.8966 0.0054
7325.0000 98.8633 0.0059
7330.0000 98.8765 0.0057
7335.0000 98.8958 0.0055
7340.0000 98.8780 0.0062
7345.0000 98.8622 0.0063
7350.0000 98.8089 0.0066
7355.0000 98.7922 0.0066
7360.0000 98.7478 0.0074
7365.0000 98.7324 0.0073
7370.0000 98.7205 0.0076
7375.0000 98.7154 0.0085
7380.0000 98.7189 0.0079
7385.0000 98.7349 0.0080
7390.0000 98.7120 0.0084
7395.0000 98.6571 0.0091
7400.0000 98.7134 0.0087
7405.0000 98.6671 0.0088
7410.0000 98.7096 0.0082
7415.0000 98.6998 0.0084
7420.0000 98.7142 0.0086
7425.0000 98.7351 0.0083
7430.0000 98.7574 0.0080
7435.0000 98.7388 0.0083
7440.0000 98.7366 0.0084
7445.0000 98.7127 0.0084
7450.0000 98.6799 0.0090
7455.0000 98.6429 0.0096
7460.0000 98.6352 0.0093
7465.0000 98.6989 0.0090
7470.0000 98.7535 0.0080
7475.0000 98.7887 0.0072
7480.0000 98.7822 0.0076
7485.0000 98.7975 0.0070
7490.0000 98.7903 0.0072
7495.0000 98.7988 0.0071
7500.0000 98.7903 0.0072
7505.0000 98.8237 0.0068
7510.0000 98.8308 0.0065
7515.0000 98.8539 0.0062
7520.0000 98.8723 0.0060
7525.0000 98.8641 0.0063
7530.0000 98.8677 0.0063
7535.0000 98.8557 0.0062
7540.0000 98.8693 0.0062
7545.0000 98.8807 0.0060
7550.0000 98.8726 0.0061
7555.0000 98.8533 0.0067
7560.0000 98.8576 0.0066
7565.0000 98.8755 0.0061
7570.0000 98.8630 0.0063
7575.0000 98.8651 0.0063
7580.0000 98.8667 0.0062
7585.0000 98.8555 0.0063
7590.0000 98.8539 0.0063
7595.0000 98.8557 0.0066
7600.0000 98.8484 0.0067
7605.0000 98.8362 0.0069
7610.0000 98.8301 0.0070
7615.0000 98.8353 0.0069
7620.0000 98.8306 0.0067
7625.0000 98.8149 0.0071
7630.0000 98.8094 0.0071
7635.0000 98.8169 0.0071
7640.0000 98.8284 0.0068
7645.0000 98.8161 0.0069
7650.0000 98.7792 0.0072
7655.0000 98.7324 0.0078
7660.0000 98.7217 0.0080
7665.0000 98.7214 0.0077
7670.0000 98.6882 0.0084
7675.0000 98.7339 0.0081
7680.0000 98.7198 0.0083
7685.0000 98.6876 0.0090
7690.0000 98.6676 0.0091
7695.0000 98.6944 0.0085
7700.0000 98.6857 0.0084
7705.0000 98.6380 0.0090
7710.0000 98.6169 0.0091
7715.0000 98.6628 0.0090
7720.0000 98.6653 0.0091
7725.0000 98.6484 0.0087
7730.0000 98.6347 0.0085
7735.0000 98.6053 0.0090
7740.0000 98.6397 0.0088
7745.0000 98.6115 0.0091
7750.0000 98.6010 0.0085
7755.0000 98.5794 0.0088
7760.0000 98.5462 0.0094
7765.0000 98.6014 0.0085
7770.0000 98.5398 0.0091
7775.0000 98.5396 0.0092
7780.0000 98.4882 0.0099
7785.0000 98.4656 0.0098
7790.0000 98.4270 0.0101
7795.0000 98.3632 0.0106
7800.0000 98.4354 0.0106
7805.0000 98.4350 0.0107
7810.0000 98.4350 0.0109
7815.0000 98.4667 0.0104
7820.0000 98.4986 0.0099
7825.0000 98.4933 0.0107
7830.0000 98.5373 0.0100
7835.0000 98.5738 0.0100
7840.0000 98.5423 0.0101
7845.0000 98.5659 0.0095
7850.0000 98.6015 0.0090
7855.0000 98.6053 0.0096
7860.0000 98.6344 0.0088
7865.0000 98.6473 0.0086
7870.0000 98.6393 0.0086
7875.0000 98.6972 0.0081
7880.0000 98.7075 0.0088
7885.0000 98.7144 0.0086
7890.0000 98.7056 0.0088
7895.0000 98.6987 0.0089
7900.0000 98.6950 0.0086
7905.0000 98.6433 0.0097
7910.0000 98.6427 0.0093
7915.0000 98.6516 0.0092
7920.0000 98.6484 0.0090
7925.0000 98.6514 0.0088
7930.0000 98.6391 0.0090
7935.0000 98.6885 0.0090
7940.0000 98.6986 0.0085
7945.0000 98.7202 0.0076
7950.0000 98.6805 0.0085
7955.0000 98.7040 0.0086
7960.0000 98.7338 0.0080
7965.0000 98.7373 0.0085
7970.0000 98.7533 0.0083
7975.0000 98.7777 0.0080
7980.0000 98.8082 0.0074
7985.0000 98.8500 0.0069
7990.0000 98.8336 0.0071
7995.0000 98.8260 0.0074
8000.0000 98.8831 0.0063
8005.0000 98.8555 0.0071
8010.0000 98.8566 0.0067
8015.0000 98.8223 0.0072
8020.0000 98.8449 0.0065
8025.0000 98.8089 0.0072
8030.0000 98.8167 0.0066
8035.0000 98.7965 0.0071
8040.0000 98.8109 0.0072
8045.0000 98.7930 0.0074
8050.0000 98.7760 0.0077
8055.0000 98.7854 0.0074
8060.0000 98.7604 0.0076
8065.0000 98.7500 0.0079
8070.0000 98.6795 0.0084
8075.0000 98.7048 0.0084
8080.0000 98.6943 0.0083
8085.0000 98.6670 0.0086
8090.0000 98.6518 0.0091
8095.0000 98.6272 0.0093
8100.0000 98.6124 0.0093
8105.0000 98.5861 0.0099
8110.0000 98.6014 0.0099
8115.0000 98.5784 0.0095
8120.0000 98.5707 0.0097
8125.0000 98.5817 0.0102
8130.0000 98.6324 0.0093
8135.0000 98.5873 0.0093
8140.0000 98.5420 0.0105
8145.0000 98.5765 0.0099
8150.0000 98.5357 0.0102
8155.0000 98.5612 0.0094
8160.0000 98.5458 0.0100
8165.0000 98.4926 0.0100
8170.0000 98.4999 0.0104
8175.0000 98.4937 0.0108
8180.0000 98.4972 0.0110
8185.0000 98.4672 0.0108
8190.0000 98.4256 0.0106
8195.0000 98.4183 0.0111
8200.0000 98.3936 0.0113
8205.0000 98.3963 0.0109
8210.0000 98.4327 0.0110
8215.0000 98.4666 0.0113
8220.0000 98.4948 0.0110
8225.0000 98.4933 0.0115
8230.0000 98.5020 0.0117
8235.0000 98.5612 0.0104
8240.0000 98.6154 0.0098
8245.0000 98.6011 0.0095
8250.0000 98.5622 0.0110
8255.0000 98.6175 0.0104
8260.0000 98.6197 0.0103
8265.0000 98.6217 0.0100
8270.0000 98.5903 0.0101
8275.0000 98.6115 0.0104
8280.0000 98.5941 0.0099
8285.0000 98.5849 0.0097
8290.0000 98.6145 0.0094
8295.0000 98.5571 0.0099
8300.0000 98.5196 0.0106
8305.0000 98.4736 0.0109
8310.0000 98.4463 0.0112
8315.0000 98.4369 0.0113
8320.0000 98.5278 0.0100
8325.0000 98.5260 0.0100
8330.0000 98.5384 0.0099
8335.0000 98.4525 0.0106
8340.0000 98.4478 0.0105
8345.0000 98.4437 0.0102
8350.0000 98.4744 0.0100
8355.0000 98.4487 0.0107
8360.0000 98.4220 0.0104
8365.0000 98.3745 0.0103
8370.0000 98.4038 0.0101
8375.0000 98.3646 0.0103
8380.0000 98.3092 0.0105
8385.0000 98.3573 0.0101
8390.0000 98.3635 0.0098
8395.0000 98.3724 0.0100
8400.0000 98.3501 0.0105
8405.0000 98.3883 0.0101
8410.0000 98.3534 0.0103
8415.0000 98.3636 0.0111
8420.0000 98.3835 0.0106
8425.0000 98.4045 0.0107
8430.0000 98.4066 0.0111
8435.0000 98.3295 0.0111
8440.0000 98.3566 0.0111
8445.0000 98.3509 0.0106
8450.0000 98.3380 0.0106
8455.0000 98.3638 0.0094
8460.0000 98.3701 0.0098
8465.0000 98.3887 0.0091
8470.0000 98.3930 0.0097
8475.0000 98.3471 0.0112
8480.0000 98.3788 0.0108
8485.0000 98.4457 0.0107
8490.0000 98.4946 0.0099
8495.0000 98.5311 0.0093
8500.0000 98.5181 0.0091
8505.0000 98.5489 0.0083
8510.0000 98.5352 0.0088
8515.0000 98.5144 0.0093
8520.0000 98.4961 0.0094
8525.0000 98.5201 0.0095
8530.0000 98.5613 0.0090
8535.0000 98.5896 0.0088
8540.0000 98.6382 0.0082
8545.0000 98.6260 0.0083
8550.0000 98.6310 0.0088
8555.0000 98.6659 0.0083
8560.0000 98.6878 0.0083
8565.0000 98.7020 0.0075
8570.0000 98.6777 0.0079
8575.0000 98.6880 0.0078
8580.0000 98.7228 0.0072
8585.0000 98.6928 0.0075
8590.0000 98.6874 0.0078
8595.0000 98.7037 0.0076
8600.0000 98.7096 0.0073
8605.0000 98.7260 0.0074
8610.0000 98.7353 0.0072
8615.0000 98.7475 0.0072
8620.0000 98.7466 0.0071
8625.0000 98.7666 0.0068
8630.0000 98.7932 0.0064
8635.0000 98.8122 0.0064
8640.0000 98.8040 0.0065
8645.0000 98.8077 0.0066
8650.0000 98.8229 0.0062
8655.0000 98.8138 0.0061
8660.0000 98.8264 0.0060
8665.0000 98.8386 0.0059
8670.0000 98.8370 0.0058
8675.0000 98.8230 0.0060
8680.0000 98.8059 0.0061
8685.0000 98.8149 0.0061
8690.0000 98.8218 0.0061
8695.0000 98.8240 0.0058
8700.0000 98.8081 0.0064
8705.0000 98.8184 0.0061
8710.0000 98.8232 0.0061
8715.0000 98.8333 0.0059
8720.0000 98.8470 0.0059
8725.0000 98.8530 0.0058
8730.0000 98.8448 0.0059
8735.0000 98.8479 0.0058
8740.0000 98.8471 0.0058
8745.0000 98.8462 0.0058
8750.0000 98.8565 0.0056
8755.0000 98.8516 0.0058
8760.0000 98.8565 0.0056
8765.0000 98.8456 0.0058
8770.0000 98.8492 0.0057
8775.0000 98.8444 0.0057
8780.0000 98.8314 0.0058
8785.0000 98.8350 0.0058
8790.0000 98.8293 0.0059
8795.0000 98.8191 0.0062
8800.0000 98.8148 0.0059
8805.0000 98.8047 0.0062
8810.0000 98.7773 0.0063
8815.0000 98.7657 0.0064
8820.0000 98.6980 0.0068
8825.0000 98.6271 0.0079
8830.0000 98.6969 0.0067
8835.0000 98.6746 0.0075
8840.0000 98.6970 0.0075
8845.0000 98.7251 0.0073
8850.0000 98.6997 0.0078
8855.0000 98.7057 0.0077
8860.0000 98.7050 0.0076
8865.0000 98.7030 0.0072
8870.0000 98.6994 0.0068
8875.0000 98.6828 0.0071
8880.0000 98.6952 0.0071
8885.0000 98.6900 0.0073
8890.0000 98.6894 0.0068
8895.0000 98.6585 0.0074
8900.0000 98.6613 0.0072
8905.0000 98.6498 0.0072
8910.0000 98.6189 0.0077
8915.0000 98.6177 0.0078
8920.0000 98.6200 0.0075
8925.0000 98.5710 0.0087
8930.0000 98.6073 0.0081
8935.0000 98.6268 0.0081
8940.0000 98.5696 0.0086
8945.0000 98.5320 0.0089
8950.0000 98.5115 0.0095
8955.0000 98.5160 0.0097
8960.0000 98.5597 0.0095
8965.0000 98.5596 0.0098
8970.0000 98.5657 0.0098
8975.0000 98.5336 0.0104
8980.0000 98.5751 0.0101
8985.0000 98.5831 0.0100
8990.0000 98.5795 0.0098
8995.0000 98.5769 0.0103
9000.0000 98.5684 0.0108
9005.0000 98.5939 0.0102
9010.0000 98.5670 0.0111
9015.0000 98.5902 0.0111
9020.0000 98.5439 0.0114
9025.0000 98.5330 0.0109
9030.0000 98.5393 0.0106
9035.0000 98.5388 0.0107
9040.0000 98.4956 0.0112
9045.0000 98.5192 0.0102
9050.0000 98.5259 0.0100
9055.0000 98.4874 0.0106
9060.0000 98.4831 0.0099
9065.0000 98.4742 0.0105
9070.0000 98.4804 0.0107
9075.0000 98.5477 0.0094
9080.0000 98.4816 0.0099
9085.0000 98.5296 0.0089
9090.0000 98.5511 0.0091
9095.0000 98.5706 0.0094
9100.0000 98.5730 0.0102
9105.0000 98.6141 0.0101
9110.0000 98.6350 0.0095
9115.0000 98.6174 0.0102
9120.0000 98.5945 0.0103
9125.0000 98.5927 0.0108
9130.0000 98.6314 0.0100
9135.0000 98.6112 0.0099
9140.0000 98.6399 0.0097
9145.0000 98.6664 0.0096
9150.0000 98.7249 0.0084
9155.0000 98.6896 0.0083
9160.0000 98.7391 0.0079
9165.0000 98.7424 0.0079
9170.0000 98.7204 0.0083
9175.0000 98.7411 0.0086
9180.0000 98.7559 0.0083
9185.0000 98.7420 0.0085
9190.0000 98.7377 0.0084
9195.0000 98.7325 0.0090
9200.0000 98.7359 0.0088
9205.0000 98.7213 0.0093
9210.0000 98.7413 0.0092
9215.0000 98.6970 0.0097
9220.0000 98.6888 0.0098
9225.0000 98.6898 0.0100
9230.0000 98.6964 0.0094
9235.0000 98.6935 0.0094
9240.0000 98.7140 0.0092
9245.0000 98.7084 0.0096
9250.0000 98.6750 0.0097
9255.0000 98.6702 0.0097
9260.0000 98.6823 0.0100
9265.0000 98.6524 0.0101
9270.0000 98.6808 0.0092
9275.0000 98.6307 0.0097
9280.0000 98.6054 0.0098
9285.0000 98.6382 0.0089
9290.0000 98.6341 0.0098
9295.0000 98.6163 0.0097
9300.0000 98.6216 0.0096
9305.0000 98.5827 0.0094
9310.0000 98.4843 0.0104
9315.0000 98.4862 0.0108
9320.0000 98.5390 0.0104
9325.0000 98.5814 0.0096
9330.0000 98.5644 0.0099
9335.0000 98.4618 0.0111
9340.0000 98.5214 0.0108
9345.0000 98.5711 0.0101
9350.0000 98.5734 0.0101
9355.0000 98.6418 0.0095
9360.0000 98.6307 0.0097
9365.0000 98.6289 0.0093
9370.0000 98.6055 0.0097
9375.0000 98.6227 0.0091
9380.0000 98.6463 0.0096
9385.0000 98.6790 0.0090
9390.0000 98.6897 0.0084
9395.0000 98.6757 0.0086
9400.0000 98.6690 0.0091
9405.0000 98.6915 0.0080
9410.0000 98.6646 0.0084
9415.0000 98.7238 0.0076
9420.0000 98.7486 0.0074
9425.0000 98.7334 0.0081
9430.0000 98.7217 0.0084
9435.0000 98.7267 0.0080
9440.0000 98.7540 0.0076
9445.0000 98.7339 0.0080
9450.0000 98.7462 0.0077
9455.0000 98.7587 0.0077
9460.0000 98.7564 0.0076
9465.0000 98.7375 0.0075
9470.0000 98.7387 0.0078
9475.0000 98.7709 0.0073
9480.0000 98.7651 0.0072
9485.0000 98.7268 0.0079
9490.0000 98.7160 0.0083
9495.0000 98.7237 0.0085
9500.0000 98.7046 0.0081
9505.0000 98.7044 0.0080
9510.0000 98.6786 0.0084
9515.0000 98.7021 0.0086
9520.0000 98.6630 0.0087
9525.0000 98.6580 0.0090
9530.0000 98.6494 0.0086
9535.0000 98.6443 0.0087
9540.0000 98.6371 0.0091
9545.0000 98.6473 0.0088
9550.0000 98.6678 0.0089
9555.0000 98.6414 0.0089
9560.0000 98.6058 0.0089
9565.0000 98.6172 0.0089
9570.0000 98.6274 0.0084
9575.0000 98.5902 0.0093
9580.0000 98.5983 0.0090
9585.0000 98.5887 0.0082
9590.0000 98.5581 0.0083
9595.0000 98.5500 0.0086
9600.0000 98.5647 0.0091
9605.0000 98.5400 0.0091
9610.0000 98.5755 0.0082
9615.0000 98.6099 0.0078
9620.0000 98.5507 0.0091
9625.0000 98.5722 0.0088
9630.0000 98.5223 0.0094
9635.0000 98.5280 0.0092
9640.0000 98.5698 0.0089
9645.0000 98.5309 0.0094
9650.0000 98.5729 0.0091
9655.0000 98.5730 0.0088
9660.0000 98.5794 0.0082
9665.0000 98.5528 0.0090
9670.0000 98.5954 0.0090
9675.0000 98.6340 0.0089
9680.0000 98.6574 0.0087
9685.0000 98.6932 0.0077
9690.0000 98.7302 0.0076
9695.0000 98.7168 0.0078
9700.0000 98.6904 0.0080
9705.0000 98.6988 0.0080
9710.0000 98.7528 0.0076
9715.0000 98.7313 0.0079
9720.0000 98.7113 0.0080
9725.0000 98.7448 0.0076
9730.0000 98.7691 0.0074
9735.0000 98.7462 0.0075
9740.0000 98.7490 0.0076
9745.0000 98.7520 0.0077
9750.0000 98.7954 0.0072
9755.0000 98.8034 0.0067
9760.0000 98.7959 0.0070
9765.0000 98.7989 0.0073
9770.0000 98.8033 0.0070
9775.0000 98.8027 0.0068
9780.0000 98.8074 0.0070
9785.0000 98.7762 0.0077
9790.0000 98.7701 0.0080
9795.0000 98.7606 0.0080
9800.0000 98.7454 0.0081
9805.0000 98.7267 0.0086
9810.0000 98.6989 0.0090
9815.0000 98.6942 0.0092
9820.0000 98.7079 0.0087
9825.0000 98.6983 0.0090
9830.0000 98.6738 0.0090
9835.0000 98.6230 0.0094
9840.0000 98.5956 0.0099
9845.0000 98.5722 0.0104
9850.0000 98.5987 0.0092
9855.0000 98.6000 0.0092
9860.0000 98.5832 0.0096
9865.0000 98.6073 0.0096
9870.0000 98.5905 0.0092
9875.0000 98.6272 0.0094
9880.0000 98.6212 0.0098
9885.0000 98.5544 0.0099
9890.0000 98.5372 0.0093
9895.0000 98.4895 0.0100
9900.0000 98.4897 0.0094
9905.0000 98.4497 0.0099
9910.0000 98.4616 0.0098
9915.0000 98.5138 0.0096
9920.0000 98.4843 0.0103
9925.0000 98.4810 0.0101
9930.0000 98.5207 0.0100
9935.0000 98.4995 0.0099
9940.0000 98.5221 0.0098
9945.0000 98.5405 0.0101
9950.0000 98.5680 0.0092
9955.0000 98.5100 0.0101
9960.0000 98.4817 0.0104
9965.0000 98.4778 0.0096
9970.0000 98.4846 0.0105
9975.0000 98.4653 0.0109
9980.0000 98.4921 0.0096
9985.0000 98.4851 0.0103
9990.0000 98.4869 0.0103
9995.0000 98.4786 0.0104
10000.0000 98.4894 0.0105
10005.0000 98.4938 0.0110
10010.0000 98.5036 0.0104
10015.0000 98.5655 0.0093
10020.0000 98.5680 0.0097
10025.0000 98.5796 0.0099
10030.0000 98.5566 0.0099
10035.0000 98.5681 0.0099
10040.0000 98.5797 0.0095
10045.0000 98.6062 0.0088
10050.0000 98.5632 0.0094
10055.0000 98.5253 0.0101
10060.0000 98.5506 0.0093
10065.0000 98.5575 0.0093
10070.0000 98.5396 0.0099
10075.0000 98.5372 0.0098
10080.0000 98.4915 0.0100
10085.0000 98.4828 0.0100
10090.0000 98.5068 0.0093
10095.0000 98.4413 0.0104
10100.0000 98.4716 0.0100
10105.0000 98.4417 0.0104
10110.0000 98.3699 0.0108
10115.0000 98.3491 0.0108
10120.0000 98.3567 0.0113
10125.0000 98.3581 0.0113
10130.0000 98.4081 0.0112
10135.0000 98.3810 0.0116
10140.0000 98.3871 0.0108
10145.0000 98.3531 0.0108
10150.0000 98.3256 0.0118
10155.0000 98.3024 0.0110
10160.0000 98.2777 0.0112
10165.0000 98.2904 0.0108
10170.0000 98.2167 0.0114
10175.0000 98.1925 0.0117
10180.0000 98.2251 0.0109
10185.0000 98.2551 0.0106
10190.0000 98.2255 0.0110
10195.0000 98.2636 0.0109
10200.0000 98.2816 0.0117
10205.0000 98.3239 0.0108
10210.0000 98.3674 0.0110
10215.0000 98.3656 0.0110
10220.0000 98.3455 0.0115
10225.0000 98.3107 0.0111
10230.0000 98.2741 0.0114
10235.0000 98.2952 0.0116
10240.0000 98.3315 0.0115
10245.0000 98.3225 0.0119
10250.0000 98.2811 0.0127
10255.0000 98.2759 0.0125
10260.0000 98.2565 0.0124
10265.0000 98.2700 0.0118
10270.0000 98.2566 0.0122
10275.0000 98.2786 0.0115
10280.0000 98.2658 0.0116
10285.0000 98.2251 0.0116
10290.0000 98.2996 0.0112
10295.0000 98.2512 0.0112
10300.0000 98.2667 0.0111
10305.0000 98.3184 0.0106
10310.0000 98.3462 0.0115
10315.0000 98.3402 0.0103
10320.0000 98.3786 0.0106
10325.0000 98.3661 0.0116
10330.0000 98.4413 0.0106
10335.0000 98.4560 0.0102
10340.0000 98.4090 0.0103
10345.0000 98.3568 0.0112
10350.0000 98.3451 0.0108
10355.0000 98.3161 0.0112
10360.0000 98.3649 0.0108
10365.0000 98.3783 0.0110
10370.0000 98.3658 0.0106
10375.0000 98.3995 0.0100
10380.0000 98.3641 0.0110
10385.0000 98.3665 0.0105
10390.0000 98.3945 0.0104
10395.0000 98.4329 0.0104
10400.0000 98.4200 0.0104
10405.0000 98.4689 0.0098
10410.0000 98.4686 0.0098
10415.0000 98.4593 0.0104
10420.0000 98.4905 0.0095
10425.0000 98.4724 0.0098
10430.0000 98.5170 0.0101
10435.0000 98.5475 0.0092
10440.0000 98.5267 0.0094
10445.0000 98.5475 0.0095
10450.0000 98.5258 0.0096
10455.0000 98.5572 0.0087
10460.0000 98.5750 0.0085
10465.0000 98.5724 0.0088
10470.0000 98.6184 0.0083
10475.0000 98.5927 0.0088
10480.0000 98.5997 0.0088
10485.0000 98.6160 0.0088
10490.0000 98.6734 0.0088
10495.0000 98.6462 0.0090
10500.0000 98.6263 0.0093
10505.0000 98.6821 0.0082
10510.0000 98.6706 0.0087
10515.0000 98.7299 0.0075
10520.0000 98.6623 0.0086
10525.0000 98.6684 0.0083
10530.0000 98.6747 0.0087
10535.0000 98.7102 0.0081
10540.0000 98.6818 0.0085
10545.0000 98.7240 0.0078
10550.0000 98.7389 0.0076
10555.0000 98.7575 0.0074
10560.0000 98.7635 0.0079
10565.0000 98.7375 0.0085
10570.0000 98.7586 0.0086
10575.0000 98.7289 0.0092
10580.0000 98.6777 0.0102
10585.0000 98.7343 0.0091
10590.0000 98.7270 0.0092
10595.0000 98.6636 0.0096
10600.0000 98.6662 0.0093
10605.0000 98.6989 0.0086
10610.0000 98.6754 0.0086
10615.0000 98.6717 0.0088
10620.0000 98.6578 0.0090
10625.0000 98.5977 0.0094
10630.0000 98.5745 0.0092
10635.0000 98.5506 0.0102
10640.0000 98.5717 0.0100
10645.0000 98.5949 0.0091
10650.0000 98.6111 0.0093
10655.0000 98.5817 0.0105
10660.0000 98.5641 0.0100
10665.0000 98.5523 0.0099
10670.0000 98.5039 0.0107
10675.0000 98.5136 0.0105
10680.0000 98.5452 0.0100
10685.0000 98.5926 0.0094
10690.0000 98.6208 0.0096
10695.0000 98.5657 0.0095
10700.0000 98.6102 0.0094
10705.0000 98.6033 0.0093
10710.0000 98.6173 0.0092
10715.0000 98.6649 0.0089
10720.0000 98.6868 0.0086
10725.0000 98.7078 0.0089
10730.0000 98.7041 0.0086
10735.0000 98.6688 0.0094
10740.0000 98.6823 0.0087
10745.0000 98.7113 0.0077
10750.0000 98.7701 0.0071
10755.0000 98.7713 0.0072
10760.0000 98.7907 0.0071
10765.0000 98.7837 0.0075
10770.0000 98.7567 0.0082
10775.0000 98.7606 0.0080
10780.0000 98.7584 0.0084
10785.0000 98.7835 0.0079
10790.0000 98.7766 0.0078
10795.0000 98.7904 0.0077
10800.0000 98.7825 0.0080
10805.0000 98.7993 0.0076
10810.0000 98.8362 0.0070
10815.0000 98.8460 0.0070
10820.0000 98.8549 0.0068
10825.0000 98.8650 0.0066
10830.0000 98.8727 0.0066
10835.0000 98.8607 0.0066
10840.0000 98.8543 0.0066
10845.0000 98.8601 0.0066
10850.0000 98.8441 0.0068
10855.0000 98.8333 0.0070
10860.0000 98.8448 0.0070
10865.0000 98.8671 0.0066
10870.0000 98.8835 0.0061
10875.0000 98.8710 0.0063
10880.0000 98.8686 0.0067
10885.0000 98.8534 0.0069
10890.0000 98.8715 0.0066
10895.0000 98.8595 0.0069
10900.0000 98.8314 0.0075
10905.0000 98.8409 0.0071
10910.0000 98.8324 0.0073
10915.0000 98.8151 0.0078
10920.0000 98.8253 0.0074
10925.0000 98.8069 0.0075
10930.0000 98.7785 0.0080
10935.0000 98.7825 0.0078
10940.0000 98.7424 0.0081
10945.0000 98.7245 0.0086
10950.0000 98.7181 0.0086
10955.0000 98.7052 0.0084
10960.0000 98.6565 0.0089
10965.0000 98.6394 0.0095
10970.0000 98.6291 0.0094
10975.0000 98.5962 0.0100
10980.0000 98.5581 0.0092
10985.0000 98.5693 0.0091
10990.0000 98.5230 0.0095
10995.0000 98.4792 0.0102
11000.0000 98.5330 0.0098
11005.0000 98.5373 0.0099
11010.0000 98.4773 0.0102
11015.0000 98.4642 0.0111
11020.0000 98.5080 0.0104
11025.0000 98.4823 0.0108
11030.0000 98.4681 0.0099
11035.0000 98.4371 0.0108
11040.0000 98.4120 0.0110
11045.0000 98.4706 0.0106
11050.0000 98.4094 0.0110
11055.0000 98.4523 0.0108
11060.0000 98.4573 0.0099
11065.0000 98.4945 0.0102
11070.0000 98.4836 0.0106
11075.0000 98.5254 0.0097
11080.0000 98.4687 0.0099
11085.0000 98.4784 0.0105
11090.0000 98.5469 0.0101
11095.0000 98.5521 0.0095
11100.0000 98.5140 0.0104
11105.0000 98.5312 0.0104
11110.0000 98.5463 0.0093
11115.0000 98.5775 0.0091
11120.0000 98.5749 0.0090
11125.0000 98.5491 0.0093
11130.0000 98.5459 0.0089
11135.0000 98.5650 0.0091
11140.0000 98.5630 0.0088
11145.0000 98.5758 0.0087
11150.0000 98.5326 0.0095
11155.0000 98.5068 0.0098
11160.0000 98.5477 0.0090
11165.0000 98.5800 0.0092
11170.0000 98.5611 0.0096
11175.0000 98.5877 0.0092
11180.0000 98.6018 0.0088
11185.0000 98.6240 0.0087
11190.0000 98.6267 0.0085
11195.0000 98.5943 0.0086
11200.0000 98.6083 0.0091
11205.0000 98.5357 0.0094
11210.0000 98.5234 0.0096
11215.0000 98.5811 0.0089
11220.0000 98.4905 0.0102
11225.0000 98.5195 0.0095
11230.0000 98.5594 0.0094
11235.0000 98.5577 0.0091
11240.0000 98.5592 0.0095
11245.0000 98.5926 0.0095
11250.0000 98.5659 0.0099
11255.0000 98.5500 0.0100
11260.0000 98.6001 0.0096
11265.0000 98.6259 0.0088
11270.0000 98.7129 0.0086
11275.0000 98.7152 0.0088
11280.0000 98.7295 0.0080
11285.0000 98.7075 0.0087
11290.0000 98.6801 0.0093
11295.0000 98.7158 0.0087
11300.0000 98.7368 0.0084
11305.0000 98.7722 0.0082
11310.0000 98.7898 0.0077
11315.0000 98.8040 0.0082
11320.0000 98.7835 0.0083
11325.0000 98.7669 0.0086
11330.0000 98.7779 0.0084
11335.0000 98.7630 0.0086
11340.0000 98.7600 0.0084
11345.0000 98.8115 0.0077
11350.0000 98.7988 0.0078
11355.0000 98.7824 0.0077
11360.0000 98.8092 0.0070
11365.0000 98.8377 0.0067
11370.0000 98.7880 0.0074
11375.0000 98.7551 0.0082
11380.0000 98.7327 0.0085
11385.0000 98.7455 0.0084
11390.0000 98.7398 0.0080
11395.0000 98.7343 0.0075
11400.0000 98.7050 0.0080
11405.0000 98.7147 0.0081
11410.0000 98.7598 0.0078
11415.0000 98.7576 0.0082
11420.0000 98.7765 0.0079
11425.0000 98.7826 0.0079
11430.0000 98.7827 0.0076
11435.0000 98.7662 0.0079
11440.0000 98.7376 0.0085
11445.0000 98.7696 0.0079
11450.0000 98.7800 0.0082
11455.0000 98.7938 0.0078
11460.0000 98.7685 0.0083
11465.0000 98.7445 0.0086
11470.0000 98.7291 0.0083
11475.0000 98.7496 0.0082
11480.0000 98.7622 0.0082
11485.0000 98.7386 0.0083
11490.0000 98.7482 0.0076
11495.0000 98.7702 0.0074
11500.0000 98.7724 0.0078
11505.0000 98.8070 0.0073
11510.0000 98.8285 0.0069
11515.0000 98.8306 0.0072
11520.0000 98.7973 0.0075
11525.0000 98.7958 0.0074
11530.0000 98.7847 0.0075
11535.0000 98.8218 0.0069
11540.0000 98.8046 0.0070
11545.0000 98.8214 0.0067
11550.0000 98.8435 0.0064
11555.0000 98.8569 0.0063
11560.0000 98.8424 0.0065
11565.0000 98.8468 0.0064
11570.0000 98.8452 0.0063
11575.0000 98.8402 0.0064
11580.0000 98.8272 0.0066
11585.0000 98.8481 0.0063
11590.0000 98.8574 0.0061
11595.0000 98.8469 0.0063
11600.0000 98.8563 0.0064
11605.0000 98.8461 0.0066
11610.0000 98.8391 0.0067
11615.0000 98.8447 0.0067
11620.0000 98.8469 0.0066
11625.0000 98.8467 0.0066
11630.0000 98.8518 0.0063
11635.0000 98.8544 0.0063
11640.0000 98.8715 0.0061
11645.0000 98.8755 0.0060
11650.0000 98.8739 0.0059
11655.0000 98.8749 0.0058
11660.0000 98.8925 0.0055
11665.0000 98.8824 0.0058
11670.0000 98.8792 0.0060
11675.0000 98.8965 0.0055
11680.0000 98.8665 0.0059
11685.0000 98.8802 0.0056
11690.0000 98.8809 0.0056
11695.0000 98.8791 0.0056
11700.0000 98.8809 0.0054
11705.0000 98.8826 0.0056
11710.0000 98.8763 0.0056
11715.0000 98.8582 0.0059
11720.0000 98.8347 0.0063
11725.0000 98.8410 0.0062
11730.0000 98.8308 0.0062
11735.0000 98.8103 0.0065
11740.0000 98.8212 0.0061
11745.0000 98.8551 0.0060
11750.0000 98.8440 0.0069
11755.0000 98.8380 0.0068
11760.0000 98.8388 0.0066
11765.0000 98.8027 0.0072
11770.0000 98.7806 0.0072
11775.0000 98.8159 0.0070
11780.0000 98.8143 0.0075
11785.0000 98.8085 0.0073
11790.0000 98.7993 0.0075
11795.0000 98.7689 0.0072
11800.0000 98.7987 0.0068
11805.0000 98.7868 0.0072
11810.0000 98.7682 0.0077
11815.0000 98.7731 0.0077
11820.0000 98.7491 0.0078
11825.0000 98.7054 0.0078
11830.0000 98.6685 0.0079
11835.0000 98.6803 0.0081
11840.0000 98.6746 0.0088
11845.0000 98.6923 0.0087
11850.0000 98.6938 0.0083
11855.0000 98.6694 0.0084
11860.0000 98.6727 0.0082
11865.0000 98.6654 0.0084
11870.0000 98.6227 0.0087
11875.0000 98.6240 0.0078
11880.0000 98.6442 0.0078
11885.0000 98.6680 0.0080
11890.0000 98.6570 0.0079
11895.0000 98.6276 0.0085
11900.0000 98.6527 0.0085
11905.0000 98.6212 0.0087
11910.0000 98.6224 0.0082
11915.0000 98.5756 0.0091
11920.0000 98.6331 0.0083
11925.0000 98.6004 0.0085
11930.0000 98.5868 0.0087
11935.0000 98.5953 0.0087
11940.0000 98.5961 0.0091
11945.0000 98.5753 0.0092
11950.0000 98.5870 0.0087
11955.0000 98.5914 0.0089
11960.0000 98.6007 0.0087
11965.0000 98.6178 0.0085
11970.0000 98.5781 0.0086
11975.0000 98.5786 0.0088
11980.0000 98.5786 0.0087
11985.0000 98.5644 0.0084
11990.0000 98.6148 0.0080
11995.0000 98.6135 0.0082
12000.0000 98.6535 0.0082
12005.0000 98.6726 0.0085
12010.0000 98.6612 0.0090
12015.0000 98.6762 0.0089
12020.0000 98.6664 0.0090
12025.0000 98.6529 0.0091
12030.0000 98.6319 0.0094
12035.0000 98.6121 0.0096
12040.0000 98.6164 0.0091
12045.0000 98.6217 0.0089
12050.0000 98.6178 0.0092
12055.0000 98.6481 0.0097
12060.0000 98.6409 0.0095
12065.0000 98.6463 0.0090
12070.0000 98.6594 0.0084
12075.0000 98.6560 0.0083
12080.0000 98.6673 0.0086
12085.0000 98.6430 0.0089
12090.0000 98.6640 0.0085
12095.0000 98.6659 0.0094
12100.0000 98.6672 0.0095
12105.0000 98.6475 0.0095
12110.0000 98.6541 0.0093
12115.0000 98.6903 0.0091
12120.0000 98.6931 0.0088
12125.0000 98.7009 0.0090
12130.0000 98.6851 0.0097
12135.0000 98.7188 0.0086
12140.0000 98.7231 0.0083
12145.0000 98.6981 0.0088
12150.0000 98.6926 0.0086
12155.0000 98.6564 0.0093
12160.0000 98.6617 0.0095
12165.0000 98.7041 0.0088
12170.0000 98.7130 0.0091
12175.0000 98.7460 0.0087
12180.0000 98.7388 0.0087
12185.0000 98.7110 0.0090
12190.0000 98.7386 0.0084
12195.0000 98.7488 0.0083
12200.0000 98.7451 0.0087
12205.0000 98.7362 0.0090
12210.0000 98.7619 0.0078
12215.0000 98.6966 0.0087
12220.0000 98.7219 0.0086
12225.0000 98.7086 0.0091
12230.0000 98.6974 0.0085
12235.0000 98.7165 0.0082
12240.0000 98.7183 0.0082
12245.0000 98.7133 0.0084
12250.0000 98.7273 0.0086
12255.0000 98.7038 0.0085
12260.0000 98.7219 0.0087
12265.0000 98.7284 0.0080
12270.0000 98.7129 0.0083
12275.0000 98.6893 0.0087
12280.0000 98.6941 0.0089
12285.0000 98.7184 0.0088
12290.0000 98.7711 0.0083
12295.0000 98.7944 0.0079
12300.0000 98.7966 0.0076
12305.0000 98.7406 0.0085
12310.0000 98.7181 0.0090
12315.0000 98.7057 0.0093
12320.0000 98.7574 0.0083
12325.0000 98.7316 0.0085
12330.0000 98.7386 0.0081
12335.0000 98.7232 0.0090
12340.0000 98.7013 0.0092
12345.0000 98.6548 0.0094
12350.0000 98.6122 0.0096
12355.0000 98.6747 0.0097
12360.0000 98.6558 0.0100
12365.0000 98.5907 0.0100
12370.0000 98.5621 0.0105
12375.0000 98.5533 0.0104
12380.0000 98.5096 0.0113
12385.0000 98.5435 0.0108
12390.0000 98.4866 0.0113
12395.0000 98.4962 0.0112
12400.0000 98.5018 0.0111
12405.0000 98.5573 0.0105
12410.0000 98.5568 0.0113
12415.0000 98.5487 0.0110
12420.0000 98.5786 0.0111
12425.0000 98.5538 0.0115
12430.0000 98.5441 0.0111
12435.0000 98.5020 0.0113
12440.0000 98.4992 0.0117
12445.0000 98.5188 0.0116
12450.0000 98.4945 0.0112
12455.0000 98.5656 0.0104
12460.0000 98.5806 0.0101
12465.0000 98.5627 0.0105
12470.0000 98.5115 0.0109
12475.0000 98.5146 0.0102
12480.0000 98.5430 0.0100
12485.0000 98.5798 0.0097
12490.0000 98.5726 0.0102
12495.0000 98.5747 0.0096
12500.0000 98.6597 0.0091
12505.0000 98.6533 0.0093
12510.0000 98.6676 0.0096
12515.0000 98.6684 0.0094
12520.0000 98.6668 0.0096
12525.0000 98.6879 0.0094
12530.0000 98.7099 0.0094
12535.0000 98.7331 0.0096
12540.0000 98.7435 0.0089
12545.0000 98.6819 0.0100
12550.0000 98.7190 0.0091
12555.0000 98.7329 0.0085
12560.0000 98.7414 0.0081
12565.0000 98.7535 0.0079
12570.0000 98.7487 0.0089
12575.0000 98.7158 0.0094
12580.0000 98.6958 0.0090
12585.0000 98.6932 0.0093
12590.0000 98.6507 0.0092
12595.0000 98.6250 0.0107
12600.0000 98.6060 0.0100
12605.0000 98.5993 0.0092
12610.0000 98.6520 0.0089
12615.0000 98.6306 0.0094
12620.0000 98.5838 0.0099
12625.0000 98.5775 0.0108
12630.0000 98.5914 0.0097
12635.0000 98.6282 0.0093
12640.0000 98.6392 0.0090
12645.0000 98.6607 0.0092
12650.0000 98.5936 0.0100
12655.0000 98.6129 0.0095
12660.0000 98.6165 0.0095
12665.0000 98.6738 0.0087
12670.0000 98.6315 0.0096
12675.0000 98.6840 0.0091
12680.0000 98.6708 0.0091
12685.0000 98.6633 0.0092
12690.0000 98.6944 0.0086
12695.0000 98.6842 0.0096
12700.0000 98.7110 0.0084
12705.0000 98.7304 0.0086
12710.0000 98.7212 0.0082
12715.0000 98.7519 0.0083
12720.0000 98.7272 0.0086
12725.0000 98.7121 0.0093
12730.0000 98.6944 0.0096
12735.0000 98.7405 0.0084
12740.0000 98.7477 0.0085
12745.0000 98.7816 0.0076
12750.0000 98.7692 0.0080
12755.0000 98.7421 0.0085
12760.0000 98.7693 0.0077
12765.0000 98.7794 0.0077
12770.0000 98.7679 0.0084
12775.0000 98.7378 0.0083
12780.0000 98.7310 0.0082
12785.0000 98.7271 0.0083
12790.0000 98.7449 0.0081
12795.0000 98.7302 0.0085
12800.0000 98.7155 0.0087
12805.0000 98.6764 0.0094
12810.0000 98.6558 0.0098
12815.0000 98.6640 0.0092
12820.0000 98.6302 0.0089
12825.0000 98.6167 0.0097
12830.0000 98.5744 0.0099
12835.0000 98.6299 0.0091
12840.0000 98.6019 0.0099
12845.0000 98.5953 0.0103
12850.0000 98.6374 0.0101
12855.0000 98.6613 0.0097
12860.0000 98.6446 0.0089
12865.0000 98.5906 0.0099
12870.0000 98.6055 0.0098
12875.0000 98.6379 0.0092
12880.0000 98.6254 0.0095
12885.0000 98.6521 0.0093
12890.0000 98.6629 0.0093
12895.0000 98.6339 0.0095
12900.0000 98.6656 0.0092
12905.0000 98.6660 0.0094
12910.0000 98.6673 0.0090
12915.0000 98.6256 0.0093
12920.0000 98.6620 0.0090
12925.0000 98.6654 0.0090
12930.0000 98.6342 0.0098
12935.0000 98.6946 0.0086
12940.0000 98.6977 0.0082
12945.0000 98.7615 0.0075
12950.0000 98.7587 0.0079
12955.0000 98.7282 0.0084
12960.0000 98.7330 0.0084
12965.0000 98.7075 0.0082
12970.0000 98.7195 0.0081
12975.0000 98.7675 0.0075
12980.0000 98.7580 0.0082
12985.0000 98.7559 0.0078
12990.0000 98.7849 0.0072
12995.0000 98.7824 0.0075
13000.0000 98.8425 0.0067
13005.0000 98.8532 0.0063
13010.0000 98.8111 0.0072
13015.0000 98.8469 0.0063
13020.0000 98.8321 0.0068
13025.0000 98.8407 0.0068
13030.0000 98.8550 0.0069
13035.0000 98.8472 0.0069
13040.0000 98.8477 0.0072
13045.0000 98.8472 0.0072
13050.0000 98.8202 0.0073
13055.0000 98.8285 0.0069
13060.0000 98.8360 0.0068
13065.0000 98.8026 0.0080
13070.0000 98.7710 0.0081
13075.0000 98.7518 0.0086
13080.0000 98.7637 0.0083
13085.0000 98.7292 0.0086
13090.0000 98.7292 0.0083
13095.0000 98.7320 0.0080
13100.0000 98.6848 0.0081
13105.0000 98.7276 0.0085
13110.0000 98.7233 0.0080
13115.0000 98.7211 0.0077
13120.0000 98.6818 0.0083
13125.0000 98.6499 0.0093
13130.0000 98.6526 0.0093
13135.0000 98.6329 0.0094
13140.0000 98.6517 0.0093
13145.0000 98.6254 0.0091
13150.0000 98.5985 0.0091
13155.0000 98.6341 0.0086
13160.0000 98.6084 0.0086
13165.0000 98.5909 0.0095
13170.0000 98.5679 0.0092
13175.0000 98.5255 0.0097
13180.0000 98.4958 0.0092
13185.0000 98.5235 0.0092
13190.0000 98.5032 0.0095
13195.0000 98.4680 0.0100
13200.0000 98.5033 0.0093
13205.0000 98.5372 0.0095
13210.0000 98.5094 0.0100
13215.0000 98.5398 0.0102
13220.0000 98.5035 0.0108
13225.0000 98.4765 0.0106
13230.0000 98.5397 0.0099
13235.0000 98.5227 0.0103
13240.0000 98.4501 0.0107
13245.0000 98.5176 0.0106
13250.0000 98.5119 0.0106
13255.0000 98.5371 0.0100
13260.0000 98.5257 0.0094
13265.0000 98.4867 0.0104
13270.0000 98.4782 0.0107
13275.0000 98.5266 0.0101
13280.0000 98.5000 0.0103
13285.0000 98.5098 0.0104
13290.0000 98.5027 0.0104
13295.0000 98.5382 0.0104
13300.0000 98.5576 0.0095
13305.0000 98.6003 0.0089
13310.0000 98.5856 0.0097
13315.0000 98.6289 0.0090
13320.0000 98.6388 0.0093
13325.0000 98.6529 0.0094
13330.0000 98.6407 0.0088
13335.0000 98.6450 0.0095
13340.0000 98.6499 0.0094
13345.0000 98.6434 0.0096
13350.0000 98.6714 0.0092
13355.0000 98.6485 0.0092
13360.0000 98.6769 0.0086
13365.0000 98.6863 0.0086
13370.0000 98.6575 0.0088
13375.0000 98.6462 0.0090
13380.0000 98.6771 0.0084
13385.0000 98.6762 0.0084
13390.0000 98.6677 0.0090
13395.0000 98.6351 0.0093
13400.0000 98.6438 0.0091
13405.0000 98.6689 0.0090
13410.0000 98.6376 0.0083
13415.0000 98.6081 0.0087
13420.0000 98.5630 0.0089
13425.0000 98.5498 0.0083
13430.0000 98.5455 0.0087
13435.0000 98.5112 0.0090
13440.0000 98.4590 0.0099
13445.0000 98.4020 0.0101
13450.0000 98.4382 0.0100
13455.0000 98.4389 0.0099
13460.0000 98.4622 0.0101
13465.0000 98.4246 0.0104
13470.0000 98.4170 0.0108
13475.0000 98.4700 0.0106
13480.0000 98.4983 0.0098
13485.0000 98.4630 0.0110
13490.0000 98.4314 0.0108
13495.0000 98.4446 0.0106
13500.0000 98.5318 0.0095
13505.0000 98.4664 0.0104
13510.0000 98.4581 0.0106
13515.0000 98.3791 0.0115
13520.0000 98.4151 0.0116
13525.0000 98.4396 0.0114
13530.0000 98.4441 0.0108
13535.0000 98.4932 0.0110
13540.0000 98.4727 0.0112
13545.0000 98.4645 0.0108
13550.0000 98.4977 0.0108
13555.0000 98.4514 0.0110
13560.0000 98.4617 0.0105
13565.0000 98.4718 0.0111
13570.0000 98.4020 0.0105
13575.0000 98.4476 0.0104
13580.0000 98.4561 0.0106
13585.0000 98.4560 0.0107
13590.0000 98.4642 0.0108
13595.0000 98.4998 0.0107
13600.0000 98.4457 0.0110
13605.0000 98.4948 0.0113
13610.0000 98.4686 0.0112
13615.0000 98.4780 0.0104
13620.0000 98.5064 0.0103
13625.0000 98.4930 0.0105
13630.0000 98.4661 0.0104
13635.0000 98.4615 0.0102
13640.0000 98.4304 0.0106
13645.0000 98.4643 0.0100
13650.0000 98.5154 0.0105
13655.0000 98.5059 0.0097
13660.0000 98.5339 0.0097
13665.0000 98.5363 0.0102
13670.0000 98.6410 0.0091
13675.0000 98.6621 0.0090
13680.0000 98.6602 0.0091
13685.0000 98.6421 0.0092
13690.0000 98.6031 0.0099
13695.0000 98.6491 0.0095
13700.0000 98.6827 0.0087
13705.0000 98.6700 0.0088
13710.0000 98.6667 0.0085
13715.0000 98.6898 0.0085
13720.0000 98.7036 0.0084
13725.0000 98.7149 0.0081
13730.0000 98.7215 0.0087
13735.0000 98.7162 0.0083
13740.0000 98.7149 0.0087
13745.0000 98.7495 0.0082
13750.0000 98.7623 0.0083
13755.0000 98.7586 0.0082
13760.0000 98.7691 0.0085
13765.0000 98.7326 0.0088
13770.0000 98.7203 0.0087
13775.0000 98.7386 0.0084
13780.0000 98.7401 0.0086
13785.0000 98.7357 0.0083
13790.0000 98.7667 0.0086
13795.0000 98.7708 0.0084
13800.0000 98.7803 0.0088
13805.0000 98.7826 0.0088
13810.0000 98.7655 0.0089
13815.0000 98.7703 0.0089
13820.0000 98.7569 0.0089
13825.0000 98.7339 0.0093
13830.0000 98.7377 0.0086
13835.0000 98.7515 0.0082
13840.0000 98.7060 0.0088
13845.0000 98.7684 0.0080
13850.0000 98.7896 0.0077
13855.0000 98.7806 0.0079
13860.0000 98.7822 0.0085
13865.0000 98.7827 0.0084
13870.0000 98.8165 0.0083
13875.0000 98.8010 0.0080
13880.0000 98.7683 0.0078
13885.0000 98.8292 0.0068
13890.0000 98.8043 0.0075
13895.0000 98.8039 0.0077
13900.0000 98.7885 0.0075
13905.0000 98.7989 0.0074
13910.0000 98.7980 0.0074
13915.0000 98.8125 0.0072
13920.0000 98.7974 0.0076
13925.0000 98.8107 0.0073
13930.0000 98.7745 0.0081
13935.0000 98.7936 0.0078
13940.0000 98.8044 0.0075
13945.0000 98.7850 0.0079
13950.0000 98.8162 0.0075
13955.0000 98.8209 0.0072
13960.0000 98.8017 0.0074
13965.0000 98.7955 0.0076
13970.0000 98.8262 0.0073
13975.0000 98.8503 0.0068
13980.0000 98.8727 0.0061
13985.0000 98.8906 0.0060
13990.0000 98.9081 0.0056
13995.0000 98.9183 0.0055
14000.0000 98.9108 0.0057
14005.0000 98.8743 0.0063
14010.0000 98.8971 0.0059
14015.0000 98.8908 0.0058
14020.0000 98.8833 0.0058
14025.0000 98.8826 0.0060
14030.0000 98.8513 0.0067
14035.0000 98.8606 0.0065
14040.0000 98.8524 0.0065
14045.0000 98.8663 0.0065
14050.0000 98.8493 0.0065
14055.0000 98.8481 0.0064
14060.0000 98.8236 0.0071
14065.0000 98.7930 0.0074
14070.0000 98.7973 0.0072
14075.0000 98.7969 0.0072
14080.0000 98.7788 0.0071
14085.0000 98.7903 0.0069
14090.0000 98.7296 0.0077
14095.0000 98.7559 0.0071
14100.0000 98.7227 0.0079
14105.0000 98.7225 0.0077
14110.0000 98.7124 0.0080
14115.0000 98.6682 0.0082
14120.0000 98.6051 0.0091
14125.0000 98.6316 0.0086
14130.0000 98.5610 0.0087
14135.0000 98.5432 0.0087
14140.0000 98.4911 0.0101
14145.0000 98.4720 0.0105
14150.0000 98.4029 0.0110
14155.0000 98.4539 0.0101
14160.0000 98.4592 0.0094
14165.0000 98.4097 0.0108
14170.0000 98.3828 0.0103
14175.0000 98.3998 0.0100
14180.0000 98.4157 0.0103
14185.0000 98.3986 0.0113
14190.0000 98.4255 0.0104
14195.0000 98.4143 0.0106
14200.0000 98.3816 0.0109
14205.0000 98.3744 0.0106
14210.0000 98.3729 0.0106
14215.0000 98.3493 0.0110
14220.0000 98.3659 0.0109
14225.0000 98.3581 0.0105
14230.0000 98.3663 0.0103
14235.0000 98.3496 0.0103
14240.0000 98.3964 0.0102
14245.0000 98.4061 0.0107
14250.0000 98.3970 0.0099
14255.0000 98.4517 0.0098
14260.0000 98.4254 0.0105
14265.0000 98.4599 0.0099
14270.0000 98.4150 0.0104
14275.0000 98.4088 0.0107
14280.0000 98.4410 0.0103
14285.0000 98.4567 0.0101
14290.0000 98.4732 0.0102
14295.0000 98.4227 0.0105
14300.0000 98.4682 0.0102
14305.0000 98.4484 0.0101
14310.0000 98.5106 0.0097
14315.0000 98.4742 0.0093
14320.0000 98.4998 0.0095
14325.0000 98.4725 0.0095
14330.0000 98.5290 0.0090
14335.0000 98.5193 0.0095
14340.0000 98.3978 0.0104
14345.0000 98.4651 0.0104
14350.0000 98.4527 0.0102
14355.0000 98.4320 0.0101
14360.0000 98.4632 0.0098
14365.0000 98.4576 0.0100
14370.0000 98.4332 0.0101
14375.0000 98.4197 0.0098
14380.0000 98.4541 0.0098
14385.0000 98.3923 0.0100
14390.0000 98.3962 0.0105
14395.0000 98.4152 0.0098
14400.0000 98.4184 0.0093
14405.0000 98.4281 0.0095
14410.0000 98.3981 0.0100
14415.0000 98.3929 0.0103
14420.0000 98.3416 0.0109
14425.0000 98.4218 0.0101
14430.0000 98.4327 0.0097
14435.0000 98.4139 0.0093
14440.0000 98.3868 0.0100
14445.0000 98.3907 0.0097
14450.0000 98.3559 0.0093
14455.0000 98.3200 0.0102
14460.0000 98.3158 0.0096
14465.0000 98.3824 0.0096
14470.0000 98.3576 0.0102
14475.0000 98.3713 0.0101
14480.0000 98.4260 0.0094
14485.0000 98.4088 0.0100
14490.0000 98.4349 0.0096
14495.0000 98.3610 0.0099
14500.0000 98.4064 0.0102
14505.0000 98.4055 0.0092
14510.0000 98.3872 0.0095
14515.0000 98.3885 0.0100
14520.0000 98.3964 0.0102
14525.0000 98.4350 0.0100
14530.0000 98.4870 0.0095
14535.0000 98.4571 0.0100
14540.0000 98.4346 0.0102
14545.0000 98.4550 0.0097
14550.0000 98.4899 0.0097
14555.0000 98.5066 0.0096
14560.0000 98.5159 0.0096
14565.0000 98.5048 0.0094
14570.0000 98.4972 0.0096
14575.0000 98.5301 0.0097
14580.0000 98.4917 0.0100
14585.0000 98.4984 0.0103
14590.0000 98.5129 0.0102
14595.0000 98.5261 0.0102
14600.0000 98.5497 0.0100
14605.0000 98.5413 0.0099
14610.0000 98.4953 0.0097
14615.0000 98.5247 0.0093
14620.0000 98.5207 0.0091
14625.0000 98.5584 0.0090
14630.0000 98.5341 0.0098
14635.0000 98.5505 0.0099
14640.0000 98.4910 0.0096
14645.0000 98.5383 0.0093
14650.0000 98.5338 0.0098
14655.0000 98.4958 0.0101
14660.0000 98.4926 0.0097
14665.0000 98.4101 0.0107
14670.0000 98.3824 0.0113
14675.0000 98.3424 0.0110
14680.0000 98.2614 0.0111
14685.0000 98.2226 0.0114
14690.0000 98.2410 0.0111
14695.0000 98.2539 0.0111
14700.0000 98.2993 0.0107
14705.0000 98.2664 0.0108
14710.0000 98.3252 0.0111
14715.0000 98.3106 0.0115
14720.0000 98.2565 0.0114
14725.0000 98.2346 0.0115
14730.0000 98.2284 0.0114
14735.0000 98.2638 0.0110
14740.0000 98.3050 0.0112
14745.0000 98.2870 0.0108
14750.0000 98.2403 0.0114
14755.0000 98.2229 0.0111
14760.0000 98.2072 0.0112
14765.0000 98.2708 0.0111
14770.0000 98.2685 0.0110
14775.0000 98.2877 0.0105
14780.0000 98.2991 0.0107
14785.0000 98.3305 0.0112
14790.0000 98.3238 0.0105
14795.0000 98.3401 0.0113
14800.0000 98.3122 0.0112
14805.0000 98.3146 0.0111
14810.0000 98.2988 0.0113
14815.0000 98.2911 0.0117
14820.0000 98.2727 0.0117
14825.0000 98.3068 0.0115
14830.0000 98.2822 0.0111
14835.0000 98.2921 0.0116
14840.0000 98.3281 0.0115
14845.0000 98.3592 0.0111
14850.0000 98.3217 0.0121
14855.0000 98.4076 0.0112
14860.0000 98.4464 0.0107
14865.0000 98.3681 0.0113
14870.0000 98.3982 0.0106
14875.0000 98.3876 0.0109
14880.0000 98.3885 0.0108
14885.0000 98.4180 0.0103
14890.0000 98.4077 0.0105
14895.0000 98.4468 0.0106
14900.0000 98.4112 0.0103
14905.0000 98.4073 0.0107
14910.0000 98.3791 0.0105
14915.0000 98.4373 0.0095
14920.0000 98.4529 0.0099
14925.0000 98.4808 0.0098
14930.0000 98.4803 0.0097
14935.0000 98.4983 0.0094
14940.0000 98.5593 0.0093
14945.0000 98.5473 0.0092
14950.0000 98.5167 0.0091
14955.0000 98.5054 0.0094
14960.0000 98.4890 0.0093
14965.0000 98.4425 0.0096
14970.0000 98.4241 0.0096
14975.0000 98.4483 0.0092
14980.0000 98.4649 0.0090
14985.0000 98.4852 0.0083
14990.0000 98.4283 0.0088
14995.0000 98.4153 0.0093
15000.0000 98.4746 0.0085
15005.0000 98.4751 0.0090
15010.0000 98.4161 0.0099
15015.0000 98.4419 0.0093
15020.0000 98.5190 0.0086
15025.0000 98.5453 0.0092
15030.0000 98.5223 0.0091
15035.0000 98.5133 0.0091
15040.0000 98.5348 0.0092
15045.0000 98.5360 0.0095
15050.0000 98.4643 0.0095
15055.0000 98.4544 0.0096
15060.0000 98.4418 0.0101
15065.0000 98.4654 0.0105
15070.0000 98.4664 0.0097
15075.0000 98.4742 0.0100
15080.0000 98.4751 0.0099
15085.0000 98.4762 0.0098
15090.0000 98.4762 0.0095
15095.0000 98.5353 0.0090
15100.0000 98.5099 0.0100
15105.0000 98.5162 0.0099
15110.0000 98.5347 0.0097
15115.0000 98.5558 0.0093
15120.0000 98.5380 0.0099
15125.0000 98.5966 0.0077
15130.0000 98.5979 0.0089
15135.0000 98.6010 0.0093
15140.0000 98.6270 0.0089
15145.0000 98.5877 0.0091
15150.0000 98.6248 0.0082
15155.0000 98.6395 0.0084
15160.0000 98.6219 0.0089
15165.0000 98.6241 0.0092
15170.0000 98.5892 0.0093
15175.0000 98.5748 0.0098
15180.0000 98.6100 0.0093
15185.0000 98.6671 0.0084
15190.0000 98.6353 0.0088
15195.0000 98.6490 0.0092
15200.0000 98.6188 0.0093
15205.0000 98.6345 0.0084
15210.0000 98.6544 0.0083
15215.0000 98.6708 0.0087
15220.0000 98.6613 0.0094
15225.0000 98.6451 0.0096
15230.0000 98.6364 0.0092
15235.0000 98.6388 0.0096
15240.0000 98.6634 0.0090
15245.0000 98.6463 0.0092
15250.0000 98.6897 0.0087
15255.0000 98.6677 0.0092
15260.0000 98.6613 0.0089
15265.0000 98.6248 0.0095
15270.0000 98.5783 0.0103
15275.0000 98.5621 0.0106
15280.0000 98.5958 0.0103
15285.0000 98.5694 0.0105
15290.0000 98.5810 0.0099
15295.0000 98.5941 0.0095
15300.0000 98.5565 0.0091
15305.0000 98.5901 0.0087
15310.0000 98.5864 0.0088
15315.0000 98.5861 0.0087
15320.0000 98.5712 0.0084
15325.0000 98.5424 0.0089
15330.0000 98.5662 0.0087
15335.0000 98.5950 0.0086
15340.0000 98.6365 0.0084
15345.0000 98.6477 0.0084
15350.0000 98.6054 0.0090
15355.0000 98.6238 0.0091
15360.0000 98.6536 0.0090
15365.0000 98.6634 0.0088
15370.0000 98.6886 0.0083
15375.0000 98.6673 0.0088
15380.0000 98.6924 0.0082
15385.0000 98.6765 0.0083
15390.0000 98.6737 0.0082
15395.0000 98.6769 0.0086
15400.0000 98.6768 0.0082
15405.0000 98.6824 0.0080
15410.0000 98.6535 0.0085
15415.0000 98.6686 0.0083
15420.0000 98.6868 0.0080
15425.0000 98.6976 0.0076
15430.0000 98.6792 0.0075
15435.0000 98.7065 0.0077
15440.0000 98.7151 0.0073
15445.0000 98.6921 0.0078
15450.0000 98.7255 0.0076
15455.0000 98.6968 0.0082
15460.0000 98.6800 0.0086
15465.0000 98.6842 0.0086
15470.0000 98.6945 0.0078
15475.0000 98.6823 0.0080
15480.0000 98.6808 0.0081
15485.0000 98.6756 0.0084
15490.0000 98.6741 0.0085
15495.0000 98.6407 0.0088
15500.0000 98.6623 0.0087
15505.0000 98.6747 0.0084
15510.0000 98.7052 0.0082
15515.0000 98.6817 0.0085
15520.0000 98.6703 0.0085
15525.0000 98.6497 0.0093
15530.0000 98.6871 0.0088
15535.0000 98.7005 0.0084
15540.0000 98.6508 0.0085
15545.0000 98.6853 0.0086
15550.0000 98.6282 0.0097
15555.0000 98.6758 0.0090
15560.0000 98.6851 0.0089
15565.0000 98.7172 0.0091
15570.0000 98.7430 0.0083
15575.0000 98.7074 0.0089
15580.0000 98.7057 0.0089
15585.0000 98.7249 0.0088
15590.0000 98.6873 0.0096
15595.0000 98.7150 0.0091
15600.0000 98.6824 0.0092
15605.0000 98.6921 0.0092
15610.0000 98.7026 0.0089
15615.0000 98.7384 0.0082
15620.0000 98.7546 0.0083
15625.0000 98.7418 0.0084
15630.0000 98.7236 0.0084
15635.0000 98.6929 0.0090
15640.0000 98.6836 0.0094
15645.0000 98.6802 0.0091
15650.0000 98.6409 0.0093
15655.0000 98.6242 0.0096
15660.0000 98.6244 0.0094
15665.0000 98.6149 0.0092
15670.0000 98.5342 0.0105
15675.0000 98.5324 0.0109
15680.0000 98.4954 0.0110
15685.0000 98.4939 0.0108
15690.0000 98.4766 0.0105
15695.0000 98.5130 0.0106
15700.0000 98.4876 0.0108
15705.0000 98.4878 0.0109
15710.0000 98.5036 0.0106
15715.0000 98.5299 0.0098
15720.0000 98.5329 0.0097
15725.0000 98.5652 0.0101
15730.0000 98.5282 0.0104
15735.0000 98.5525 0.0097
15740.0000 98.5662 0.0103
15745.0000 98.6477 0.0095
15750.0000 98.6277 0.0096
15755.0000 98.6166 0.0101
15760.0000 98.5994 0.0103
15765.0000 98.6255 0.0097
15770.0000 98.6273 0.0098
15775.0000 98.6860 0.0089
15780.0000 98.6992 0.0090
15785.0000 98.6939 0.0095
15790.0000 98.6923 0.0092
15795.0000 98.6913 0.0089
15800.0000 98.7078 0.0088
15805.0000 98.7127 0.0092
15810.0000 98.7424 0.0084
15815.0000 98.7048 0.0090
15820.0000 98.7149 0.0086
15825.0000 98.7044 0.0088
15830.0000 98.7393 0.0082
15835.0000 98.7282 0.0085
15840.0000 98.7167 0.0085
15845.0000 98.7488 0.0082
15850.0000 98.7726 0.0081
15855.0000 98.7794 0.0081
15860.0000 98.7626 0.0081
15865.0000 98.7611 0.0081
15870.0000 98.7647 0.0079
15875.0000 98.7624 0.0083
15880.0000 98.7522 0.0081
15885.0000 98.7273 0.0089
15890.0000 98.7664 0.0081
15895.0000 98.7785 0.0078
15900.0000 98.7765 0.0079
15905.0000 98.7538 0.0085
15910.0000 98.7875 0.0082
15915.0000 98.7780 0.0080
15920.0000 98.8208 0.0073
15925.0000 98.8055 0.0074
15930.0000 98.8082 0.0077
15935.0000 98.7738 0.0077
15940.0000 98.7767 0.0077
15945.0000 98.7683 0.0081
15950.0000 98.8133 0.0077
15955.0000 98.8143 0.0075
15960.0000 98.7968 0.0077
15965.0000 98.7913 0.0078
15970.0000 98.7979 0.0076
15975.0000 98.8083 0.0075
15980.0000 98.7956 0.0082
15985.0000 98.8471 0.0073
15990.0000 98.8409 0.0076
15995.0000 98.8642 0.0073
16000.0000 98.8651 0.0076
16005.0000 98.8781 0.0071
16010.0000 98.8394 0.0077
16015.0000 98.8116 0.0079
16020.0000 98.7981 0.0077
16025.0000 98.8130 0.0079
16030.0000 98.8156 0.0077
16035.0000 98.7687 0.0082
16040.0000 98.7592 0.0081
16045.0000 98.8267 0.0071
16050.0000 98.8150 0.0076
16055.0000 98.7704 0.0076
16060.0000 98.7846 0.0074
16065.0000 98.7865 0.0075
16070.0000 98.7646 0.0079
16075.0000 98.7389 0.0079
16080.0000 98.7466 0.0080
16085.0000 98.7118 0.0088
16090.0000 98.7382 0.0082
16095.0000 98.7530 0.0079
16100.0000 98.7521 0.0082
16105.0000 98.7492 0.0079
16110.0000 98.7182 0.0080
16115.0000 98.6829 0.0087
16120.0000 98.7055 0.0084
16125.0000 98.6827 0.0085
16130.0000 98.7303 0.0078
16135.0000 98.6843 0.0086
16140.0000 98.6553 0.0089
16145.0000 98.6730 0.0088
16150.0000 98.7138 0.0084
16155.0000 98.7447 0.0079
16160.0000 98.7519 0.0080
16165.0000 98.7629 0.0081
16170.0000 98.8115 0.0074
16175.0000 98.7555 0.0083
16180.0000 98.7966 0.0073
16185.0000 98.7419 0.0078
16190.0000 98.7330 0.0086
16195.0000 98.6746 0.0089
16200.0000 98.6954 0.0088
16205.0000 98.7080 0.0083
16210.0000 98.7635 0.0082
16215.0000 98.7226 0.0088
16220.0000 98.7462 0.0085
16225.0000 98.7249 0.0083
16230.0000 98.6939 0.0092
16235.0000 98.6321 0.0095
16240.0000 98.6686 0.0090
16245.0000 98.6369 0.0095
16250.0000 98.6319 0.0089
16255.0000 98.6870 0.0086
16260.0000 98.6353 0.0092
16265.0000 98.6358 0.0092
16270.0000 98.6065 0.0095
16275.0000 98.6019 0.0099
16280.0000 98.6173 0.0092
16285.0000 98.6468 0.0090
16290.0000 98.6401 0.0091
16295.0000 98.6429 0.0086
16300.0000 98.6748 0.0084
16305.0000 98.6769 0.0078
16310.0000 98.6970 0.0075
16315.0000 98.6909 0.0078
16320.0000 98.6986 0.0078
16325.0000 98.7222 0.0085
16330.0000 98.7285 0.0083
16335.0000 98.6935 0.0091
16340.0000 98.7560 0.0079
16345.0000 98.7387 0.0080
16350.0000 98.7498 0.0080
16355.0000 98.7546 0.0082
16360.0000 98.7606 0.0079
16365.0000 98.7421 0.0085
16370.0000 98.7276 0.0085
16375.0000 98.7808 0.0073
16380.0000 98.7901 0.0076
16385.0000 98.7905 0.0072
16390.0000 98.7842 0.0073
16395.0000 98.7907 0.0069
16400.0000 98.7527 0.0077
16405.0000 98.7655 0.0075
16410.0000 98.7441 0.0077
16415.0000 98.7804 0.0076
16420.0000 98.7903 0.0075
16425.0000 98.7793 0.0077
16430.0000 98.7767 0.0077
16435.0000 98.7295 0.0088
16440.0000 98.7190 0.0089
16445.0000 98.7600 0.0078
16450.0000 98.7658 0.0079
16455.0000 98.7551 0.0078
16460.0000 98.7532 0.0082
16465.0000 98.7694 0.0074
16470.0000 98.7882 0.0071
16475.0000 98.7755 0.0075
16480.0000 98.7376 0.0079
16485.0000 98.7866 0.0072
16490.0000 98.7812 0.0072
16495.0000 98.7509 0.0072
16500.0000 98.7300 0.0076
16505.0000 98.7237 0.0078
16510.0000 98.7305 0.0075
16515.0000 98.7400 0.0077
16520.0000 98.7247 0.0083
16525.0000 98.7241 0.0084
16530.0000 98.7242 0.0084
16535.0000 98.7366 0.0081
16540.0000 98.7362 0.0080
16545.0000 98.7283 0.0083
16550.0000 98.7298 0.0081
16555.0000 98.7139 0.0081
16560.0000 98.6176 0.0091
16565.0000 98.6155 0.0090
16570.0000 98.6407 0.0091
16575.0000 98.6000 0.0092
16580.0000 98.5858 0.0094
16585.0000 98.5965 0.0094
16590.0000 98.5648 0.0097
16595.0000 98.5981 0.0092
16600.0000 98.5392 0.0096
16605.0000 98.5198 0.0094
16610.0000 98.5310 0.0092
16615.0000 98.4990 0.0100
16620.0000 98.4680 0.0099
16625.0000 98.4713 0.0092
16630.0000 98.4082 0.0096
16635.0000 98.3884 0.0095
16640.0000 98.3661 0.0097
16645.0000 98.3332 0.0098
16650.0000 98.3550 0.0102
16655.0000 98.2848 0.0109
16660.0000 98.2789 0.0103
16665.0000 98.2703 0.0110
16670.0000 98.2807 0.0111
16675.0000 98.2247 0.0111
16680.0000 98.2433 0.0109
16685.0000 98.2782 0.0103
16690.0000 98.2990 0.0109
16695.0000 98.2449 0.0113
16700.0000 98.2435 0.0105
16705.0000 98.2710 0.0098
16710.0000 98.2968 0.0098
16715.0000 98.2941 0.0097
16720.0000 98.2876 0.0102
16725.0000 98.3467 0.0091
16730.0000 98.3366 0.0094
16735.0000 98.3128 0.0091
16740.0000 98.2928 0.0101
16745.0000 98.3105 0.0094
16750.0000 98.3379 0.0093
16755.0000 98.4018 0.0087
16760.0000 98.3981 0.0089
16765.0000 98.3848 0.0098
16770.0000 98.3789 0.0103
16775.0000 98.3680 0.0100
16780.0000 98.4312 0.0095
16785.0000 98.4453 0.0093
16790.0000 98.4455 0.0090
16795.0000 98.4324 0.0098
16800.0000 98.4899 0.0091
16805.0000 98.4699 0.0093
16810.0000 98.5193 0.0095
16815.0000 98.4876 0.0100
16820.0000 98.4754 0.0100
16825.0000 98.4868 0.0097
16830.0000 98.5543 0.0090
16835.0000 98.4808 0.0100
16840.0000 98.4836 0.0098
16845.0000 98.4881 0.0100
16850.0000 98.5556 0.0095
16855.0000 98.6101 0.0088
16860.0000 98.6167 0.0093
16865.0000 98.5917 0.0094
16870.0000 98.5945 0.0099
16875.0000 98.6285 0.0096
16880.0000 98.6177 0.0097
16885.0000 98.6203 0.0099
16890.0000 98.6585 0.0095
16895.0000 98.6911 0.0091
16900.0000 98.7070 0.0087
16905.0000 98.6829 0.0090
16910.0000 98.7066 0.0084
16915.0000 98.6712 0.0091
16920.0000 98.7022 0.0086
16925.0000 98.7105 0.0086
16930.0000 98.7161 0.0085
16935.0000 98.7231 0.0084
16940.0000 98.7115 0.0082
16945.0000 98.7094 0.0081
16950.0000 98.7489 0.0076
16955.0000 98.7176 0.0084
16960.0000 98.7606 0.0078
16965.0000 98.7535 0.0080
16970.0000 98.7375 0.0081
16975.0000 98.7430 0.0084
16980.0000 98.6872 0.0090
16985.0000 98.6739 0.0096
16990.0000 98.6973 0.0089
16995.0000 98.6945 0.0086
17000.0000 98.6969 0.0084
17005.0000 98.7002 0.0083
17010.0000 98.6939 0.0089
17015.0000 98.7187 0.0090
17020.0000 98.7297 0.0085
17025.0000 98.7373 0.0087
17030.0000 98.7190 0.0080
17035.0000 98.7008 0.0089
17040.0000 98.7268 0.0083
17045.0000 98.7111 0.0086
17050.0000 98.6908 0.0089
17055.0000 98.6949 0.0088
17060.0000 98.6883 0.0086
17065.0000 98.7407 0.0080
17070.0000 98.6977 0.0087
17075.0000 98.6530 0.0094
17080.0000 98.6246 0.0105
17085.0000 98.6301 0.0099
17090.0000 98.6358 0.0095
17095.0000 98.6443 0.0095
17100.0000 98.6644 0.0088
17105.0000 98.6587 0.0089
17110.0000 98.6284 0.0095
17115.0000 98.6357 0.0088
17120.0000 98.6097 0.0099
17125.0000 98.5921 0.0097
17130.0000 98.6103 0.0088
17135.0000 98.6029 0.0093
17140.0000 98.6011 0.0093
17145.0000 98.6078 0.0093
17150.0000 98.6077 0.0086
17155.0000 98.5933 0.0088
17160.0000 98.5941 0.0092
17165.0000 98.5585 0.0094
17170.0000 98.5634 0.0095
17175.0000 98.5822 0.0090
17180.0000 98.6351 0.0089
17185.0000 98.6463 0.0084
17190.0000 98.6279 0.0091
17195.0000 98.6187 0.0086
17200.0000 98.6115 0.0091
17205.0000 98.5935 0.0086
17210.0000 98.6022 0.0083
17215.0000 98.6396 0.0084
17220.0000 98.6394 0.0092
17225.0000 98.6671 0.0085
17230.0000 98.6501 0.0089
17235.0000 98.6751 0.0084
17240.0000 98.6856 0.0075
17245.0000 98.6905 0.0079
17250.0000 98.6897 0.0080
17255.0000 98.6787 0.0089
17260.0000 98.6653 0.0085
17265.0000 98.6616 0.0090
17270.0000 98.6976 0.0082
17275.0000 98.7011 0.0083
17280.0000 98.6909 0.0086
17285.0000 98.6914 0.0087
17290.0000 98.6980 0.0087
17295.0000 98.6115 0.0096
17300.0000 98.6085 0.0094
17305.0000 98.5802 0.0088
17310.0000 98.5612 0.0093
17315.0000 98.5115 0.0093
17320.0000 98.5044 0.0093
17325.0000 98.4978 0.0094
17330.0000 98.4877 0.0094
17335.0000 98.4826 0.0097
17340.0000 98.4666 0.0096
17345.0000 98.4982 0.0094
17350.0000 98.4698 0.0095
17355.0000 98.4120 0.0095
17360.0000 98.4266 0.0099
17365.0000 98.4378 0.0099
17370.0000 98.4736 0.0099
17375.0000 98.4793 0.0090
17380.0000 98.4837 0.0087
17385.0000 98.4960 0.0095
17390.0000 98.5394 0.0093
17395.0000 98.5196 0.0092
17400.0000 98.5389 0.0091
17405.0000 98.5565 0.0090
17410.0000 98.5575 0.0087
17415.0000 98.5864 0.0087
17420.0000 98.5394 0.0096
17425.0000 98.5526 0.0095
17430.0000 98.5561 0.0095
17435.0000 98.5782 0.0090
17440.0000 98.5745 0.0090
17445.0000 98.6088 0.0097
17450.0000 98.6362 0.0092
17455.0000 98.6149 0.0095
17460.0000 98.6380 0.0091
17465.0000 98.6300 0.0094
17470.0000 98.6256 0.0091
17475.0000 98.6265 0.0089
17480.0000 98.6219 0.0087
17485.0000 98.6254 0.0089
17490.0000 98.6701 0.0086
17495.0000 98.6621 0.0088
17500.0000 98.6868 0.0087
17505.0000 98.7163 0.0080
17510.0000 98.7143 0.0080
17515.0000 98.7171 0.0079
17520.0000 98.7200 0.0079
17525.0000 98.6898 0.0083
17530.0000 98.6945 0.0081
17535.0000 98.7488 0.0076
17540.0000 98.7171 0.0078
17545.0000 98.7200 0.0079
17550.0000 98.7485 0.0079
17555.0000 98.7676 0.0072
17560.0000 98.7956 0.0071
17565.0000 98.7838 0.0075
17570.0000 98.7738 0.0073
17575.0000 98.7897 0.0074
17580.0000 98.7771 0.0074
17585.0000 98.8055 0.0073
17590.0000 98.7855 0.0076
17595.0000 98.7668 0.0081
17600.0000 98.7839 0.0079
17605.0000 98.7714 0.0081
17610.0000 98.7725 0.0081
17615.0000 98.7666 0.0081
17620.0000 98.7728 0.0081
17625.0000 98.7700 0.0078
17630.0000 98.7739 0.0080
17635.0000 98.7478 0.0083
17640.0000 98.7542 0.0080
17645.0000 98.7766 0.0078
17650.0000 98.7940 0.0073
17655.0000 98.7750 0.0077
17660.0000 98.7757 0.0077
17665.0000 98.7834 0.0074
17670.0000 98.7746 0.0074
17675.0000 98.8026 0.0072
17680.0000 98.8042 0.0069
17685.0000 98.7952 0.0072
17690.0000 98.7807 0.0073
17695.0000 98.7865 0.0073
17700.0000 98.7602 0.0077
17705.0000 98.7690 0.0081
17710.0000 98.7811 0.0075
17715.0000 98.8115 0.0070
17720.0000 98.8166 0.0070
17725.0000 98.8321 0.0068
17730.0000 98.8241 0.0071
17735.0000 98.8136 0.0071
17740.0000 98.8045 0.0073
17745.0000 98.8003 0.0073
17750.0000 98.8240 0.0070
17755.0000 98.8284 0.0067
17760.0000 98.7859 0.0071
17765.0000 98.8139 0.0066
17770.0000 98.8023 0.0070
17775.0000 98.7831 0.0072
17780.0000 98.7865 0.0069
17785.0000 98.7778 0.0074
17790.0000 98.7906 0.0067
17795.0000 98.7911 0.0070
17800.0000 98.7669 0.0071
17805.0000 98.7948 0.0073
17810.0000 98.7740 0.0074
17815.0000 98.7771 0.0073
17820.0000 98.7331 0.0076
17825.0000 98.7261 0.0076
17830.0000 98.7297 0.0075
17835.0000 98.7246 0.0082
17840.0000 98.7086 0.0083
17845.0000 98.6739 0.0082
17850.0000 98.6535 0.0088
17855.0000 98.6510 0.0084
17860.0000 98.5848 0.0094
17865.0000 98.6010 0.0089
17870.0000 98.6002 0.0092
17875.0000 98.5898 0.0093
17880.0000 98.6047 0.0089
17885.0000 98.6410 0.0087
17890.0000 98.6087 0.0086
17895.0000 98.5795 0.0089
17900.0000 98.5577 0.0092
17905.0000 98.4999 0.0094
17910.0000 98.5229 0.0098
17915.0000 98.4782 0.0098
17920.0000 98.4697 0.0103
17925.0000 98.3965 0.0106
17930.0000 98.4295 0.0108
17935.0000 98.4059 0.0111
17940.0000 98.4323 0.0101
17945.0000 98.4482 0.0102
17950.0000 98.3730 0.0102
17955.0000 98.3351 0.0104
17960.0000 98.3804 0.0101
17965.0000 98.3876 0.0101
17970.0000 98.3912 0.0101
17975.0000 98.3623 0.0104
17980.0000 98.3505 0.0108
17985.0000 98.3334 0.0104
17990.0000 98.3820 0.0096
17995.0000 98.3371 0.0099
18000.0000 98.3231 0.0100
