5.0000 0.0000 0.0000
10.0000 0.0000 0.0000
15.0000 0.0000 0.0000
20.0000 0.0000 0.0000
25.0000 0.0000 0.0000
30.0000 0.0000 0.0000
35.0000 0.0000 0.0000
40.0000 0.0000 0.0000
45.0000 0.0000 0.0000
50.0000 0.0000 0.0000
55.0000 0.0000 0.0000
60.0000 0.0000 0.0000
65.0000 0.0000 0.0000
70.0000 0.0000 0.0000
75.0000 0.0000 0.0000
80.0000 0.0000 0.0000
85.0000 0.0180 0.0011
90.0000 0.0359 0.0021
95.0000 0.0899 0.0052
100.0000 0.1078 0.0063
105.0000 0.1078 0.0063
110.0000 0.1078 0.0063
115.0000 0.1078 0.0063
120.0000 0.1078 0.0063
125.0000 0.1258 0.0073
130.0000 0.1438 0.0083
135.0000 0.1438 0.0083
140.0000 0.1438 0.0083
145.0000 0.1797 0.0103
150.0000 0.2336 0.0133
155.0000 0.2875 0.0162
160.0000 0.3235 0.0181
165.0000 0.3414 0.0191
170.0000 0.3774 0.0210
175.0000 0.5032 0.0273
180.0000 0.6469 0.0342
185.0000 0.9165 0.0459
190.0000 1.1321 0.0543
195.0000 1.3118 0.0606
200.0000 1.6532 0.0707
205.0000 1.9084 0.0766
210.0000 2.1923 0.0811
215.0000 2.4727 0.0841
220.0000 2.7961 0.0863
225.0000 3.0190 0.0862
230.0000 3.2382 0.0853
235.0000 3.4877 0.0844
240.0000 3.7948 0.0847
245.0000 3.9565 0.0818
250.0000 4.0859 0.0789
255.0000 4.2368 0.0749
260.0000 4.4237 0.0695
265.0000 4.5423 0.0653
270.0000 4.6609 0.0610
275.0000 4.6789 0.0603
280.0000 4.7364 0.0582
285.0000 4.8658 0.0532
290.0000 5.0275 0.0468
295.0000 5.0994 0.0438
300.0000 5.1174 0.0430
305.0000 5.1713 0.0407
310.0000 5.2180 0.0381
315.0000 5.3325 0.0425
320.0000 5.3505 0.0416
325.0000 5.3505 0.0416
330.0000 5.3864 0.0399
335.0000 5.4404 0.0372
340.0000 5.4583 0.0364
345.0000 5.4763 0.0355
350.0000 5.4956 0.0369
355.0000 5.5523 0.0387
360.0000 5.5703 0.0378
365.0000 5.5703 0.0378
370.0000 5.5896 0.0392
375.0000 5.6270 0.0396
380.0000 5.6643 0.0400
385.0000 5.7248 0.0413
390.0000 5.7636 0.0440
395.0000 5.7829 0.0452
400.0000 5.8797 0.0516
405.0000 5.9789 0.0552
410.0000 6.0564 0.0600
415.0000 6.0937 0.0601
420.0000 6.1517 0.0635
425.0000 6.2330 0.0677
430.0000 6.4730 0.0799
435.0000 6.6859 0.0907
440.0000 6.9104 0.0995
445.0000 7.0188 0.1025
450.0000 7.2124 0.1113
455.0000 7.5910 0.1254
460.0000 7.7730 0.1295
465.0000 7.9820 0.1364
470.0000 8.4032 0.1486
475.0000 8.7400 0.1528
480.0000 9.0497 0.1542
485.0000 9.5142 0.1527
490.0000 9.7077 0.1508
495.0000 9.9206 0.1479
500.0000 10.0832 0.1439
505.0000 10.1413 0.1428
510.0000 10.3735 0.1375
515.0000 10.5283 0.1334
520.0000 10.6251 0.1306
525.0000 10.8187 0.1244
530.0000 10.9387 0.1196
535.0000 11.0432 0.1146
540.0000 11.1399 0.1108
545.0000 11.1980 0.1084
550.0000 11.3141 0.1034
555.0000 11.3528 0.1017
560.0000 11.3915 0.1000
565.0000 11.4109 0.0991
570.0000 11.4303 0.0982
575.0000 11.4690 0.0964
580.0000 11.4883 0.0994
585.0000 11.5077 0.0984
590.0000 11.5077 0.0984
595.0000 11.5077 0.0984
600.0000 11.5077 0.0984
605.0000 11.5464 0.0966
610.0000 11.5464 0.0966
615.0000 11.5657 0.0956
620.0000 11.5718 0.0947
625.0000 11.6082 0.0971
630.0000 11.7172 0.1044
635.0000 11.9354 0.1267
640.0000 12.3260 0.1714
645.0000 12.5123 0.1884
650.0000 12.8116 0.2118
655.0000 13.2246 0.2448
660.0000 13.4857 0.2604
665.0000 13.7171 0.2695
670.0000 13.9358 0.2830
675.0000 14.3027 0.3045
680.0000 14.7336 0.3470
685.0000 15.2678 0.3975
690.0000 15.6344 0.4319
695.0000 16.1215 0.4642
700.0000 16.6226 0.4956
705.0000 17.1412 0.5179
710.0000 17.7441 0.5521
715.0000 18.5358 0.5880
720.0000 19.1085 0.6246
725.0000 19.7871 0.6587
730.0000 20.5264 0.6691
735.0000 21.3102 0.6633
740.0000 22.1281 0.6810
745.0000 22.8261 0.6665
750.0000 23.2755 0.6589
755.0000 23.6314 0.6606
760.0000 23.9384 0.6620
765.0000 24.4902 0.6537
770.0000 24.8611 0.6405
775.0000 25.3238 0.6426
780.0000 25.6217 0.6331
785.0000 25.9421 0.6394
790.0000 26.3141 0.6493
795.0000 26.6787 0.6516
800.0000 27.0301 0.6587
805.0000 27.3223 0.6700
810.0000 27.7757 0.6760
815.0000 28.1702 0.6927
820.0000 28.5608 0.7063
825.0000 29.0713 0.7112
830.0000 29.3617 0.7026
835.0000 29.7739 0.7239
840.0000 30.1437 0.7291
845.0000 30.5513 0.7262
850.0000 30.8663 0.7225
855.0000 31.0984 0.7257
860.0000 31.3760 0.7296
865.0000 31.5873 0.7332
870.0000 31.8680 0.7316
875.0000 32.0724 0.7337
880.0000 32.2643 0.7248
885.0000 32.4414 0.7236
890.0000 32.6154 0.7250
895.0000 32.6348 0.7251
900.0000 32.7314 0.7255
905.0000 32.8088 0.7257
910.0000 32.9055 0.7258
915.0000 32.9828 0.7257
920.0000 33.0408 0.7256
925.0000 33.1375 0.7224
930.0000 33.2373 0.7216
935.0000 33.2373 0.7216
940.0000 33.2991 0.7191
945.0000 33.3030 0.7170
950.0000 33.3223 0.7169
955.0000 33.3223 0.7169
960.0000 33.3223 0.7169
965.0000 33.4137 0.7035
970.0000 33.4331 0.7033
975.0000 33.4331 0.7033
980.0000 33.4502 0.7052
985.0000 33.5017 0.7108
990.0000 33.5463 0.7092
995.0000 33.6960 0.7163
1000.0000 33.7681 0.7217
1005.0000 33.8401 0.7269
1010.0000 33.9019 0.7267
1015.0000 33.9705 0.7336
1020.0000 34.1072 0.7461
1025.0000 34.2342 0.7548
1030.0000 34.3449 0.7583
1035.0000 34.5358 0.7731
1040.0000 34.7760 0.7948
1045.0000 34.8790 0.8032
1050.0000 35.0555 0.8152
1055.0000 35.2457 0.8264
1060.0000 35.5610 0.8509
1065.0000 35.7821 0.8720
1070.0000 36.1469 0.8960
1075.0000 36.5963 0.9263
1080.0000 36.8942 0.9549
1085.0000 37.1786 0.9756
1090.0000 37.3566 0.9903
1095.0000 37.6444 1.0031
1100.0000 38.0950 1.0236
1105.0000 38.4431 1.0403
1110.0000 38.7595 1.0761
1115.0000 39.0587 1.0982
1120.0000 39.3411 1.1217
1125.0000 39.6350 1.1449
1130.0000 40.0226 1.1873
1135.0000 40.2596 1.2124
1140.0000 40.5491 1.2494
1145.0000 40.7801 1.2643
1150.0000 41.0459 1.2778
1155.0000 41.2306 1.2804
1160.0000 41.4731 1.2847
1165.0000 41.7915 1.3068
1170.0000 42.0982 1.3323
1175.0000 42.3356 1.3485
1180.0000 42.9141 1.3816
1185.0000 43.2854 1.3994
1190.0000 43.6265 1.4183
1195.0000 44.0261 1.4331
1200.0000 44.5101 1.4428
1205.0000 45.0004 1.4711
1210.0000 45.5560 1.5109
1215.0000 46.0681 1.5275
1220.0000 46.4460 1.5442
1225.0000 46.9292 1.5697
1230.0000 47.1892 1.5838
1235.0000 47.5274 1.6051
1240.0000 47.9375 1.6358
1245.0000 48.4656 1.6546
1250.0000 48.9774 1.6932
1255.0000 49.3922 1.7127
1260.0000 49.7000 1.7432
1265.0000 49.9155 1.7544
1270.0000 50.2791 1.8057
1275.0000 50.5821 1.8413
1280.0000 51.0629 1.8829
1285.0000 51.3027 1.8927
1290.0000 51.7138 1.9263
1295.0000 52.0458 1.9500
1300.0000 52.2094 1.9544
1305.0000 52.5124 1.9783
1310.0000 52.6942 1.9918
1315.0000 53.0262 2.0090
1320.0000 53.5717 2.0540
1325.0000 54.0561 2.0789
1330.0000 54.3955 2.0997
1335.0000 54.7289 2.1417
1340.0000 55.0669 2.1583
1345.0000 55.5998 2.1983
1350.0000 55.9574 2.2168
1355.0000 56.4423 2.2454
1360.0000 56.8964 2.2767
1365.0000 57.3506 2.3138
1370.0000 57.8354 2.3801
1375.0000 58.3701 2.4212
1380.0000 59.0755 2.4406
1385.0000 59.8112 2.5060
1390.0000 60.4196 2.5569
1395.0000 61.2165 2.6069
1400.0000 61.8790 2.6430
1405.0000 62.3695 2.6800
1410.0000 62.7965 2.6869
1415.0000 63.4627 2.7225
1420.0000 64.0408 2.7587
1425.0000 64.5612 2.7920
1430.0000 65.0743 2.8321
1435.0000 65.4153 2.8384
1440.0000 65.7099 2.8508
1445.0000 66.3152 2.9046
1450.0000 66.7031 2.9463
1455.0000 66.9487 2.9611
1460.0000 67.2405 2.9626
1465.0000 67.4884 2.9731
1470.0000 67.7821 2.9879
1475.0000 67.9780 2.9833
1480.0000 68.2486 2.9888
1485.0000 68.5475 3.0057
1490.0000 68.6933 3.0179
1495.0000 68.8356 3.0335
1500.0000 69.1755 3.0354
1505.0000 69.4566 3.0407
1510.0000 69.7786 3.0621
1515.0000 69.9209 3.0746
1520.0000 70.2125 3.0905
1525.0000 70.4207 3.1020
1530.0000 70.6947 3.1126
1535.0000 70.8672 3.1198
1540.0000 70.9384 3.1245
1545.0000 70.9739 3.1269
1550.0000 71.0273 3.1339
1555.0000 71.1109 3.1405
1560.0000 71.1768 3.1493
1565.0000 71.2123 3.1515
1570.0000 71.3138 3.1528
1575.0000 71.3805 3.1600
1580.0000 71.3805 3.1600
1585.0000 71.4738 3.1768
1590.0000 71.5227 3.1829
1595.0000 71.5871 3.1884
1600.0000 71.6694 3.1992
1605.0000 71.7338 3.2076
1610.0000 71.8316 3.2205
1615.0000 71.9405 3.2407
1620.0000 72.0494 3.2576
1625.0000 72.2049 3.2813
1630.0000 72.2827 3.2923
1635.0000 72.3969 3.3051
1640.0000 72.5556 3.3253
1645.0000 72.7112 3.3475
1650.0000 72.8876 3.3629
1655.0000 73.1232 3.3909
1660.0000 73.3143 3.4138
1665.0000 73.3859 3.4111
1670.0000 73.6099 3.4312
1675.0000 73.8308 3.4340
1680.0000 74.0725 3.4552
1685.0000 74.2491 3.4685
1690.0000 74.4980 3.4960
1695.0000 74.6473 3.4996
1700.0000 74.8277 3.5057
1705.0000 75.0455 3.5267
1710.0000 75.1108 3.5288
1715.0000 75.3006 3.5421
1720.0000 75.3815 3.5452
1725.0000 75.4655 3.5446
1730.0000 75.5433 3.5480
1735.0000 75.6669 3.5629
1740.0000 75.8883 3.5882
1745.0000 76.0718 3.6204
1750.0000 76.3337 3.6671
1755.0000 76.6591 3.7219
1760.0000 76.9551 3.7652
1765.0000 77.2286 3.8164
1770.0000 77.4579 3.8474
1775.0000 77.9167 3.9062
1780.0000 78.5070 3.9826
1785.0000 78.9892 4.0481
1790.0000 79.4535 4.1032
1795.0000 79.8740 4.1650
1800.0000 80.4268 4.2334
1805.0000 81.1046 4.3171
1810.0000 81.5428 4.3308
1815.0000 82.1522 4.4010
1820.0000 82.5517 4.4278
1825.0000 82.9587 4.4335
1830.0000 83.4338 4.4760
1835.0000 83.9426 4.4886
1840.0000 84.2528 4.5039
1845.0000 84.5956 4.5337
1850.0000 84.8098 4.5656
1855.0000 85.1768 4.6151
1860.0000 85.2966 4.6255
1865.0000 85.6330 4.6690
1870.0000 85.9520 4.7216
1875.0000 86.3227 4.7740
1880.0000 86.5741 4.8057
1885.0000 86.9565 4.8699
1890.0000 87.3064 4.8881
1895.0000 87.5669 4.9178
1900.0000 87.9067 4.9498
1905.0000 88.3507 4.9900
1910.0000 88.6964 5.0161
1915.0000 89.1450 5.0329
1920.0000 89.3102 5.0410
1925.0000 89.6134 5.0696
1930.0000 89.8401 5.0741
1935.0000 90.0494 5.0908
1940.0000 90.1453 5.1006
1945.0000 90.3616 5.1134
1950.0000 90.5720 5.1192
1955.0000 90.6472 5.1273
1960.0000 90.6908 5.1325
1965.0000 90.8191 5.1471
1970.0000 90.8856 5.1479
1975.0000 91.0199 5.1584
1980.0000 90.9981 5.1594
1985.0000 90.9985 5.1619
1990.0000 91.0577 5.1623
1995.0000 90.9736 5.1592
2000.0000 90.9880 5.1547
2005.0000 90.8688 5.1403
2010.0000 90.8121 5.1339
2015.0000 90.7849 5.1328
2020.0000 90.7905 5.1209
2025.0000 90.5959 5.1159
2030.0000 90.4530 5.1049
2035.0000 90.4530 5.1012
2040.0000 90.3648 5.0921
2045.0000 90.2086 5.0680
2050.0000 89.9295 5.0437
2055.0000 89.7681 5.0083
2060.0000 89.4968 4.9766
2065.0000 89.2557 4.9538
2070.0000 88.8630 4.9251
2075.0000 88.6923 4.8783
2080.0000 88.2613 4.8168
2085.0000 88.0201 4.7649
2090.0000 87.5649 4.7035
2095.0000 87.2584 4.6683
2100.0000 86.8352 4.6101
2105.0000 86.5135 4.5665
2110.0000 86.2433 4.5121
2115.0000 86.1364 4.4814
2120.0000 85.8684 4.4539
2125.0000 85.8282 4.4441
2130.0000 85.7885 4.4260
2135.0000 85.6346 4.4027
2140.0000 85.4526 4.3630
2145.0000 85.2716 4.3302
2150.0000 85.0325 4.2918
2155.0000 85.0370 4.2556
2160.0000 84.7658 4.2079
2165.0000 84.7321 4.2033
2170.0000 85.2891 4.2626
2175.0000 85.3874 4.2535
2180.0000 85.2931 4.2354
2185.0000 85.4303 4.2397
2190.0000 85.2961 4.2117
2195.0000 85.2333 4.1891
2200.0000 85.1824 4.1976
2205.0000 85.4654 4.2020
2210.0000 85.3288 4.1838
2215.0000 85.1428 4.1647
2220.0000 85.2839 4.1788
2225.0000 85.4942 4.1855
2230.0000 85.5226 4.1756
2235.0000 85.7025 4.1970
2240.0000 85.8770 4.2159
2245.0000 86.0790 4.2247
2250.0000 86.2958 4.2413
2255.0000 86.1431 4.2425
2260.0000 86.3208 4.2389
2265.0000 86.3811 4.2585
2270.0000 86.4667 4.2759
2275.0000 86.4445 4.2635
2280.0000 86.4325 4.2628
2285.0000 86.7830 4.2850
2290.0000 86.7807 4.2803
2295.0000 86.8302 4.2613
2300.0000 86.6934 4.2331
2305.0000 86.7683 4.2435
2310.0000 86.9133 4.2590
2315.0000 86.9241 4.2631
2320.0000 86.9020 4.2662
2325.0000 86.9964 4.2748
2330.0000 86.9271 4.2714
2335.0000 87.0298 4.2814
2340.0000 86.9366 4.2682
2345.0000 87.1405 4.2586
2350.0000 87.1700 4.2597
2355.0000 87.1563 4.2559
2360.0000 87.2719 4.2514
2365.0000 87.3831 4.2331
2370.0000 87.2352 4.2114
2375.0000 87.1497 4.1946
2380.0000 87.1842 4.1760
2385.0000 87.2877 4.1755
2390.0000 87.0658 4.1641
2395.0000 87.0591 4.1409
2400.0000 86.9093 4.1002
2405.0000 87.0505 4.1171
2410.0000 87.0258 4.1127
2415.0000 86.8891 4.0517
2420.0000 86.7802 4.0454
2425.0000 86.9253 4.0495
2430.0000 86.9107 4.0506
2435.0000 86.9428 4.0452
2440.0000 87.1550 4.0487
2445.0000 87.1556 4.0566
2450.0000 87.0946 4.0497
2455.0000 86.9743 4.0310
2460.0000 86.8286 4.0027
2465.0000 87.0835 4.0306
2470.0000 87.0069 4.0203
2475.0000 86.8570 4.0002
2480.0000 87.0787 4.0305
2485.0000 87.1406 4.0353
2490.0000 86.9696 4.0136
2495.0000 87.0079 4.0138
2500.0000 87.1571 3.9941
2505.0000 87.2268 3.9936
2510.0000 87.4348 4.0127
2515.0000 87.3665 4.0020
2520.0000 87.4129 4.0179
2525.0000 87.4783 4.0048
2530.0000 87.4049 3.9891
2535.0000 87.6117 4.0092
2540.0000 87.6895 4.0109
2545.0000 87.5576 4.0048
2550.0000 87.6670 4.0141
2555.0000 87.6829 4.0184
2560.0000 87.6659 4.0273
2565.0000 87.8286 4.0283
2570.0000 87.8295 4.0156
2575.0000 87.7453 4.0161
2580.0000 87.7916 4.0149
2585.0000 87.7167 4.0181
2590.0000 87.7117 4.0183
2595.0000 87.6228 4.0101
2600.0000 87.5639 3.9971
2605.0000 87.7578 4.0187
2610.0000 87.9206 4.0259
2615.0000 87.9016 4.0240
2620.0000 87.7127 4.0192
2625.0000 87.8058 4.0164
2630.0000 87.7884 4.0140
2635.0000 87.9568 4.0188
2640.0000 87.8846 4.0191
2645.0000 87.7662 4.0078
2650.0000 87.8857 4.0163
2655.0000 87.9611 4.0234
2660.0000 87.7970 3.9959
2665.0000 87.6671 3.9756
2670.0000 87.3705 3.9395
2675.0000 87.4006 3.9327
2680.0000 87.4346 3.9199
2685.0000 87.4422 3.8985
2690.0000 87.4035 3.8581
2695.0000 87.2961 3.8441
2700.0000 87.4540 3.8512
2705.0000 87.6983 3.8742
2710.0000 87.5178 3.8609
2715.0000 87.6210 3.8686
2720.0000 87.6061 3.8650
2725.0000 87.6300 3.8648
2730.0000 87.7957 3.8837
2735.0000 87.7884 3.8656
2740.0000 87.6742 3.8720
2745.0000 87.7697 3.8693
2750.0000 87.8766 3.8608
2755.0000 87.9974 3.8677
2760.0000 88.1119 3.8788
2765.0000 88.0474 3.8769
2770.0000 87.9500 3.8512
2775.0000 87.9531 3.8489
2780.0000 87.6730 3.8358
2785.0000 87.7529 3.8461
2790.0000 87.7950 3.8506
2795.0000 87.9147 3.8535
2800.0000 87.9221 3.8346
2805.0000 87.8045 3.8244
2810.0000 87.7641 3.8062
2815.0000 87.6474 3.7804
2820.0000 87.5082 3.7472
2825.0000 87.4810 3.7260
2830.0000 87.3454 3.6865
2835.0000 87.2136 3.6704
2840.0000 87.1776 3.6513
2845.0000 87.1174 3.6430
2850.0000 87.0772 3.6348
2855.0000 86.9530 3.5984
2860.0000 86.5388 3.5480
2865.0000 86.3759 3.5256
2870.0000 86.4409 3.5310
2875.0000 86.4689 3.5359
2880.0000 86.4266 3.5185
2885.0000 86.2285 3.4966
2890.0000 86.1441 3.4924
2895.0000 86.0898 3.4795
2900.0000 86.3184 3.4845
2905.0000 86.2803 3.4854
2910.0000 86.3146 3.4779
2915.0000 86.4227 3.4763
2920.0000 86.3229 3.4643
2925.0000 86.1427 3.4522
2930.0000 86.2523 3.4536
2935.0000 86.2112 3.4490
2940.0000 86.0900 3.4276
2945.0000 86.1090 3.4388
2950.0000 86.1202 3.4320
2955.0000 86.1744 3.4441
2960.0000 86.2010 3.4366
2965.0000 86.0454 3.4177
2970.0000 86.1419 3.4181
2975.0000 86.2368 3.4295
2980.0000 86.4004 3.4457
2985.0000 86.2841 3.4445
2990.0000 86.2433 3.4288
2995.0000 86.2182 3.4287
3000.0000 86.2280 3.4316
3005.0000 86.2019 3.4311
3010.0000 86.1485 3.4185
3015.0000 86.1057 3.4145
3020.0000 86.2893 3.4339
3025.0000 86.3760 3.4378
3030.0000 86.1896 3.4369
3035.0000 86.2455 3.4414
3040.0000 86.2995 3.4421
3045.0000 86.3675 3.4455
3050.0000 86.2530 3.4440
3055.0000 86.2585 3.4493
3060.0000 86.1954 3.4374
3065.0000 86.0323 3.4281
3070.0000 86.3080 3.4377
3075.0000 86.3591 3.4497
3080.0000 86.1167 3.4334
3085.0000 86.4101 3.4496
3090.0000 86.5664 3.4651
3095.0000 86.5253 3.4559
3100.0000 86.6020 3.4564
3105.0000 86.5644 3.4445
3110.0000 86.5745 3.4378
3115.0000 86.7351 3.4530
3120.0000 86.8838 3.4439
3125.0000 86.7579 3.4274
3130.0000 86.9351 3.4308
3135.0000 87.0553 3.4648
3140.0000 87.0563 3.4587
3145.0000 87.0358 3.4288
3150.0000 87.2708 3.4455
3155.0000 87.3730 3.4488
3160.0000 87.3789 3.4530
3165.0000 87.3234 3.4200
3170.0000 87.6313 3.4526
3175.0000 87.7297 3.4409
3180.0000 87.4408 3.4107
3185.0000 87.7074 3.4262
3190.0000 87.9141 3.4325
3195.0000 88.1716 3.4451
3200.0000 88.1745 3.4397
3205.0000 88.1899 3.4343
3210.0000 88.1647 3.4538
3215.0000 88.0799 3.4176
3220.0000 88.5580 3.4534
3225.0000 88.4141 3.4477
3230.0000 88.4941 3.4490
3235.0000 88.3836 3.4382
3240.0000 88.6217 3.4509
3245.0000 88.6753 3.4466
3250.0000 88.7692 3.4384
3255.0000 88.7853 3.4156
3260.0000 88.7342 3.4024
3265.0000 88.6536 3.3903
3270.0000 88.2820 3.3538
3275.0000 88.2762 3.3429
3280.0000 88.3740 3.3474
3285.0000 88.3158 3.3258
3290.0000 88.3236 3.3081
3295.0000 88.2238 3.2930
3300.0000 88.1848 3.2827
3305.0000 87.9098 3.2503
3310.0000 87.8472 3.2326
3315.0000 87.5270 3.1957
3320.0000 87.7092 3.1984
3325.0000 87.8932 3.2140
3330.0000 87.9330 3.2035
3335.0000 87.8085 3.1947
3340.0000 87.9349 3.1901
3345.0000 87.8471 3.1829
3350.0000 87.8061 3.1754
3355.0000 87.7653 3.1744
3360.0000 87.9756 3.1908
3365.0000 87.8033 3.1847
3370.0000 87.8946 3.1879
3375.0000 87.8187 3.1748
3380.0000 87.8580 3.1850
3385.0000 88.0525 3.1969
3390.0000 88.0895 3.2010
3395.0000 88.1085 3.2027
3400.0000 88.2883 3.2023
3405.0000 88.1942 3.1994
3410.0000 88.1148 3.1922
3415.0000 88.1092 3.1978
3420.0000 88.0801 3.1947
3425.0000 88.1750 3.1965
3430.0000 88.1653 3.1943
3435.0000 88.3091 3.2071
3440.0000 88.3014 3.2091
3445.0000 88.1750 3.2004
3450.0000 88.4101 3.2171
3455.0000 88.5283 3.2291
3460.0000 88.4561 3.2219
3465.0000 88.3522 3.2086
3470.0000 88.3013 3.2034
3475.0000 88.3099 3.1987
3480.0000 88.2758 3.1991
3485.0000 88.3638 3.2091
3490.0000 88.1882 3.1958
3495.0000 88.2484 3.2024
3500.0000 88.1433 3.1948
3505.0000 88.0956 3.1982
3510.0000 88.2008 3.2031
3515.0000 88.3589 3.2050
3520.0000 88.2384 3.1971
3525.0000 88.2539 3.1927
3530.0000 88.2637 3.1942
3535.0000 88.2994 3.1961
3540.0000 88.3180 3.1996
3545.0000 88.3923 3.2046
3550.0000 88.2929 3.2013
3555.0000 88.5456 3.2158
3560.0000 88.4242 3.2016
3565.0000 88.4102 3.2025
3570.0000 88.3128 3.1997
3575.0000 88.2943 3.1982
3580.0000 88.2550 3.1923
3585.0000 88.2673 3.1936
3590.0000 88.2967 3.1867
3595.0000 88.1793 3.1835
3600.0000 88.1034 3.1761
3605.0000 88.0621 3.1737
3610.0000 87.9597 3.1611
3615.0000 87.8598 3.1472
3620.0000 87.6698 3.1351
3625.0000 87.5098 3.1118
3630.0000 87.4916 3.1116
3635.0000 87.4947 3.1084
3640.0000 87.2813 3.0687
3645.0000 87.3310 3.0703
3650.0000 87.1662 3.0519
3655.0000 87.1705 3.0502
3660.0000 86.9712 3.0388
3665.0000 86.6914 2.9884
3670.0000 86.5778 2.9589
3675.0000 86.6172 2.9665
3680.0000 86.4408 2.9568
3685.0000 86.3845 2.9433
3690.0000 86.4285 2.9413
3695.0000 86.2943 2.9288
3700.0000 86.2405 2.9271
3705.0000 86.1094 2.9167
3710.0000 86.1062 2.9157
3715.0000 86.0165 2.9023
3720.0000 86.0461 2.9130
3725.0000 86.0049 2.8873
3730.0000 86.0767 2.8802
3735.0000 85.9229 2.8506
3740.0000 85.8258 2.8410
3745.0000 85.6669 2.8216
3750.0000 85.6899 2.8235
3755.0000 85.7133 2.8110
3760.0000 85.8118 2.8153
3765.0000 85.8510 2.8116
3770.0000 85.6573 2.7711
3775.0000 85.8961 2.8056
3780.0000 85.7312 2.7851
3785.0000 85.9933 2.8047
3790.0000 85.8157 2.7899
3795.0000 85.7599 2.7682
3800.0000 85.6422 2.7358
3805.0000 85.7210 2.7426
3810.0000 85.4286 2.7098
3815.0000 85.7578 2.7317
3820.0000 85.9061 2.7467
3825.0000 85.9874 2.7455
3830.0000 85.8184 2.7305
3835.0000 85.8097 2.7139
3840.0000 85.6819 2.7034
3845.0000 85.7621 2.6917
3850.0000 86.0312 2.7178
3855.0000 85.9839 2.7100
3860.0000 85.8812 2.7050
3865.0000 86.0381 2.7245
3870.0000 85.9332 2.7077
3875.0000 86.0167 2.7215
3880.0000 86.0969 2.7375
3885.0000 86.1374 2.7307
3890.0000 86.4762 2.7524
3895.0000 86.2642 2.7160
3900.0000 86.4190 2.7246
3905.0000 86.2355 2.7017
3910.0000 86.2753 2.6766
3915.0000 86.1989 2.6848
3920.0000 86.1562 2.6801
3925.0000 86.0038 2.6584
3930.0000 86.0452 2.6582
3935.0000 85.8338 2.6437
3940.0000 86.0474 2.6549
3945.0000 86.1195 2.6574
3950.0000 86.0811 2.6472
3955.0000 85.8340 2.6139
3960.0000 85.8996 2.6010
3965.0000 85.8316 2.5747
3970.0000 85.8374 2.5693
3975.0000 85.8003 2.5506
3980.0000 85.8761 2.5461
3985.0000 85.7524 2.5304
3990.0000 86.0104 2.5614
3995.0000 86.0919 2.5646
4000.0000 86.0650 2.5573
4005.0000 86.1841 2.5497
4010.0000 86.1300 2.5301
4015.0000 86.1279 2.5238
4020.0000 85.9443 2.5006
4025.0000 85.9955 2.5061
4030.0000 86.0784 2.5125
4035.0000 86.0342 2.4790
4040.0000 85.9302 2.4508
4045.0000 86.2572 2.4844
4050.0000 86.2695 2.4816
4055.0000 85.9940 2.4499
4060.0000 86.1884 2.4603
4065.0000 86.2747 2.4661
4070.0000 86.2591 2.4602
4075.0000 86.4630 2.4707
4080.0000 86.4874 2.4584
4085.0000 86.4685 2.4465
4090.0000 86.2626 2.4061
4095.0000 86.3920 2.4189
4100.0000 86.2530 2.3883
4105.0000 86.1515 2.3793
4110.0000 86.0057 2.3543
4115.0000 86.2536 2.3887
4120.0000 86.2968 2.3813
4125.0000 86.1899 2.3667
4130.0000 86.2867 2.3697
4135.0000 86.0201 2.3440
4140.0000 86.1424 2.3542
4145.0000 86.1233 2.3584
4150.0000 86.3652 2.3783
4155.0000 86.2529 2.3705
4160.0000 86.2043 2.3594
4165.0000 86.3440 2.3831
4170.0000 86.4896 2.3935
4175.0000 86.3422 2.3672
4180.0000 86.3716 2.3675
4185.0000 86.1737 2.3541
4190.0000 86.0806 2.3280
4195.0000 86.1171 2.3348
4200.0000 86.2069 2.3429
4205.0000 86.2085 2.3484
4210.0000 86.1536 2.3406
4215.0000 86.3040 2.3538
4220.0000 86.2286 2.3450
4225.0000 86.4122 2.3629
4230.0000 86.4673 2.3718
4235.0000 86.3312 2.3659
4240.0000 86.2463 2.3652
4245.0000 86.1596 2.3555
4250.0000 86.3823 2.3753
4255.0000 86.2400 2.3544
4260.0000 86.2745 2.3524
4265.0000 86.1742 2.3358
4270.0000 86.1106 2.3379
4275.0000 86.1947 2.3527
4280.0000 86.2878 2.3570
4285.0000 86.0394 2.3290
4290.0000 85.9971 2.3252
4295.0000 86.5138 2.3822
4300.0000 86.1706 2.3493
4305.0000 86.0396 2.3299
4310.0000 86.2494 2.3478
4315.0000 86.2567 2.3436
4320.0000 86.0965 2.3347
4325.0000 86.1997 2.3557
4330.0000 86.1550 2.3508
4335.0000 86.0737 2.3430
4340.0000 85.8451 2.3064
4345.0000 85.8683 2.3047
4350.0000 85.8441 2.2940
4355.0000 85.8503 2.2944
4360.0000 86.0826 2.3155
4365.0000 86.1369 2.3215
4370.0000 86.1944 2.3289
4375.0000 86.3058 2.3372
4380.0000 86.3639 2.3369
4385.0000 86.2451 2.3212
4390.0000 86.2624 2.3139
4395.0000 86.2341 2.3034
4400.0000 86.1124 2.2768
4405.0000 86.0386 2.2725
4410.0000 86.2007 2.2829
4415.0000 86.2555 2.2970
4420.0000 86.1066 2.2816
4425.0000 85.9837 2.2714
4430.0000 86.0544 2.2740
4435.0000 86.0546 2.2671
4440.0000 86.0152 2.2603
4445.0000 86.0822 2.2662
4450.0000 85.9014 2.2478
4455.0000 86.0455 2.2672
4460.0000 86.0872 2.2711
4465.0000 86.2215 2.2976
4470.0000 86.0310 2.2634
4475.0000 86.1227 2.2707
4480.0000 86.0206 2.2610
4485.0000 85.8115 2.2267
4490.0000 85.9577 2.2487
4495.0000 85.9572 2.2219
4500.0000 85.8540 2.1896
4505.0000 85.9680 2.2067
4510.0000 85.9689 2.2023
4515.0000 86.0790 2.2094
4520.0000 86.0567 2.1965
4525.0000 86.1870 2.2124
4530.0000 85.9301 2.1811
4535.0000 86.1289 2.1904
4540.0000 85.9874 2.1798
4545.0000 86.0417 2.1649
4550.0000 85.7623 2.1483
4555.0000 85.8531 2.1570
4560.0000 85.8987 2.1434
4565.0000 86.1254 2.1527
4570.0000 86.1785 2.1655
4575.0000 86.2241 2.1645
4580.0000 86.2927 2.1491
4585.0000 86.2589 2.1530
4590.0000 86.4761 2.1686
4595.0000 86.4205 2.1616
4600.0000 86.4897 2.1492
4605.0000 86.5529 2.1480
4610.0000 86.7087 2.1643
4615.0000 86.6824 2.1496
4620.0000 86.7216 2.1590
4625.0000 86.9294 2.1629
4630.0000 86.7069 2.1377
4635.0000 86.8982 2.1519
4640.0000 86.8053 2.1420
4645.0000 86.6426 2.1167
4650.0000 86.7149 2.1137
4655.0000 86.6272 2.1039
4660.0000 86.6673 2.0944
4665.0000 86.7693 2.1091
4670.0000 86.7092 2.0965
4675.0000 86.5778 2.0831
4680.0000 86.6388 2.0738
4685.0000 86.4762 2.0477
4690.0000 86.3815 2.0281
4695.0000 86.4613 2.0373
4700.0000 86.5754 2.0519
4705.0000 86.7063 2.0588
4710.0000 86.5221 2.0397
4715.0000 86.6311 2.0498
4720.0000 86.6325 2.0526
4725.0000 86.7234 2.0539
4730.0000 86.8351 2.0634
4735.0000 86.8666 2.0497
4740.0000 86.6071 2.0076
4745.0000 86.7926 2.0193
4750.0000 87.0139 2.0355
4755.0000 86.7977 2.0042
4760.0000 86.6936 1.9850
4765.0000 86.5391 1.9784
4770.0000 86.6764 1.9902
4775.0000 86.6612 1.9868
4780.0000 86.7080 1.9992
4785.0000 86.5715 1.9771
4790.0000 86.6458 1.9729
4795.0000 86.7758 1.9769
4800.0000 86.6659 1.9477
4805.0000 86.6863 1.9404
4810.0000 86.5834 1.9226
4815.0000 86.4279 1.9011
4820.0000 86.5021 1.9229
4825.0000 86.5421 1.9206
4830.0000 86.7485 1.9328
4835.0000 86.8439 1.9403
4840.0000 87.0596 1.9586
4845.0000 87.0270 1.9477
4850.0000 86.9172 1.9370
4855.0000 86.7930 1.9215
4860.0000 86.8990 1.9366
4865.0000 86.8483 1.9316
4870.0000 86.5506 1.9036
4875.0000 86.6593 1.9259
4880.0000 86.9611 1.9500
4885.0000 86.6295 1.9117
4890.0000 86.7730 1.9212
4895.0000 86.5376 1.9080
4900.0000 86.5964 1.9070
4905.0000 86.7288 1.9192
4910.0000 86.8096 1.9208
4915.0000 86.9239 1.9521
4920.0000 86.9314 1.9483
4925.0000 86.8721 1.9305
4930.0000 87.0201 1.9354
4935.0000 86.9508 1.9349
4940.0000 86.6430 1.9138
4945.0000 86.8255 1.9096
4950.0000 86.6353 1.8940
4955.0000 86.5059 1.8941
4960.0000 86.4572 1.8796
4965.0000 86.5353 1.8924
4970.0000 86.6297 1.8943
4975.0000 86.6916 1.8919
4980.0000 86.6880 1.9036
4985.0000 86.5761 1.9025
4990.0000 86.6295 1.9048
4995.0000 86.7198 1.9141
5000.0000 86.6177 1.8965
5005.0000 86.4978 1.8857
5010.0000 86.4214 1.8761
5015.0000 86.2690 1.8652
5020.0000 86.4686 1.8902
5025.0000 86.4832 1.8752
5030.0000 86.2738 1.8779
5035.0000 86.3957 1.8714
5040.0000 86.4209 1.8670
5045.0000 86.6710 1.8936
5050.0000 86.6975 1.8934
5055.0000 86.6522 1.9078
5060.0000 86.7134 1.8981
5065.0000 86.8330 1.9156
5070.0000 86.7007 1.8926
5075.0000 86.8936 1.9230
5080.0000 86.6178 1.9006
5085.0000 86.6477 1.8963
5090.0000 87.0001 1.9175
5095.0000 86.9312 1.9067
5100.0000 86.6952 1.8897
5105.0000 86.6782 1.8949
5110.0000 86.4941 1.8856
5115.0000 86.5586 1.8686
5120.0000 86.4602 1.8796
5125.0000 86.6836 1.8923
5130.0000 86.7078 1.8963
5135.0000 86.5196 1.8783
5140.0000 86.7119 1.8914
5145.0000 86.9082 1.9107
5150.0000 86.9508 1.9217
5155.0000 87.2290 1.9458
5160.0000 87.1505 1.9445
5165.0000 87.0966 1.9424
5170.0000 87.0908 1.9330
5175.0000 87.0785 1.9430
5180.0000 87.3357 1.9476
5185.0000 87.2384 1.9460
5190.0000 87.1574 1.9446
5195.0000 87.0482 1.9299
5200.0000 86.9762 1.9206
5205.0000 86.7741 1.8984
5210.0000 86.8671 1.9065
5215.0000 87.0681 1.9174
5220.0000 86.9900 1.9160
5225.0000 87.0826 1.9253
5230.0000 86.9769 1.9282
5235.0000 86.6890 1.9086
5240.0000 86.6683 1.8949
5245.0000 86.5111 1.8860
5250.0000 86.6168 1.8712
5255.0000 86.6300 1.8856
5260.0000 86.7654 1.8966
5265.0000 86.6823 1.8883
5270.0000 86.7270 1.8944
5275.0000 86.6167 1.8793
5280.0000 86.4965 1.8562
5285.0000 86.6090 1.8711
5290.0000 86.7478 1.8783
5295.0000 86.5503 1.8579
5300.0000 86.3006 1.8453
5305.0000 86.6065 1.8751
5310.0000 86.5697 1.8661
5315.0000 86.4821 1.8420
5320.0000 86.4844 1.8382
5325.0000 86.7253 1.8565
5330.0000 86.8459 1.8702
5335.0000 86.7250 1.8629
5340.0000 86.7868 1.8571
5345.0000 86.6735 1.8651
5350.0000 86.6908 1.8581
5355.0000 86.7544 1.8605
5360.0000 87.0809 1.8724
5365.0000 86.6920 1.8438
5370.0000 86.5164 1.8179
5375.0000 86.8082 1.8413
5380.0000 86.7310 1.8231
5385.0000 86.7409 1.8239
5390.0000 86.6605 1.8042
5395.0000 86.6153 1.7963
5400.0000 86.5262 1.7771
5405.0000 86.7488 1.7825
5410.0000 86.8737 1.7972
5415.0000 86.7216 1.7837
5420.0000 86.5993 1.7526
5425.0000 86.6606 1.7490
5430.0000 86.8146 1.7696
5435.0000 86.7039 1.7665
5440.0000 86.6498 1.7676
5445.0000 86.6320 1.7804
5450.0000 86.6332 1.7675
5455.0000 86.8207 1.7832
5460.0000 86.6835 1.7732
5465.0000 86.5998 1.7634
5470.0000 86.8036 1.7651
5475.0000 86.8692 1.7604
5480.0000 86.6660 1.7395
5485.0000 86.9042 1.7728
5490.0000 86.7509 1.7573
5495.0000 86.5216 1.7385
5500.0000 86.5409 1.7337
5505.0000 86.3687 1.7252
5510.0000 86.3704 1.7361
5515.0000 86.6894 1.7567
5520.0000 86.7684 1.7629
5525.0000 86.9548 1.7774
5530.0000 86.7091 1.7788
5535.0000 86.7945 1.7783
5540.0000 86.8513 1.7655
5545.0000 86.8247 1.7654
5550.0000 86.7705 1.7635
5555.0000 86.8635 1.7545
5560.0000 86.8699 1.7587
5565.0000 87.1755 1.7840
5570.0000 86.9388 1.7631
5575.0000 87.1918 1.7753
5580.0000 87.0950 1.7708
5585.0000 87.0988 1.7520
5590.0000 87.2114 1.7569
5595.0000 87.1158 1.7508
5600.0000 87.3033 1.7806
5605.0000 87.1427 1.7629
5610.0000 87.0800 1.7673
5615.0000 87.1017 1.7538
5620.0000 87.1040 1.7473
5625.0000 87.1575 1.7470
5630.0000 87.3547 1.7639
5635.0000 87.4112 1.7712
5640.0000 87.3052 1.7528
5645.0000 87.1222 1.7288
5650.0000 87.0690 1.7229
5655.0000 87.3375 1.7444
5660.0000 87.2247 1.7441
5665.0000 86.9785 1.7269
5670.0000 86.9615 1.7247
5675.0000 87.0372 1.7114
5680.0000 86.9622 1.7010
5685.0000 87.0173 1.7098
5690.0000 86.8775 1.6864
5695.0000 86.8435 1.6995
5700.0000 86.8661 1.6886
5705.0000 86.7200 1.6761
5710.0000 86.9719 1.6905
5715.0000 86.9175 1.6928
5720.0000 86.8810 1.7062
5725.0000 86.9072 1.7042
5730.0000 87.0720 1.7233
5735.0000 87.0792 1.7210
5740.0000 86.8479 1.7128
5745.0000 86.8724 1.7067
5750.0000 87.0295 1.7236
5755.0000 87.1768 1.7224
5760.0000 87.1270 1.7169
5765.0000 87.0641 1.6983
5770.0000 87.0805 1.6891
5775.0000 87.0128 1.6861
5780.0000 87.0957 1.6891
5785.0000 87.0813 1.6800
5790.0000 87.0310 1.6723
5795.0000 87.0440 1.6807
5800.0000 87.0451 1.6774
5805.0000 87.3201 1.6899
5810.0000 87.1102 1.6735
5815.0000 86.9582 1.6580
5820.0000 87.2388 1.6860
5825.0000 87.2311 1.6854
5830.0000 87.5304 1.7053
5835.0000 87.2935 1.6953
5840.0000 87.3696 1.6983
5845.0000 87.4391 1.7087
5850.0000 87.2661 1.6883
5855.0000 87.4860 1.7001
5860.0000 87.4739 1.6934
5865.0000 87.5070 1.6939
5870.0000 87.6681 1.7091
5875.0000 87.5366 1.7029
5880.0000 87.3737 1.6651
5885.0000 87.6336 1.6833
5890.0000 87.4292 1.6703
5895.0000 87.1412 1.6491
5900.0000 87.2324 1.6493
5905.0000 87.1766 1.6387
5910.0000 87.0560 1.6381
5915.0000 87.3020 1.6449
5920.0000 87.3679 1.6547
5925.0000 87.4416 1.6544
5930.0000 87.2646 1.6423
5935.0000 87.3439 1.6331
5940.0000 87.4410 1.6525
5945.0000 87.4187 1.6487
5950.0000 87.4738 1.6418
5955.0000 87.2444 1.6171
5960.0000 87.2660 1.6321
5965.0000 87.0102 1.6119
5970.0000 87.0343 1.6106
5975.0000 87.0388 1.5884
5980.0000 86.9593 1.5853
5985.0000 87.3369 1.6192
5990.0000 87.1786 1.5893
5995.0000 87.3693 1.6161
6000.0000 87.4663 1.6054
6005.0000 87.3277 1.5848
6010.0000 87.2995 1.5650
6015.0000 87.2678 1.5769
6020.0000 87.1103 1.5621
6025.0000 87.2099 1.5720
6030.0000 87.3126 1.5754
6035.0000 87.1325 1.5705
6040.0000 87.0768 1.5640
6045.0000 86.9747 1.5549
6050.0000 87.1201 1.5598
6055.0000 87.1691 1.5446
6060.0000 86.9147 1.5344
6065.0000 86.9193 1.5243
6070.0000 87.2086 1.5469
6075.0000 87.1747 1.5477
6080.0000 87.2309 1.5435
6085.0000 86.8686 1.5114
6090.0000 86.7837 1.5095
6095.0000 86.9013 1.5220
6100.0000 86.9544 1.5248
6105.0000 86.7700 1.5085
6110.0000 86.8668 1.5118
6115.0000 86.9486 1.5153
6120.0000 86.9880 1.5189
6125.0000 86.7598 1.5099
6130.0000 86.9457 1.5258
6135.0000 87.0424 1.5292
6140.0000 86.9671 1.5261
6145.0000 87.0186 1.5216
6150.0000 87.0293 1.5314
6155.0000 87.0468 1.5396
6160.0000 87.3097 1.5560
6165.0000 87.6795 1.5756
6170.0000 87.4746 1.5564
6175.0000 87.3322 1.5573
6180.0000 87.3701 1.5476
6185.0000 87.4965 1.5717
6190.0000 87.3273 1.5559
6195.0000 87.5192 1.5702
6200.0000 87.3818 1.5612
6205.0000 87.4032 1.5575
6210.0000 87.3494 1.5430
6215.0000 86.9546 1.5290
6220.0000 86.9515 1.5187
6225.0000 86.9764 1.5214
6230.0000 87.1619 1.5362
6235.0000 87.2434 1.5399
6240.0000 87.1395 1.5462
6245.0000 86.9387 1.5201
6250.0000 86.9443 1.5108
6255.0000 86.8946 1.5191
6260.0000 86.9812 1.5248
6265.0000 87.2432 1.5423
6270.0000 87.3510 1.5569
6275.0000 87.2210 1.5493
6280.0000 87.1958 1.5582
6285.0000 87.3454 1.5699
6290.0000 87.3959 1.5692
6295.0000 87.5504 1.5717
6300.0000 87.5338 1.5852
6305.0000 87.5146 1.5775
6310.0000 87.3765 1.5631
6315.0000 87.3916 1.5498
6320.0000 87.4388 1.5519
6325.0000 87.3441 1.5431
6330.0000 87.2338 1.5291
6335.0000 87.2471 1.5243
6340.0000 87.3023 1.5220
6345.0000 87.2755 1.5197
6350.0000 87.3086 1.5179
6355.0000 87.4773 1.5274
6360.0000 87.5234 1.5339
6365.0000 87.5598 1.5254
6370.0000 87.7155 1.5374
6375.0000 87.6928 1.5315
6380.0000 87.3561 1.4917
6385.0000 87.3469 1.4909
6390.0000 87.2256 1.4929
6395.0000 86.9760 1.4590
6400.0000 86.8794 1.4514
6405.0000 87.0218 1.4557
6410.0000 87.0056 1.4640
6415.0000 87.1899 1.4742
6420.0000 87.1480 1.4746
6425.0000 87.3602 1.4810
6430.0000 87.1106 1.4728
6435.0000 87.1605 1.4725
6440.0000 87.0582 1.4522
6445.0000 87.2207 1.4619
6450.0000 87.2504 1.4606
6455.0000 87.2362 1.4547
6460.0000 87.3352 1.4574
6465.0000 87.4189 1.4608
6470.0000 87.1482 1.4318
6475.0000 87.0194 1.4171
6480.0000 87.1961 1.4294
6485.0000 87.1441 1.4330
6490.0000 87.3745 1.4407
6495.0000 87.3414 1.4309
6500.0000 87.3392 1.4259
6505.0000 87.1622 1.4029
6510.0000 87.1432 1.4119
6515.0000 87.4153 1.4274
6520.0000 87.4892 1.4240
6525.0000 87.3146 1.4071
6530.0000 87.0733 1.3822
6535.0000 87.0295 1.3654
6540.0000 87.1176 1.3804
6545.0000 87.1557 1.3877
6550.0000 87.4886 1.4069
6555.0000 87.6719 1.4248
6560.0000 87.6876 1.4225
6565.0000 87.6257 1.4106
6570.0000 87.5583 1.4004
6575.0000 87.3620 1.3768
6580.0000 87.3806 1.3743
6585.0000 87.6298 1.3884
6590.0000 87.7155 1.3879
6595.0000 87.4348 1.3669
6600.0000 87.6405 1.3780
6605.0000 87.5407 1.3621
6610.0000 87.2726 1.3445
6615.0000 87.0527 1.3244
6620.0000 87.1440 1.3266
6625.0000 87.0134 1.3071
6630.0000 87.1734 1.3173
6635.0000 87.3512 1.3271
6640.0000 87.3440 1.3108
6645.0000 87.4447 1.3221
6650.0000 87.3202 1.3107
6655.0000 87.2850 1.3088
6660.0000 87.2601 1.2941
6665.0000 87.1917 1.2869
6670.0000 87.2834 1.2959
6675.0000 87.3994 1.2989
6680.0000 87.2678 1.2833
6685.0000 87.2542 1.2775
6690.0000 87.5281 1.2975
6695.0000 87.4851 1.2893
6700.0000 87.3766 1.2835
6705.0000 87.4379 1.2925
6710.0000 87.4618 1.2917
6715.0000 87.6059 1.3100
6720.0000 87.5865 1.3087
6725.0000 87.4339 1.2950
6730.0000 87.2569 1.2857
6735.0000 87.3234 1.2855
6740.0000 87.2219 1.2768
6745.0000 87.2939 1.2931
6750.0000 87.3928 1.2996
6755.0000 87.3322 1.2889
6760.0000 87.1779 1.2651
6765.0000 87.5200 1.2863
6770.0000 87.3362 1.2875
6775.0000 87.4784 1.2870
6780.0000 87.8126 1.3170
6785.0000 87.8255 1.3072
6790.0000 87.6715 1.2972
6795.0000 87.4998 1.2879
6800.0000 87.4234 1.2836
6805.0000 87.3921 1.2720
6810.0000 87.3341 1.2648
6815.0000 87.2975 1.2674
6820.0000 87.6080 1.2882
6825.0000 87.5015 1.2972
6830.0000 87.4734 1.2784
6835.0000 87.4742 1.2737
6840.0000 87.4347 1.2801
6845.0000 87.5420 1.2894
6850.0000 87.3368 1.2724
6855.0000 87.2367 1.2467
6860.0000 87.3577 1.2608
6865.0000 87.4840 1.2726
6870.0000 87.4371 1.2557
6875.0000 87.5454 1.2690
6880.0000 87.6556 1.2703
6885.0000 87.5278 1.2550
6890.0000 87.5007 1.2496
6895.0000 87.5003 1.2531
6900.0000 87.4526 1.2451
6905.0000 87.5277 1.2519
6910.0000 87.5046 1.2490
6915.0000 87.7694 1.2730
6920.0000 87.7855 1.2735
6925.0000 87.9044 1.2729
6930.0000 87.6339 1.2551
6935.0000 87.6242 1.2448
6940.0000 87.6215 1.2489
6945.0000 87.8909 1.2726
6950.0000 87.7173 1.2595
6955.0000 87.5174 1.2388
6960.0000 87.5067 1.2395
6965.0000 87.6445 1.2559
6970.0000 87.6448 1.2609
6975.0000 87.6821 1.2545
6980.0000 87.8060 1.2620
6985.0000 87.9139 1.2672
6990.0000 87.7224 1.2543
6995.0000 87.6138 1.2372
7000.0000 87.4906 1.2214
7005.0000 87.6010 1.2360
7010.0000 87.6813 1.2317
7015.0000 87.7588 1.2441
7020.0000 88.0169 1.2674
7025.0000 88.0558 1.2756
7030.0000 88.1032 1.2710
7035.0000 87.6715 1.2471
7040.0000 87.6446 1.2317
7045.0000 88.2054 1.2627
7050.0000 87.8201 1.2269
7055.0000 87.9007 1.2298
7060.0000 87.7419 1.2257
7065.0000 87.7677 1.2267
7070.0000 87.8990 1.2367
7075.0000 87.9166 1.2334
7080.0000 88.0021 1.2512
7085.0000 87.8564 1.2510
7090.0000 87.8455 1.2379
7095.0000 87.8229 1.2423
7100.0000 87.6981 1.2376
7105.0000 87.5026 1.2210
7110.0000 87.6200 1.2306
7115.0000 87.7833 1.2399
7120.0000 87.6960 1.2488
7125.0000 87.5738 1.2333
7130.0000 87.7520 1.2333
7135.0000 87.4399 1.2147
7140.0000 87.4324 1.2113
7145.0000 87.4997 1.2145
7150.0000 87.4334 1.2071
7155.0000 87.4630 1.2076
7160.0000 87.5755 1.2107
7165.0000 87.4522 1.1918
7170.0000 87.4882 1.2044
7175.0000 87.4086 1.2173
7180.0000 87.6541 1.2173
7185.0000 87.6566 1.1942
7190.0000 87.6771 1.1934
7195.0000 87.5340 1.1930
7200.0000 87.4258 1.1693
7205.0000 87.4963 1.1661
7210.0000 87.4318 1.1662
7215.0000 87.4918 1.1650
7220.0000 87.5925 1.1732
7225.0000 87.5052 1.1663
7230.0000 87.5649 1.1792
7235.0000 87.6922 1.1750
7240.0000 87.8422 1.1808
7245.0000 87.7011 1.1642
7250.0000 87.6479 1.1402
7255.0000 87.5381 1.1378
7260.0000 87.5076 1.1378
7265.0000 87.7450 1.1520
7270.0000 87.6424 1.1456
7275.0000 87.6067 1.1493
7280.0000 87.6381 1.1473
7285.0000 87.7070 1.1476
7290.0000 87.7586 1.1511
7295.0000 87.8277 1.1584
7300.0000 87.7080 1.1417
7305.0000 87.5717 1.1366
7310.0000 87.7037 1.1475
7315.0000 87.6591 1.1294
7320.0000 87.4159 1.1031
7325.0000 87.3485 1.1051
7330.0000 87.3405 1.1084
7335.0000 87.6603 1.1396
7340.0000 87.7642 1.1447
7345.0000 87.7229 1.1407
7350.0000 87.8327 1.1436
7355.0000 87.4170 1.1102
7360.0000 87.4120 1.1012
7365.0000 87.5568 1.1104
7370.0000 87.4925 1.1041
7375.0000 87.4786 1.1098
7380.0000 87.4164 1.1085
7385.0000 87.6256 1.1161
7390.0000 87.5085 1.1142
7395.0000 87.4149 1.1006
7400.0000 87.5490 1.0966
7405.0000 87.5892 1.0911
7410.0000 87.5511 1.1021
7415.0000 87.7508 1.1092
7420.0000 87.7400 1.1067
7425.0000 87.6369 1.1067
7430.0000 87.7250 1.1042
7435.0000 87.8055 1.1155
7440.0000 87.7282 1.0929
7445.0000 87.6685 1.0960
7450.0000 87.6792 1.0935
7455.0000 87.6161 1.0972
7460.0000 87.8795 1.1095
7465.0000 87.6405 1.0883
7470.0000 87.8823 1.1116
7475.0000 87.8029 1.0998
7480.0000 88.0164 1.1188
7485.0000 87.8959 1.1139
7490.0000 87.8488 1.1103
7495.0000 87.9390 1.1097
7500.0000 87.9128 1.1157
7505.0000 87.8391 1.1049
7510.0000 87.5748 1.0714
7515.0000 87.4881 1.0616
7520.0000 87.8077 1.0906
7525.0000 87.9330 1.0879
7530.0000 87.7983 1.0915
7535.0000 87.7911 1.0906
7540.0000 87.6496 1.0895
7545.0000 87.8472 1.0891
7550.0000 87.8179 1.1012
7555.0000 87.8332 1.1078
7560.0000 87.7166 1.0965
7565.0000 87.7451 1.0931
7570.0000 88.0374 1.1176
7575.0000 87.9376 1.1008
7580.0000 87.9530 1.0967
7585.0000 87.8178 1.0843
7590.0000 87.7797 1.0970
7595.0000 87.8566 1.0902
7600.0000 87.6515 1.0675
7605.0000 87.5652 1.0761
7610.0000 87.8279 1.0884
7615.0000 87.7739 1.0895
7620.0000 87.8394 1.0913
7625.0000 87.9370 1.1022
7630.0000 88.0515 1.0969
7635.0000 87.9052 1.0898
7640.0000 87.8422 1.0832
7645.0000 87.8433 1.0803
7650.0000 87.7152 1.0769
7655.0000 87.6494 1.0786
7660.0000 87.5825 1.0705
7665.0000 87.8934 1.0903
7670.0000 87.5518 1.0777
7675.0000 87.8202 1.1062
7680.0000 87.7204 1.0915
7685.0000 87.7792 1.0860
7690.0000 87.5863 1.0854
7695.0000 87.7274 1.0876
7700.0000 87.6643 1.0799
7705.0000 87.6021 1.0660
7710.0000 87.5616 1.0625
7715.0000 87.7069 1.0793
7720.0000 87.6361 1.0830
7725.0000 87.6042 1.0753
7730.0000 87.7258 1.0818
7735.0000 87.6583 1.0801
7740.0000 87.4701 1.0799
7745.0000 87.6184 1.0944
7750.0000 87.9039 1.1067
7755.0000 87.8373 1.1100
7760.0000 87.6133 1.0953
7765.0000 87.8728 1.0916
7770.0000 87.8367 1.1116
7775.0000 87.7799 1.1049
7780.0000 87.7275 1.1060
7785.0000 87.6817 1.0936
7790.0000 87.7668 1.0911
7795.0000 87.6054 1.0907
7800.0000 87.7823 1.0950
7805.0000 87.7188 1.0920
7810.0000 87.6388 1.0793
7815.0000 87.7242 1.0826
7820.0000 87.6565 1.0709
7825.0000 87.8387 1.0940
7830.0000 87.8349 1.0971
7835.0000 87.7439 1.0915
7840.0000 87.6740 1.0973
7845.0000 87.5873 1.0784
7850.0000 87.7365 1.0980
7855.0000 87.9187 1.1069
7860.0000 87.6604 1.0844
7865.0000 87.7377 1.0839
7870.0000 87.5265 1.0704
7875.0000 87.6801 1.0783
7880.0000 87.5207 1.0699
7885.0000 87.5772 1.0706
7890.0000 87.4647 1.0640
7895.0000 87.5646 1.0581
7900.0000 87.6630 1.0732
7905.0000 87.4396 1.0655
7910.0000 87.4955 1.0723
7915.0000 87.5232 1.0825
7920.0000 87.7041 1.0929
7925.0000 87.9705 1.1094
7930.0000 88.0877 1.1205
7935.0000 88.2060 1.1197
7940.0000 88.0602 1.1135
7945.0000 87.8615 1.1047
7950.0000 87.9623 1.1099
7955.0000 87.9873 1.1073
7960.0000 87.8668 1.1023
7965.0000 87.8944 1.0948
7970.0000 87.8954 1.0939
7975.0000 88.1220 1.1065
7980.0000 87.8550 1.0962
7985.0000 87.7434 1.0899
7990.0000 87.9404 1.1079
7995.0000 87.7860 1.0971
8000.0000 87.9208 1.1002
8005.0000 87.6112 1.0844
8010.0000 87.7638 1.0861
8015.0000 87.8568 1.0950
8020.0000 87.9870 1.0954
8025.0000 87.7950 1.0992
8030.0000 87.8845 1.0936
8035.0000 87.8085 1.0840
8040.0000 87.9046 1.0909
8045.0000 87.7835 1.0934
8050.0000 87.9852 1.1012
8055.0000 87.8764 1.1030
8060.0000 87.8618 1.1063
8065.0000 88.1270 1.1116
8070.0000 88.0469 1.1149
8075.0000 88.0945 1.1129
8080.0000 88.1112 1.1300
8085.0000 87.9463 1.1142
8090.0000 87.7902 1.0989
8095.0000 87.7773 1.1010
8100.0000 88.0256 1.1050
8105.0000 87.9137 1.1104
8110.0000 87.8245 1.1033
8115.0000 87.8474 1.0994
8120.0000 87.9635 1.1091
8125.0000 87.9069 1.0920
8130.0000 87.8732 1.1078
8135.0000 88.1453 1.1276
8140.0000 87.8537 1.0996
8145.0000 87.8108 1.1062
8150.0000 87.9285 1.1117
8155.0000 87.8136 1.1051
8160.0000 87.6923 1.0820
8165.0000 87.8154 1.0962
8170.0000 87.8033 1.0823
8175.0000 87.9412 1.0885
8180.0000 87.9697 1.0957
8185.0000 87.8956 1.0932
8190.0000 87.8277 1.0886
8195.0000 87.8433 1.0862
8200.0000 87.7639 1.0760
8205.0000 87.9494 1.0864
8210.0000 88.0386 1.0949
8215.0000 88.0065 1.0918
8220.0000 87.8823 1.0765
8225.0000 87.7085 1.0571
8230.0000 87.5568 1.0421
8235.0000 87.6799 1.0458
8240.0000 87.7562 1.0487
8245.0000 87.6927 1.0474
8250.0000 87.5271 1.0325
8255.0000 87.6462 1.0416
8260.0000 87.3109 1.0410
8265.0000 87.3874 1.0313
8270.0000 87.2885 1.0295
8275.0000 87.3915 1.0282
8280.0000 87.4390 1.0184
8285.0000 87.4174 1.0250
8290.0000 87.3652 1.0240
8295.0000 87.6087 1.0345
8300.0000 87.8091 1.0374
8305.0000 87.7868 1.0275
8310.0000 87.7217 1.0259
8315.0000 88.0118 1.0420
8320.0000 88.0425 1.0463
8325.0000 87.8361 1.0286
8330.0000 87.7474 1.0137
8335.0000 87.8250 1.0276
8340.0000 87.6057 1.0284
8345.0000 87.9246 1.0402
8350.0000 88.0204 1.0453
8355.0000 88.1247 1.0324
8360.0000 87.9888 1.0391
8365.0000 88.1365 1.0409
8370.0000 87.9285 1.0231
8375.0000 87.7673 1.0201
8380.0000 87.8051 1.0154
8385.0000 87.8284 1.0109
8390.0000 87.9010 1.0107
8395.0000 87.8569 1.0062
8400.0000 87.9437 1.0032
8405.0000 88.0195 1.0169
8410.0000 87.7466 1.0050
8415.0000 87.7657 1.0012
8420.0000 87.7203 1.0056
8425.0000 87.6326 0.9972
8430.0000 87.5882 0.9998
8435.0000 87.5770 1.0004
8440.0000 87.6845 1.0125
8445.0000 87.7135 1.0061
8450.0000 87.7088 1.0030
8455.0000 87.6593 0.9945
8460.0000 87.7907 1.0074
8465.0000 87.9841 1.0167
8470.0000 87.9784 1.0135
8475.0000 88.0039 1.0244
8480.0000 88.0310 1.0246
8485.0000 88.0537 1.0223
8490.0000 87.9724 1.0159
8495.0000 88.1009 1.0195
8500.0000 87.9106 1.0154
8505.0000 87.8623 1.0070
8510.0000 88.0538 1.0323
8515.0000 87.9865 1.0294
8520.0000 88.0195 1.0330
8525.0000 87.8764 1.0221
8530.0000 88.0056 1.0139
8535.0000 88.1004 1.0146
8540.0000 87.9396 1.0070
8545.0000 87.8415 0.9968
8550.0000 87.9586 1.0088
8555.0000 87.8034 1.0014
8560.0000 87.7830 1.0028
8565.0000 87.7659 0.9996
8570.0000 87.9386 0.9976
8575.0000 87.8454 0.9910
8580.0000 88.0503 1.0144
8585.0000 87.8418 1.0171
8590.0000 87.8805 1.0129
8595.0000 87.9380 1.0252
8600.0000 87.7656 1.0085
8605.0000 87.9041 1.0068
8610.0000 88.0948 1.0231
8615.0000 87.9928 1.0105
8620.0000 87.7787 0.9945
8625.0000 87.9831 1.0008
8630.0000 88.0872 1.0002
8635.0000 87.9159 0.9926
8640.0000 87.9869 1.0024
8645.0000 87.8705 0.9943
8650.0000 87.8036 0.9762
8655.0000 87.7951 0.9810
8660.0000 87.6894 0.9743
8665.0000 87.9919 0.9736
8670.0000 87.7256 0.9650
8675.0000 87.9724 0.9647
8680.0000 87.7507 0.9632
8685.0000 87.9827 0.9747
8690.0000 87.8466 0.9737
8695.0000 87.9491 0.9662
8700.0000 87.9878 0.9604
8705.0000 87.9612 0.9626
8710.0000 88.0973 0.9730
8715.0000 87.9479 0.9560
8720.0000 87.8124 0.9515
8725.0000 87.9507 0.9472
8730.0000 87.9532 0.9427
8735.0000 87.7876 0.9384
8740.0000 87.8780 0.9361
8745.0000 87.9086 0.9376
8750.0000 87.7879 0.9365
8755.0000 88.0416 0.9482
8760.0000 88.2065 0.9596
8765.0000 87.7561 0.9377
8770.0000 87.9955 0.9451
8775.0000 87.9310 0.9397
8780.0000 87.8755 0.9402
8785.0000 88.0675 0.9520
8790.0000 87.9876 0.9400
8795.0000 88.1220 0.9503
8800.0000 88.0526 0.9454
8805.0000 88.0746 0.9441
8810.0000 87.9906 0.9300
8815.0000 88.2574 0.9574
8820.0000 87.9699 0.9623
8825.0000 87.9027 0.9447
8830.0000 87.7222 0.9298
8835.0000 87.8149 0.9211
8840.0000 87.9284 0.9377
8845.0000 87.9555 0.9372
8850.0000 87.8862 0.9288
8855.0000 87.8657 0.9311
8860.0000 88.0848 0.9418
8865.0000 87.8426 0.9240
8870.0000 88.0197 0.9362
8875.0000 87.9399 0.9343
8880.0000 87.9660 0.9371
8885.0000 88.0117 0.9340
8890.0000 87.9197 0.9165
8895.0000 87.7988 0.9029
8900.0000 87.9437 0.9058
8905.0000 88.3966 0.9229
8910.0000 88.0500 0.9180
8915.0000 88.1088 0.9223
8920.0000 87.9312 0.9024
8925.0000 88.0700 0.9137
8930.0000 87.7761 0.8940
8935.0000 87.7306 0.8986
8940.0000 87.8484 0.9048
8945.0000 87.9062 0.9079
8950.0000 87.7737 0.8847
8955.0000 87.9241 0.8844
8960.0000 88.0457 0.9005
8965.0000 88.1688 0.9024
8970.0000 88.1595 0.8990
8975.0000 88.0605 0.8967
8980.0000 88.1923 0.8916
8985.0000 88.3234 0.8958
8990.0000 88.3133 0.8773
8995.0000 88.0015 0.8859
9000.0000 88.1790 0.8751
9005.0000 88.2554 0.8896
9010.0000 88.2703 0.8783
9015.0000 88.2627 0.8777
9020.0000 88.5269 0.8989
9025.0000 88.6428 0.9010
9030.0000 88.4062 0.8824
9035.0000 88.4651 0.8820
9040.0000 88.3953 0.8741
9045.0000 88.3485 0.8781
9050.0000 88.1215 0.8583
9055.0000 88.2567 0.8615
9060.0000 88.2205 0.8614
9065.0000 88.4313 0.8666
9070.0000 88.2523 0.8518
9075.0000 88.3396 0.8480
9080.0000 88.1749 0.8282
9085.0000 88.2525 0.8375
9090.0000 88.4067 0.8478
9095.0000 88.3707 0.8466
9100.0000 88.2695 0.8334
9105.0000 88.0552 0.8189
9110.0000 88.1738 0.8269
9115.0000 88.1533 0.8154
9120.0000 88.4265 0.8176
9125.0000 88.0685 0.7978
9130.0000 88.0095 0.7778
9135.0000 88.0520 0.7921
9140.0000 88.0427 0.7703
9145.0000 88.1060 0.7709
9150.0000 88.0651 0.7843
9155.0000 88.2972 0.7852
9160.0000 88.0501 0.7782
9165.0000 88.0279 0.7823
9170.0000 88.1798 0.7883
9175.0000 87.8421 0.7836
9180.0000 87.8048 0.7719
9185.0000 87.8997 0.7798
9190.0000 88.1534 0.7827
9195.0000 88.0888 0.7774
9200.0000 88.2214 0.7881
9205.0000 88.0282 0.7727
9210.0000 88.2331 0.7738
9215.0000 88.1206 0.7640
9220.0000 88.3174 0.7868
9225.0000 88.6695 0.8100
9230.0000 88.7132 0.8100
9235.0000 88.3802 0.8038
9240.0000 88.8732 0.8150
9245.0000 88.4581 0.8003
9250.0000 88.2382 0.7813
9255.0000 88.0395 0.7605
9260.0000 88.0922 0.7635
9265.0000 88.3763 0.7786
9270.0000 88.2236 0.7616
9275.0000 88.1644 0.7623
9280.0000 88.0557 0.7482
9285.0000 88.2573 0.7570
9290.0000 88.3320 0.7547
9295.0000 88.4789 0.7731
9300.0000 88.4373 0.7737
9305.0000 88.3252 0.7574
9310.0000 88.4532 0.7559
9315.0000 88.3811 0.7500
9320.0000 88.5241 0.7566
9325.0000 88.4864 0.7486
9330.0000 88.5034 0.7490
9335.0000 88.9164 0.7788
9340.0000 88.8750 0.7657
9345.0000 88.7514 0.7543
9350.0000 88.9103 0.7668
9355.0000 88.7143 0.7555
9360.0000 88.6673 0.7549
9365.0000 88.7694 0.7711
9370.0000 88.5682 0.7532
9375.0000 88.6242 0.7560
9380.0000 88.4519 0.7363
9385.0000 88.5227 0.7294
9390.0000 88.3321 0.7120
9395.0000 88.3943 0.7246
9400.0000 88.4192 0.7273
9405.0000 88.3763 0.7275
9410.0000 88.3808 0.7211
9415.0000 88.3042 0.7169
9420.0000 88.3299 0.6975
9425.0000 88.2979 0.6863
9430.0000 88.2548 0.6868
9435.0000 88.4424 0.6919
9440.0000 88.3327 0.6732
9445.0000 88.3707 0.6850
9450.0000 88.4248 0.6790
9455.0000 88.4783 0.6854
9460.0000 88.5615 0.6905
9465.0000 88.6131 0.6923
9470.0000 88.4846 0.6826
9475.0000 88.5135 0.6619
9480.0000 88.3406 0.6327
9485.0000 88.3583 0.6295
9490.0000 88.6386 0.6470
9495.0000 88.4846 0.6300
9500.0000 88.5459 0.6172
9505.0000 88.3499 0.6124
9510.0000 88.3566 0.6005
9515.0000 88.1359 0.5988
9520.0000 88.4359 0.5987
9525.0000 88.2858 0.5973
9530.0000 88.3855 0.6005
9535.0000 88.4131 0.6103
9540.0000 88.3065 0.6053
9545.0000 88.4137 0.5997
9550.0000 88.2859 0.5982
9555.0000 88.3391 0.6172
9560.0000 88.2774 0.6093
9565.0000 88.3892 0.6138
9570.0000 88.1847 0.6124
9575.0000 88.1157 0.5904
9580.0000 88.1701 0.5832
9585.0000 88.1504 0.5808
9590.0000 88.4549 0.6079
9595.0000 88.4105 0.6085
9600.0000 88.2388 0.6050
9605.0000 88.1272 0.6038
9610.0000 88.2131 0.5787
9615.0000 88.0396 0.5743
9620.0000 88.1494 0.5828
9625.0000 88.0758 0.5755
9630.0000 88.0100 0.5798
9635.0000 88.2713 0.5924
9640.0000 88.5311 0.6140
9645.0000 88.4596 0.6016
9650.0000 88.3173 0.5910
9655.0000 88.2646 0.6011
9660.0000 88.1693 0.6018
9665.0000 88.3480 0.6190
9670.0000 88.3234 0.6134
9675.0000 88.2845 0.5938
9680.0000 88.0374 0.6042
9685.0000 88.3602 0.6063
9690.0000 88.3347 0.6102
9695.0000 88.1992 0.6018
9700.0000 88.3893 0.6059
9705.0000 88.2514 0.5925
9710.0000 88.5374 0.6017
9715.0000 88.4251 0.5934
9720.0000 88.5992 0.5983
9725.0000 88.5619 0.5924
9730.0000 88.6368 0.5995
9735.0000 88.3527 0.5889
9740.0000 88.6992 0.5995
9745.0000 88.5470 0.5950
9750.0000 88.4885 0.5907
9755.0000 88.2546 0.5756
9760.0000 88.2861 0.5825
9765.0000 88.3789 0.5909
9770.0000 88.5013 0.5971
9775.0000 88.1940 0.5670
9780.0000 88.3697 0.5744
9785.0000 88.2288 0.5776
9790.0000 88.3797 0.5881
9795.0000 88.4500 0.5899
9800.0000 88.6129 0.6013
9805.0000 88.6517 0.5958
9810.0000 88.6181 0.6053
9815.0000 88.5744 0.6128
9820.0000 88.6003 0.6090
9825.0000 88.8028 0.6204
9830.0000 88.5332 0.6068
9835.0000 88.6740 0.6219
9840.0000 88.6155 0.6156
9845.0000 88.4573 0.6241
9850.0000 88.8470 0.6210
9855.0000 88.5860 0.6120
9860.0000 88.3468 0.5908
9865.0000 88.3717 0.6009
9870.0000 88.5002 0.5996
9875.0000 88.5168 0.6182
9880.0000 88.4286 0.6103
9885.0000 88.5939 0.6148
9890.0000 88.5150 0.6057
9895.0000 88.5059 0.6062
9900.0000 88.4713 0.6000
9905.0000 88.6625 0.6145
9910.0000 88.5835 0.6172
9915.0000 88.9889 0.6109
9920.0000 88.7570 0.5937
9925.0000 88.6354 0.5996
9930.0000 88.7110 0.6027
9935.0000 88.4937 0.5980
9940.0000 88.6083 0.6101
9945.0000 88.3035 0.5981
9950.0000 88.4859 0.6065
9955.0000 88.5042 0.6075
9960.0000 88.4867 0.6075
9965.0000 88.4527 0.5967
9970.0000 88.6835 0.6156
9975.0000 88.6392 0.6032
9980.0000 88.2640 0.5986
9985.0000 88.5625 0.6003
9990.0000 88.5213 0.5895
9995.0000 88.4610 0.5899
10000.0000 88.4636 0.5929
10005.0000 88.3931 0.5808
10010.0000 88.4729 0.5900
10015.0000 88.4272 0.5767
10020.0000 88.6709 0.5895
10025.0000 88.6846 0.5917
10030.0000 88.4747 0.5989
10035.0000 88.3714 0.5846
10040.0000 88.3433 0.5825
10045.0000 88.2904 0.5800
10050.0000 88.3865 0.5712
10055.0000 88.4625 0.5843
10060.0000 88.3748 0.5701
10065.0000 88.4414 0.5805
10070.0000 88.2865 0.5734
10075.0000 88.3555 0.5859
10080.0000 88.2747 0.5632
10085.0000 88.4031 0.5668
10090.0000 88.0561 0.5561
10095.0000 88.1143 0.5462
10100.0000 88.0210 0.5591
10105.0000 88.3303 0.5704
10110.0000 88.1853 0.5696
10115.0000 88.3366 0.5757
10120.0000 88.1542 0.5663
10125.0000 88.2545 0.5676
10130.0000 88.5115 0.5768
10135.0000 88.3963 0.5747
10140.0000 88.2890 0.5711
10145.0000 88.2803 0.5732
10150.0000 88.4253 0.5772
10155.0000 88.3499 0.5793
10160.0000 88.6467 0.6064
10165.0000 88.3456 0.5899
10170.0000 88.5078 0.5939
10175.0000 88.2704 0.5919
10180.0000 88.1559 0.5764
10185.0000 88.2368 0.5847
10190.0000 88.6668 0.6077
10195.0000 88.7675 0.6066
10200.0000 88.2502 0.5831
10205.0000 88.5286 0.6031
10210.0000 88.4711 0.6015
10215.0000 88.6311 0.6018
10220.0000 88.6102 0.6017
10225.0000 88.4612 0.5906
10230.0000 88.2006 0.5778
10235.0000 88.4565 0.5863
10240.0000 88.3963 0.5883
10245.0000 88.5505 0.5859
10250.0000 88.5654 0.5967
10255.0000 88.5504 0.6037
10260.0000 88.6900 0.5992
10265.0000 88.5875 0.5982
10270.0000 88.5694 0.5857
10275.0000 88.5335 0.5835
10280.0000 88.5293 0.5848
10285.0000 88.3909 0.5740
10290.0000 88.4070 0.5896
10295.0000 88.4515 0.5616
10300.0000 88.5133 0.5663
10305.0000 88.3204 0.5675
10310.0000 88.5923 0.5637
10315.0000 88.8108 0.5850
10320.0000 88.7053 0.5760
10325.0000 88.8577 0.5647
10330.0000 88.6066 0.5578
10335.0000 88.6638 0.5682
10340.0000 88.6930 0.5605
10345.0000 88.6695 0.5528
10350.0000 88.8796 0.5585
10355.0000 88.6746 0.5543
10360.0000 88.5379 0.5441
10365.0000 88.6138 0.5391
10370.0000 88.8416 0.5489
10375.0000 88.9784 0.5432
10380.0000 88.6085 0.5338
10385.0000 88.5740 0.5258
10390.0000 88.4496 0.5099
10395.0000 88.5357 0.5078
10400.0000 88.1896 0.4889
10405.0000 88.4696 0.5098
10410.0000 88.3326 0.4963
10415.0000 88.6532 0.5317
10420.0000 88.6470 0.5207
10425.0000 88.3693 0.5139
10430.0000 88.5736 0.5222
10435.0000 88.6404 0.5219
10440.0000 88.3660 0.5021
10445.0000 88.5006 0.5116
10450.0000 88.6988 0.5139
10455.0000 88.6953 0.5145
10460.0000 88.6089 0.5145
10465.0000 88.7771 0.5202
10470.0000 88.7404 0.5248
10475.0000 88.6714 0.5059
10480.0000 88.8116 0.4917
10485.0000 88.6337 0.4831
10490.0000 88.5586 0.4790
10495.0000 88.5260 0.4742
10500.0000 88.4808 0.4615
10505.0000 88.4818 0.4641
10510.0000 88.6912 0.4705
10515.0000 88.5084 0.4836
10520.0000 88.6028 0.4815
10525.0000 88.7071 0.4836
10530.0000 88.6722 0.4701
10535.0000 88.8153 0.4768
10540.0000 88.7719 0.4732
10545.0000 88.6132 0.4714
10550.0000 88.4748 0.4569
10555.0000 88.6357 0.4695
10560.0000 88.5798 0.4676
10565.0000 88.6600 0.4650
10570.0000 88.6470 0.4661
10575.0000 88.5434 0.4553
10580.0000 88.5231 0.4586
10585.0000 88.3401 0.4475
10590.0000 88.5824 0.4511
10595.0000 88.5797 0.4455
10600.0000 88.5788 0.4511
10605.0000 88.5023 0.4525
10610.0000 88.4349 0.4403
10615.0000 88.4453 0.4447
10620.0000 88.6223 0.4373
10625.0000 88.3054 0.4250
10630.0000 88.5302 0.4465
10635.0000 88.4808 0.4446
10640.0000 88.5667 0.4486
10645.0000 88.6284 0.4471
10650.0000 88.7998 0.4608
10655.0000 88.6751 0.4476
10660.0000 88.9298 0.4467
10665.0000 88.9433 0.4571
10670.0000 89.0234 0.4573
10675.0000 89.1352 0.4720
10680.0000 89.2786 0.4637
10685.0000 89.1368 0.4787
10690.0000 89.3523 0.4743
10695.0000 89.1133 0.4682
10700.0000 89.0071 0.4694
10705.0000 89.0668 0.4665
10710.0000 88.8518 0.4525
10715.0000 88.9325 0.4620
10720.0000 89.0426 0.4692
10725.0000 89.0862 0.4591
10730.0000 89.0148 0.4513
10735.0000 89.0888 0.4402
10740.0000 89.0044 0.4420
10745.0000 88.9247 0.4401
10750.0000 88.7406 0.4254
10755.0000 88.9135 0.4322
10760.0000 88.7079 0.4183
10765.0000 88.7808 0.4179
10770.0000 88.8254 0.4326
10775.0000 88.8050 0.4339
10780.0000 88.9094 0.4535
10785.0000 89.0082 0.4348
10790.0000 88.9656 0.4349
10795.0000 88.6683 0.4047
10800.0000 88.5019 0.4006
10805.0000 88.4619 0.3817
10810.0000 88.3604 0.3822
10815.0000 88.5266 0.4031
10820.0000 88.6663 0.4124
10825.0000 88.9938 0.4121
10830.0000 88.8866 0.4323
10835.0000 88.8865 0.4319
10840.0000 89.1657 0.4208
10845.0000 88.9177 0.4235
10850.0000 88.8645 0.4196
10855.0000 89.0436 0.4371
10860.0000 89.1524 0.4260
10865.0000 89.2042 0.4433
10870.0000 88.9210 0.4339
10875.0000 88.9288 0.4318
10880.0000 88.8487 0.4307
10885.0000 88.6013 0.4139
10890.0000 89.0487 0.4243
10895.0000 89.1288 0.4299
10900.0000 89.0690 0.4415
10905.0000 89.1676 0.4373
10910.0000 89.0574 0.4301
10915.0000 88.9795 0.4181
10920.0000 89.2688 0.4335
10925.0000 89.3011 0.4412
10930.0000 88.9854 0.4251
10935.0000 88.8624 0.4188
10940.0000 88.9401 0.4251
10945.0000 88.8860 0.4117
10950.0000 89.0496 0.4066
10955.0000 89.0408 0.3997
10960.0000 89.0058 0.4088
10965.0000 89.1774 0.3969
10970.0000 89.0915 0.4037
10975.0000 88.9050 0.3887
10980.0000 88.5378 0.3738
10985.0000 88.8978 0.3872
10990.0000 88.8346 0.3914
10995.0000 88.8748 0.3856
11000.0000 89.0874 0.3984
11005.0000 89.1250 0.3958
11010.0000 89.1621 0.3921
11015.0000 88.7734 0.3688
11020.0000 88.8484 0.3591
11025.0000 88.6645 0.3538
11030.0000 89.0107 0.3615
11035.0000 88.5813 0.3307
11040.0000 88.4915 0.3541
11045.0000 88.7571 0.3563
11050.0000 88.9319 0.3521
11055.0000 88.8964 0.3541
11060.0000 89.0719 0.3562
11065.0000 88.9157 0.3525
11070.0000 88.9667 0.3535
11075.0000 88.6673 0.3565
11080.0000 88.7134 0.3458
11085.0000 88.7857 0.3648
11090.0000 88.4919 0.3546
11095.0000 88.6151 0.3497
11100.0000 88.7142 0.3500
11105.0000 88.6352 0.3581
11110.0000 88.8147 0.3531
11115.0000 89.0485 0.3630
11120.0000 88.8960 0.3573
11125.0000 88.9429 0.3571
11130.0000 88.9094 0.3688
11135.0000 88.7435 0.3768
11140.0000 88.9791 0.3736
11145.0000 89.0063 0.3677
11150.0000 88.9991 0.3703
11155.0000 88.8746 0.3579
11160.0000 88.8927 0.3649
11165.0000 88.8793 0.3614
11170.0000 89.0917 0.3635
11175.0000 89.2213 0.3723
11180.0000 89.0438 0.3741
11185.0000 88.8357 0.3615
11190.0000 88.9007 0.3633
11195.0000 88.8684 0.3576
11200.0000 88.8573 0.3578
11205.0000 88.9631 0.3589
11210.0000 89.1222 0.3619
11215.0000 88.9968 0.3476
11220.0000 88.6973 0.3503
11225.0000 88.9615 0.3492
11230.0000 88.9872 0.3493
11235.0000 89.1767 0.3702
11240.0000 89.0796 0.3580
11245.0000 88.9843 0.3688
11250.0000 89.1652 0.3822
11255.0000 89.1881 0.3829
11260.0000 88.9186 0.3814
11265.0000 89.1230 0.3940
11270.0000 89.1948 0.3924
11275.0000 89.1703 0.3732
11280.0000 89.1556 0.3841
11285.0000 89.2800 0.3763
11290.0000 89.0605 0.3743
11295.0000 88.9665 0.3548
11300.0000 88.9631 0.3603
11305.0000 89.2501 0.3642
11310.0000 89.2857 0.3702
11315.0000 89.0126 0.3600
11320.0000 88.9918 0.3532
11325.0000 89.0676 0.3497
11330.0000 88.7009 0.3564
11335.0000 89.0073 0.3482
11340.0000 88.9553 0.3495
11345.0000 88.8517 0.3492
11350.0000 88.8741 0.3547
11355.0000 88.9225 0.3398
11360.0000 88.6547 0.3428
11365.0000 88.7518 0.3483
11370.0000 88.6486 0.3408
11375.0000 88.3761 0.3308
11380.0000 88.4346 0.3437
11385.0000 88.7729 0.3473
11390.0000 89.0156 0.3470
11395.0000 88.8563 0.3525
11400.0000 88.6106 0.3539
11405.0000 89.0401 0.3515
11410.0000 89.3179 0.3760
11415.0000 88.9756 0.3599
11420.0000 88.8814 0.3270
11425.0000 88.4690 0.3132
11430.0000 88.7449 0.3214
11435.0000 88.9128 0.3199
11440.0000 88.9337 0.3287
11445.0000 88.8962 0.3305
11450.0000 88.7067 0.3150
11455.0000 88.7408 0.3217
11460.0000 88.7227 0.3294
11465.0000 88.6498 0.3375
11470.0000 88.8942 0.3400
11475.0000 88.9767 0.3468
11480.0000 88.9434 0.3403
11485.0000 89.0617 0.3463
11490.0000 88.9039 0.3299
11495.0000 88.9574 0.3349
11500.0000 89.0800 0.3446
11505.0000 89.0210 0.3411
11510.0000 89.1553 0.3421
11515.0000 89.2241 0.3410
11520.0000 89.0030 0.3299
11525.0000 89.0215 0.3366
11530.0000 88.9300 0.3201
11535.0000 89.1136 0.3193
11540.0000 89.2797 0.3254
11545.0000 89.1885 0.3310
11550.0000 89.2244 0.3458
11555.0000 89.2301 0.3541
11560.0000 89.1154 0.3485
11565.0000 89.1779 0.3518
11570.0000 89.1857 0.3539
11575.0000 89.1505 0.3466
11580.0000 89.0681 0.3493
11585.0000 89.2765 0.3427
11590.0000 89.1932 0.3372
11595.0000 89.5157 0.3455
11600.0000 89.5113 0.3547
11605.0000 89.3971 0.3459
11610.0000 89.1089 0.3260
11615.0000 89.2921 0.3283
11620.0000 89.4058 0.3331
11625.0000 89.2883 0.3296
11630.0000 89.3730 0.3340
11635.0000 89.3865 0.3367
11640.0000 88.9833 0.3209
11645.0000 89.2143 0.3402
11650.0000 89.0197 0.3272
11655.0000 89.0034 0.3371
11660.0000 89.2394 0.3305
11665.0000 89.2259 0.3227
11670.0000 88.9409 0.3243
11675.0000 89.0913 0.3281
11680.0000 89.2685 0.3299
11685.0000 89.0993 0.3169
11690.0000 89.1950 0.3182
11695.0000 89.0522 0.3073
11700.0000 89.0740 0.3163
11705.0000 89.4826 0.3212
11710.0000 89.3581 0.3255
11715.0000 89.5025 0.3399
11720.0000 89.3538 0.3242
11725.0000 89.1623 0.3212
11730.0000 89.2108 0.3251
11735.0000 89.0015 0.3235
11740.0000 88.9992 0.3167
11745.0000 89.4491 0.3145
11750.0000 89.3183 0.3255
11755.0000 89.1845 0.3159
11760.0000 89.1324 0.3132
11765.0000 89.2313 0.3114
11770.0000 89.0186 0.3240
11775.0000 89.1785 0.3251
11780.0000 89.0716 0.3256
11785.0000 88.8023 0.3145
11790.0000 89.0073 0.3175
11795.0000 88.7532 0.3211
11800.0000 88.9939 0.3267
11805.0000 89.0717 0.3398
11810.0000 89.0100 0.3352
11815.0000 88.9129 0.3251
11820.0000 89.0539 0.3260
11825.0000 89.0561 0.3323
11830.0000 89.3077 0.3354
11835.0000 89.1582 0.3437
11840.0000 89.3839 0.3455
11845.0000 89.0646 0.3374
11850.0000 89.4645 0.3264
11855.0000 89.5488 0.3357
11860.0000 89.3714 0.3328
11865.0000 89.3969 0.3336
11870.0000 89.3356 0.3175
11875.0000 89.3481 0.3273
11880.0000 89.6412 0.3352
11885.0000 89.5124 0.3352
11890.0000 89.3484 0.3275
11895.0000 89.2796 0.3254
11900.0000 89.2500 0.3193
11905.0000 89.3007 0.3116
11910.0000 89.2040 0.3149
11915.0000 89.2806 0.3184
11920.0000 89.4045 0.3217
11925.0000 89.2536 0.3301
11930.0000 89.2925 0.3229
11935.0000 89.1305 0.3250
11940.0000 89.3561 0.3201
11945.0000 89.4306 0.3297
11950.0000 89.5733 0.3314
11955.0000 89.4386 0.3513
11960.0000 89.4270 0.3455
11965.0000 89.5450 0.3556
11970.0000 89.5543 0.3521
11975.0000 89.4665 0.3404
11980.0000 89.4873 0.3465
11985.0000 89.2932 0.3140
11990.0000 89.4004 0.3198
11995.0000 89.5546 0.3210
12000.0000 89.3340 0.3344
12005.0000 89.4189 0.3283
12010.0000 89.4927 0.3228
12015.0000 89.6566 0.3332
12020.0000 89.3453 0.3272
12025.0000 89.5231 0.3282
12030.0000 89.2961 0.3295
12035.0000 89.3470 0.3290
12040.0000 89.0164 0.3233
12045.0000 89.0329 0.3195
12050.0000 89.0396 0.3212
12055.0000 88.9753 0.3276
12060.0000 88.8572 0.3196
12065.0000 88.7590 0.3190
12070.0000 88.7195 0.2981
12075.0000 88.6608 0.3022
12080.0000 88.7750 0.3102
12085.0000 88.8412 0.3086
12090.0000 89.0471 0.3232
12095.0000 89.0547 0.3440
12100.0000 89.1557 0.3330
12105.0000 89.1156 0.3246
12110.0000 89.0080 0.3244
12115.0000 89.0764 0.3240
12120.0000 89.0884 0.3112
12125.0000 89.0340 0.3065
12130.0000 89.0199 0.3141
12135.0000 89.3805 0.3293
12140.0000 89.3333 0.3403
12145.0000 89.4133 0.3351
12150.0000 89.5209 0.3344
12155.0000 89.6322 0.3481
12160.0000 89.8154 0.3572
12165.0000 89.6627 0.3466
12170.0000 89.6988 0.3510
12175.0000 89.7340 0.3408
12180.0000 89.4119 0.3269
12185.0000 89.2566 0.3100
12190.0000 89.4242 0.3338
12195.0000 89.4193 0.3134
12200.0000 89.2761 0.3099
12205.0000 89.4121 0.3171
12210.0000 89.3599 0.3201
12215.0000 89.2760 0.3142
12220.0000 89.3966 0.3095
12225.0000 89.5519 0.3184
12230.0000 89.5117 0.3290
12235.0000 89.4016 0.3308
12240.0000 89.3443 0.3173
12245.0000 89.0795 0.3002
12250.0000 89.1762 0.3005
12255.0000 89.0379 0.2937
12260.0000 88.7951 0.2993
12265.0000 88.8089 0.2918
12270.0000 89.0257 0.2855
12275.0000 88.9786 0.2923
12280.0000 88.8747 0.2825
12285.0000 89.0008 0.2821
12290.0000 88.8125 0.2864
12295.0000 89.0739 0.2975
12300.0000 89.0923 0.3154
12305.0000 89.0596 0.3245
12310.0000 89.1057 0.3134
12315.0000 88.8537 0.2990
12320.0000 88.8202 0.2859
12325.0000 88.9350 0.3006
12330.0000 89.1404 0.2970
12335.0000 89.2240 0.2928
12340.0000 89.2310 0.2937
12345.0000 89.0373 0.2784
12350.0000 89.1160 0.3068
12355.0000 89.2822 0.3035
12360.0000 89.1844 0.2907
12365.0000 89.0166 0.2910
12370.0000 89.0709 0.2862
12375.0000 89.0944 0.2732
12380.0000 89.0429 0.2785
12385.0000 88.9411 0.2836
12390.0000 89.0282 0.2817
12395.0000 88.9870 0.2880
12400.0000 89.4079 0.2983
12405.0000 89.4499 0.3109
12410.0000 89.2150 0.3088
12415.0000 89.0925 0.3070
12420.0000 89.2057 0.2972
12425.0000 89.1566 0.2901
12430.0000 89.1626 0.2910
12435.0000 89.1310 0.3098
12440.0000 89.2477 0.2956
12445.0000 89.1313 0.2907
12450.0000 88.9017 0.2782
12455.0000 89.2188 0.2971
12460.0000 89.3119 0.3017
12465.0000 89.3628 0.3098
12470.0000 89.6912 0.3098
12475.0000 89.4619 0.3057
12480.0000 89.4900 0.3077
12485.0000 89.7640 0.3128
12490.0000 89.6224 0.3145
12495.0000 89.4456 0.3075
12500.0000 89.7895 0.3145
12505.0000 89.7235 0.3087
12510.0000 89.7841 0.3253
12515.0000 89.8436 0.3175
12520.0000 89.5124 0.3244
12525.0000 89.5325 0.3207
12530.0000 89.8367 0.3160
12535.0000 89.6697 0.3070
12540.0000 89.5548 0.3141
12545.0000 89.2300 0.2962
12550.0000 89.4087 0.2878
12555.0000 89.5550 0.2939
12560.0000 89.6397 0.3030
12565.0000 89.7176 0.2900
12570.0000 89.7853 0.3045
12575.0000 89.8873 0.3079
12580.0000 89.9867 0.3012
12585.0000 90.1078 0.2998
12590.0000 89.8252 0.2948
12595.0000 89.7018 0.2918
12600.0000 90.0046 0.2807
12605.0000 89.6413 0.2707
12610.0000 89.6059 0.2667
12615.0000 89.6117 0.2587
12620.0000 89.5078 0.2616
12625.0000 89.4730 0.2555
12630.0000 89.4884 0.2603
12635.0000 89.6984 0.2597
12640.0000 89.4820 0.2659
12645.0000 89.4293 0.2618
12650.0000 89.3278 0.2642
12655.0000 89.3440 0.2622
12660.0000 89.3948 0.2541
12665.0000 89.0733 0.2401
12670.0000 89.4268 0.2401
12675.0000 89.2741 0.2340
12680.0000 89.6406 0.2688
12685.0000 89.4633 0.2581
12690.0000 89.7033 0.2626
12695.0000 89.4265 0.2600
12700.0000 89.4233 0.2666
12705.0000 89.5639 0.2579
12710.0000 89.6559 0.2639
12715.0000 89.6649 0.2613
12720.0000 89.7340 0.2483
12725.0000 89.7673 0.2586
12730.0000 89.5206 0.2496
12735.0000 89.6546 0.2600
12740.0000 89.6313 0.2633
12745.0000 89.6896 0.2646
12750.0000 89.6465 0.2584
12755.0000 89.7834 0.2792
12760.0000 89.7029 0.2687
12765.0000 89.7693 0.2561
12770.0000 89.7309 0.2532
12775.0000 89.6384 0.2600
12780.0000 89.4743 0.2462
12785.0000 89.6442 0.2536
12790.0000 89.5721 0.2540
12795.0000 89.5606 0.2570
12800.0000 89.7202 0.2500
12805.0000 89.5915 0.2494
12810.0000 89.6331 0.2612
12815.0000 89.6629 0.2546
12820.0000 89.7835 0.2487
12825.0000 89.7464 0.2410
12830.0000 89.6434 0.2460
12835.0000 89.5127 0.2471
12840.0000 89.5862 0.2418
12845.0000 89.7189 0.2591
12850.0000 89.6762 0.2460
12855.0000 89.6574 0.2485
12860.0000 89.5639 0.2473
12865.0000 89.6573 0.2489
12870.0000 89.7645 0.2525
12875.0000 89.7594 0.2448
12880.0000 89.7566 0.2460
12885.0000 89.5925 0.2326
12890.0000 89.7983 0.2389
12895.0000 89.9824 0.2461
12900.0000 89.8545 0.2486
12905.0000 89.6317 0.2567
12910.0000 89.6433 0.2458
12915.0000 89.6801 0.2518
12920.0000 89.6436 0.2430
12925.0000 89.7510 0.2477
12930.0000 89.6595 0.2491
12935.0000 89.5503 0.2510
12940.0000 89.5444 0.2507
12945.0000 89.4613 0.2558
12950.0000 89.4642 0.2553
12955.0000 89.8119 0.2656
12960.0000 90.1101 0.2635
12965.0000 89.9133 0.2552
12970.0000 89.5652 0.2540
12975.0000 89.4488 0.2571
12980.0000 89.5548 0.2598
12985.0000 89.6696 0.2512
12990.0000 89.6910 0.2424
12995.0000 89.6598 0.2423
13000.0000 89.7319 0.2287
13005.0000 89.7392 0.2387
13010.0000 89.5536 0.2310
13015.0000 89.6936 0.2181
13020.0000 89.6662 0.2187
13025.0000 89.8001 0.2205
13030.0000 89.5043 0.2298
13035.0000 89.8475 0.2363
13040.0000 89.7389 0.2327
13045.0000 89.6958 0.2224
13050.0000 89.9047 0.2253
13055.0000 89.7340 0.2280
13060.0000 89.8147 0.2253
13065.0000 89.8987 0.2375
13070.0000 89.7736 0.2252
13075.0000 89.8658 0.2164
13080.0000 90.0803 0.2227
13085.0000 89.9676 0.2153
13090.0000 89.9924 0.2161
13095.0000 89.8792 0.2172
13100.0000 89.7458 0.2076
13105.0000 89.7707 0.2074
13110.0000 89.9271 0.1946
13115.0000 89.7398 0.1902
13120.0000 89.7351 0.1918
13125.0000 89.9275 0.2128
13130.0000 89.9341 0.2191
13135.0000 89.9447 0.2086
13140.0000 90.0952 0.2271
13145.0000 89.9309 0.2248
13150.0000 89.9203 0.2209
13155.0000 89.8346 0.2266
13160.0000 89.8130 0.2181
13165.0000 89.7081 0.2137
13170.0000 89.8384 0.2242
13175.0000 89.9344 0.2257
13180.0000 89.8691 0.2118
13185.0000 89.7920 0.2238
13190.0000 89.9998 0.2205
13195.0000 89.9976 0.2229
13200.0000 89.8883 0.2155
13205.0000 89.6360 0.2128
13210.0000 89.7535 0.2034
13215.0000 89.8811 0.2064
13220.0000 89.6851 0.2068
13225.0000 89.8605 0.2103
13230.0000 89.9628 0.2281
13235.0000 89.8977 0.2233
13240.0000 90.3084 0.2311
13245.0000 90.2072 0.2365
13250.0000 90.3148 0.2338
13255.0000 89.9916 0.2292
13260.0000 89.9876 0.2182
13265.0000 89.9233 0.2344
13270.0000 89.9300 0.2284
13275.0000 90.1006 0.2068
13280.0000 90.0562 0.2118
13285.0000 90.2997 0.2163
13290.0000 90.2328 0.2040
13295.0000 89.9538 0.1964
13300.0000 90.2269 0.1917
13305.0000 90.1490 0.1826
13310.0000 89.9064 0.1849
13315.0000 90.2662 0.1910
13320.0000 90.1430 0.2000
13325.0000 90.2210 0.2038
13330.0000 90.1863 0.2020
13335.0000 90.2904 0.1877
13340.0000 90.4674 0.2001
13345.0000 90.1073 0.2022
13350.0000 90.2878 0.1902
13355.0000 89.8571 0.1934
13360.0000 89.9164 0.1971
13365.0000 90.1897 0.2024
13370.0000 90.1797 0.1883
13375.0000 90.0039 0.1897
13380.0000 89.9777 0.1815
13385.0000 89.9435 0.1803
13390.0000 90.1224 0.1872
13395.0000 90.3163 0.1785
13400.0000 90.4265 0.1894
13405.0000 90.6033 0.1999
13410.0000 90.3397 0.1920
13415.0000 90.3643 0.1900
13420.0000 90.4304 0.1857
13425.0000 90.3276 0.1865
13430.0000 89.9539 0.1750
13435.0000 90.1344 0.1642
13440.0000 90.2172 0.1772
13445.0000 90.1057 0.1663
13450.0000 90.0612 0.1668
13455.0000 89.7121 0.1667
13460.0000 89.7646 0.1595
13465.0000 89.6715 0.1585
13470.0000 89.7300 0.1621
13475.0000 89.9242 0.1558
13480.0000 90.1115 0.1667
13485.0000 89.7880 0.1606
13490.0000 89.8824 0.1493
13495.0000 89.9316 0.1554
13500.0000 90.1590 0.1635
13505.0000 89.8836 0.1695
13510.0000 89.9701 0.1693
13515.0000 90.1726 0.1615
13520.0000 89.9865 0.1651
13525.0000 90.2838 0.1645
13530.0000 90.0073 0.1578
13535.0000 90.0151 0.1650
13540.0000 90.0406 0.1656
13545.0000 89.9939 0.1907
13550.0000 90.0902 0.1711
13555.0000 89.8234 0.1628
13560.0000 89.8337 0.1579
13565.0000 89.6695 0.1619
13570.0000 89.6272 0.1476
13575.0000 89.6765 0.1475
13580.0000 89.8650 0.1636
13585.0000 90.0049 0.1557
13590.0000 90.1150 0.1591
13595.0000 89.9766 0.1601
13600.0000 90.0988 0.1661
13605.0000 90.0745 0.1661
13610.0000 90.2121 0.1603
13615.0000 90.0228 0.1733
13620.0000 89.7196 0.1663
13625.0000 90.0631 0.1597
13630.0000 89.9598 0.1485
13635.0000 89.9628 0.1540
13640.0000 90.1050 0.1631
13645.0000 90.0269 0.1641
13650.0000 89.9079 0.1616
13655.0000 90.1389 0.1611
13660.0000 89.9490 0.1532
13665.0000 89.7013 0.1598
13670.0000 89.4790 0.1539
13675.0000 89.7786 0.1556
13680.0000 89.9020 0.1667
13685.0000 89.9051 0.1597
13690.0000 90.1423 0.1592
13695.0000 90.1341 0.1685
13700.0000 90.0278 0.1732
13705.0000 90.1187 0.1803
13710.0000 90.3615 0.1902
13715.0000 90.0463 0.1859
13720.0000 89.9341 0.1767
13725.0000 89.9929 0.1717
13730.0000 90.0146 0.1764
13735.0000 89.8320 0.1648
13740.0000 89.6827 0.1763
13745.0000 90.0171 0.1746
13750.0000 89.8687 0.1829
13755.0000 89.9364 0.1754
13760.0000 90.0567 0.1861
13765.0000 90.0660 0.1768
13770.0000 90.0169 0.1844
13775.0000 90.1616 0.1847
13780.0000 90.1677 0.1782
13785.0000 90.2842 0.1646
13790.0000 90.0990 0.1605
13795.0000 90.0605 0.1615
13800.0000 90.1305 0.1679
13805.0000 90.2078 0.1765
13810.0000 90.2121 0.1749
13815.0000 90.2582 0.1692
13820.0000 90.0601 0.1615
13825.0000 89.9208 0.1689
13830.0000 90.1637 0.1592
13835.0000 90.3683 0.1742
13840.0000 90.3953 0.1810
13845.0000 90.3159 0.1730
13850.0000 90.4627 0.1869
13855.0000 90.4407 0.1809
13860.0000 90.6545 0.1739
13865.0000 90.5166 0.1785
13870.0000 90.3909 0.1827
13875.0000 90.3766 0.1720
13880.0000 90.2045 0.1684
13885.0000 90.1343 0.1565
13890.0000 90.2705 0.1636
13895.0000 90.3042 0.1739
13900.0000 90.4262 0.1636
13905.0000 90.5056 0.1521
13910.0000 90.5340 0.1552
13915.0000 90.4677 0.1691
13920.0000 90.3985 0.1643
13925.0000 90.5406 0.1627
13930.0000 90.5657 0.1697
13935.0000 90.4841 0.1628
13940.0000 90.5352 0.1744
13945.0000 90.5422 0.1708
13950.0000 90.7531 0.1704
13955.0000 90.6603 0.1750
13960.0000 90.5612 0.1791
13965.0000 90.4263 0.1680
13970.0000 90.2332 0.1748
13975.0000 90.4866 0.1636
13980.0000 90.6688 0.1714
13985.0000 90.4992 0.1670
13990.0000 90.4549 0.1662
13995.0000 90.2204 0.1645
14000.0000 90.2993 0.1607
14005.0000 90.4797 0.1551
14010.0000 90.5660 0.1627
14015.0000 90.3304 0.1625
14020.0000 90.3814 0.1682
14025.0000 90.3560 0.1691
14030.0000 90.2379 0.1734
14035.0000 90.1047 0.1646
14040.0000 90.1650 0.1567
14045.0000 90.4688 0.1610
14050.0000 90.3190 0.1630
14055.0000 90.4800 0.1531
14060.0000 90.6095 0.1581
14065.0000 90.4179 0.1660
14070.0000 90.4256 0.1654
14075.0000 90.4523 0.1603
14080.0000 90.4630 0.1507
14085.0000 90.3877 0.1562
14090.0000 90.4014 0.1516
14095.0000 90.2616 0.1456
14100.0000 90.3753 0.1376
14105.0000 90.1363 0.1464
14110.0000 90.1638 0.1454
14115.0000 90.2961 0.1401
14120.0000 90.2630 0.1398
14125.0000 90.1175 0.1341
14130.0000 90.0998 0.1428
14135.0000 90.1402 0.1354
14140.0000 90.0119 0.1311
14145.0000 89.9689 0.1264
14150.0000 90.0125 0.1318
14155.0000 90.2180 0.1362
14160.0000 90.2547 0.1317
14165.0000 90.2272 0.1332
14170.0000 90.1902 0.1325
14175.0000 90.1062 0.1395
14180.0000 90.0243 0.1365
14185.0000 90.2648 0.1353
14190.0000 90.2567 0.1483
14195.0000 90.1820 0.1451
14200.0000 90.2027 0.1500
14205.0000 90.4120 0.1454
14210.0000 90.2708 0.1537
14215.0000 90.0398 0.1521
14220.0000 90.3190 0.1486
14225.0000 90.0976 0.1482
14230.0000 90.0283 0.1456
14235.0000 90.1077 0.1476
14240.0000 89.9436 0.1484
14245.0000 90.1533 0.1444
14250.0000 89.9797 0.1478
14255.0000 90.1670 0.1591
14260.0000 90.3239 0.1516
14265.0000 90.0193 0.1502
14270.0000 90.0254 0.1606
14275.0000 90.2041 0.1578
14280.0000 90.2467 0.1618
14285.0000 90.2693 0.1612
14290.0000 90.5437 0.1608
14295.0000 90.1609 0.1563
14300.0000 90.4414 0.1680
14305.0000 90.4127 0.1631
14310.0000 90.3547 0.1520
14315.0000 90.4231 0.1560
14320.0000 90.3663 0.1640
14325.0000 90.5347 0.1548
14330.0000 90.5063 0.1520
14335.0000 90.5216 0.1430
14340.0000 90.4717 0.1509
14345.0000 90.4351 0.1405
14350.0000 90.5505 0.1503
14355.0000 90.3345 0.1487
14360.0000 90.1759 0.1482
14365.0000 90.3505 0.1390
14370.0000 90.4620 0.1508
14375.0000 90.2559 0.1339
14380.0000 90.3315 0.1298
14385.0000 90.3055 0.1341
14390.0000 90.3545 0.1383
14395.0000 90.4421 0.1270
14400.0000 90.4497 0.1260
14405.0000 90.3651 0.1387
14410.0000 90.3429 0.1326
14415.0000 90.6093 0.1429
14420.0000 90.3623 0.1410
14425.0000 90.7497 0.1404
14430.0000 90.3978 0.1499
14435.0000 90.3542 0.1427
14440.0000 90.5411 0.1397
14445.0000 90.4982 0.1497
14450.0000 90.7493 0.1567
14455.0000 90.5588 0.1571
14460.0000 90.5852 0.1583
14465.0000 90.5275 0.1503
14470.0000 90.3998 0.1366
14475.0000 90.5665 0.1474
14480.0000 90.5624 0.1537
14485.0000 90.7056 0.1445
14490.0000 90.6215 0.1483
14495.0000 90.5734 0.1507
14500.0000 90.4543 0.1550
14505.0000 90.5169 0.1544
14510.0000 90.4670 0.1415
14515.0000 90.4517 0.1518
14520.0000 90.4516 0.1515
14525.0000 90.7954 0.1327
14530.0000 90.6001 0.1431
14535.0000 90.6894 0.1456
14540.0000 90.7031 0.1530
14545.0000 90.5763 0.1538
14550.0000 90.4445 0.1604
14555.0000 90.5909 0.1398
14560.0000 90.5596 0.1486
14565.0000 90.4853 0.1441
14570.0000 90.6242 0.1375
14575.0000 90.4051 0.1327
14580.0000 90.5176 0.1577
14585.0000 90.6814 0.1527
14590.0000 90.6212 0.1472
14595.0000 90.6938 0.1489
14600.0000 90.8034 0.1344
14605.0000 90.7036 0.1327
14610.0000 90.6246 0.1274
14615.0000 90.4186 0.1307
14620.0000 90.3695 0.1337
14625.0000 90.5172 0.1338
14630.0000 90.1918 0.1339
14635.0000 90.3465 0.1422
14640.0000 90.4711 0.1455
14645.0000 90.3727 0.1460
14650.0000 90.3817 0.1393
14655.0000 90.5241 0.1402
14660.0000 90.4358 0.1283
14665.0000 90.4829 0.1316
14670.0000 90.7532 0.1347
14675.0000 90.5091 0.1296
14680.0000 90.4890 0.1274
14685.0000 90.6595 0.1415
14690.0000 90.4871 0.1207
14695.0000 90.3923 0.1323
14700.0000 90.2846 0.1347
14705.0000 90.2637 0.1411
14710.0000 90.4721 0.1267
14715.0000 90.3759 0.1268
14720.0000 90.4118 0.1286
14725.0000 90.3395 0.1319
14730.0000 90.5129 0.1370
14735.0000 90.4696 0.1418
14740.0000 90.5930 0.1543
14745.0000 90.8466 0.1595
14750.0000 90.7618 0.1659
14755.0000 90.8817 0.1578
14760.0000 90.7922 0.1608
14765.0000 90.8343 0.1563
14770.0000 90.7472 0.1417
14775.0000 90.6683 0.1430
14780.0000 90.7126 0.1406
14785.0000 90.8910 0.1438
14790.0000 90.7957 0.1545
14795.0000 90.7864 0.1467
14800.0000 90.5712 0.1464
14805.0000 90.7365 0.1413
14810.0000 90.5233 0.1599
14815.0000 90.7263 0.1669
14820.0000 90.8124 0.1609
14825.0000 91.0835 0.1534
14830.0000 90.9896 0.1481
14835.0000 90.9572 0.1531
14840.0000 90.9771 0.1549
14845.0000 90.9143 0.1502
14850.0000 90.8791 0.1397
14855.0000 90.9230 0.1569
14860.0000 91.2166 0.1645
14865.0000 90.9535 0.1563
14870.0000 90.9293 0.1682
14875.0000 90.8999 0.1632
14880.0000 90.8098 0.1599
14885.0000 90.6993 0.1498
14890.0000 90.9794 0.1503
14895.0000 90.8299 0.1580
14900.0000 90.6699 0.1573
14905.0000 90.7857 0.1602
14910.0000 90.6252 0.1702
14915.0000 90.9279 0.1676
14920.0000 90.6393 0.1704
14925.0000 90.9794 0.1568
14930.0000 91.0478 0.1546
14935.0000 90.8018 0.1610
14940.0000 90.8076 0.1599
14945.0000 90.7172 0.1567
14950.0000 90.6618 0.1535
14955.0000 90.5907 0.1626
14960.0000 90.6331 0.1621
14965.0000 90.5232 0.1661
14970.0000 90.6868 0.1721
14975.0000 90.5536 0.1665
14980.0000 90.3487 0.1622
14985.0000 90.1493 0.1608
14990.0000 90.5748 0.1683
14995.0000 90.5324 0.1668
15000.0000 90.4724 0.1808
15005.0000 90.4687 0.1633
15010.0000 90.7321 0.1619
15015.0000 90.6366 0.1744
15020.0000 90.5304 0.1713
15025.0000 90.5835 0.1677
15030.0000 90.5446 0.1729
15035.0000 90.6597 0.1756
15040.0000 90.6807 0.1841
15045.0000 90.5089 0.1732
15050.0000 90.4927 0.1622
15055.0000 90.5421 0.1626
15060.0000 90.5680 0.1598
15065.0000 90.9881 0.1557
15070.0000 90.8684 0.1589
15075.0000 90.8156 0.1557
15080.0000 90.7113 0.1543
15085.0000 90.8448 0.1554
15090.0000 91.0038 0.1571
15095.0000 90.9196 0.1602
15100.0000 91.0524 0.1646
15105.0000 91.1541 0.1619
15110.0000 90.8108 0.1775
15115.0000 91.0970 0.1683
15120.0000 91.1042 0.1808
15125.0000 91.0868 0.1738
15130.0000 90.8501 0.1711
15135.0000 90.9151 0.1615
15140.0000 90.8807 0.1670
15145.0000 90.7399 0.1539
15150.0000 90.7242 0.1494
15155.0000 90.7019 0.1631
15160.0000 90.8863 0.1616
15165.0000 90.9235 0.1691
15170.0000 91.2434 0.1731
15175.0000 91.1769 0.1588
15180.0000 91.1178 0.1688
15185.0000 91.1274 0.1706
15190.0000 91.0107 0.1719
15195.0000 91.1318 0.1600
15200.0000 90.6040 0.1778
15205.0000 90.7444 0.1694
15210.0000 90.9501 0.1696
15215.0000 90.7850 0.1569
15220.0000 90.6209 0.1491
15225.0000 90.6587 0.1521
15230.0000 90.6846 0.1507
15235.0000 90.6510 0.1431
15240.0000 90.8215 0.1536
15245.0000 90.7460 0.1377
15250.0000 90.5510 0.1571
15255.0000 90.6799 0.1500
15260.0000 90.5947 0.1630
15265.0000 90.5670 0.1627
15270.0000 90.6573 0.1515
15275.0000 90.6111 0.1486
15280.0000 90.5541 0.1450
15285.0000 90.7157 0.1512
15290.0000 90.6844 0.1457
15295.0000 90.4582 0.1402
15300.0000 90.5802 0.1469
15305.0000 90.4581 0.1581
15310.0000 90.5236 0.1556
15315.0000 90.4741 0.1577
15320.0000 90.7334 0.1588
15325.0000 90.9262 0.1546
15330.0000 90.7631 0.1771
15335.0000 90.7959 0.1741
15340.0000 90.8451 0.1661
15345.0000 90.8685 0.1716
15350.0000 90.9037 0.1741
15355.0000 90.8889 0.1770
15360.0000 91.0064 0.1865
15365.0000 91.0084 0.1691
15370.0000 90.7086 0.1666
15375.0000 90.6948 0.1763
15380.0000 90.6641 0.1627
15385.0000 90.6637 0.1622
15390.0000 90.7224 0.1603
15395.0000 90.7815 0.1708
15400.0000 90.6565 0.1681
15405.0000 90.5688 0.1808
15410.0000 90.6411 0.1833
15415.0000 90.8999 0.1763
15420.0000 90.9798 0.1824
15425.0000 90.7827 0.1743
15430.0000 90.7887 0.1650
15435.0000 90.8201 0.1609
15440.0000 90.6651 0.1664
15445.0000 90.9252 0.1657
15450.0000 91.0435 0.1726
15455.0000 90.7982 0.1673
15460.0000 90.9756 0.1723
15465.0000 91.1493 0.1702
15470.0000 90.9653 0.1668
15475.0000 91.0242 0.1657
15480.0000 91.0547 0.1596
15485.0000 91.0339 0.1491
15490.0000 90.6580 0.1587
15495.0000 90.8467 0.1689
15500.0000 90.9356 0.1774
15505.0000 90.9836 0.1648
15510.0000 90.9114 0.1613
15515.0000 90.9802 0.1768
15520.0000 91.0148 0.1700
15525.0000 90.9305 0.1839
15530.0000 90.7593 0.1887
15535.0000 90.7555 0.1947
15540.0000 90.9360 0.1954
15545.0000 90.7816 0.1882
15550.0000 90.6733 0.1874
15555.0000 90.7115 0.1725
15560.0000 90.9058 0.1698
15565.0000 91.0564 0.1608
15570.0000 91.0409 0.1612
15575.0000 91.0213 0.1657
15580.0000 90.8599 0.1685
15585.0000 91.0067 0.1738
15590.0000 90.9248 0.1692
15595.0000 90.9319 0.1574
15600.0000 90.7419 0.1672
15605.0000 90.8425 0.1573
15610.0000 90.5174 0.1585
15615.0000 90.7192 0.1591
15620.0000 90.7605 0.1659
15625.0000 90.8892 0.1700
15630.0000 90.9007 0.1748
15635.0000 90.7667 0.1880
15640.0000 91.0336 0.1731
15645.0000 90.7982 0.1893
15650.0000 90.9272 0.1705
15655.0000 90.6572 0.1776
15660.0000 90.8787 0.1777
15665.0000 91.0389 0.1858
15670.0000 91.1295 0.1884
15675.0000 91.2942 0.1846
15680.0000 91.1802 0.1748
15685.0000 91.2122 0.1714
15690.0000 90.9772 0.1895
15695.0000 90.6754 0.1820
15700.0000 90.6668 0.1879
15705.0000 91.0382 0.1785
15710.0000 90.9508 0.1726
15715.0000 90.9378 0.1912
15720.0000 90.7680 0.1890
15725.0000 90.8568 0.1809
15730.0000 91.0536 0.1827
15735.0000 91.0333 0.1777
15740.0000 91.2055 0.1711
15745.0000 91.2852 0.1755
15750.0000 91.0397 0.1772
15755.0000 91.1874 0.1889
15760.0000 91.2943 0.1930
15765.0000 91.2394 0.1972
15770.0000 91.2778 0.1913
15775.0000 91.3199 0.1844
15780.0000 91.2210 0.1930
15785.0000 90.8193 0.1871
15790.0000 90.7891 0.1908
15795.0000 90.8941 0.1796
15800.0000 90.8688 0.1779
15805.0000 90.9228 0.1865
15810.0000 90.9435 0.1862
15815.0000 90.8978 0.1968
15820.0000 91.1399 0.1790
15825.0000 90.8207 0.1891
15830.0000 90.6894 0.1844
15835.0000 90.7210 0.1727
15840.0000 90.6736 0.1758
15845.0000 90.9120 0.1684
15850.0000 90.5792 0.1846
15855.0000 90.7766 0.1808
15860.0000 90.8478 0.1768
15865.0000 91.0406 0.1799
15870.0000 91.2395 0.1626
15875.0000 91.1498 0.1608
15880.0000 91.0645 0.1688
15885.0000 91.0775 0.1725
15890.0000 90.9827 0.1724
15895.0000 91.1525 0.1825
15900.0000 91.1948 0.1723
15905.0000 90.8982 0.1755
15910.0000 91.0451 0.1786
15915.0000 90.9328 0.1890
15920.0000 90.9266 0.1695
15925.0000 90.8082 0.1835
15930.0000 90.9176 0.1834
15935.0000 90.9567 0.1775
15940.0000 91.0220 0.1868
15945.0000 90.6800 0.1975
15950.0000 90.8692 0.1986
15955.0000 90.7645 0.1914
15960.0000 90.9190 0.1966
15965.0000 90.8364 0.1907
15970.0000 90.8843 0.1907
15975.0000 90.6914 0.1927
15980.0000 90.5747 0.1848
15985.0000 90.5970 0.1785
15990.0000 90.7177 0.1929
15995.0000 90.6815 0.1799
16000.0000 90.6944 0.1969
16005.0000 90.8197 0.1919
16010.0000 90.8032 0.1850
16015.0000 90.6815 0.1823
16020.0000 90.6649 0.1791
16025.0000 90.8141 0.1785
16030.0000 90.6145 0.1970
16035.0000 90.5744 0.2038
16040.0000 90.6592 0.1811
16045.0000 90.4895 0.1877
16050.0000 90.5695 0.1842
16055.0000 90.9663 0.1919
16060.0000 90.7708 0.1955
16065.0000 90.8718 0.1850
16070.0000 91.1436 0.1864
16075.0000 91.1329 0.1915
16080.0000 91.2061 0.1822
16085.0000 91.1562 0.1860
16090.0000 91.0305 0.1778
16095.0000 91.2002 0.1906
16100.0000 91.0955 0.1954
16105.0000 91.2007 0.1986
16110.0000 91.3997 0.2043
16115.0000 91.3818 0.1979
16120.0000 91.1356 0.1994
16125.0000 90.9038 0.2077
16130.0000 91.0089 0.2035
16135.0000 90.7589 0.2002
16140.0000 90.6969 0.2006
16145.0000 90.8816 0.1897
16150.0000 90.9044 0.1951
16155.0000 90.8933 0.2049
16160.0000 90.7634 0.1895
16165.0000 90.9417 0.1763
16170.0000 90.6219 0.1874
16175.0000 91.1564 0.1846
16180.0000 90.9838 0.1839
16185.0000 91.1174 0.1852
16190.0000 90.9073 0.1814
16195.0000 90.9553 0.1787
16200.0000 90.8326 0.1777
16205.0000 90.9635 0.1603
16210.0000 91.0102 0.1674
16215.0000 90.7805 0.1706
16220.0000 90.7246 0.1767
16225.0000 90.7004 0.1780
16230.0000 90.6557 0.1853
16235.0000 90.7601 0.1968
16240.0000 90.8803 0.1815
16245.0000 90.5150 0.1862
16250.0000 90.6784 0.1883
16255.0000 90.9803 0.1765
16260.0000 90.8395 0.1711
16265.0000 91.0937 0.1912
16270.0000 91.2875 0.1777
16275.0000 90.9889 0.1864
16280.0000 90.9759 0.1851
16285.0000 91.1252 0.1791
16290.0000 91.0585 0.1744
16295.0000 91.0491 0.1796
16300.0000 90.9656 0.1871
16305.0000 91.2675 0.1834
16310.0000 91.1436 0.1835
16315.0000 91.1539 0.1750
16320.0000 91.3760 0.1802
16325.0000 91.2280 0.1824
16330.0000 91.1819 0.1875
16335.0000 91.1580 0.1882
16340.0000 91.2213 0.1819
16345.0000 91.0695 0.1868
16350.0000 90.9779 0.2097
16355.0000 90.9076 0.2010
16360.0000 90.9145 0.1911
16365.0000 91.1337 0.1873
16370.0000 91.3210 0.1952
16375.0000 91.3111 0.1984
16380.0000 91.4704 0.1879
16385.0000 91.1693 0.1894
16390.0000 91.1170 0.2068
16395.0000 90.9893 0.2003
16400.0000 91.2278 0.2003
16405.0000 91.2290 0.1851
16410.0000 91.0644 0.1800
16415.0000 90.9274 0.1948
16420.0000 90.7737 0.1827
16425.0000 90.8250 0.1844
16430.0000 91.0410 0.1866
16435.0000 90.7815 0.1828
16440.0000 90.6299 0.1912
16445.0000 90.8292 0.1892
16450.0000 90.5909 0.1855
16455.0000 90.9307 0.1876
16460.0000 91.0763 0.1849
16465.0000 91.1754 0.1856
16470.0000 90.9233 0.1795
16475.0000 90.9522 0.1786
16480.0000 91.1086 0.1809
16485.0000 91.0636 0.1790
16490.0000 91.1708 0.1809
16495.0000 90.9271 0.1719
16500.0000 90.8203 0.1845
16505.0000 90.8228 0.1946
16510.0000 91.0052 0.1754
16515.0000 90.8537 0.1680
16520.0000 90.8626 0.1785
16525.0000 90.8392 0.1725
16530.0000 90.8132 0.1651
16535.0000 90.8554 0.1656
16540.0000 90.9212 0.1648
16545.0000 91.0057 0.1713
16550.0000 91.1965 0.1819
16555.0000 91.0949 0.1785
16560.0000 91.1835 0.1903
16565.0000 91.0061 0.1804
16570.0000 91.1654 0.1875
16575.0000 91.0048 0.1921
16580.0000 91.0667 0.1824
16585.0000 90.9914 0.1846
16590.0000 90.8003 0.1809
16595.0000 90.9849 0.1837
16600.0000 90.8792 0.2043
16605.0000 90.8913 0.2037
16610.0000 91.1400 0.1820
16615.0000 91.1136 0.1796
16620.0000 91.0779 0.1897
16625.0000 91.1933 0.1849
16630.0000 91.2303 0.1812
16635.0000 91.1557 0.2101
16640.0000 91.1995 0.1888
16645.0000 90.9540 0.1863
16650.0000 90.8544 0.1903
16655.0000 90.5453 0.1856
16660.0000 90.6472 0.1823
16665.0000 90.8052 0.1885
16670.0000 90.6570 0.1923
16675.0000 90.7602 0.1831
16680.0000 90.9227 0.1695
16685.0000 90.9351 0.1836
16690.0000 91.2708 0.1868
16695.0000 91.4182 0.1865
16700.0000 91.3262 0.1914
16705.0000 91.2424 0.1836
16710.0000 91.1797 0.1825
16715.0000 91.2133 0.1925
16720.0000 91.1931 0.1817
16725.0000 91.3930 0.1772
16730.0000 91.3107 0.1929
16735.0000 91.3456 0.1812
16740.0000 91.0866 0.1839
16745.0000 91.0076 0.1975
16750.0000 90.9163 0.1885
16755.0000 90.7646 0.1776
16760.0000 90.9309 0.1920
16765.0000 90.9877 0.1869
16770.0000 90.9418 0.2004
16775.0000 91.0128 0.1855
16780.0000 91.0968 0.1813
16785.0000 91.1156 0.1778
16790.0000 90.9711 0.1811
16795.0000 91.3032 0.1804
16800.0000 91.0455 0.1872
16805.0000 91.1559 0.1918
16810.0000 91.0271 0.1934
16815.0000 91.2534 0.1877
16820.0000 91.4024 0.1933
16825.0000 91.3502 0.1930
16830.0000 91.3946 0.1978
16835.0000 91.1926 0.2004
16840.0000 91.1583 0.2064
16845.0000 91.1162 0.2055
16850.0000 91.0106 0.2075
16855.0000 91.2657 0.1930
16860.0000 91.3218 0.2074
16865.0000 91.3931 0.1990
16870.0000 91.3314 0.1988
16875.0000 91.1358 0.1990
16880.0000 91.1612 0.1897
16885.0000 91.0378 0.1835
16890.0000 90.8640 0.1855
16895.0000 90.8104 0.1845
16900.0000 90.9189 0.1885
16905.0000 90.9497 0.1807
16910.0000 91.0544 0.1835
16915.0000 90.9377 0.1905
16920.0000 90.8595 0.1922
16925.0000 91.0034 0.1892
16930.0000 90.9101 0.1852
16935.0000 90.8499 0.1966
16940.0000 91.0453 0.1821
16945.0000 91.0022 0.1749
16950.0000 91.0939 0.1756
16955.0000 90.9352 0.1856
16960.0000 90.9621 0.1830
16965.0000 91.0932 0.1752
16970.0000 91.1968 0.1838
16975.0000 91.1997 0.1891
16980.0000 91.0886 0.1871
16985.0000 90.8591 0.1849
16990.0000 91.0744 0.1922
16995.0000 91.1505 0.1907
17000.0000 91.0794 0.1598
17005.0000 91.0093 0.1791
17010.0000 90.9306 0.1885
17015.0000 91.2321 0.1701
17020.0000 91.0146 0.1763
17025.0000 91.0185 0.1753
17030.0000 91.0744 0.1673
17035.0000 90.6767 0.1853
17040.0000 90.6369 0.1738
17045.0000 90.6251 0.1740
17050.0000 90.6589 0.1753
17055.0000 90.6107 0.1807
17060.0000 90.7507 0.1930
17065.0000 90.6954 0.1942
17070.0000 90.8496 0.1819
17075.0000 90.8404 0.1864
17080.0000 90.8302 0.1936
17085.0000 91.0399 0.1776
17090.0000 90.9533 0.1928
17095.0000 90.7880 0.1982
17100.0000 91.1329 0.1827
17105.0000 90.8552 0.1865
17110.0000 90.9414 0.1994
17115.0000 91.0516 0.1950
17120.0000 91.0348 0.1920
17125.0000 91.2172 0.1934
17130.0000 91.0030 0.1793
17135.0000 90.7318 0.1854
17140.0000 90.7558 0.1875
17145.0000 90.5856 0.1790
17150.0000 90.7822 0.1868
17155.0000 91.0362 0.1918
17160.0000 91.0552 0.2024
17165.0000 91.0161 0.2088
17170.0000 91.1270 0.2000
17175.0000 91.2359 0.1908
17180.0000 91.2640 0.1942
17185.0000 91.1049 0.1879
17190.0000 91.2589 0.1852
17195.0000 91.1139 0.1892
17200.0000 91.2223 0.1988
17205.0000 91.1124 0.2060
17210.0000 91.0036 0.1939
17215.0000 91.0495 0.1907
17220.0000 90.9027 0.2047
17225.0000 91.0764 0.1982
17230.0000 90.7687 0.1969
17235.0000 90.9883 0.1967
17240.0000 91.0468 0.1860
17245.0000 91.0517 0.1893
17250.0000 91.1698 0.1880
17255.0000 90.9587 0.1860
17260.0000 90.8150 0.2025
17265.0000 91.1030 0.1981
17270.0000 91.1115 0.2037
17275.0000 91.1637 0.2137
17280.0000 91.1557 0.1958
17285.0000 90.9946 0.2075
17290.0000 91.2106 0.2010
17295.0000 91.2517 0.2047
17300.0000 90.8990 0.2014
17305.0000 91.0297 0.2058
17310.0000 91.0908 0.2062
17315.0000 91.0739 0.2042
17320.0000 91.2041 0.2192
17325.0000 91.2680 0.2155
17330.0000 91.1932 0.2090
17335.0000 91.2104 0.1935
17340.0000 90.9050 0.2132
17345.0000 91.1205 0.2086
17350.0000 91.0631 0.2234
17355.0000 91.2477 0.2149
17360.0000 91.1917 0.2132
17365.0000 91.2367 0.2095
17370.0000 91.3002 0.2241
17375.0000 91.1883 0.2229
17380.0000 91.2700 0.2193
17385.0000 91.2544 0.2218
17390.0000 91.1338 0.2265
17395.0000 91.1849 0.2282
17400.0000 91.3253 0.2103
17405.0000 91.1896 0.2025
17410.0000 90.9185 0.2127
17415.0000 91.1302 0.2047
17420.0000 91.1006 0.2132
17425.0000 91.3072 0.1952
17430.0000 91.3384 0.2044
17435.0000 91.3368 0.1967
17440.0000 91.4041 0.2061
17445.0000 91.1867 0.2127
17450.0000 91.3803 0.1989
17455.0000 91.1549 0.1985
17460.0000 90.9713 0.1974
17465.0000 90.7980 0.1981
17470.0000 90.9201 0.2071
17475.0000 91.0997 0.1982
17480.0000 90.8518 0.2061
17485.0000 90.9653 0.2023
17490.0000 90.9824 0.1831
17495.0000 90.8820 0.1939
17500.0000 91.0718 0.1942
17505.0000 91.1004 0.1891
17510.0000 91.2056 0.2014
17515.0000 91.1612 0.2096
17520.0000 91.1514 0.2091
17525.0000 91.1691 0.2125
17530.0000 91.1972 0.2149
17535.0000 91.3157 0.2192
17540.0000 91.0250 0.2058
17545.0000 90.9670 0.2123
17550.0000 91.3666 0.2165
17555.0000 91.1560 0.2144
17560.0000 91.0541 0.2122
17565.0000 90.9870 0.2154
17570.0000 91.1878 0.2066
17575.0000 90.8473 0.2101
17580.0000 91.0983 0.2054
17585.0000 90.9447 0.2146
17590.0000 90.9461 0.2113
17595.0000 90.7625 0.2171
17600.0000 90.9667 0.2031
17605.0000 90.9297 0.2033
17610.0000 91.1744 0.2077
17615.0000 91.1673 0.2071
17620.0000 91.1180 0.2112
17625.0000 91.1510 0.2101
17630.0000 91.3162 0.2103
17635.0000 91.4684 0.2172
17640.0000 91.2601 0.2166
17645.0000 91.3567 0.2158
17650.0000 91.4205 0.2218
17655.0000 91.1059 0.2318
17660.0000 91.4978 0.2124
17665.0000 91.3390 0.2173
17670.0000 91.2279 0.2363
17675.0000 91.5230 0.2262
17680.0000 91.5757 0.2283
17685.0000 91.2886 0.2311
17690.0000 91.4507 0.2144
17695.0000 91.2895 0.2049
17700.0000 91.3328 0.2042
17705.0000 91.4102 0.2030
17710.0000 91.5000 0.1915
17715.0000 91.2937 0.1934
17720.0000 91.4838 0.1929
17725.0000 91.5373 0.1885
17730.0000 91.4576 0.1916
17735.0000 91.4664 0.1937
17740.0000 91.2408 0.1976
17745.0000 91.4138 0.2039
17750.0000 91.4458 0.2038
17755.0000 91.3102 0.2029
17760.0000 91.4564 0.1849
17765.0000 91.4157 0.1915
17770.0000 91.2604 0.2006
17775.0000 91.1965 0.1930
17780.0000 91.1650 0.1982
17785.0000 91.1896 0.1904
17790.0000 91.3276 0.1993
17795.0000 91.3422 0.2031
17800.0000 91.2534 0.2088
17805.0000 91.2328 0.1977
17810.0000 91.0462 0.2062
17815.0000 91.0516 0.2128
17820.0000 90.9870 0.2048
17825.0000 90.8998 0.2045
17830.0000 91.0149 0.2003
17835.0000 91.1439 0.1992
17840.0000 91.0520 0.1952
17845.0000 91.3040 0.1939
17850.0000 91.1256 0.2014
17855.0000 91.2444 0.1974
17860.0000 91.1214 0.2071
17865.0000 91.3338 0.2010
17870.0000 91.3632 0.2090
17875.0000 91.4233 0.2044
17880.0000 91.5017 0.1914
17885.0000 91.2312 0.2000
17890.0000 91.4098 0.1973
17895.0000 91.3367 0.1972
17900.0000 91.3339 0.1923
17905.0000 91.3709 0.1910
17910.0000 91.1593 0.1962
17915.0000 91.2129 0.1975
17920.0000 91.2243 0.1938
17925.0000 91.3588 0.1859
17930.0000 91.2412 0.1960
17935.0000 91.2787 0.1979
17940.0000 91.0146 0.2010
17945.0000 91.3046 0.1977
17950.0000 91.3170 0.2047
17955.0000 91.3566 0.1928
17960.0000 91.3319 0.2062
17965.0000 91.2375 0.2062
17970.0000 91.1088 0.2116
17975.0000 91.0809 0.2100
17980.0000 91.3402 0.2106
17985.0000 91.2523 0.2089
17990.0000 91.2279 0.2099
17995.0000 91.1054 0.2057
18000.0000 91.0637 0.2068
