# deliveryTime  hopCount
148.0000 8
105.0000 10
183.0000 6
119.0000 6
96.0000 5
136.0000 4
227.0000 7
109.0000 5
81.0000 8
123.0000 6
117.0000 6
128.0000 12
150.0000 8
169.0000 8
52.0000 6
53.0000 6
66.0000 6
78.0000 3
90.0000 5
136.0000 3
139.0000 5
148.0000 4
174.0000 10
197.0000 4
200.0000 5
201.0000 5
213.0000 8
214.0000 5
216.0000 6
225.0000 4
242.0000 7
289.0000 7
301.0000 4
119.0000 3
21.0000 4
42.0000 5
64.0000 4
65.0000 7
70.0000 4
74.0000 4
76.0000 4
76.0000 5
78.0000 4
80.0000 5
80.0000 4
81.0000 4
81.0000 5
82.0000 5
84.0000 4
84.0000 4
85.0000 7
86.0000 6
86.0000 5
89.0000 5
89.0000 6
92.0000 5
92.0000 4
95.0000 6
99.0000 6
102.0000 5
105.0000 4
105.0000 5
106.0000 4
108.0000 4
108.0000 4
109.0000 5
111.0000 4
111.0000 5
113.0000 6
114.0000 4
115.0000 4
116.0000 5
118.0000 6
118.0000 6
119.0000 4
120.0000 5
121.0000 6
122.0000 4
123.0000 5
124.0000 6
125.0000 5
126.0000 5
126.0000 5
127.0000 6
127.0000 4
129.0000 5
130.0000 4
131.0000 5
132.0000 5
133.0000 4
133.0000 6
134.0000 7
135.0000 5
136.0000 6
136.0000 4
136.0000 4
138.0000 5
140.0000 5
141.0000 4
141.0000 5
141.0000 5
141.0000 6
142.0000 7
143.0000 6
143.0000 4
144.0000 5
144.0000 5
144.0000 5
145.0000 5
146.0000 5
146.0000 4
148.0000 5
149.0000 8
150.0000 4
152.0000 5
152.0000 5
153.0000 4
153.0000 5
153.0000 6
155.0000 7
155.0000 6
156.0000 5
156.0000 5
158.0000 5
160.0000 7
160.0000 4
160.0000 6
161.0000 5
161.0000 5
162.0000 7
162.0000 6
163.0000 6
163.0000 7
166.0000 6
166.0000 5
166.0000 4
167.0000 6
169.0000 5
171.0000 7
171.0000 5
171.0000 5
174.0000 5
176.0000 4
178.0000 5
178.0000 7
178.0000 7
179.0000 4
179.0000 4
180.0000 5
181.0000 6
181.0000 4
181.0000 5
182.0000 4
182.0000 7
182.0000 6
184.0000 5
185.0000 7
187.0000 5
187.0000 5
189.0000 6
190.0000 6
190.0000 4
191.0000 6
193.0000 5
193.0000 5
194.0000 4
199.0000 6
201.0000 4
203.0000 5
204.0000 5
205.0000 7
205.0000 4
206.0000 4
206.0000 5
206.0000 5
207.0000 4
207.0000 7
208.0000 4
208.0000 7
211.0000 6
211.0000 7
212.0000 6
215.0000 4
216.0000 7
216.0000 5
218.0000 5
219.0000 7
219.0000 5
219.0000 4
221.0000 5
221.0000 6
221.0000 4
222.0000 4
223.0000 4
224.0000 5
226.0000 7
228.0000 5
229.0000 7
229.0000 7
230.0000 5
230.0000 6
230.0000 5
234.0000 5
155.0000 4
237.0000 6
240.0000 7
241.0000 7
241.0000 4
245.0000 5
248.0000 5
250.0000 5
252.0000 5
255.0000 5
255.0000 6
256.0000 4
256.0000 7
258.0000 6
261.0000 4
96.0000 4
267.0000 4
269.0000 7
269.0000 5
277.0000 4
279.0000 6
279.0000 5
282.0000 7
283.0000 7
284.0000 6
290.0000 5
291.0000 4
304.0000 4
304.0000 4
305.0000 7
308.0000 5
311.0000 5
311.0000 5
314.0000 5
319.0000 5
329.0000 6
331.0000 4
339.0000 5
340.0000 6
353.0000 6
382.0000 5
385.0000 7
387.0000 6
393.0000 7
16.0000 3
90.0000 8
95.0000 2
313.0000 12
315.0000 4
133.0000 7
341.0000 6
93.0000 5
162.0000 4
166.0000 5
88.0000 3
135.0000 4
176.0000 9
183.0000 6
188.0000 7
222.0000 9
254.0000 5
262.0000 8
76.0000 4
348.0000 6
107.0000 5
67.0000 3
93.0000 4
99.0000 4
102.0000 4
111.0000 4
111.0000 3
118.0000 3
127.0000 5
128.0000 4
143.0000 4
150.0000 4
156.0000 3
168.0000 5
173.0000 4
176.0000 4
176.0000 5
181.0000 4
217.0000 4
222.0000 5
242.0000 5
271.0000 5
298.0000 5
5980.0000 7
5982.0000 5
5432.0000 4
5722.0000 12
5723.0000 12
5724.0000 5
5437.0000 5
5993.0000 7
5733.0000 10
5448.0000 7
6000.0000 8
6002.0000 7
5742.0000 9
5457.0000 7
5753.0000 6
6019.0000 8
6025.0000 8
5765.0000 6
5358.0000 7
5480.0000 8
5139.0000 6
6033.0000 9
218.0000 5
5773.0000 5
5081.0000 5
6047.0000 9
5787.0000 9
5500.0000 6
5161.0000 5
5386.0000 6
6058.0000 8
5798.0000 10
5511.0000 6
5393.0000 7
5394.0000 7
5396.0000 8
5805.0000 10
5175.0000 7
6071.0000 6
5179.0000 7
5809.0000 5
5523.0000 6
5812.0000 11
6075.0000 9
5112.0000 8
5406.0000 9
6078.0000 5
5527.0000 7
5527.0000 6
6079.0000 6
5817.0000 11
5410.0000 8
5188.0000 7
5818.0000 4
6083.0000 6
5820.0000 12
5191.0000 8
5413.0000 9
6084.0000 6
5822.0000 9
5535.0000 8
5123.0000 8
5824.0000 11
5537.0000 6
5195.0000 3
5539.0000 7
5539.0000 6
5543.0000 7
5424.0000 8
6095.0000 6
6097.0000 9
5426.0000 4
5427.0000 7
5135.0000 7
5135.0000 6
5136.0000 3
5837.0000 9
6102.0000 5
5209.0000 6
5210.0000 5
5552.0000 10
5552.0000 7
5435.0000 7
5843.0000 12
225.0000 11
5142.0000 7
5143.0000 4
6107.0000 6
5437.0000 9
6109.0000 7
5216.0000 9
5847.0000 11
5439.0000 6
5218.0000 6
4625.0000 8
5219.0000 7
5562.0000 7
5563.0000 9
5150.0000 7
6115.0000 9
6116.0000 4
5853.0000 5
5446.0000 8
300.0000 6
5153.0000 9
5855.0000 9
4632.0000 6
6119.0000 5
5227.0000 9
5449.0000 8
5227.0000 6
5570.0000 11
5858.0000 3
5571.0000 7
4355.0000 3
6124.0000 9
5160.0000 8
5862.0000 9
4420.0000 9
5575.0000 8
5163.0000 6
5234.0000 6
5865.0000 11
6128.0000 6
5236.0000 7
4642.0000 6
5237.0000 4
5868.0000 3
4426.0000 11
5461.0000 9
6134.0000 9
5583.0000 6
5171.0000 6
5584.0000 7
4368.0000 9
5585.0000 7
4649.0000 8
5245.0000 6
5467.0000 4
321.0000 4
5468.0000 5
5468.0000 7
5588.0000 9
5248.0000 8
5470.0000 7
5249.0000 8
5249.0000 7
6142.0000 6
5472.0000 9
4656.0000 6
5594.0000 8
5474.0000 8
5882.0000 4
4658.0000 8
5182.0000 6
6146.0000 6
5253.0000 8
5255.0000 7
4442.0000 3
4442.0000 5
5256.0000 9
5188.0000 6
5188.0000 5
4384.0000 8
4384.0000 7
337.0000 3
5190.0000 7
5486.0000 8
5488.0000 6
6159.0000 7
5267.0000 5
4674.0000 6
5611.0000 8
4395.0000 13
5201.0000 10
4678.0000 8
4397.0000 3
5274.0000 6
5617.0000 8
5204.0000 7
4462.0000 12
351.0000 4
4462.0000 9
4401.0000 10
5205.0000 6
5907.0000 4
5207.0000 5
5278.0000 7
4684.0000 4
4465.0000 12
5207.0000 7
5208.0000 8
4241.0000 5
5208.0000 10
5210.0000 5
4243.0000 7
4468.0000 10
4688.0000 8
5505.0000 7
4690.0000 6
5506.0000 7
4471.0000 9
4410.0000 9
4411.0000 11
5509.0000 10
4413.0000 13
5289.0000 8
4476.0000 7
5920.0000 7
4478.0000 10
367.0000 4
5634.0000 7
370.0000 7
5223.0000 6
4700.0000 8
4423.0000 5
5521.0000 5
4488.0000 7
5232.0000 8
4710.0000 9
4712.0000 6
4494.0000 11
4715.0000 8
5240.0000 7
4436.0000 12
4499.0000 12
5243.0000 10
391.0000 9
5316.0000 7
4504.0000 7
4446.0000 8
4728.0000 6
4729.0000 7
4731.0000 8
4450.0000 8
4731.0000 8
4451.0000 9
4732.0000 8
4516.0000 10
4454.0000 10
4455.0000 9
406.0000 6
4737.0000 7
4519.0000 9
4520.0000 8
4522.0000 6
4522.0000 13
4522.0000 9
4463.0000 7
4464.0000 9
4464.0000 13
4464.0000 9
4528.0000 10
4748.0000 5
4748.0000 8
5344.0000 4
4751.0000 6
4753.0000 6
5569.0000 8
4535.0000 8
4538.0000 13
4477.0000 11
4478.0000 9
4543.0000 10
4481.0000 8
5287.0000 5
4764.0000 4
4548.0000 13
4550.0000 9
4327.0000 7
441.0000 6
4491.0000 6
4772.0000 8
4774.0000 6
4156.0000 14
4495.0000 9
244.0000 6
4497.0000 8
4562.0000 11
4782.0000 6
4505.0000 11
4570.0000 8
4523.0000 9
4808.0000 4
4531.0000 9
4369.0000 8
4369.0000 7
4198.0000 14
4198.0000 9
4379.0000 10
4380.0000 8
4380.0000 5
4212.0000 7
4216.0000 6
4390.0000 8
4391.0000 10
4392.0000 6
4617.0000 11
4098.0000 5
4392.0000 2
4219.0000 13
4100.0000 7
4221.0000 5
4101.0000 5
4222.0000 14
4223.0000 6
4224.0000 5
4225.0000 15
4402.0000 6
4404.0000 6
4231.0000 13
4405.0000 6
4407.0000 7
4234.0000 5
4409.0000 4
4236.0000 7
4238.0000 13
4238.0000 11
4415.0000 6
4419.0000 7
4419.0000 10
4420.0000 12
4248.0000 7
4248.0000 6
4422.0000 7
4425.0000 9
4251.0000 13
4428.0000 7
4257.0000 6
4432.0000 7
4432.0000 5
4261.0000 12
4261.0000 13
4437.0000 9
4284.0000 8
4461.0000 9
4295.0000 12
4000.0000 11
4179.0000 6
4179.0000 7
4180.0000 9
4007.0000 9
4007.0000 11
4313.0000 7
257.0000 9
4197.0000 8
4197.0000 3
4322.0000 7
4206.0000 9
4503.0000 10
4329.0000 2
4330.0000 12
4509.0000 10
4219.0000 9
4220.0000 9
4342.0000 7
4048.0000 9
4228.0000 9
4060.0000 9
144.0000 6
4364.0000 10
4299.0000 9
4304.0000 7
4129.0000 13
4313.0000 5
4317.0000 6
4319.0000 9
4145.0000 3
4321.0000 9
4147.0000 6
4323.0000 6
4324.0000 8
4149.0000 8
4150.0000 10
4151.0000 8
4328.0000 7
3885.0000 12
4330.0000 6
4331.0000 11
4156.0000 8
3891.0000 8
4159.0000 14
3892.0000 7
4160.0000 10
4161.0000 6
4164.0000 9
4164.0000 8
4165.0000 11
3899.0000 6
4167.0000 12
3899.0000 7
3900.0000 7
3902.0000 6
3905.0000 6
4351.0000 7
3910.0000 6
4355.0000 7
4180.0000 6
3913.0000 8
4183.0000 12
4183.0000 9
3916.0000 8
3916.0000 5
3916.0000 12
3917.0000 10
3648.0000 4
4187.0000 10
3651.0000 5
4364.0000 9
3653.0000 8
3573.0000 13
4367.0000 6
3654.0000 3
3573.0000 6
3655.0000 11
4192.0000 6
3925.0000 4
3576.0000 4
4371.0000 6
3578.0000 6
3659.0000 11
4198.0000 12
4199.0000 13
3583.0000 6
3666.0000 8
3936.0000 5
3589.0000 7
4387.0000 9
4387.0000 4
3943.0000 5
4211.0000 2
4213.0000 7
3946.0000 7
4215.0000 6
3681.0000 8
3603.0000 6
3957.0000 7
4227.0000 2
3691.0000 11
3965.0000 7
3965.0000 6
3699.0000 5
3969.0000 7
3971.0000 9
3707.0000 11
3629.0000 3
199.0000 6
3982.0000 12
3716.0000 6
3989.0000 6
3723.0000 7
3727.0000 6
3649.0000 4
4004.0000 5
4005.0000 6
4006.0000 5
3738.0000 12
3658.0000 12
3743.0000 10
3665.0000 6
3746.0000 10
4025.0000 4
3759.0000 5
3767.0000 6
3689.0000 8
3777.0000 7
3699.0000 7
3712.0000 4
3796.0000 5
4068.0000 9
3802.0000 5
3805.0000 9
3724.0000 4
3727.0000 5
3813.0000 9
3733.0000 4
3739.0000 10
3489.0000 10
3742.0000 10
3499.0000 5
3840.0000 9
74.0000 4
3762.0000 3
3770.0000 7
3523.0000 10
3526.0000 9
3799.0000 10
3802.0000 10
3559.0000 10
3810.0000 10
3561.0000 13
3894.0000 6
3312.0000 5
3565.0000 10
3316.0000 6
3842.0000 8
3858.0000 4
3621.0000 6
3884.0000 9
3384.0000 7
3886.0000 3
3968.0000 7
3970.0000 13
3640.0000 8
3644.0000 8
3979.0000 7
3981.0000 10
3901.0000 9
3903.0000 8
3679.0000 6
3493.0000 7
3747.0000 6
3750.0000 6
3755.0000 9
3769.0000 10
3769.0000 8
3771.0000 7
3523.0000 6
3774.0000 11
3776.0000 10
3781.0000 11
3781.0000 11
3781.0000 10
3532.0000 4
3784.0000 10
3539.0000 7
3550.0000 7
3803.0000 7
3804.0000 10
127.0000 8
3816.0000 7
3820.0000 3
3824.0000 8
3495.0000 13
3828.0000 3
3829.0000 7
3500.0000 12
3671.0000 15
3589.0000 4
3680.0000 9
3598.0000 6
3684.0000 7
3687.0000 12
3602.0000 5
3688.0000 6
3690.0000 5
3605.0000 9
3692.0000 6
3608.0000 6
3694.0000 13
3700.0000 13
3616.0000 6
3617.0000 8
3708.0000 12
99.0000 11
3626.0000 6
3765.0000 12
3766.0000 4
3771.0000 12
3774.0000 12
3.0000 2
17.0000 2
27.0000 2
49.0000 2
105.0000 2
110.0000 2
116.0000 2
124.0000 2
129.0000 2
132.0000 2
3959.0000 16
140.0000 2
145.0000 2
158.0000 2
161.0000 2
164.0000 2
167.0000 2
170.0000 2
3997.0000 16
176.0000 2
191.0000 2
197.0000 2
286.0000 2
291.0000 2
298.0000 2
305.0000 2
308.0000 2
4135.0000 16
4051.0000 6
314.0000 2
317.0000 2
320.0000 2
4148.0000 11
327.0000 2
4066.0000 6
336.0000 2
3937.0000 6
339.0000 2
342.0000 2
4091.0000 7
353.0000 2
4179.0000 5
3957.0000 4
4097.0000 7
4185.0000 11
363.0000 2
4104.0000 9
4191.0000 13
4108.0000 9
4194.0000 13
4109.0000 9
4197.0000 11
4112.0000 4
4198.0000 8
3973.0000 4
374.0000 2
4113.0000 7
3976.0000 5
3710.0000 8
3981.0000 5
3981.0000 3
108.0000 9
3911.0000 6
3912.0000 8
3988.0000 8
3990.0000 6
4130.0000 6
3721.0000 7
3919.0000 6
3723.0000 8
4218.0000 13
4219.0000 13
3995.0000 4
3726.0000 6
4135.0000 7
4221.0000 4
3924.0000 8
4136.0000 4
4137.0000 9
4137.0000 6
3729.0000 6
4000.0000 4
4001.0000 7
4141.0000 7
4003.0000 6
3931.0000 9
4004.0000 7
4004.0000 7
4005.0000 4
4005.0000 8
3736.0000 6
4007.0000 6
4010.0000 8
4010.0000 6
4149.0000 7
4011.0000 6
3938.0000 7
4150.0000 5
3939.0000 7
3742.0000 8
3941.0000 8
3941.0000 6
4154.0000 7
3746.0000 6
3746.0000 9
3944.0000 9
3748.0000 4
3748.0000 9
3946.0000 7
421.0000 2
3753.0000 9
4026.0000 4
4026.0000 8
4165.0000 7
4030.0000 3
3957.0000 6
432.0000 2
4033.0000 6
4033.0000 6
4174.0000 5
3766.0000 10
3964.0000 7
3767.0000 4
439.0000 2
4038.0000 7
3769.0000 8
3771.0000 7
3969.0000 8
3970.0000 9
3488.0000 5
4283.0000 7
460.0000 2
4060.0000 9
463.0000 2
4201.0000 8
4067.0000 8
3998.0000 9
4073.0000 8
476.0000 2
479.0000 2
4008.0000 5
482.0000 2
485.0000 2
4014.0000 9
3818.0000 6
4090.0000 8
492.0000 2
3824.0000 8
4024.0000 8
4237.0000 9
3831.0000 8
502.0000 2
505.0000 2
508.0000 2
3553.0000 7
4037.0000 6
514.0000 2
3846.0000 9
3559.0000 8
519.0000 2
3563.0000 7
522.0000 2
4051.0000 3
3854.0000 11
3570.0000 7
531.0000 2
3681.0000 6
534.0000 2
3870.0000 8
117.0000 7
4071.0000 6
545.0000 2
3590.0000 8
4078.0000 7
3886.0000 10
3602.0000 5
561.0000 2
3894.0000 11
3894.0000 4
3716.0000 9
568.0000 2
4095.0000 7
4095.0000 9
3613.0000 7
3614.0000 10
3614.0000 10
573.0000 2
4099.0000 8
3724.0000 3
3906.0000 5
3619.0000 5
4106.0000 9
3730.0000 9
4112.0000 7
3920.0000 11
3922.0000 10
3636.0000 7
3747.0000 3
3647.0000 7
3758.0000 3
3662.0000 9
3773.0000 7
4152.0000 6
3399.0000 10
630.0000 2
634.0000 2
638.0000 2
4005.0000 8
694.0000 2
700.0000 2
705.0000 2
708.0000 2
731.0000 2
734.0000 2
737.0000 2
740.0000 2
744.0000 2
753.0000 2
756.0000 2
759.0000 2
762.0000 2
765.0000 2
779.0000 2
782.0000 2
787.0000 2
790.0000 2
795.0000 2
798.0000 2
805.0000 2
808.0000 2
811.0000 2
819.0000 2
824.0000 2
854.0000 2
4020.0000 3
4200.0000 7
3646.0000 6
3650.0000 7
879.0000 2
3653.0000 5
3324.0000 5
882.0000 2
4032.0000 6
3502.0000 6
885.0000 2
3928.0000 8
3662.0000 6
4041.0000 7
4043.0000 5
3673.0000 9
3523.0000 8
3351.0000 6
4058.0000 7
3684.0000 6
211.0000 7
4068.0000 6
3965.0000 7
3698.0000 6
3699.0000 6
3971.0000 7
3548.0000 12
4080.0000 8
3704.0000 7
3376.0000 10
3710.0000 9
4088.0000 9
3982.0000 9
3384.0000 11
3986.0000 8
4093.0000 8
946.0000 2
3719.0000 6
3565.0000 6
4097.0000 9
4097.0000 5
3723.0000 8
4100.0000 11
3996.0000 8
4104.0000 8
958.0000 2
3730.0000 6
3730.0000 7
3577.0000 7
4109.0000 6
961.0000 2
4004.0000 8
4004.0000 8
4004.0000 6
3734.0000 8
3735.0000 8
964.0000 2
3408.0000 5
3737.0000 7
3737.0000 7
4008.0000 6
4117.0000 9
3586.0000 11
3741.0000 7
4118.0000 7
4119.0000 4
3743.0000 5
3414.0000 11
973.0000 2
4016.0000 5
4123.0000 4
3594.0000 4
4019.0000 6
3422.0000 6
4021.0000 5
3752.0000 7
4023.0000 2
982.0000 2
3754.0000 5
4133.0000 5
3756.0000 4
985.0000 2
4135.0000 9
4137.0000 4
988.0000 2
3767.0000 4
181.0000 4
4038.0000 6
3771.0000 9
4041.0000 6
1001.0000 2
4152.0000 5
4154.0000 10
1006.0000 2
1011.0000 2
1016.0000 2
1019.0000 2
1024.0000 2
1028.0000 2
1032.0000 2
3806.0000 7
1035.0000 2
1038.0000 2
1044.0000 2
1051.0000 2
1101.0000 2
1113.0000 2
1120.0000 2
1123.0000 2
1126.0000 2
1129.0000 2
1132.0000 2
1135.0000 2
1138.0000 2
1141.0000 2
1149.0000 2
1163.0000 2
1169.0000 2
1172.0000 2
1175.0000 2
1181.0000 2
1186.0000 2
1189.0000 2
1201.0000 2
1204.0000 2
1208.0000 2
1212.0000 2
1215.0000 2
1220.0000 2
1223.0000 2
1318.0000 2
3574.0000 5
3962.0000 7
234.0000 9
1345.0000 2
1348.0000 2
4121.0000 9
3793.0000 8
3971.0000 6
3971.0000 8
3587.0000 5
3801.0000 5
1361.0000 2
3592.0000 8
3986.0000 5
3814.0000 7
4144.0000 8
3602.0000 5
1374.0000 2
3605.0000 6
3607.0000 10
3610.0000 5
3610.0000 9
3998.0000 7
1382.0000 2
3405.0000 6
4154.0000 5
4002.0000 7
3827.0000 5
3283.0000 3
3616.0000 5
4005.0000 9
3618.0000 10
4007.0000 6
4007.0000 8
3412.0000 10
3290.0000 7
3835.0000 5
3836.0000 5
4012.0000 6
3840.0000 9
3627.0000 11
4018.0000 6
1401.0000 2
3425.0000 7
3634.0000 8
3303.0000 6
1405.0000 2
4024.0000 6
3641.0000 7
4030.0000 6
3642.0000 7
3643.0000 8
3856.0000 6
1414.0000 2
3858.0000 9
3647.0000 5
3860.0000 5
1418.0000 2
4038.0000 8
3863.0000 6
1421.0000 2
3651.0000 10
3654.0000 8
3654.0000 9
100.0000 6
4044.0000 8
4044.0000 7
3870.0000 12
3657.0000 6
4047.0000 6
3872.0000 6
4049.0000 6
3661.0000 9
3669.0000 7
3465.0000 3
3465.0000 10
3887.0000 6
3887.0000 9
3467.0000 8
3343.0000 7
3470.0000 5
3345.0000 8
3677.0000 8
3890.0000 10
3471.0000 7
3892.0000 6
3893.0000 11
3893.0000 6
3476.0000 10
3353.0000 8
3898.0000 5
3900.0000 5
4076.0000 11
3356.0000 7
3688.0000 5
3481.0000 5
3902.0000 11
3220.0000 3
3220.0000 9
3692.0000 11
3362.0000 8
4084.0000 9
3700.0000 7
4088.0000 8
3702.0000 3
3704.0000 8
3704.0000 11
4093.0000 10
4100.0000 6
3508.0000 6
3949.0000 10
3740.0000 11
1531.0000 2
120.0000 7
1537.0000 2
1547.0000 2
3577.0000 5
3455.0000 6
3594.0000 9
3472.0000 5
3376.0000 4
1630.0000 2
3531.0000 8
1636.0000 2
3660.0000 9
1640.0000 2
3538.0000 5
3664.0000 4
3402.0000 4
3542.0000 5
3668.0000 7
3405.0000 7
3669.0000 9
3670.0000 6
3672.0000 7
3409.0000 6
3550.0000 9
3550.0000 11
3551.0000 3
1654.0000 2
3414.0000 7
3414.0000 5
3679.0000 6
1657.0000 2
3418.0000 6
3557.0000 6
3559.0000 10
3420.0000 3
3685.0000 6
3560.0000 3
3421.0000 6
3563.0000 3
3692.0000 6
1675.0000 2
3437.0000 7
3440.0000 4
3579.0000 11
3440.0000 7
3707.0000 6
3707.0000 5
3293.0000 8
3445.0000 3
3446.0000 5
3587.0000 7
3588.0000 9
3303.0000 8
3456.0000 9
3595.0000 10
3457.0000 10
1700.0000 2
3723.0000 8
151.0000 6
3607.0000 7
3610.0000 7
3324.0000 5
3741.0000 10
3480.0000 6
3481.0000 6
3481.0000 3
3745.0000 9
3623.0000 7
3488.0000 6
3755.0000 5
3491.0000 5
3342.0000 7
3633.0000 4
3344.0000 7
3761.0000 7
3762.0000 9
3646.0000 9
3510.0000 4
3360.0000 6
1752.0000 2
3514.0000 6
3364.0000 8
3518.0000 4
3519.0000 4
3369.0000 5
3372.0000 7
1768.0000 2
3528.0000 4
3670.0000 4
3382.0000 8
1774.0000 2
3386.0000 7
1780.0000 2
3390.0000 7
1783.0000 2
3546.0000 3
3398.0000 9
3401.0000 8
1799.0000 2
4.0000 2
3563.0000 6
150.0000 10
14.0000 2
1814.0000 2
1820.0000 2
1823.0000 2
33.0000 2
3447.0000 9
1859.0000 2
3479.0000 8
82.0000 2
3487.0000 6
1883.0000 2
88.0000 2
3493.0000 7
92.0000 2
1888.0000 2
1891.0000 2
3500.0000 6
97.0000 2
3501.0000 8
1894.0000 2
101.0000 2
1901.0000 2
3510.0000 8
3510.0000 6
3517.0000 9
115.0000 2
1915.0000 2
1918.0000 2
1921.0000 2
1924.0000 2
128.0000 2
1927.0000 2
1930.0000 2
1933.0000 2
1936.0000 2
142.0000 2
1939.0000 2
1942.0000 2
156.0000 2
160.0000 2
165.0000 2
169.0000 2
3573.0000 7
1971.0000 2
1974.0000 2
1977.0000 2
183.0000 2
1983.0000 2
191.0000 2
2004.0000 2
213.0000 2
2009.0000 2
2012.0000 2
2015.0000 2
2018.0000 2
226.0000 2
3642.0000 7
3657.0000 6
3657.0000 7
71.0000 6
268.0000 2
2068.0000 2
275.0000 2
3694.0000 7
291.0000 2
295.0000 2
309.0000 2
315.0000 2
2119.0000 2
331.0000 2
2136.0000 2
2139.0000 2
3747.0000 7
349.0000 2
357.0000 2
368.0000 2
2165.0000 2
2168.0000 2
2172.0000 2
384.0000 2
2184.0000 2
390.0000 2
397.0000 2
401.0000 2
2205.0000 2
411.0000 2
2208.0000 2
415.0000 2
2211.0000 2
2217.0000 2
423.0000 2
2220.0000 2
2223.0000 2
429.0000 2
2228.0000 2
2231.0000 2
437.0000 2
445.0000 2
452.0000 2
2250.0000 2
458.0000 2
2262.0000 2
474.0000 2
480.0000 2
484.0000 2
488.0000 2
493.0000 2
499.0000 2
507.0000 2
513.0000 2
517.0000 2
2316.0000 2
521.0000 2
525.0000 2
529.0000 2
552.0000 2
570.0000 2
608.0000 2
2405.0000 2
171.0000 6
620.0000 2
627.0000 2
653.0000 2
661.0000 2
2459.0000 2
665.0000 2
4074.0000 5
2470.0000 2
2476.0000 2
683.0000 2
688.0000 2
8674.0000 6
8675.0000 15
8676.0000 11
694.0000 2
698.0000 2
702.0000 2
706.0000 2
2506.0000 2
710.0000 2
2509.0000 2
2514.0000 2
720.0000 2
2524.0000 2
8713.0000 9
219.0000 7
2557.0000 2
8750.0000 6
8751.0000 8
8761.0000 8
8765.0000 7
790.0000 2
8774.0000 8
2590.0000 2
8782.0000 9
8791.0000 3
8792.0000 9
8792.0000 9
8792.0000 9
8795.0000 9
8795.0000 6
8799.0000 8
8801.0000 5
8807.0000 9
825.0000 2
8810.0000 5
829.0000 2
8819.0000 9
188.0000 6
842.0000 2
8824.0000 4
846.0000 2
8832.0000 6
8839.0000 4
8845.0000 9
868.0000 2
8850.0000 4
872.0000 2
8859.0000 6
877.0000 2
8859.0000 5
8860.0000 5
8861.0000 8
2676.0000 2
882.0000 2
2680.0000 2
886.0000 2
2691.0000 2
896.0000 2
912.0000 2
2710.0000 2
2714.0000 2
2719.0000 2
940.0000 2
2745.0000 2
2748.0000 2
963.0000 2
967.0000 2
104.0000 5
2793.0000 2
999.0000 2
1005.0000 2
4070.0000 8
3919.0000 9
1016.0000 2
4079.0000 9
1020.0000 2
1024.0000 2
4086.0000 5
1028.0000 2
4097.0000 9
4097.0000 13
2834.0000 2
4099.0000 10
1041.0000 2
3944.0000 4
4104.0000 10
3947.0000 7
3947.0000 8
4105.0000 5
1047.0000 2
1051.0000 2
3957.0000 5
4116.0000 8
4117.0000 8
4118.0000 7
1061.0000 2
4125.0000 7
4127.0000 9
1068.0000 2
1072.0000 2
2868.0000 2
4135.0000 8
1084.0000 2
4148.0000 8
1088.0000 2
3992.0000 7
2886.0000 2
2889.0000 2
1095.0000 2
4157.0000 10
2894.0000 2
1099.0000 2
4163.0000 8
2901.0000 2
2904.0000 2
1111.0000 2
4173.0000 7
2910.0000 2
2918.0000 2
1123.0000 2
4027.0000 6
4029.0000 6
3897.0000 8
4038.0000 6
1139.0000 2
3913.0000 6
4206.0000 8
2945.0000 2
4052.0000 10
4053.0000 10
4053.0000 6
3920.0000 4
1152.0000 2
1156.0000 2
4059.0000 11
4065.0000 6
1166.0000 2
1170.0000 2
4075.0000 6
4078.0000 6
4241.0000 10
4087.0000 8
4088.0000 6
3960.0000 6
3960.0000 7
4252.0000 9
3963.0000 8
4096.0000 7
4097.0000 8
4098.0000 7
4099.0000 9
3968.0000 11
1200.0000 2
3974.0000 4
3001.0000 2
4110.0000 7
1209.0000 2
1214.0000 2
1218.0000 2
1222.0000 2
4127.0000 4
3996.0000 6
1226.0000 2
3997.0000 8
4132.0000 10
4002.0000 13
4137.0000 8
4137.0000 6
4007.0000 7
4009.0000 6
4145.0000 6
1242.0000 2
1252.0000 2
4025.0000 7
4159.0000 5
3052.0000 2
4031.0000 10
1262.0000 2
4034.0000 7
3065.0000 2
1276.0000 2
3075.0000 2
3078.0000 2
1292.0000 2
1299.0000 2
1304.0000 2
3103.0000 2
1320.0000 2
3119.0000 2
85.0000 11
4241.0000 5
4113.0000 10
3140.0000 2
1356.0000 2
277.0000 4
1381.0000 2
3177.0000 2
1385.0000 2
1389.0000 2
1393.0000 2
1401.0000 2
1427.0000 2
1431.0000 2
3231.0000 2
3234.0000 2
1441.0000 2
3237.0000 2
3240.0000 2
4216.0000 6
3250.0000 2
3260.0000 2
1473.0000 2
1477.0000 2
1484.0000 2
1494.0000 2
1498.0000 2
1505.0000 2
1534.0000 2
4.0000 2
8.0000 2
1547.0000 2
14.0000 2
18.0000 2
1555.0000 2
1559.0000 2
3356.0000 2
27.0000 2
3360.0000 2
32.0000 2
36.0000 2
4344.0000 5
40.0000 2
44.0000 2
48.0000 2
52.0000 2
4359.0000 4
56.0000 2
4107.0000 5
60.0000 2
1594.0000 2
4112.0000 5
1598.0000 2
4369.0000 4
67.0000 2
4374.0000 4
4123.0000 10
74.0000 2
78.0000 2
82.0000 2
1620.0000 2
86.0000 2
90.0000 2
1626.0000 2
3423.0000 2
95.0000 2
4400.0000 5
4401.0000 9
4402.0000 10
3434.0000 2
4409.0000 7
106.0000 2
3437.0000 2
1642.0000 2
4415.0000 6
4416.0000 7
4417.0000 8
114.0000 2
4168.0000 6
3453.0000 2
1666.0000 2
4185.0000 7
135.0000 2
3471.0000 2
4193.0000 4
4193.0000 9
3475.0000 2
1684.0000 2
4205.0000 6
3486.0000 2
1699.0000 2
172.0000 2
3510.0000 2
189.0000 2
193.0000 2
3535.0000 2
1740.0000 2
208.0000 2
1745.0000 2
3542.0000 2
215.0000 2
1758.0000 2
224.0000 2
1766.0000 2
4285.0000 7
234.0000 2
3567.0000 2
3570.0000 2
244.0000 2
248.0000 2
262.0000 2
1799.0000 2
1803.0000 2
3602.0000 2
3605.0000 2
46.0000 2
1810.0000 2
4581.0000 6
3610.0000 2
4333.0000 4
4337.0000 9
4338.0000 8
288.0000 2
58.0000 5
292.0000 2
1831.0000 2
299.0000 2
1845.0000 2
4367.0000 7
4368.0000 6
4377.0000 8
4130.0000 7
4381.0000 7
4391.0000 5
347.0000 2
4399.0000 5
121.0000 5
351.0000 2
4154.0000 10
4159.0000 8
4412.0000 4
3902.0000 12
1895.0000 2
134.0000 5
4416.0000 7
365.0000 2
4168.0000 8
3697.0000 2
369.0000 2
4421.0000 6
4174.0000 6
4426.0000 8
378.0000 2
150.0000 5
382.0000 2
4434.0000 10
156.0000 6
386.0000 2
157.0000 6
3718.0000 2
392.0000 2
1930.0000 2
401.0000 2
173.0000 7
4205.0000 8
4457.0000 10
3737.0000 2
408.0000 2
4210.0000 7
1944.0000 2
415.0000 2
4468.0000 5
191.0000 6
191.0000 4
4477.0000 5
4481.0000 5
4481.0000 8
4234.0000 8
4235.0000 8
4238.0000 8
208.0000 7
4494.0000 8
4244.0000 6
217.0000 7
223.0000 6
1992.0000 2
458.0000 2
228.0000 10
1997.0000 2
2002.0000 2
469.0000 2
2006.0000 2
476.0000 2
246.0000 9
2013.0000 2
480.0000 2
2017.0000 2
255.0000 9
2021.0000 2
489.0000 2
2032.0000 2
500.0000 2
273.0000 6
274.0000 6
510.0000 2
514.0000 2
522.0000 2
536.0000 2
4341.0000 7
4342.0000 10
4593.0000 5
4084.0000 8
313.0000 9
548.0000 2
2082.0000 2
85.0000 7
2086.0000 2
553.0000 2
2090.0000 2
3888.0000 2
559.0000 2
2094.0000 2
4364.0000 7
563.0000 2
4108.0000 5
568.0000 2
2103.0000 2
4373.0000 7
573.0000 2
2107.0000 2
4116.0000 8
2111.0000 2
577.0000 2
581.0000 2
2117.0000 2
4387.0000 9
588.0000 2
4130.0000 6
4391.0000 7
2127.0000 2
4134.0000 8
596.0000 2
600.0000 2
604.0000 2
608.0000 2
612.0000 2
4424.0000 9
2163.0000 2
4171.0000 8
4171.0000 7
637.0000 2
2172.0000 2
3695.0000 9
641.0000 2
645.0000 2
4186.0000 5
4191.0000 4
4454.0000 5
654.0000 2
4198.0000 12
2191.0000 2
4199.0000 7
4461.0000 8
4463.0000 4
2197.0000 2
664.0000 2
4467.0000 7
2201.0000 2
668.0000 2
4210.0000 8
4210.0000 8
4211.0000 8
4472.0000 8
2205.0000 2
4474.0000 7
4474.0000 7
4215.0000 7
675.0000 2
4217.0000 5
2210.0000 2
3733.0000 12
682.0000 2
686.0000 2
2220.0000 2
690.0000 2
4026.0000 2
697.0000 2
2233.0000 2
4501.0000 8
4244.0000 12
709.0000 2
3767.0000 12
716.0000 2
3776.0000 9
4052.0000 2
2257.0000 2
4265.0000 9
738.0000 2
745.0000 2
3.0000 2
755.0000 2
6.0000 2
759.0000 2
772.0000 2
778.0000 2
782.0000 2
786.0000 2
2323.0000 2
791.0000 2
43.0000 2
795.0000 2
2330.0000 2
4130.0000 2
3857.0000 7
51.0000 2
4604.0000 6
2338.0000 2
4606.0000 7
4347.0000 6
58.0000 2
2344.0000 2
4352.0000 6
811.0000 2
817.0000 2
4358.0000 7
4360.0000 7
68.0000 2
4621.0000 5
822.0000 2
826.0000 2
4369.0000 8
77.0000 2
4371.0000 5
4373.0000 8
4633.0000 6
4373.0000 8
4375.0000 5
4376.0000 6
3890.0000 6
3891.0000 9
841.0000 2
845.0000 2
95.0000 2
849.0000 2
98.0000 2
2390.0000 2
858.0000 2
4201.0000 2
146.0000 2
2435.0000 2
156.0000 2
161.0000 2
920.0000 2
4251.0000 2
2457.0000 2
4257.0000 2
934.0000 2
943.0000 2
947.0000 2
2485.0000 2
955.0000 2
4020.0000 4
2502.0000 2
4030.0000 8
228.0000 2
2514.0000 2
4311.0000 2
4524.0000 6
984.0000 2
4042.0000 8
236.0000 2
2522.0000 2
4321.0000 2
2527.0000 2
243.0000 2
4051.0000 3
4327.0000 2
4330.0000 2
254.0000 2
1012.0000 2
4068.0000 8
4345.0000 2
4348.0000 2
267.0000 2
162.0000 8
4085.0000 7
2565.0000 2
1033.0000 2
283.0000 2
4091.0000 12
1038.0000 2
4098.0000 9
4376.0000 2
2581.0000 2
4105.0000 5
298.0000 2
4107.0000 9
4110.0000 6
4110.0000 9
1059.0000 2
309.0000 2
4116.0000 4
1063.0000 2
4121.0000 8
1067.0000 2
2603.0000 2
1072.0000 2
2607.0000 2
2611.0000 2
1077.0000 2
4134.0000 8
2620.0000 2
1087.0000 2
338.0000 2
2626.0000 2
2630.0000 2
1100.0000 2
1104.0000 2
1108.0000 2
357.0000 2
2645.0000 2
360.0000 2
1119.0000 2
371.0000 2
1123.0000 2
1127.0000 2
377.0000 2
4185.0000 8
2669.0000 2
1139.0000 2
389.0000 2
4197.0000 13
1143.0000 2
2682.0000 2
86.0000 5
1159.0000 2
1165.0000 2
1169.0000 2
4226.0000 7
1173.0000 2
422.0000 2
4506.0000 2
425.0000 2
1177.0000 2
4509.0000 2
1181.0000 2
1185.0000 2
1190.0000 2
1194.0000 2
4254.0000 12
450.0000 2
3.0000 2
6.0000 2
2743.0000 2
9.0000 2
458.0000 2
12.0000 2
4543.0000 2
15.0000 2
18.0000 2
4549.0000 2
468.0000 2
21.0000 2
1223.0000 2
29.0000 2
32.0000 2
4288.0000 9
1244.0000 2
493.0000 2
496.0000 2
499.0000 2
53.0000 2
1255.0000 2
2792.0000 2
510.0000 2
64.0000 2
4322.0000 7
71.0000 2
78.0000 2
4609.0000 2
8136.0000 9
2817.0000 2
1288.0000 2
537.0000 2
2825.0000 2
541.0000 2
3923.0000 12
102.0000 2
4358.0000 9
552.0000 2
562.0000 2
565.0000 2
4654.0000 2
588.0000 2
591.0000 2
4408.0000 13
602.0000 2
606.0000 2
609.0000 2
612.0000 2
2909.0000 2
624.0000 2
2913.0000 2
629.0000 2
633.0000 2
637.0000 2
2923.0000 2
640.0000 2
2927.0000 2
643.0000 2
1397.0000 2
199.0000 2
203.0000 2
2938.0000 2
4734.0000 2
657.0000 2
4035.0000 10
213.0000 2
2947.0000 2
216.0000 2
2951.0000 2
219.0000 2
4047.0000 9
670.0000 2
4048.0000 7
2958.0000 2
226.0000 2
229.0000 2
232.0000 2
1434.0000 2
686.0000 2
4064.0000 8
240.0000 2
2975.0000 2
243.0000 2
2979.0000 2
246.0000 2
2983.0000 2
2987.0000 2
254.0000 2
257.0000 2
706.0000 2
263.0000 2
266.0000 2
717.0000 2
272.0000 2
275.0000 2
278.0000 2
281.0000 2
3017.0000 2
284.0000 2
4817.0000 2
287.0000 2
290.0000 2
740.0000 2
1493.0000 2
294.0000 2
297.0000 2
749.0000 2
4131.0000 9
4134.0000 7
758.0000 2
761.0000 2
4142.0000 7
3052.0000 2
319.0000 2
324.0000 2
772.0000 2
775.0000 2
330.0000 2
3065.0000 2
4159.0000 7
784.0000 2
3071.0000 2
4868.0000 2
339.0000 2
4871.0000 2
1542.0000 2
790.0000 2
342.0000 2
793.0000 2
4171.0000 7
350.0000 2
353.0000 2
801.0000 2
4886.0000 2
3093.0000 2
809.0000 2
106.0000 5
363.0000 2
3099.0000 2
813.0000 2
366.0000 2
816.0000 2
370.0000 2
3106.0000 2
823.0000 2
1577.0000 2
3114.0000 2
834.0000 2
1586.0000 2
388.0000 2
391.0000 2
4923.0000 2
1593.0000 2
394.0000 2
397.0000 2
400.0000 2
403.0000 2
854.0000 2
409.0000 2
861.0000 2
1615.0000 2
869.0000 2
422.0000 2
876.0000 2
4261.0000 13
440.0000 2
891.0000 2
1643.0000 2
443.0000 2
894.0000 2
4275.0000 13
456.0000 2
905.0000 2
460.0000 2
908.0000 2
463.0000 2
912.0000 2
915.0000 2
918.0000 2
472.0000 2
5002.0000 2
1673.0000 2
4299.0000 13
476.0000 2
479.0000 2
929.0000 2
932.0000 2
484.0000 2
1688.0000 2
937.0000 2
492.0000 2
940.0000 2
4320.0000 6
4321.0000 13
499.0000 2
502.0000 2
951.0000 2
506.0000 2
509.0000 2
5039.0000 2
4336.0000 13
1712.0000 2
4338.0000 7
516.0000 2
3255.0000 2
974.0000 2
530.0000 2
4356.0000 6
3267.0000 2
533.0000 2
981.0000 2
5064.0000 2
4360.0000 7
984.0000 2
4364.0000 8
3960.0000 11
1742.0000 2
990.0000 2
4368.0000 6
4372.0000 7
547.0000 2
160.0000 8
550.0000 2
1005.0000 2
557.0000 2
560.0000 2
1761.0000 2
5091.0000 2
3300.0000 2
1014.0000 2
4391.0000 9
569.0000 2
3304.0000 2
1022.0000 2
1776.0000 2
1780.0000 2
587.0000 2
4413.0000 8
590.0000 2
1044.0000 2
1047.0000 2
4020.0000 3
3338.0000 2
1054.0000 2
1057.0000 2
610.0000 2
3346.0000 2
613.0000 2
4442.0000 10
1065.0000 2
1818.0000 2
1068.0000 2
620.0000 2
623.0000 2
626.0000 2
3361.0000 2
5157.0000 2
4454.0000 8
3365.0000 2
631.0000 2
1833.0000 2
634.0000 2
637.0000 2
1087.0000 2
642.0000 2
1091.0000 2
4468.0000 5
3378.0000 2
4064.0000 7
646.0000 2
4473.0000 7
3382.0000 2
649.0000 2
4069.0000 10
4475.0000 8
1098.0000 2
3386.0000 2
652.0000 2
1104.0000 2
4075.0000 10
3392.0000 2
1107.0000 2
1860.0000 2
1111.0000 2
666.0000 2
4391.0000 5
4392.0000 6
1878.0000 2
4098.0000 8
1129.0000 2
1882.0000 2
1133.0000 2
1886.0000 2
3420.0000 2
689.0000 2
1892.0000 2
4112.0000 9
1143.0000 2
3907.0000 8
4122.0000 8
1152.0000 2
4124.0000 7
3912.0000 8
3914.0000 5
1159.0000 2
4135.0000 10
1919.0000 2
1169.0000 2
1923.0000 2
4142.0000 6
3932.0000 9
1927.0000 2
1182.0000 2
4156.0000 10
1188.0000 2
1191.0000 2
1194.0000 2
747.0000 2
5277.0000 2
3484.0000 2
3488.0000 2
1955.0000 2
1205.0000 2
1208.0000 2
1961.0000 2
5291.0000 2
4186.0000 10
1969.0000 2
1979.0000 2
1983.0000 2
5313.0000 2
1231.0000 2
4203.0000 8
1989.0000 2
4208.0000 4
5320.0000 2
4209.0000 8
1993.0000 2
1241.0000 2
793.0000 2
796.0000 2
4218.0000 6
3926.0000 4
4226.0000 9
1259.0000 2
4232.0000 7
2013.0000 2
4233.0000 9
1262.0000 2
4023.0000 6
4023.0000 7
1267.0000 2
1272.0000 2
4245.0000 7
4653.0000 8
4037.0000 8
4253.0000 7
4255.0000 6
4045.0000 4
1297.0000 2
3584.0000 2
851.0000 2
2053.0000 2
4059.0000 6
859.0000 2
4280.0000 13
4280.0000 10
4070.0000 8
4284.0000 5
868.0000 2
871.0000 2
875.0000 2
880.0000 2
883.0000 2
1333.0000 2
889.0000 2
892.0000 2
1342.0000 2
895.0000 2
2100.0000 2
242.0000 10
3637.0000 2
3641.0000 2
911.0000 2
1366.0000 2
3657.0000 2
925.0000 2
3661.0000 2
5458.0000 2
1385.0000 2
1388.0000 2
1391.0000 2
1394.0000 2
947.0000 2
950.0000 2
1400.0000 2
953.0000 2
1404.0000 2
956.0000 2
3691.0000 2
4166.0000 7
3698.0000 2
3705.0000 2
1419.0000 2
977.0000 2
3713.0000 2
4098.0000 6
980.0000 2
3717.0000 2
983.0000 2
2185.0000 2
986.0000 2
4106.0000 10
990.0000 2
993.0000 2
996.0000 2
1445.0000 2
4417.0000 11
1001.0000 2
117.0000 6
1455.0000 2
1008.0000 2
1458.0000 2
1461.0000 2
4437.0000 9
1473.0000 2
1028.0000 2
1476.0000 2
1031.0000 2
1482.0000 2
1034.0000 2
1485.0000 2
1037.0000 2
1488.0000 2
1495.0000 2
1048.0000 2
2248.0000 2
1051.0000 2
2252.0000 2
1054.0000 2
1504.0000 2
1057.0000 2
1507.0000 2
1510.0000 2
4272.0000 7
4190.0000 5
1077.0000 2
4287.0000 6
1532.0000 2
1536.0000 2
1088.0000 2
4294.0000 8
1541.0000 2
4301.0000 8
2297.0000 2
4304.0000 7
2309.0000 2
4228.0000 4
4322.0000 7
3852.0000 2
4241.0000 9
4109.0000 8
4113.0000 9
4256.0000 8
4345.0000 8
4263.0000 6
4349.0000 6
4265.0000 6
3884.0000 2
4355.0000 6
4355.0000 8
3888.0000 2
4277.0000 4
4364.0000 7
3897.0000 2
4882.0000 6
4373.0000 10
2372.0000 2
4592.0000 5
4294.0000 10
4296.0000 8
4299.0000 3
4301.0000 9
2383.0000 2
1631.0000 2
4303.0000 5
4303.0000 4
4061.0000 8
2387.0000 2
4167.0000 5
121.0000 6
4169.0000 5
4396.0000 5
4310.0000 7
4312.0000 9
4400.0000 5
3929.0000 2
4402.0000 5
2398.0000 2
3935.0000 2
4323.0000 6
4184.0000 7
5735.0000 2
4080.0000 11
1206.0000 2
4328.0000 6
4630.0000 8
2420.0000 2
1222.0000 2
2424.0000 2
3961.0000 2
1227.0000 2
4347.0000 10
1230.0000 2
1233.0000 2
1686.0000 2
1239.0000 2
1691.0000 2
3984.0000 2
2451.0000 2
1257.0000 2
1708.0000 2
4240.0000 8
3996.0000 2
1265.0000 2
1713.0000 2
2470.0000 2
4005.0000 2
2474.0000 2
1277.0000 2
1726.0000 2
4014.0000 2
4261.0000 11
1281.0000 2
1284.0000 2
1733.0000 2
1287.0000 2
2488.0000 2
1736.0000 2
4025.0000 2
2493.0000 2
1293.0000 2
4500.0000 7
1296.0000 2
1744.0000 2
2497.0000 2
4504.0000 6
4419.0000 11
1301.0000 2
4176.0000 6
4421.0000 10
2510.0000 2
4431.0000 11
4299.0000 6
4438.0000 6
1321.0000 2
2522.0000 2
1326.0000 2
1329.0000 2
4450.0000 8
4451.0000 6
1332.0000 2
1338.0000 2
4320.0000 9
1788.0000 2
1791.0000 2
4464.0000 2
4327.0000 12
1796.0000 2
1349.0000 2
2550.0000 2
4337.0000 5
2558.0000 2
4340.0000 9
4236.0000 10
4480.0000 7
2562.0000 2
4237.0000 6
4239.0000 9
4570.0000 10
4345.0000 11
4346.0000 12
2566.0000 2
1816.0000 2
4105.0000 2
4360.0000 6
1832.0000 2
4128.0000 2
1843.0000 2
4139.0000 2
4143.0000 2
83.0000 3
1414.0000 2
5954.0000 2
1432.0000 2
4563.0000 8
4427.0000 8
4428.0000 8
1448.0000 2
1451.0000 2
283.0000 10
5990.0000 2
4339.0000 9
1915.0000 2
1467.0000 2
6000.0000 2
1918.0000 2
4206.0000 2
1475.0000 2
1482.0000 2
1938.0000 2
1941.0000 2
2693.0000 2
1498.0000 2
4233.0000 2
1509.0000 2
2715.0000 2
1520.0000 2
4256.0000 2
1527.0000 2
2001.0000 2
6092.0000 2
1579.0000 2
1583.0000 2
1586.0000 2
2035.0000 2
1593.0000 2
1598.0000 2
2048.0000 2
1603.0000 2
2051.0000 2
2054.0000 2
1606.0000 2
4346.0000 2
2062.0000 2
2820.0000 2
2070.0000 2
2824.0000 2
2073.0000 2
1628.0000 2
4504.0000 4
1631.0000 2
4611.0000 5
2081.0000 2
2084.0000 2
4512.0000 9
4512.0000 4
2089.0000 2
1659.0000 2
2862.0000 2
1664.0000 2
1669.0000 2
4545.0000 8
78.0000 4
4652.0000 7
2874.0000 2
1675.0000 2
4659.0000 12
4558.0000 9
2131.0000 2
1683.0000 2
1695.0000 2
4577.0000 10
2903.0000 2
4578.0000 8
4685.0000 11
4911.0000 4
4255.0000 7
4688.0000 6
2908.0000 2
4442.0000 2
4689.0000 10
7783.0000 11
4690.0000 7
4446.0000 2
7650.0000 5
2163.0000 2
4450.0000 2
4454.0000 2
2922.0000 2
2926.0000 2
2184.0000 2
2193.0000 2
4480.0000 2
4631.0000 10
4306.0000 6
4634.0000 8
4744.0000 7
4643.0000 5
4751.0000 8
4751.0000 9
4507.0000 2
2234.0000 2
4769.0000 9
4341.0000 10
4779.0000 9
4353.0000 6
1809.0000 2
2261.0000 2
1814.0000 2
4691.0000 6
4799.0000 9
2279.0000 2
4384.0000 3
4715.0000 11
4.0000 2
8.0000 2
12.0000 2
21.0000 2
25.0000 2
2313.0000 2
1869.0000 2
1872.0000 2
38.0000 2
1878.0000 2
6413.0000 2
45.0000 2
6416.0000 2
1889.0000 2
1892.0000 2
54.0000 2
2345.0000 2
1899.0000 2
61.0000 2
2348.0000 2
1902.0000 2
65.0000 2
1905.0000 2
4642.0000 2
2356.0000 2
1912.0000 2
74.0000 2
78.0000 2
1921.0000 2
84.0000 2
1925.0000 2
88.0000 2
92.0000 2
1933.0000 2
96.0000 2
100.0000 2
1944.0000 2
111.0000 2
115.0000 2
119.0000 2
4695.0000 2
1962.0000 2
126.0000 2
2417.0000 2
130.0000 2
1971.0000 2
134.0000 2
1974.0000 2
1977.0000 2
1980.0000 2
3183.0000 2
149.0000 2
154.0000 2
1994.0000 2
1997.0000 2
166.0000 2
174.0000 2
4563.0000 8
4750.0000 2
4891.0000 11
37.0000 4
4313.0000 10
4896.0000 8
4573.0000 6
2474.0000 2
4902.0000 8
48.0000 5
48.0000 4
3229.0000 2
191.0000 2
52.0000 4
54.0000 5
196.0000 2
56.0000 6
58.0000 5
3239.0000 2
61.0000 7
63.0000 5
8117.0000 13
65.0000 6
4921.0000 12
67.0000 5
67.0000 5
4595.0000 5
4781.0000 2
4596.0000 5
69.0000 2
210.0000 2
8123.0000 13
69.0000 6
70.0000 7
4598.0000 5
4344.0000 9
71.0000 5
71.0000 5
72.0000 5
4927.0000 10
73.0000 6
73.0000 4
214.0000 2
4348.0000 8
4602.0000 7
75.0000 5
75.0000 5
76.0000 5
218.0000 2
8132.0000 20
78.0000 7
79.0000 5
79.0000 5
4935.0000 3
81.0000 6
81.0000 4
81.0000 5
81.0000 6
4256.0000 5
81.0000 5
82.0000 7
82.0000 5
82.0000 8
83.0000 5
83.0000 5
224.0000 2
83.0000 8
84.0000 6
85.0000 6
4613.0000 5
4614.0000 5
86.0000 7
8141.0000 12
228.0000 2
87.0000 8
88.0000 6
88.0000 6
4364.0000 10
4364.0000 11
4365.0000 5
4620.0000 5
92.0000 6
93.0000 6
93.0000 4
94.0000 7
235.0000 2
8148.0000 7
8148.0000 14
95.0000 5
96.0000 4
2524.0000 2
96.0000 6
97.0000 5
97.0000 6
97.0000 4
97.0000 5
98.0000 7
239.0000 2
98.0000 6
4954.0000 9
8153.0000 11
4627.0000 6
99.0000 5
100.0000 2
100.0000 8
101.0000 5
101.0000 5
8156.0000 7
102.0000 4
102.0000 6
243.0000 2
2531.0000 2
103.0000 4
103.0000 6
103.0000 5
4959.0000 7
104.0000 6
2085.0000 2
105.0000 5
4960.0000 8
106.0000 6
106.0000 7
8161.0000 15
107.0000 4
4636.0000 5
108.0000 7
4636.0000 7
109.0000 4
4383.0000 5
250.0000 2
110.0000 6
110.0000 7
4386.0000 10
2092.0000 2
4641.0000 5
4642.0000 5
114.0000 4
114.0000 5
2543.0000 2
115.0000 6
116.0000 7
116.0000 5
117.0000 6
118.0000 5
2546.0000 2
118.0000 7
120.0000 4
6630.0000 2
120.0000 5
262.0000 2
122.0000 4
122.0000 5
3302.0000 2
124.0000 8
124.0000 4
124.0000 6
2105.0000 2
125.0000 5
125.0000 5
125.0000 5
3306.0000 2
127.0000 6
128.0000 3
270.0000 2
129.0000 3
2557.0000 2
131.0000 4
131.0000 5
131.0000 6
132.0000 7
132.0000 3
133.0000 6
274.0000 2
134.0000 7
4848.0000 2
134.0000 5
135.0000 4
136.0000 5
136.0000 4
2564.0000 2
3316.0000 2
278.0000 2
137.0000 5
137.0000 5
138.0000 5
4412.0000 8
140.0000 6
141.0000 4
4316.0000 5
141.0000 5
142.0000 5
142.0000 7
142.0000 6
142.0000 4
143.0000 5
143.0000 4
143.0000 8
144.0000 5
145.0000 5
4420.0000 4
146.0000 7
146.0000 6
2126.0000 2
147.0000 5
289.0000 2
2129.0000 2
149.0000 7
149.0000 6
149.0000 4
150.0000 6
150.0000 5
3330.0000 2
150.0000 7
151.0000 5
151.0000 5
151.0000 4
293.0000 2
4427.0000 3
154.0000 6
2135.0000 2
155.0000 4
155.0000 5
156.0000 6
297.0000 2
157.0000 6
157.0000 4
4872.0000 2
3338.0000 2
159.0000 5
159.0000 5
159.0000 4
159.0000 5
301.0000 2
160.0000 6
160.0000 5
160.0000 7
161.0000 8
3342.0000 2
163.0000 5
2143.0000 2
163.0000 4
164.0000 5
305.0000 2
165.0000 4
165.0000 8
166.0000 5
166.0000 5
167.0000 5
168.0000 6
309.0000 2
2597.0000 2
170.0000 5
170.0000 5
3352.0000 2
172.0000 4
4701.0000 7
174.0000 5
2155.0000 2
3356.0000 2
176.0000 4
8231.0000 6
320.0000 2
2607.0000 2
181.0000 6
181.0000 6
182.0000 8
324.0000 2
183.0000 6
183.0000 5
184.0000 7
185.0000 5
4714.0000 6
2614.0000 2
186.0000 6
187.0000 6
4363.0000 6
188.0000 5
2618.0000 2
190.0000 4
4466.0000 8
192.0000 5
5047.0000 8
194.0000 5
196.0000 5
196.0000 5
4725.0000 4
198.0000 6
2628.0000 2
341.0000 2
4915.0000 2
201.0000 6
201.0000 6
4475.0000 5
201.0000 7
201.0000 6
4730.0000 4
202.0000 6
2631.0000 2
3385.0000 2
4380.0000 9
2186.0000 2
206.0000 4
207.0000 3
4481.0000 5
207.0000 5
208.0000 6
6718.0000 2
2189.0000 2
8265.0000 12
8266.0000 7
212.0000 6
213.0000 6
5070.0000 4
218.0000 6
219.0000 5
8135.0000 7
221.0000 6
221.0000 5
223.0000 5
2204.0000 2
4499.0000 5
226.0000 4
227.0000 6
227.0000 6
4403.0000 8
4756.0000 7
228.0000 5
4757.0000 4
230.0000 4
234.0000 6
8292.0000 12
240.0000 8
8158.0000 9
2223.0000 2
2672.0000 2
4419.0000 7
8019.0000 7
4421.0000 5
246.0000 5
4521.0000 5
247.0000 6
4424.0000 6
4425.0000 6
8304.0000 10
8305.0000 10
4526.0000 11
253.0000 3
2234.0000 2
4782.0000 6
255.0000 5
255.0000 5
256.0000 6
256.0000 4
4432.0000 3
2237.0000 2
259.0000 5
260.0000 7
261.0000 8
72.0000 7
4438.0000 4
4538.0000 8
265.0000 5
3445.0000 2
4794.0000 8
2247.0000 2
8322.0000 7
4542.0000 10
4543.0000 8
4544.0000 10
4446.0000 6
4800.0000 8
272.0000 5
272.0000 8
8327.0000 8
275.0000 6
4450.0000 6
276.0000 5
4550.0000 8
277.0000 3
8332.0000 10
8195.0000 4
4454.0000 4
8334.0000 10
4456.0000 6
2710.0000 2
424.0000 2
285.0000 5
4461.0000 5
8341.0000 14
4562.0000 6
289.0000 5
4467.0000 4
8346.0000 18
3474.0000 2
8349.0000 8
4470.0000 3
27.0000 6
4570.0000 6
8212.0000 5
4472.0000 4
297.0000 6
298.0000 6
8218.0000 9
4478.0000 8
304.0000 5
8358.0000 14
305.0000 5
4481.0000 5
8225.0000 7
310.0000 5
313.0000 6
4841.0000 7
4587.0000 8
8371.0000 10
458.0000 2
4591.0000 10
318.0000 5
4493.0000 4
4495.0000 6
3501.0000 2
462.0000 2
321.0000 6
321.0000 6
4851.0000 6
4598.0000 11
4501.0000 6
4601.0000 6
4502.0000 6
469.0000 2
2310.0000 2
8385.0000 13
8385.0000 8
2759.0000 2
473.0000 2
335.0000 5
477.0000 2
2317.0000 2
481.0000 2
3523.0000 2
485.0000 2
2772.0000 2
489.0000 2
4525.0000 3
8267.0000 6
493.0000 2
8270.0000 4
8273.0000 5
8412.0000 5
359.0000 6
4182.0000 9
361.0000 6
2343.0000 2
365.0000 6
3547.0000 2
511.0000 2
3551.0000 2
373.0000 3
4195.0000 7
3555.0000 2
8150.0000 10
377.0000 8
378.0000 6
8295.0000 4
8296.0000 6
382.0000 4
8299.0000 10
384.0000 7
8301.0000 6
4665.0000 8
8309.0000 6
8309.0000 6
5107.0000 2
4669.0000 8
5111.0000 2
2380.0000 2
4222.0000 4
5115.0000 2
401.0000 4
4577.0000 5
544.0000 2
8460.0000 8
407.0000 5
8329.0000 7
8331.0000 6
8472.0000 8
562.0000 2
2402.0000 2
5139.0000 2
2406.0000 2
569.0000 2
4611.0000 6
2867.0000 2
582.0000 2
4266.0000 4
589.0000 2
5166.0000 2
593.0000 2
2435.0000 2
2438.0000 2
2443.0000 2
606.0000 2
2446.0000 2
611.0000 2
3651.0000 2
618.0000 2
3660.0000 2
2460.0000 2
493.0000 9
635.0000 2
5212.0000 2
639.0000 2
3681.0000 2
643.0000 2
647.0000 2
651.0000 2
2490.0000 2
3695.0000 2
658.0000 2
668.0000 2
3710.0000 2
681.0000 2
3721.0000 2
542.0000 4
685.0000 2
2526.0000 2
3729.0000 2
8471.0000 6
24.0000 5
698.0000 2
3740.0000 2
7076.0000 2
2549.0000 2
8485.0000 4
4206.0000 9
8490.0000 7
2558.0000 2
720.0000 2
724.0000 2
4407.0000 3
2565.0000 2
8505.0000 6
57.0000 4
5304.0000 2
731.0000 2
4415.0000 3
2574.0000 2
4418.0000 7
739.0000 2
8515.0000 4
72.0000 5
3035.0000 2
8381.0000 8
76.0000 8
751.0000 2
757.0000 2
4798.0000 6
92.0000 5
4447.0000 3
8542.0000 5
95.0000 9
769.0000 2
8404.0000 8
8406.0000 9
5347.0000 2
4457.0000 3
7145.0000 2
8555.0000 7
8559.0000 6
4468.0000 6
787.0000 2
3074.0000 2
5360.0000 2
4469.0000 9
118.0000 7
119.0000 6
8568.0000 4
4477.0000 4
4479.0000 5
4481.0000 4
4482.0000 6
8576.0000 6
8437.0000 7
4485.0000 9
2643.0000 2
4485.0000 8
5378.0000 2
132.0000 6
133.0000 9
133.0000 9
3094.0000 2
2646.0000 2
136.0000 6
2649.0000 2
141.0000 6
4495.0000 8
141.0000 6
4495.0000 3
142.0000 9
143.0000 10
4851.0000 6
147.0000 6
8596.0000 5
8457.0000 4
2663.0000 2
158.0000 9
831.0000 2
5406.0000 2
161.0000 6
4516.0000 9
165.0000 8
165.0000 7
165.0000 7
2680.0000 2
66.0000 5
173.0000 9
5420.0000 2
4530.0000 5
182.0000 6
183.0000 7
8637.0000 5
190.0000 10
3903.0000 2
191.0000 7
4546.0000 6
197.0000 8
3913.0000 2
3166.0000 2
8515.0000 8
8516.0000 4
210.0000 5
210.0000 7
4569.0000 8
3175.0000 2
216.0000 8
3179.0000 2
4575.0000 5
4576.0000 8
4392.0000 5
5471.0000 2
2737.0000 2
3949.0000 2
2750.0000 2
4594.0000 5
4596.0000 7
2758.0000 2
4601.0000 5
2764.0000 2
2767.0000 2
3215.0000 2
3968.0000 2
262.0000 5
2776.0000 2
2779.0000 2
276.0000 8
2789.0000 2
2794.0000 2
4637.0000 7
2810.0000 2
2813.0000 2
302.0000 9
3264.0000 2
2862.0000 2
3316.0000 2
4714.0000 7
4532.0000 10
2885.0000 2
4548.0000 9
11991.0000 7
3864.0000 4
11993.0000 9
4552.0000 5
4553.0000 8
2900.0000 2
4555.0000 14
12000.0000 4
2909.0000 2
12009.0000 9
2915.0000 2
2920.0000 2
4576.0000 10
7453.0000 2
2926.0000 2
1112.0000 2
2954.0000 2
7486.0000 2
2961.0000 2
3933.0000 11
129.0000 6
1143.0000 2
4186.0000 2
4651.0000 8
12113.0000 10
4674.0000 5
12119.0000 7
12123.0000 8
1189.0000 2
4684.0000 7
12129.0000 6
1197.0000 2
5779.0000 2
4712.0000 17
12159.0000 7
3064.0000 2
4727.0000 11
12177.0000 10
4055.0000 7
4740.0000 15
4742.0000 5
4747.0000 6
9.0000 2
4068.0000 6
4070.0000 10
12.0000 2
4756.0000 6
4756.0000 11
12200.0000 7
17.0000 2
4761.0000 7
20.0000 2
12206.0000 4
12206.0000 7
23.0000 2
12209.0000 8
4083.0000 7
26.0000 2
4770.0000 5
12212.0000 11
4773.0000 15
33.0000 2
4092.0000 6
36.0000 2
12222.0000 6
4783.0000 15
41.0000 2
4101.0000 5
3579.0000 2
44.0000 2
47.0000 2
50.0000 2
4109.0000 5
12236.0000 6
3140.0000 2
3592.0000 2
3595.0000 2
1312.0000 2
4359.0000 2
75.0000 2
78.0000 2
4821.0000 17
4140.0000 5
84.0000 2
87.0000 2
3178.0000 2
90.0000 2
93.0000 2
3185.0000 2
4385.0000 2
99.0000 2
3188.0000 2
3191.0000 2
107.0000 2
4850.0000 4
3645.0000 2
110.0000 2
3198.0000 2
12297.0000 8
4401.0000 2
3650.0000 2
3659.0000 2
4197.0000 5
4883.0000 7
4885.0000 12
4200.0000 7
12330.0000 5
12332.0000 2
4900.0000 6
4744.0000 7
4744.0000 7
12350.0000 12
3701.0000 2
12350.0000 10
4748.0000 6
166.0000 2
4912.0000 5
4912.0000 5
12361.0000 8
4238.0000 6
4471.0000 2
4016.0000 5
191.0000 2
4479.0000 2
12377.0000 4
195.0000 2
4483.0000 2
3732.0000 2
4487.0000 2
3738.0000 2
4491.0000 2
4264.0000 5
4495.0000 2
4033.0000 8
4795.0000 6
1462.0000 2
4959.0000 10
4281.0000 8
1477.0000 2
1482.0000 2
235.0000 2
3774.0000 2
1488.0000 2
3783.0000 2
3790.0000 2
4543.0000 2
4549.0000 2
4319.0000 5
6092.0000 2
274.0000 2
3812.0000 2
277.0000 2
280.0000 2
4578.0000 2
4348.0000 7
1540.0000 2
292.0000 2
1544.0000 2
4354.0000 7
300.0000 2
3400.0000 2
3850.0000 2
3403.0000 2
1566.0000 2
318.0000 2
1570.0000 2
321.0000 2
3411.0000 2
324.0000 2
4382.0000 5
327.0000 2
3416.0000 2
1578.0000 2
330.0000 2
333.0000 2
1584.0000 2
336.0000 2
1588.0000 2
4627.0000 2
3876.0000 2
342.0000 2
3879.0000 2
345.0000 2
348.0000 2
3885.0000 2
352.0000 2
3889.0000 2
1602.0000 2
356.0000 2
12541.0000 7
3893.0000 2
1608.0000 2
4186.0000 6
95.0000 5
361.0000 2
3899.0000 2
364.0000 2
367.0000 2
4196.0000 6
371.0000 2
374.0000 2
379.0000 2
382.0000 2
12569.0000 8
4209.0000 9
385.0000 2
1635.0000 2
388.0000 2
3925.0000 2
1639.0000 2
391.0000 2
1643.0000 2
6217.0000 2
397.0000 2
3487.0000 2
400.0000 2
3939.0000 2
411.0000 2
1661.0000 2
3951.0000 2
417.0000 2
1668.0000 2
420.0000 2
423.0000 2
426.0000 2
1675.0000 2
6249.0000 2
1683.0000 2
4722.0000 2
435.0000 2
438.0000 2
441.0000 2
4730.0000 2
1698.0000 2
452.0000 2
1702.0000 2
3543.0000 2
458.0000 2
462.0000 2
466.0000 2
4765.0000 2
3567.0000 2
482.0000 2
3570.0000 2
4308.0000 11
12668.0000 8
1734.0000 2
3573.0000 2
4311.0000 12
486.0000 2
4545.0000 8
4315.0000 6
4316.0000 8
4324.0000 6
500.0000 2
4327.0000 7
4561.0000 7
4565.0000 5
516.0000 2
519.0000 2
3608.0000 2
522.0000 2
4348.0000 5
3949.0000 10
12711.0000 9
529.0000 2
3620.0000 2
532.0000 2
4593.0000 6
535.0000 2
538.0000 2
1788.0000 2
541.0000 2
12727.0000 8
4370.0000 3
3639.0000 2
3642.0000 2
4379.0000 7
561.0000 2
564.0000 2
567.0000 2
4856.0000 2
570.0000 2
4401.0000 12
578.0000 2
8202.0000 2
590.0000 2
4416.0000 10
593.0000 2
597.0000 2
4427.0000 5
4436.0000 8
611.0000 2
614.0000 2
617.0000 2
4677.0000 8
620.0000 2
623.0000 2
627.0000 2
4915.0000 2
4453.0000 5
4454.0000 6
630.0000 2
4691.0000 6
75.0000 2
4460.0000 14
636.0000 2
12821.0000 11
4062.0000 7
4696.0000 10
639.0000 2
4698.0000 6
83.0000 2
642.0000 2
4468.0000 6
6465.0000 2
4933.0000 2
4070.0000 7
646.0000 2
4704.0000 5
649.0000 2
4074.0000 9
652.0000 2
3878.0000 7
655.0000 2
4080.0000 7
4082.0000 10
661.0000 2
1910.0000 2
4489.0000 11
664.0000 2
4090.0000 9
109.0000 2
667.0000 2
4494.0000 6
4094.0000 10
673.0000 2
677.0000 2
3768.0000 2
680.0000 2
122.0000 2
4970.0000 2
683.0000 2
1935.0000 2
688.0000 2
3778.0000 2
691.0000 2
4980.0000 2
1943.0000 2
4984.0000 2
144.0000 2
148.0000 2
152.0000 2
1963.0000 2
5003.0000 2
1967.0000 2
162.0000 2
1971.0000 2
166.0000 2
1975.0000 2
5017.0000 2
173.0000 2
179.0000 2
741.0000 2
191.0000 2
4577.0000 8
5044.0000 2
5048.0000 2
203.0000 2
2017.0000 2
211.0000 2
5058.0000 2
215.0000 2
4310.0000 2
2026.0000 2
779.0000 2
4318.0000 2
4321.0000 2
228.0000 2
232.0000 2
790.0000 2
236.0000 2
240.0000 2
244.0000 2
4228.0000 6
807.0000 2
252.0000 2
810.0000 2
2062.0000 2
813.0000 2
256.0000 2
260.0000 2
264.0000 2
822.0000 2
825.0000 2
268.0000 2
2076.0000 2
828.0000 2
273.0000 2
2080.0000 2
831.0000 2
834.0000 2
277.0000 2
5124.0000 2
2086.0000 2
838.0000 2
842.0000 2
845.0000 2
292.0000 2
5140.0000 2
4277.0000 11
4081.0000 6
6680.0000 2
310.0000 2
318.0000 2
322.0000 2
3971.0000 2
326.0000 2
4313.0000 8
2139.0000 2
335.0000 2
2143.0000 2
8515.0000 2
4321.0000 6
5188.0000 2
4125.0000 8
5196.0000 2
2157.0000 2
910.0000 2
913.0000 2
916.0000 2
359.0000 2
919.0000 2
363.0000 2
922.0000 2
2171.0000 2
926.0000 2
2175.0000 2
929.0000 2
374.0000 2
934.0000 2
4760.0000 10
378.0000 2
4162.0000 8
937.0000 2
382.0000 2
2191.0000 2
944.0000 2
389.0000 2
393.0000 2
4183.0000 6
400.0000 2
405.0000 2
4188.0000 9
8160.0000 9
409.0000 2
968.0000 2
4394.0000 6
413.0000 2
971.0000 2
4398.0000 11
974.0000 2
417.0000 2
4202.0000 5
421.0000 2
148.0000 5
5275.0000 2
4412.0000 8
4413.0000 5
4815.0000 9
438.0000 2
3.0000 2
4422.0000 7
4423.0000 10
6.0000 2
1001.0000 2
445.0000 2
1004.0000 2
4092.0000 2
449.0000 2
1010.0000 2
16.0000 2
5299.0000 2
457.0000 2
1016.0000 2
4552.0000 2
4557.0000 2
1022.0000 2
4560.0000 2
1025.0000 2
6847.0000 2
1028.0000 2
1031.0000 2
476.0000 2
6856.0000 2
480.0000 2
4464.0000 6
46.0000 2
484.0000 2
1043.0000 2
49.0000 2
55.0000 2
494.0000 2
1053.0000 2
4141.0000 2
1056.0000 2
498.0000 2
5344.0000 2
502.0000 2
1065.0000 2
76.0000 2
5361.0000 2
85.0000 2
1082.0000 2
525.0000 2
2335.0000 2
529.0000 2
94.0000 2
533.0000 2
4517.0000 9
537.0000 2
4632.0000 2
104.0000 2
541.0000 2
4523.0000 10
4327.0000 6
548.0000 2
1107.0000 2
116.0000 2
552.0000 2
4936.0000 6
4936.0000 10
119.0000 2
2363.0000 2
556.0000 2
4538.0000 9
122.0000 2
560.0000 2
564.0000 2
570.0000 2
136.0000 2
574.0000 2
582.0000 2
1142.0000 2
586.0000 2
1147.0000 2
590.0000 2
157.0000 2
5442.0000 2
5446.0000 2
601.0000 2
168.0000 2
2412.0000 2
606.0000 2
171.0000 2
610.0000 2
174.0000 2
177.0000 2
614.0000 2
180.0000 2
183.0000 2
619.0000 2
186.0000 2
1182.0000 2
4407.0000 7
189.0000 2
1185.0000 2
192.0000 2
7009.0000 2
1188.0000 2
195.0000 2
1191.0000 2
634.0000 2
199.0000 2
1195.0000 2
638.0000 2
7019.0000 2
1204.0000 2
647.0000 2
212.0000 2
1207.0000 2
1211.0000 2
1214.0000 2
221.0000 2
1217.0000 2
1220.0000 2
4758.0000 2
1224.0000 2
7047.0000 2
7051.0000 2
4457.0000 8
5522.0000 2
244.0000 2
5526.0000 2
256.0000 2
1253.0000 2
4478.0000 4
2504.0000 2
8450.0000 8
4346.0000 2
266.0000 2
4349.0000 2
269.0000 2
4.0000 2
272.0000 2
8.0000 2
275.0000 2
4805.0000 2
12.0000 2
4811.0000 2
722.0000 2
726.0000 2
291.0000 2
4374.0000 2
4825.0000 2
4517.0000 9
300.0000 2
308.0000 2
744.0000 2
46.0000 2
748.0000 2
752.0000 2
756.0000 2
4851.0000 2
321.0000 2
324.0000 2
760.0000 2
2569.0000 2
327.0000 2
765.0000 2
2573.0000 2
333.0000 2
1328.0000 2
773.0000 2
2582.0000 2
2586.0000 2
343.0000 2
4428.0000 2
2590.0000 2
1343.0000 2
2594.0000 2
351.0000 2
5633.0000 2
789.0000 2
354.0000 2
4181.0000 8
4437.0000 2
1350.0000 2
2600.0000 2
793.0000 2
1353.0000 2
5643.0000 2
8549.0000 8
362.0000 2
365.0000 2
1359.0000 2
8553.0000 8
804.0000 2
1363.0000 2
4904.0000 2
4468.0000 2
387.0000 2
5671.0000 2
390.0000 2
399.0000 2
1395.0000 2
838.0000 2
1398.0000 2
1401.0000 2
5689.0000 2
1406.0000 2
853.0000 2
152.0000 2
2663.0000 2
1417.0000 2
1420.0000 2
1423.0000 2
1428.0000 2
4518.0000 2
4966.0000 2
1432.0000 2
875.0000 2
440.0000 2
1435.0000 2
879.0000 2
2687.0000 2
4978.0000 2
4531.0000 2
2693.0000 2
188.0000 2
1450.0000 2
1453.0000 2
7276.0000 2
464.0000 2
199.0000 2
1459.0000 2
1462.0000 2
1466.0000 2
475.0000 2
4696.0000 5
1472.0000 2
915.0000 2
1476.0000 2
1479.0000 2
1483.0000 2
928.0000 2
492.0000 2
4575.0000 2
495.0000 2
1493.0000 2
1496.0000 2
1499.0000 2
242.0000 2
946.0000 2
511.0000 2
1505.0000 2
514.0000 2
1508.0000 2
1511.0000 2
254.0000 2
1514.0000 2
957.0000 2
521.0000 2
524.0000 2
528.0000 2
264.0000 2
966.0000 2
531.0000 2
268.0000 2
535.0000 2
538.0000 2
980.0000 2
546.0000 2
984.0000 2
549.0000 2
4378.0000 8
553.0000 2
4249.0000 4
292.0000 2
4385.0000 8
560.0000 2
563.0000 2
1003.0000 2
1009.0000 2
4655.0000 2
576.0000 2
1013.0000 2
8774.0000 6
4417.0000 9
1031.0000 2
4423.0000 9
5127.0000 2
1038.0000 2
2845.0000 2
71.0000 6
1042.0000 2
5136.0000 2
1046.0000 2
2858.0000 2
1052.0000 2
351.0000 2
2862.0000 2
1615.0000 2
1058.0000 2
358.0000 2
362.0000 2
4710.0000 2
5911.0000 2
4713.0000 2
1625.0000 2
4716.0000 2
1077.0000 2
376.0000 2
1635.0000 2
642.0000 2
4726.0000 2
1638.0000 2
1081.0000 2
4866.0000 5
1642.0000 2
1085.0000 2
8838.0000 7
1646.0000 2
1649.0000 2
1094.0000 2
4741.0000 2
4881.0000 5
1656.0000 2
5083.0000 11
2911.0000 2
8858.0000 10
407.0000 2
4757.0000 2
5208.0000 2
1672.0000 2
1675.0000 2
2924.0000 2
4901.0000 8
426.0000 2
1685.0000 2
693.0000 2
1688.0000 2
430.0000 2
696.0000 2
1691.0000 2
699.0000 2
1694.0000 2
702.0000 2
1697.0000 2
4923.0000 6
705.0000 2
4788.0000 2
708.0000 2
711.0000 2
1150.0000 2
449.0000 2
715.0000 2
453.0000 2
4415.0000 9
1158.0000 2
5253.0000 2
4550.0000 4
459.0000 2
1720.0000 2
463.0000 2
468.0000 2
4956.0000 7
737.0000 2
472.0000 2
740.0000 2
4962.0000 7
482.0000 2
486.0000 2
5170.0000 8
5172.0000 10
4974.0000 7
490.0000 2
4976.0000 5
757.0000 2
5176.0000 11
1195.0000 2
494.0000 2
4979.0000 6
4980.0000 7
764.0000 2
1200.0000 2
8952.0000 7
4594.0000 6
769.0000 2
5300.0000 2
772.0000 2
1767.0000 2
775.0000 2
1213.0000 2
778.0000 2
781.0000 2
786.0000 2
789.0000 2
5208.0000 10
4617.0000 10
4618.0000 7
792.0000 2
8981.0000 6
5016.0000 6
533.0000 2
8985.0000 6
799.0000 2
5021.0000 6
802.0000 2
805.0000 2
5628.0000 8
7625.0000 2
809.0000 2
1804.0000 2
5230.0000 8
5231.0000 10
1251.0000 2
5035.0000 6
553.0000 2
1813.0000 2
1255.0000 2
4903.0000 2
824.0000 2
1819.0000 2
827.0000 2
5360.0000 2
1826.0000 2
833.0000 2
1272.0000 2
9024.0000 6
1833.0000 2
840.0000 2
5371.0000 2
1836.0000 2
843.0000 2
579.0000 2
583.0000 2
849.0000 2
1286.0000 2
854.0000 2
1848.0000 2
6136.0000 2
3097.0000 2
859.0000 2
4686.0000 4
4557.0000 4
864.0000 2
6148.0000 2
9054.0000 5
867.0000 2
870.0000 2
606.0000 2
9059.0000 6
873.0000 2
876.0000 2
8676.0000 7
880.0000 2
3124.0000 2
6167.0000 2
1335.0000 2
4981.0000 2
3143.0000 2
900.0000 2
79.0000 5
8701.0000 5
1341.0000 2
1348.0000 2
649.0000 2
1352.0000 2
9106.0000 8
1356.0000 2
1360.0000 2
1364.0000 2
5150.0000 7
5014.0000 2
9119.0000 6
668.0000 2
1369.0000 2
5156.0000 8
1373.0000 2
4632.0000 15
1377.0000 2
3185.0000 2
9130.0000 11
4773.0000 11
1386.0000 2
1945.0000 2
5371.0000 9
688.0000 2
3198.0000 2
4650.0000 8
6237.0000 2
5175.0000 5
1393.0000 2
8756.0000 5
7779.0000 2
3207.0000 2
3211.0000 2
1404.0000 2
9155.0000 7
704.0000 2
8767.0000 9
4666.0000 9
8768.0000 8
8769.0000 5
4669.0000 6
4670.0000 6
4804.0000 8
9166.0000 10
3222.0000 2
4809.0000 3
3226.0000 2
1977.0000 2
8784.0000 5
1424.0000 2
5519.0000 2
1984.0000 2
4685.0000 6
1428.0000 2
9183.0000 7
4826.0000 4
3245.0000 2
9190.0000 9
4833.0000 7
9195.0000 7
2003.0000 2
4836.0000 8
4838.0000 4
4707.0000 11
1012.0000 2
9200.0000 8
1015.0000 2
9203.0000 9
8813.0000 6
4843.0000 7
3260.0000 2
6300.0000 2
9207.0000 7
3268.0000 2
1032.0000 2
1035.0000 2
1038.0000 2
9227.0000 9
1479.0000 2
4870.0000 10
8841.0000 7
4872.0000 8
4875.0000 8
4743.0000 9
1048.0000 2
9238.0000 6
4746.0000 4
8849.0000 4
1053.0000 2
4882.0000 9
3301.0000 2
1059.0000 2
9246.0000 8
2055.0000 2
9249.0000 3
3305.0000 2
8861.0000 8
4892.0000 4
3309.0000 2
4762.0000 12
5600.0000 2
5290.0000 7
3316.0000 2
4900.0000 5
5603.0000 2
8873.0000 7
1079.0000 2
1082.0000 2
5613.0000 2
1087.0000 2
4782.0000 8
3332.0000 2
102.0000 5
4787.0000 11
3336.0000 2
1093.0000 2
1531.0000 2
3340.0000 2
4793.0000 9
1099.0000 2
3344.0000 2
1102.0000 2
8901.0000 7
1105.0000 2
4943.0000 5
1116.0000 2
3361.0000 2
4814.0000 11
9306.0000 8
3365.0000 2
4818.0000 9
1129.0000 2
8926.0000 3
8927.0000 9
9318.0000 7
8928.0000 9
1132.0000 2
4959.0000 5
4828.0000 12
8932.0000 5
8934.0000 5
1573.0000 2
4965.0000 3
4835.0000 15
1140.0000 2
4836.0000 9
1578.0000 2
4838.0000 10
2137.0000 2
8942.0000 5
1150.0000 2
1586.0000 2
4845.0000 14
4847.0000 8
1153.0000 2
4982.0000 7
8952.0000 6
1156.0000 2
4983.0000 7
895.0000 2
5692.0000 2
1600.0000 2
8962.0000 6
4366.0000 5
4367.0000 6
4186.0000 7
1172.0000 2
4187.0000 7
1175.0000 2
4088.0000 9
1178.0000 2
6463.0000 2
1181.0000 2
3427.0000 2
920.0000 2
924.0000 2
1192.0000 2
5274.0000 2
1195.0000 2
8996.0000 5
1637.0000 2
276.0000 8
939.0000 2
3453.0000 2
2204.0000 2
2209.0000 2
1215.0000 2
2212.0000 2
5304.0000 2
3465.0000 2
5307.0000 2
1663.0000 2
967.0000 2
3476.0000 2
6518.0000 2
971.0000 2
1672.0000 2
1676.0000 2
1680.0000 2
3.0000 2
2242.0000 2
6.0000 2
1250.0000 2
4448.0000 8
3496.0000 2
989.0000 2
4268.0000 12
1254.0000 2
1693.0000 2
15.0000 2
993.0000 2
1258.0000 2
5340.0000 2
3503.0000 2
18.0000 2
997.0000 2
1264.0000 2
21.0000 2
24.0000 2
1703.0000 2
1005.0000 2
4470.0000 9
1711.0000 2
4290.0000 9
2273.0000 2
1015.0000 2
1284.0000 2
1020.0000 2
2280.0000 2
1722.0000 2
9083.0000 4
1287.0000 2
1024.0000 2
2284.0000 2
1293.0000 2
1028.0000 2
1296.0000 2
1032.0000 2
1299.0000 2
5382.0000 2
1737.0000 2
1302.0000 2
5385.0000 2
1039.0000 2
1305.0000 2
3548.0000 2
63.0000 2
1043.0000 2
66.0000 2
1746.0000 2
1311.0000 2
1047.0000 2
5843.0000 2
1315.0000 2
1051.0000 2
1753.0000 2
1318.0000 2
1055.0000 2
1321.0000 2
5404.0000 2
2319.0000 2
6607.0000 2
1061.0000 2
85.0000 2
1764.0000 2
1065.0000 2
4528.0000 9
90.0000 2
4348.0000 8
1069.0000 2
4532.0000 7
4532.0000 12
2331.0000 2
1338.0000 2
4352.0000 7
96.0000 2
4354.0000 7
100.0000 2
1079.0000 2
1083.0000 2
2342.0000 2
1349.0000 2
5046.0000 7
1788.0000 2
1087.0000 2
2346.0000 2
4552.0000 5
1091.0000 2
3603.0000 2
1095.0000 2
118.0000 2
1363.0000 2
121.0000 2
1099.0000 2
5193.0000 6
124.0000 2
1103.0000 2
5067.0000 16
129.0000 2
1375.0000 2
9173.0000 7
5907.0000 2
134.0000 2
1815.0000 2
137.0000 2
9178.0000 5
3626.0000 2
141.0000 2
3630.0000 2
144.0000 2
147.0000 2
150.0000 2
1128.0000 2
4591.0000 9
1831.0000 2
4411.0000 7
158.0000 2
161.0000 2
1842.0000 2
164.0000 2
3652.0000 2
1846.0000 2
168.0000 2
4608.0000 11
171.0000 2
4430.0000 6
174.0000 2
6699.0000 2
177.0000 2
181.0000 2
6707.0000 2
185.0000 2
4629.0000 11
4631.0000 5
5967.0000 2
4451.0000 7
199.0000 2
5972.0000 2
202.0000 2
205.0000 2
208.0000 2
8268.0000 2
5988.0000 2
215.0000 2
1894.0000 2
2453.0000 2
218.0000 2
5158.0000 11
221.0000 2
2459.0000 2
224.0000 2
2462.0000 2
227.0000 2
2465.0000 2
231.0000 2
234.0000 2
1913.0000 2
6010.0000 2
1917.0000 2
244.0000 2
247.0000 2
250.0000 2
6026.0000 2
253.0000 2
256.0000 2
259.0000 2
1503.0000 2
263.0000 2
8.0000 2
1945.0000 2
11.0000 2
14.0000 2
1949.0000 2
5595.0000 2
270.0000 2
273.0000 2
276.0000 2
21.0000 2
1520.0000 2
1956.0000 2
2516.0000 2
24.0000 2
1523.0000 2
27.0000 2
2519.0000 2
1526.0000 2
4724.0000 8
285.0000 2
30.0000 2
1264.0000 2
4544.0000 10
34.0000 2
1970.0000 2
1270.0000 2
37.0000 2
1974.0000 2
1539.0000 2
43.0000 2
5623.0000 2
1543.0000 2
46.0000 2
49.0000 2
52.0000 2
1987.0000 2
309.0000 2
55.0000 2
4752.0000 12
4572.0000 7
60.0000 2
1558.0000 2
1995.0000 2
318.0000 2
66.0000 2
1566.0000 2
3810.0000 2
70.0000 2
1303.0000 2
1569.0000 2
73.0000 2
1572.0000 2
76.0000 2
2570.0000 2
79.0000 2
335.0000 2
4492.0000 12
86.0000 2
342.0000 2
3829.0000 2
1587.0000 2
89.0000 2
2582.0000 2
1324.0000 2
10202.0000 2
3839.0000 2
2592.0000 2
2040.0000 2
362.0000 2
3849.0000 2
4805.0000 12
365.0000 2
4808.0000 12
4628.0000 5
2051.0000 2
2055.0000 2
1355.0000 2
5043.0000 8
5044.0000 11
378.0000 2
124.0000 2
4820.0000 7
4821.0000 9
2619.0000 2
1625.0000 2
382.0000 2
3870.0000 2
385.0000 2
6912.0000 2
3879.0000 2
4842.0000 11
5070.0000 5
4845.0000 8
3891.0000 2
1383.0000 2
5343.0000 12
4662.0000 8
2084.0000 2
4666.0000 7
5075.0000 8
5077.0000 8
4670.0000 7
4854.0000 7
160.0000 2
2094.0000 2
4856.0000 8
163.0000 2
1396.0000 2
5087.0000 5
172.0000 2
1408.0000 2
1423.0000 2
2689.0000 2
3940.0000 2
1435.0000 2
203.0000 2
459.0000 2
2697.0000 2
3946.0000 2
3950.0000 2
467.0000 2
3954.0000 2
2706.0000 2
217.0000 2
1715.0000 2
4627.0000 10
220.0000 2
7002.0000 2
478.0000 2
5144.0000 5
3966.0000 2
481.0000 2
4921.0000 8
228.0000 2
2721.0000 2
484.0000 2
231.0000 2
487.0000 2
4643.0000 7
2729.0000 2
5432.0000 11
2732.0000 2
2174.0000 2
1475.0000 2
9538.0000 5
499.0000 2
1742.0000 2
2736.0000 2
502.0000 2
249.0000 2
3992.0000 2
7032.0000 2
1488.0000 2
2190.0000 2
514.0000 2
1493.0000 2
2194.0000 2
517.0000 2
263.0000 2
1497.0000 2
4673.0000 10
520.0000 2
4778.0000 5
525.0000 2
4965.0000 5
1504.0000 2
272.0000 2
528.0000 2
4683.0000 10
276.0000 2
532.0000 2
539.0000 2
5478.0000 5
542.0000 2
2780.0000 2
545.0000 2
1790.0000 2
548.0000 2
4703.0000 9
551.0000 2
297.0000 2
554.0000 2
4708.0000 9
1799.0000 2
4814.0000 9
1536.0000 2
4290.0000 8
4816.0000 7
1540.0000 2
564.0000 2
4722.0000 8
1815.0000 2
576.0000 2
1555.0000 2
579.0000 2
7104.0000 2
1559.0000 2
4840.0000 5
589.0000 2
1833.0000 2
6366.0000 2
596.0000 2
1842.0000 2
4086.0000 2
1582.0000 2
126.0000 7
1586.0000 2
1854.0000 2
1590.0000 2
1857.0000 2
2293.0000 2
5058.0000 7
1862.0000 2
620.0000 2
4777.0000 3
7153.0000 2
1871.0000 2
1878.0000 2
635.0000 2
averageTime:2652.4627649231966  averageHopCount:4.481819949445849
