5.0000 0.0000 0.0000
10.0000 0.0000 0.0000
15.0000 0.0000 0.0000
20.0000 0.0000 0.0000
25.0000 0.0000 0.0000
30.0000 0.0000 0.0000
35.0000 0.0000 0.0000
40.0000 0.0000 0.0000
45.0000 0.0000 0.0000
50.0000 0.0000 0.0000
55.0000 0.0000 0.0000
60.0000 0.0000 0.0000
65.0000 0.0000 0.0000
70.0000 0.0000 0.0000
75.0000 0.0000 0.0000
80.0000 0.0000 0.0000
85.0000 0.0180 0.0011
90.0000 0.0359 0.0021
95.0000 0.0899 0.0052
100.0000 0.1078 0.0063
105.0000 0.1078 0.0063
110.0000 0.1078 0.0063
115.0000 0.1078 0.0063
120.0000 0.1078 0.0063
125.0000 0.1258 0.0073
130.0000 0.1438 0.0083
135.0000 0.1438 0.0083
140.0000 0.1438 0.0083
145.0000 0.1797 0.0103
150.0000 0.2336 0.0133
155.0000 0.2875 0.0162
160.0000 0.3235 0.0181
165.0000 0.3414 0.0191
170.0000 0.3774 0.0210
175.0000 0.5032 0.0273
180.0000 0.6469 0.0342
185.0000 0.9165 0.0459
190.0000 1.1321 0.0543
195.0000 1.3118 0.0606
200.0000 1.6532 0.0707
205.0000 1.9084 0.0766
210.0000 2.1923 0.0811
215.0000 2.4727 0.0841
220.0000 2.7961 0.0863
225.0000 3.0190 0.0862
230.0000 3.2382 0.0853
235.0000 3.4877 0.0844
240.0000 3.7948 0.0847
245.0000 3.9565 0.0818
250.0000 4.0859 0.0789
255.0000 4.2368 0.0749
260.0000 4.4237 0.0695
265.0000 4.5423 0.0653
270.0000 4.6609 0.0610
275.0000 4.6789 0.0603
280.0000 4.7364 0.0582
285.0000 4.8658 0.0532
290.0000 5.0275 0.0468
295.0000 5.0994 0.0438
300.0000 5.1174 0.0430
305.0000 5.1713 0.0407
310.0000 5.2180 0.0381
315.0000 5.3325 0.0425
320.0000 5.3505 0.0416
325.0000 5.3505 0.0416
330.0000 5.3864 0.0399
335.0000 5.4404 0.0372
340.0000 5.4583 0.0364
345.0000 5.4763 0.0355
350.0000 5.4956 0.0369
355.0000 5.5523 0.0387
360.0000 5.5703 0.0378
365.0000 5.5703 0.0378
370.0000 5.5896 0.0392
375.0000 5.6270 0.0396
380.0000 5.6643 0.0400
385.0000 5.7248 0.0413
390.0000 5.7636 0.0440
395.0000 5.7829 0.0452
400.0000 5.8797 0.0516
405.0000 5.9789 0.0552
410.0000 6.0564 0.0600
415.0000 6.0937 0.0601
420.0000 6.1517 0.0635
425.0000 6.2330 0.0677
430.0000 6.4730 0.0799
435.0000 6.6859 0.0907
440.0000 6.9104 0.0995
445.0000 7.0188 0.1025
450.0000 7.2124 0.1113
455.0000 7.5910 0.1254
460.0000 7.7730 0.1295
465.0000 7.9820 0.1364
470.0000 8.4032 0.1486
475.0000 8.7400 0.1528
480.0000 9.0497 0.1542
485.0000 9.5142 0.1527
490.0000 9.7077 0.1508
495.0000 9.9206 0.1479
500.0000 10.0832 0.1439
505.0000 10.1413 0.1428
510.0000 10.3735 0.1375
515.0000 10.5283 0.1334
520.0000 10.6251 0.1306
525.0000 10.8187 0.1244
530.0000 10.9387 0.1196
535.0000 11.0432 0.1146
540.0000 11.1399 0.1108
545.0000 11.1980 0.1084
550.0000 11.3141 0.1034
555.0000 11.3528 0.1017
560.0000 11.3915 0.1000
565.0000 11.4109 0.0991
570.0000 11.4303 0.0982
575.0000 11.4690 0.0964
580.0000 11.4883 0.0994
585.0000 11.5077 0.0984
590.0000 11.5077 0.0984
595.0000 11.5077 0.0984
600.0000 11.5077 0.0984
605.0000 11.5464 0.0966
610.0000 11.5464 0.0966
615.0000 11.5657 0.0956
620.0000 11.5718 0.0947
625.0000 11.6082 0.0971
630.0000 11.7172 0.1044
635.0000 11.9354 0.1267
640.0000 12.3260 0.1714
645.0000 12.5123 0.1884
650.0000 12.8116 0.2118
655.0000 13.2246 0.2448
660.0000 13.4857 0.2604
665.0000 13.7171 0.2695
670.0000 13.9358 0.2830
675.0000 14.3027 0.3045
680.0000 14.7336 0.3470
685.0000 15.2678 0.3975
690.0000 15.6344 0.4319
695.0000 16.1215 0.4642
700.0000 16.6226 0.4956
705.0000 17.1412 0.5179
710.0000 17.7441 0.5521
715.0000 18.5358 0.5880
720.0000 19.1085 0.6246
725.0000 19.7871 0.6587
730.0000 20.5264 0.6691
735.0000 21.3102 0.6633
740.0000 22.1281 0.6810
745.0000 22.8261 0.6665
750.0000 23.2755 0.6589
755.0000 23.6314 0.6606
760.0000 23.9384 0.6620
765.0000 24.4902 0.6537
770.0000 24.8611 0.6405
775.0000 25.3238 0.6426
780.0000 25.6217 0.6331
785.0000 25.9421 0.6394
790.0000 26.3141 0.6493
795.0000 26.6787 0.6516
800.0000 27.0301 0.6587
805.0000 27.3223 0.6700
810.0000 27.7757 0.6760
815.0000 28.1702 0.6927
820.0000 28.5608 0.7063
825.0000 29.0713 0.7112
830.0000 29.3617 0.7026
835.0000 29.7739 0.7239
840.0000 30.1437 0.7291
845.0000 30.5513 0.7262
850.0000 30.8663 0.7225
855.0000 31.0984 0.7257
860.0000 31.3760 0.7296
865.0000 31.5873 0.7332
870.0000 31.8680 0.7316
875.0000 32.0724 0.7337
880.0000 32.2643 0.7248
885.0000 32.4414 0.7236
890.0000 32.6154 0.7250
895.0000 32.6348 0.7251
900.0000 32.7314 0.7255
905.0000 32.8088 0.7257
910.0000 32.9055 0.7258
915.0000 32.9828 0.7257
920.0000 33.0408 0.7256
925.0000 33.1375 0.7224
930.0000 33.2373 0.7216
935.0000 33.2373 0.7216
940.0000 33.2991 0.7191
945.0000 33.3030 0.7170
950.0000 33.3223 0.7169
955.0000 33.3223 0.7169
960.0000 33.3223 0.7169
965.0000 33.4137 0.7035
970.0000 33.4331 0.7033
975.0000 33.4331 0.7033
980.0000 33.4502 0.7052
985.0000 33.5017 0.7108
990.0000 33.5463 0.7092
995.0000 33.6960 0.7163
1000.0000 33.7681 0.7217
1005.0000 33.8401 0.7269
1010.0000 33.9019 0.7267
1015.0000 33.9705 0.7336
1020.0000 34.1072 0.7461
1025.0000 34.2342 0.7548
1030.0000 34.3449 0.7583
1035.0000 34.5358 0.7731
1040.0000 34.7760 0.7948
1045.0000 34.8790 0.8032
1050.0000 35.0555 0.8152
1055.0000 35.2457 0.8264
1060.0000 35.5610 0.8509
1065.0000 35.7821 0.8720
1070.0000 36.1469 0.8960
1075.0000 36.5963 0.9263
1080.0000 36.8942 0.9549
1085.0000 37.1786 0.9756
1090.0000 37.3566 0.9903
1095.0000 37.6444 1.0031
1100.0000 38.0950 1.0236
1105.0000 38.4431 1.0403
1110.0000 38.7595 1.0761
1115.0000 39.0587 1.0982
1120.0000 39.3411 1.1217
1125.0000 39.6350 1.1449
1130.0000 40.0226 1.1873
1135.0000 40.2596 1.2124
1140.0000 40.5491 1.2494
1145.0000 40.7801 1.2643
1150.0000 41.0459 1.2778
1155.0000 41.2306 1.2804
1160.0000 41.4731 1.2847
1165.0000 41.7915 1.3068
1170.0000 42.0982 1.3323
1175.0000 42.3356 1.3485
1180.0000 42.9141 1.3816
1185.0000 43.2854 1.3994
1190.0000 43.6265 1.4183
1195.0000 44.0261 1.4331
1200.0000 44.5101 1.4428
1205.0000 45.0004 1.4711
1210.0000 45.5560 1.5109
1215.0000 46.0681 1.5275
1220.0000 46.4460 1.5442
1225.0000 46.9292 1.5697
1230.0000 47.1892 1.5838
1235.0000 47.5274 1.6051
1240.0000 47.9375 1.6358
1245.0000 48.4656 1.6546
1250.0000 48.9774 1.6932
1255.0000 49.3922 1.7127
1260.0000 49.7000 1.7432
1265.0000 49.9155 1.7544
1270.0000 50.2791 1.8057
1275.0000 50.5821 1.8413
1280.0000 51.0629 1.8829
1285.0000 51.3027 1.8927
1290.0000 51.7138 1.9263
1295.0000 52.0458 1.9500
1300.0000 52.2094 1.9544
1305.0000 52.5124 1.9783
1310.0000 52.6942 1.9918
1315.0000 53.0262 2.0090
1320.0000 53.5717 2.0540
1325.0000 54.0561 2.0789
1330.0000 54.3955 2.0997
1335.0000 54.7289 2.1417
1340.0000 55.0669 2.1583
1345.0000 55.5998 2.1983
1350.0000 55.9574 2.2168
1355.0000 56.4423 2.2454
1360.0000 56.8964 2.2767
1365.0000 57.3506 2.3138
1370.0000 57.8354 2.3801
1375.0000 58.3701 2.4212
1380.0000 59.0755 2.4406
1385.0000 59.8112 2.5060
1390.0000 60.4196 2.5569
1395.0000 61.2165 2.6069
1400.0000 61.8790 2.6430
1405.0000 62.3695 2.6800
1410.0000 62.7965 2.6869
1415.0000 63.4627 2.7225
1420.0000 64.0408 2.7587
1425.0000 64.5612 2.7920
1430.0000 65.0743 2.8321
1435.0000 65.4153 2.8384
1440.0000 65.7099 2.8508
1445.0000 66.3152 2.9046
1450.0000 66.7031 2.9463
1455.0000 66.9487 2.9611
1460.0000 67.2405 2.9626
1465.0000 67.4884 2.9731
1470.0000 67.7821 2.9879
1475.0000 67.9780 2.9833
1480.0000 68.2486 2.9888
1485.0000 68.5475 3.0057
1490.0000 68.6933 3.0179
1495.0000 68.8356 3.0335
1500.0000 69.1755 3.0354
1505.0000 69.4566 3.0407
1510.0000 69.7786 3.0621
1515.0000 69.9209 3.0746
1520.0000 70.2125 3.0905
1525.0000 70.4207 3.1020
1530.0000 70.6947 3.1126
1535.0000 70.8672 3.1198
1540.0000 70.9384 3.1245
1545.0000 70.9739 3.1269
1550.0000 71.0273 3.1339
1555.0000 71.1109 3.1405
1560.0000 71.1768 3.1493
1565.0000 71.2123 3.1515
1570.0000 71.3138 3.1528
1575.0000 71.3805 3.1600
1580.0000 71.3805 3.1600
1585.0000 71.4738 3.1768
1590.0000 71.5227 3.1829
1595.0000 71.5871 3.1884
1600.0000 71.6694 3.1992
1605.0000 71.7338 3.2076
1610.0000 71.8316 3.2205
1615.0000 71.9405 3.2407
1620.0000 72.0494 3.2576
1625.0000 72.2049 3.2813
1630.0000 72.2827 3.2923
1635.0000 72.3969 3.3051
1640.0000 72.5556 3.3253
1645.0000 72.7112 3.3475
1650.0000 72.8876 3.3629
1655.0000 73.1232 3.3909
1660.0000 73.3143 3.4138
1665.0000 73.3859 3.4111
1670.0000 73.6099 3.4312
1675.0000 73.8308 3.4340
1680.0000 74.0725 3.4552
1685.0000 74.2491 3.4685
1690.0000 74.4980 3.4960
1695.0000 74.6473 3.4996
1700.0000 74.8277 3.5057
1705.0000 75.0455 3.5267
1710.0000 75.1108 3.5288
1715.0000 75.3006 3.5421
1720.0000 75.3815 3.5452
1725.0000 75.4655 3.5446
1730.0000 75.5433 3.5480
1735.0000 75.6669 3.5629
1740.0000 75.8883 3.5882
1745.0000 76.0718 3.6204
1750.0000 76.3337 3.6671
1755.0000 76.6591 3.7219
1760.0000 76.9551 3.7652
1765.0000 77.2286 3.8164
1770.0000 77.4579 3.8474
1775.0000 77.9167 3.9062
1780.0000 78.5070 3.9826
1785.0000 78.9892 4.0481
1790.0000 79.4535 4.1032
1795.0000 79.8740 4.1650
1800.0000 80.4268 4.2334
1805.0000 81.1200 4.3191
1810.0000 81.5551 4.3323
1815.0000 82.1514 4.4009
1820.0000 82.5799 4.4294
1825.0000 82.9675 4.4345
1830.0000 83.4426 4.4769
1835.0000 83.9514 4.4894
1840.0000 84.2616 4.5046
1845.0000 84.5754 4.5302
1850.0000 84.7896 4.5622
1855.0000 85.1566 4.6118
1860.0000 85.2703 4.6305
1865.0000 85.6129 4.6659
1870.0000 85.9318 4.7186
1875.0000 86.3258 4.7719
1880.0000 86.5413 4.8023
1885.0000 86.9268 4.8665
1890.0000 87.2717 4.8839
1895.0000 87.5019 4.9118
1900.0000 87.8346 4.9401
1905.0000 88.2207 4.9784
1910.0000 88.4566 4.9956
1915.0000 88.8160 5.0135
1920.0000 89.0089 5.0230
1925.0000 89.2610 5.0493
1930.0000 89.4108 5.0500
1935.0000 89.6597 5.0654
1940.0000 89.7788 5.0740
1945.0000 89.8479 5.0822
1950.0000 90.0231 5.0863
1955.0000 90.0713 5.0836
1960.0000 90.0675 5.0855
1965.0000 90.1415 5.0914
1970.0000 90.1298 5.0824
1975.0000 90.1990 5.0886
1980.0000 90.1077 5.0840
1985.0000 90.1643 5.0813
1990.0000 90.0126 5.0759
1995.0000 89.8445 5.0665
2000.0000 89.7805 5.0473
2005.0000 89.6340 5.0329
2010.0000 89.5544 5.0172
2015.0000 89.2165 4.9777
2020.0000 89.4163 4.9784
2025.0000 89.0862 4.9492
2030.0000 89.0177 4.9306
2035.0000 88.9124 4.8834
2040.0000 88.7190 4.8700
2045.0000 88.3778 4.7849
2050.0000 88.2526 4.7227
2055.0000 88.2189 4.7085
2060.0000 88.1127 4.6672
2065.0000 87.9283 4.6334
2070.0000 87.8395 4.6039
2075.0000 87.6904 4.5841
2080.0000 87.4496 4.5483
2085.0000 87.4039 4.5307
2090.0000 87.2476 4.5122
2095.0000 87.0076 4.4733
2100.0000 87.1338 4.4759
2105.0000 86.9693 4.4502
2110.0000 86.7501 4.4042
2115.0000 86.6488 4.3832
2120.0000 86.4636 4.3646
2125.0000 86.2194 4.3406
2130.0000 85.9388 4.2968
2135.0000 85.8432 4.2791
2140.0000 85.7492 4.2485
2145.0000 85.6461 4.2358
2150.0000 85.4655 4.2125
2155.0000 85.3590 4.1992
2160.0000 85.0404 4.1568
2165.0000 84.8368 4.1253
2170.0000 84.7695 4.1140
2175.0000 84.6668 4.0885
2180.0000 84.5103 4.0608
2185.0000 84.2529 4.0098
2190.0000 83.8414 3.9344
2195.0000 83.6966 3.9109
2200.0000 83.6159 3.8939
2205.0000 83.5031 3.8608
2210.0000 83.3886 3.8357
2215.0000 83.2813 3.8111
2220.0000 83.1728 3.7890
2225.0000 83.2204 3.7823
2230.0000 83.2955 3.7805
2235.0000 83.2160 3.7596
2240.0000 83.2547 3.7566
2245.0000 83.2840 3.7613
2250.0000 83.2649 3.7469
2255.0000 83.2267 3.7279
2260.0000 83.1974 3.7191
2265.0000 83.1525 3.7102
2270.0000 83.2225 3.7212
2275.0000 83.3418 3.7322
2280.0000 83.4377 3.7366
2285.0000 83.6988 3.7695
2290.0000 83.7648 3.7894
2295.0000 83.9337 3.8060
2300.0000 84.0328 3.8171
2305.0000 84.1598 3.8419
2310.0000 84.2829 3.8291
2315.0000 84.4549 3.8431
2320.0000 84.6032 3.8526
2325.0000 84.8600 3.8850
2330.0000 84.9919 3.8866
2335.0000 85.1323 3.8802
2340.0000 85.1208 3.8678
2345.0000 85.2567 3.8758
2350.0000 85.3668 3.8730
2355.0000 85.4451 3.8687
2360.0000 85.4997 3.8635
2365.0000 85.4848 3.8601
2370.0000 85.5411 3.8686
2375.0000 85.5436 3.8600
2380.0000 85.4734 3.8458
2385.0000 85.4275 3.8347
2390.0000 85.4301 3.8358
2395.0000 85.5088 3.8263
2400.0000 85.3041 3.7757
2405.0000 85.4402 3.7963
2410.0000 85.4752 3.7892
2415.0000 85.3952 3.7815
2420.0000 85.4484 3.7813
2425.0000 85.5861 3.7637
2430.0000 85.3566 3.7277
2435.0000 85.2503 3.6812
2440.0000 85.2694 3.6807
2445.0000 85.1411 3.6575
2450.0000 84.9692 3.6323
2455.0000 85.0506 3.6253
2460.0000 84.8121 3.5952
2465.0000 84.7099 3.5436
2470.0000 84.4566 3.5044
2475.0000 84.4134 3.4884
2480.0000 84.6807 3.4812
2485.0000 84.3973 3.4336
2490.0000 84.2669 3.3987
2495.0000 84.3481 3.3851
2500.0000 84.2854 3.3569
2505.0000 84.3626 3.3760
2510.0000 84.2832 3.3539
2515.0000 84.3872 3.3435
2520.0000 84.3536 3.3429
2525.0000 84.3523 3.3366
2530.0000 84.3307 3.3440
2535.0000 84.4409 3.3383
2540.0000 84.4264 3.3430
2545.0000 84.2942 3.3075
2550.0000 84.1602 3.2918
2555.0000 84.3260 3.3129
2560.0000 84.2802 3.3116
2565.0000 84.3238 3.2987
2570.0000 84.3717 3.2860
2575.0000 84.3699 3.2890
2580.0000 84.2681 3.2693
2585.0000 84.1216 3.2597
2590.0000 84.1604 3.2557
2595.0000 84.2624 3.2692
2600.0000 84.2412 3.2639
2605.0000 84.2574 3.2577
2610.0000 84.1885 3.2592
2615.0000 84.2676 3.2522
2620.0000 84.3780 3.2587
2625.0000 84.3277 3.2471
2630.0000 84.3769 3.2417
2635.0000 84.5095 3.2633
2640.0000 84.4918 3.2585
2645.0000 84.5583 3.2634
2650.0000 84.4343 3.2461
2655.0000 84.4724 3.2536
2660.0000 84.5342 3.2584
2665.0000 84.4989 3.2495
2670.0000 84.5678 3.2504
2675.0000 84.6536 3.2609
2680.0000 84.7308 3.2668
2685.0000 84.7872 3.2705
2690.0000 84.8485 3.2629
2695.0000 84.7785 3.2616
2700.0000 85.1632 3.3026
2705.0000 85.2102 3.2985
2710.0000 85.4152 3.3081
2715.0000 85.6542 3.3028
2720.0000 85.6628 3.2854
2725.0000 85.9195 3.2758
2730.0000 85.9532 3.2696
2735.0000 85.9784 3.2600
2740.0000 86.1594 3.2598
2745.0000 86.2069 3.2555
2750.0000 86.2986 3.2568
2755.0000 86.3272 3.2589
2760.0000 86.4608 3.2633
2765.0000 86.4385 3.2522
2770.0000 86.4766 3.2538
2775.0000 86.6133 3.2627
2780.0000 86.7040 3.2723
2785.0000 86.9510 3.2801
2790.0000 86.8330 3.2666
2795.0000 86.8540 3.2673
2800.0000 86.8558 3.2599
2805.0000 87.0508 3.2812
2810.0000 87.3131 3.2994
2815.0000 87.3100 3.2727
2820.0000 87.5102 3.2683
2825.0000 87.7243 3.2786
2830.0000 88.0315 3.2779
2835.0000 88.0460 3.2902
2840.0000 88.2173 3.2810
2845.0000 88.2374 3.2742
2850.0000 88.4970 3.2949
2855.0000 88.5619 3.2966
2860.0000 88.8234 3.3118
2865.0000 88.8440 3.3159
2870.0000 88.9988 3.3270
2875.0000 89.0218 3.3337
2880.0000 89.0321 3.3382
2885.0000 89.0560 3.3484
2890.0000 89.1657 3.3639
2895.0000 89.2247 3.3683
2900.0000 89.3002 3.3804
2905.0000 89.3129 3.3826
2910.0000 89.3466 3.3844
2915.0000 89.3206 3.3911
2920.0000 89.4210 3.3961
2925.0000 89.4641 3.3979
2930.0000 89.5120 3.4025
2935.0000 89.5864 3.4112
2940.0000 89.7022 3.4260
2945.0000 89.6624 3.4275
2950.0000 89.6151 3.4221
2955.0000 89.5549 3.4189
2960.0000 89.5284 3.4219
2965.0000 89.4926 3.4102
2970.0000 89.3363 3.4005
2975.0000 89.3600 3.3935
2980.0000 89.2683 3.3819
2985.0000 89.0839 3.3740
2990.0000 89.0063 3.3590
2995.0000 88.8785 3.3383
3000.0000 88.7434 3.3200
3005.0000 88.6123 3.3219
3010.0000 88.6302 3.3078
3015.0000 88.5245 3.2780
3020.0000 88.3826 3.2551
3025.0000 88.2033 3.2466
3030.0000 88.3959 3.2401
3035.0000 88.4225 3.2259
3040.0000 88.4633 3.2050
3045.0000 88.3935 3.1809
3050.0000 88.2591 3.1649
3055.0000 88.3821 3.1434
3060.0000 88.2867 3.1231
3065.0000 88.4211 3.1292
3070.0000 88.2497 3.1052
3075.0000 88.0468 3.0873
3080.0000 88.0921 3.0839
3085.0000 88.2104 3.0945
3090.0000 88.1294 3.0907
3095.0000 88.4250 3.0989
3100.0000 88.4051 3.0881
3105.0000 88.4190 3.0766
3110.0000 88.6684 3.0877
3115.0000 88.7932 3.0891
3120.0000 88.9409 3.0877
3125.0000 89.0962 3.0949
3130.0000 89.0806 3.0845
3135.0000 89.0747 3.0760
3140.0000 89.3263 3.0823
3145.0000 89.1453 3.0651
3150.0000 89.2258 3.0525
3155.0000 89.2364 3.0421
3160.0000 89.3926 3.0457
3165.0000 89.3606 3.0451
3170.0000 89.3935 3.0398
3175.0000 89.3438 3.0295
3180.0000 89.3349 3.0269
3185.0000 89.2744 3.0203
3190.0000 89.2529 3.0164
3195.0000 89.3549 3.0172
3200.0000 89.4825 3.0204
3205.0000 89.3888 3.0133
3210.0000 89.3603 2.9941
3215.0000 89.4171 2.9882
3220.0000 89.3200 2.9777
3225.0000 89.3096 2.9720
3230.0000 89.2226 2.9701
3235.0000 89.0662 2.9379
3240.0000 89.0419 2.9287
3245.0000 88.7941 2.8875
3250.0000 88.9072 2.8888
3255.0000 88.7966 2.8800
3260.0000 88.7174 2.8669
3265.0000 88.5628 2.8472
3270.0000 88.3699 2.8259
3275.0000 88.3938 2.8142
3280.0000 88.3496 2.7964
3285.0000 88.3127 2.7780
3290.0000 88.2515 2.7646
3295.0000 88.1965 2.7528
3300.0000 88.1568 2.7425
3305.0000 87.8730 2.7129
3310.0000 87.6838 2.6958
3315.0000 87.6777 2.6829
3320.0000 87.6863 2.6787
3325.0000 87.7478 2.6776
3330.0000 87.7392 2.6749
3335.0000 87.8283 2.6777
3340.0000 87.8047 2.6763
3345.0000 87.8547 2.6775
3350.0000 87.8417 2.6764
3355.0000 87.9178 2.6792
3360.0000 87.9475 2.6811
3365.0000 87.9363 2.6869
3370.0000 88.0156 2.6976
3375.0000 88.0747 2.7026
3380.0000 88.1548 2.7157
3385.0000 88.1733 2.7186
3390.0000 88.1763 2.7268
3395.0000 88.1753 2.7233
3400.0000 88.2822 2.7356
3405.0000 88.4090 2.7498
3410.0000 88.4515 2.7553
3415.0000 88.4706 2.7538
3420.0000 88.5361 2.7606
3425.0000 88.6383 2.7539
3430.0000 88.6852 2.7497
3435.0000 88.8007 2.7600
3440.0000 88.8717 2.7691
3445.0000 89.0450 2.7819
3450.0000 89.2015 2.8015
3455.0000 89.2496 2.8109
3460.0000 89.4054 2.8302
3465.0000 89.4701 2.8366
3470.0000 89.5717 2.8466
3475.0000 89.7074 2.8596
3480.0000 89.7059 2.8582
3485.0000 89.8550 2.8704
3490.0000 90.0000 2.8864
3495.0000 90.2023 2.8946
3500.0000 90.4115 2.9139
3505.0000 90.6255 2.9330
3510.0000 90.7643 2.9473
3515.0000 90.9340 2.9655
3520.0000 91.1394 2.9761
3525.0000 91.2575 2.9845
3530.0000 91.5331 3.0085
3535.0000 91.7841 3.0362
3540.0000 92.0065 3.0577
3545.0000 92.2017 3.0640
3550.0000 92.3198 3.0723
3555.0000 92.4006 3.0760
3560.0000 92.4704 3.0821
3565.0000 92.5486 3.0842
3570.0000 92.7484 3.0899
3575.0000 92.7920 3.0941
3580.0000 92.8218 3.0945
3585.0000 92.8752 3.1010
3590.0000 93.0455 3.1102
3595.0000 93.0777 3.1105
3600.0000 93.1200 3.1128
3605.0000 93.1105 3.1137
3610.0000 93.0494 3.1195
3615.0000 92.9281 3.1201
3620.0000 92.7835 3.1283
3625.0000 92.8019 3.1273
3630.0000 92.5879 3.1149
3635.0000 92.4653 3.1167
3640.0000 92.3295 3.0997
3645.0000 92.0593 3.0658
3650.0000 91.7503 3.0580
3655.0000 91.6606 3.0407
3660.0000 91.4713 3.0365
3665.0000 91.3407 3.0121
3670.0000 91.4314 2.9845
3675.0000 90.8520 2.9529
3680.0000 90.6938 2.9361
3685.0000 90.3703 2.9066
3690.0000 90.4387 2.8793
3695.0000 90.2644 2.8649
3700.0000 90.0698 2.8375
3705.0000 89.7070 2.8049
3710.0000 89.4941 2.7817
3715.0000 89.5284 2.7512
3720.0000 89.3680 2.7512
3725.0000 89.0833 2.7340
3730.0000 88.8238 2.6993
3735.0000 88.6769 2.6712
3740.0000 88.3889 2.6458
3745.0000 88.1924 2.6146
3750.0000 88.0703 2.5821
3755.0000 88.1721 2.5803
3760.0000 87.9635 2.5575
3765.0000 87.8799 2.5348
3770.0000 87.7048 2.5136
3775.0000 87.4163 2.4989
3780.0000 87.5273 2.4846
3785.0000 87.5854 2.4891
3790.0000 87.7571 2.4891
3795.0000 87.5686 2.4559
3800.0000 87.4500 2.4343
3805.0000 87.3733 2.4067
3810.0000 87.2185 2.3938
3815.0000 87.1708 2.3850
3820.0000 86.8465 2.3367
3825.0000 86.7476 2.3214
3830.0000 86.5970 2.2992
3835.0000 86.7430 2.3157
3840.0000 86.8748 2.3196
3845.0000 86.9567 2.3306
3850.0000 86.8881 2.3093
3855.0000 86.7809 2.2864
3860.0000 86.5755 2.2575
3865.0000 86.5892 2.2507
3870.0000 86.5434 2.2456
3875.0000 86.5734 2.2615
3880.0000 86.7298 2.2407
3885.0000 86.6443 2.2257
3890.0000 86.7323 2.2088
3895.0000 86.5058 2.1993
3900.0000 86.4673 2.1850
3905.0000 86.2359 2.1542
3910.0000 86.4847 2.1656
3915.0000 86.4498 2.1626
3920.0000 86.5102 2.1630
3925.0000 86.7964 2.1725
3930.0000 86.7900 2.1721
3935.0000 86.8622 2.1843
3940.0000 86.8573 2.1945
3945.0000 87.0444 2.1777
3950.0000 87.0888 2.1703
3955.0000 87.1729 2.1580
3960.0000 87.4143 2.1743
3965.0000 87.4852 2.1730
3970.0000 87.5073 2.1531
3975.0000 87.5603 2.1568
3980.0000 87.9494 2.1872
3985.0000 87.8129 2.1675
3990.0000 87.9139 2.1591
3995.0000 88.1958 2.1712
4000.0000 88.0534 2.1511
4005.0000 88.0474 2.1525
4010.0000 87.8896 2.1377
4015.0000 87.8267 2.1192
4020.0000 87.8127 2.1045
4025.0000 87.6251 2.0768
4030.0000 87.5850 2.0638
4035.0000 87.6408 2.0659
4040.0000 87.6226 2.0577
4045.0000 87.6477 2.0478
4050.0000 87.7597 2.0411
4055.0000 87.8384 2.0359
4060.0000 87.8413 2.0230
4065.0000 87.8312 2.0258
4070.0000 88.0481 2.0389
4075.0000 88.0732 2.0309
4080.0000 87.9217 2.0082
4085.0000 88.0219 2.0130
4090.0000 87.8745 2.0065
4095.0000 87.9637 1.9920
4100.0000 87.7295 1.9773
4105.0000 87.7973 1.9835
4110.0000 87.5240 1.9554
4115.0000 87.5357 1.9544
4120.0000 87.5113 1.9417
4125.0000 87.6803 1.9545
4130.0000 87.6468 1.9504
4135.0000 87.7737 1.9626
4140.0000 87.6997 1.9577
4145.0000 87.6774 1.9574
4150.0000 87.8215 1.9714
4155.0000 87.6681 1.9511
4160.0000 87.4966 1.9235
4165.0000 87.5947 1.9282
4170.0000 87.5959 1.9308
4175.0000 87.7780 1.9465
4180.0000 87.6538 1.9279
4185.0000 87.5567 1.9256
4190.0000 87.3757 1.9081
4195.0000 87.3895 1.9027
4200.0000 87.3789 1.8991
4205.0000 87.3098 1.9005
4210.0000 87.3767 1.8973
4215.0000 87.3205 1.8894
4220.0000 87.3859 1.8963
4225.0000 87.3588 1.8980
4230.0000 87.3587 1.8942
4235.0000 87.3733 1.8941
4240.0000 87.2155 1.8830
4245.0000 87.3257 1.8932
4250.0000 87.3910 1.9002
4255.0000 87.3444 1.8950
4260.0000 87.4285 1.9034
4265.0000 87.3212 1.8846
4270.0000 87.2139 1.8623
4275.0000 87.2143 1.8595
4280.0000 87.2552 1.8562
4285.0000 87.1152 1.8345
4290.0000 87.2547 1.8419
4295.0000 87.4964 1.8517
4300.0000 87.6055 1.8447
4305.0000 87.5114 1.8330
4310.0000 87.8080 1.8684
4315.0000 87.7947 1.8642
4320.0000 87.8410 1.8684
4325.0000 87.8560 1.8649
4330.0000 87.7534 1.8541
4335.0000 87.6728 1.8502
4340.0000 87.6404 1.8442
4345.0000 87.5357 1.8275
4350.0000 87.5341 1.8327
4355.0000 87.6305 1.8403
4360.0000 87.6495 1.8436
4365.0000 87.7999 1.8610
4370.0000 87.7333 1.8488
4375.0000 87.6382 1.8384
4380.0000 87.7177 1.8537
4385.0000 87.8231 1.8596
4390.0000 87.9908 1.8738
4395.0000 88.0267 1.8770
4400.0000 87.8252 1.8399
4405.0000 87.6893 1.8308
4410.0000 87.6628 1.8112
4415.0000 87.6766 1.8097
4420.0000 87.6600 1.8090
4425.0000 87.6071 1.8057
4430.0000 87.6080 1.8092
4435.0000 87.6663 1.8188
4440.0000 87.7608 1.8181
4445.0000 87.6346 1.7967
4450.0000 87.7236 1.8035
4455.0000 87.5474 1.7903
4460.0000 87.3593 1.7701
4465.0000 87.4384 1.7684
4470.0000 87.4986 1.7620
4475.0000 87.6792 1.7804
4480.0000 87.5688 1.7651
4485.0000 87.5368 1.7402
4490.0000 87.6365 1.7653
4495.0000 87.6554 1.7559
4500.0000 87.7088 1.7640
4505.0000 87.8529 1.7699
4510.0000 87.7150 1.7528
4515.0000 87.5511 1.7486
4520.0000 87.7000 1.7601
4525.0000 87.4727 1.7393
4530.0000 87.5171 1.7497
4535.0000 87.5143 1.7252
4540.0000 87.3598 1.7056
4545.0000 87.2537 1.6838
4550.0000 87.4868 1.7110
4555.0000 87.5789 1.7261
4560.0000 87.6960 1.7249
4565.0000 87.4457 1.6983
4570.0000 87.4349 1.6928
4575.0000 87.7007 1.7044
4580.0000 87.4141 1.6894
4585.0000 87.3715 1.6790
4590.0000 87.1940 1.6470
4595.0000 87.0320 1.6312
4600.0000 87.2152 1.6297
4605.0000 87.2162 1.6258
4610.0000 87.4103 1.6208
4615.0000 87.3213 1.6040
4620.0000 87.2781 1.6104
4625.0000 87.4881 1.6333
4630.0000 87.4404 1.6344
4635.0000 87.3770 1.6214
4640.0000 87.0466 1.6043
4645.0000 87.2116 1.6038
4650.0000 87.4785 1.6048
4655.0000 87.2275 1.5938
4660.0000 87.5212 1.6202
4665.0000 87.5509 1.6264
4670.0000 87.2141 1.5892
4675.0000 87.4527 1.6080
4680.0000 87.3500 1.5984
4685.0000 87.3501 1.5958
4690.0000 87.2878 1.5788
4695.0000 87.2945 1.5796
4700.0000 87.5298 1.5854
4705.0000 87.5324 1.5773
4710.0000 87.8237 1.5804
4715.0000 87.6660 1.5880
4720.0000 87.6342 1.5809
4725.0000 87.6530 1.5846
4730.0000 87.7932 1.5817
4735.0000 87.5487 1.5675
4740.0000 87.3815 1.5365
4745.0000 87.2412 1.5333
4750.0000 87.1444 1.5341
4755.0000 87.0604 1.5200
4760.0000 87.1256 1.5133
4765.0000 87.0995 1.5076
4770.0000 87.2304 1.5150
4775.0000 87.0853 1.4988
4780.0000 86.8503 1.4808
4785.0000 86.9539 1.4949
4790.0000 86.8381 1.4823
4795.0000 86.9920 1.4790
4800.0000 87.0418 1.4793
4805.0000 86.9848 1.4867
4810.0000 87.0172 1.4839
4815.0000 87.1938 1.5072
4820.0000 86.9437 1.4918
4825.0000 87.0142 1.4942
4830.0000 87.2370 1.5310
4835.0000 87.2054 1.5369
4840.0000 87.3836 1.5626
4845.0000 87.1237 1.5266
4850.0000 87.3144 1.5379
4855.0000 87.2368 1.5325
4860.0000 86.8466 1.5011
4865.0000 86.9096 1.4945
4870.0000 86.8906 1.4847
4875.0000 87.1627 1.5112
4880.0000 87.2467 1.5032
4885.0000 87.1337 1.4911
4890.0000 87.0206 1.4891
4895.0000 87.1338 1.4898
4900.0000 87.1181 1.4883
4905.0000 87.5181 1.5371
4910.0000 87.5440 1.5481
4915.0000 87.7237 1.5544
4920.0000 87.4878 1.5354
4925.0000 87.4247 1.5320
4930.0000 87.6102 1.5438
4935.0000 87.4318 1.5306
4940.0000 87.2962 1.5220
4945.0000 87.4202 1.5266
4950.0000 87.0745 1.5091
4955.0000 87.0223 1.4942
4960.0000 87.1693 1.5058
4965.0000 86.9432 1.4884
4970.0000 86.7293 1.4736
4975.0000 87.0454 1.4929
4980.0000 86.8819 1.4692
4985.0000 86.7878 1.4641
4990.0000 86.8624 1.4898
4995.0000 86.8566 1.5000
5000.0000 86.7658 1.4872
5005.0000 87.0068 1.4942
5010.0000 87.0048 1.5003
5015.0000 87.0132 1.5004
5020.0000 86.8529 1.4870
5025.0000 87.1166 1.5057
5030.0000 86.9456 1.4871
5035.0000 86.9342 1.4912
5040.0000 86.8528 1.4855
5045.0000 87.1345 1.5072
5050.0000 87.0907 1.5015
5055.0000 87.0363 1.5089
5060.0000 86.8791 1.4813
5065.0000 87.0660 1.4878
5070.0000 86.9156 1.4663
5075.0000 86.9671 1.4729
5080.0000 86.7173 1.4515
5085.0000 86.8626 1.4658
5090.0000 86.9977 1.4746
5095.0000 87.1916 1.4764
5100.0000 87.1366 1.4738
5105.0000 86.9622 1.4673
5110.0000 86.8514 1.4678
5115.0000 86.9722 1.4815
5120.0000 87.1670 1.4884
5125.0000 87.1922 1.5095
5130.0000 87.2565 1.5024
5135.0000 87.1755 1.4964
5140.0000 87.4859 1.5152
5145.0000 87.1142 1.4769
5150.0000 87.3615 1.4884
5155.0000 87.5601 1.5177
5160.0000 87.6061 1.5304
5165.0000 87.3399 1.5100
5170.0000 87.2204 1.4953
5175.0000 87.2909 1.4925
5180.0000 87.3562 1.5061
5185.0000 87.3857 1.4874
5190.0000 87.2562 1.4719
5195.0000 87.2017 1.4764
5200.0000 87.0670 1.4714
5205.0000 86.8222 1.4516
5210.0000 86.9502 1.4543
5215.0000 86.8314 1.4532
5220.0000 87.0415 1.4603
5225.0000 87.0225 1.4610
5230.0000 87.2960 1.4823
5235.0000 87.3101 1.4866
5240.0000 87.4743 1.4952
5245.0000 87.2635 1.4783
5250.0000 87.2167 1.4606
5255.0000 87.2730 1.4658
5260.0000 87.0587 1.4415
5265.0000 87.2910 1.4389
5270.0000 87.2221 1.4318
5275.0000 86.9745 1.3963
5280.0000 86.8007 1.3835
5285.0000 86.7568 1.3734
5290.0000 86.9114 1.3787
5295.0000 86.8610 1.3720
5300.0000 86.9148 1.3668
5305.0000 86.9268 1.3721
5310.0000 86.9780 1.3700
5315.0000 86.8105 1.3574
5320.0000 86.8801 1.3558
5325.0000 87.1001 1.3756
5330.0000 86.9346 1.3638
5335.0000 86.8696 1.3589
5340.0000 86.7640 1.3260
5345.0000 87.1350 1.3450
5350.0000 86.9088 1.3344
5355.0000 87.2564 1.3684
5360.0000 87.2734 1.3451
5365.0000 87.3250 1.3482
5370.0000 87.3906 1.3568
5375.0000 87.5530 1.3820
5380.0000 87.6353 1.3902
5385.0000 87.3507 1.3685
5390.0000 87.3885 1.3508
5395.0000 87.3456 1.3487
5400.0000 87.2320 1.3359
5405.0000 87.2705 1.3308
5410.0000 87.3928 1.3415
5415.0000 87.1060 1.3287
5420.0000 87.3193 1.3557
5425.0000 87.3231 1.3448
5430.0000 87.4351 1.3599
5435.0000 87.5943 1.3824
5440.0000 87.4320 1.3572
5445.0000 87.6631 1.3688
5450.0000 87.5021 1.3603
5455.0000 87.4373 1.3466
5460.0000 87.3154 1.3422
5465.0000 87.3663 1.3433
5470.0000 87.3791 1.3487
5475.0000 87.3523 1.3427
5480.0000 87.2338 1.3321
5485.0000 87.2645 1.3436
5490.0000 87.4044 1.3373
5495.0000 87.2813 1.3346
5500.0000 87.1337 1.3301
5505.0000 87.1609 1.3326
5510.0000 87.3545 1.3410
5515.0000 86.9033 1.2994
5520.0000 87.3024 1.3203
5525.0000 87.2321 1.3165
5530.0000 87.0693 1.3116
5535.0000 87.2182 1.3190
5540.0000 87.2406 1.3159
5545.0000 87.1289 1.3189
5550.0000 87.1987 1.3216
5555.0000 87.4290 1.3390
5560.0000 87.3457 1.3379
5565.0000 87.3883 1.3355
5570.0000 87.2404 1.3343
5575.0000 87.4807 1.3468
5580.0000 87.5542 1.3492
5585.0000 87.3280 1.3267
5590.0000 87.2399 1.3169
5595.0000 87.1963 1.3192
5600.0000 87.4554 1.3299
5605.0000 87.3825 1.3126
5610.0000 87.2350 1.3130
5615.0000 87.3039 1.3168
5620.0000 87.5255 1.3357
5625.0000 87.4449 1.3322
5630.0000 87.2209 1.3039
5635.0000 87.2865 1.3052
5640.0000 87.3452 1.3123
5645.0000 87.2605 1.3105
5650.0000 87.1478 1.2982
5655.0000 87.2968 1.3138
5660.0000 87.2680 1.3152
5665.0000 87.4301 1.3125
5670.0000 87.6168 1.3225
5675.0000 87.6412 1.3221
5680.0000 87.4397 1.3085
5685.0000 87.3478 1.2924
5690.0000 87.3313 1.2933
5695.0000 87.1785 1.2829
5700.0000 87.5383 1.3071
5705.0000 87.4034 1.2910
5710.0000 87.6068 1.3050
5715.0000 87.4881 1.3062
5720.0000 87.6018 1.3123
5725.0000 87.6268 1.3075
5730.0000 87.5481 1.2967
5735.0000 87.7068 1.3085
5740.0000 87.5103 1.2930
5745.0000 87.5681 1.2904
5750.0000 87.5407 1.2886
5755.0000 87.6637 1.2873
5760.0000 87.8742 1.3004
5765.0000 87.8352 1.2934
5770.0000 87.7086 1.2812
5775.0000 87.7728 1.2877
5780.0000 87.6251 1.2764
5785.0000 87.7024 1.2737
5790.0000 87.5579 1.2663
5795.0000 87.3274 1.2597
5800.0000 87.2713 1.2382
5805.0000 87.2403 1.2440
5810.0000 87.2654 1.2461
5815.0000 87.2771 1.2308
5820.0000 87.3160 1.2493
5825.0000 87.4144 1.2471
5830.0000 87.4958 1.2455
5835.0000 87.4926 1.2528
5840.0000 87.6207 1.2700
5845.0000 87.5339 1.2628
5850.0000 87.5693 1.2702
5855.0000 87.6023 1.2565
5860.0000 87.5275 1.2532
5865.0000 87.6533 1.2609
5870.0000 87.7176 1.2586
5875.0000 87.7487 1.2661
5880.0000 87.6591 1.2672
5885.0000 87.7552 1.2651
5890.0000 87.7735 1.2669
5895.0000 87.6587 1.2394
5900.0000 87.4409 1.2329
5905.0000 87.6424 1.2455
5910.0000 87.5961 1.2368
5915.0000 87.7548 1.2429
5920.0000 87.9092 1.2486
5925.0000 88.1370 1.2683
5930.0000 87.8015 1.2453
5935.0000 88.0867 1.2656
5940.0000 87.8104 1.2294
5945.0000 87.7901 1.2379
5950.0000 87.7891 1.2330
5955.0000 87.9046 1.2293
5960.0000 87.9769 1.2307
5965.0000 87.7729 1.2089
5970.0000 87.9187 1.2142
5975.0000 88.0584 1.2203
5980.0000 87.8767 1.2002
5985.0000 87.8719 1.2023
5990.0000 87.8626 1.2156
5995.0000 87.8613 1.2058
6000.0000 87.8141 1.1910
6005.0000 87.8206 1.1935
6010.0000 87.9139 1.1936
6015.0000 87.8560 1.1907
6020.0000 87.7017 1.1948
6025.0000 87.9608 1.2095
6030.0000 88.0171 1.1960
6035.0000 87.9940 1.1893
6040.0000 87.7661 1.1775
6045.0000 87.6143 1.1555
6050.0000 87.8081 1.1521
6055.0000 87.6207 1.1386
6060.0000 87.4990 1.1278
6065.0000 87.4994 1.1317
6070.0000 87.6878 1.1250
6075.0000 87.6643 1.1311
6080.0000 87.9190 1.1373
6085.0000 87.8591 1.1290
6090.0000 87.4681 1.1261
6095.0000 87.7791 1.1428
6100.0000 87.6962 1.1440
6105.0000 87.6947 1.1341
6110.0000 87.7341 1.1384
6115.0000 87.8958 1.1532
6120.0000 87.8220 1.1166
6125.0000 87.6694 1.1146
6130.0000 87.4964 1.0926
6135.0000 87.1863 1.0646
6140.0000 87.3939 1.0753
6145.0000 87.6238 1.0914
6150.0000 87.7227 1.1034
6155.0000 87.7354 1.0970
6160.0000 87.9910 1.1166
6165.0000 87.8902 1.1019
6170.0000 88.1235 1.1372
6175.0000 88.3085 1.1540
6180.0000 88.0975 1.1187
6185.0000 88.2474 1.1213
6190.0000 87.9999 1.1053
6195.0000 88.0241 1.1108
6200.0000 87.7928 1.0994
6205.0000 88.0012 1.0945
6210.0000 87.8685 1.0844
6215.0000 87.7505 1.0837
6220.0000 87.8315 1.0951
6225.0000 87.6951 1.0803
6230.0000 87.7125 1.0706
6235.0000 87.7769 1.0871
6240.0000 87.9164 1.0904
6245.0000 87.6705 1.0855
6250.0000 87.8003 1.0813
6255.0000 87.8665 1.0868
6260.0000 88.0861 1.0947
6265.0000 88.0895 1.0921
6270.0000 87.9809 1.0810
6275.0000 87.9456 1.0748
6280.0000 87.7700 1.0545
6285.0000 87.9428 1.0894
6290.0000 87.9659 1.0801
6295.0000 88.1351 1.0820
6300.0000 88.1661 1.0796
6305.0000 87.8620 1.0779
6310.0000 87.9877 1.0617
6315.0000 87.9184 1.0667
6320.0000 88.0620 1.0845
6325.0000 88.1264 1.0769
6330.0000 88.2265 1.0688
6335.0000 88.2160 1.0553
6340.0000 88.2588 1.0645
6345.0000 88.3397 1.0662
6350.0000 88.4803 1.0764
6355.0000 88.1512 1.0464
6360.0000 88.0901 1.0474
6365.0000 88.0200 1.0406
6370.0000 87.9872 1.0273
6375.0000 87.9779 1.0083
6380.0000 88.1079 1.0087
6385.0000 88.1565 0.9991
6390.0000 88.1897 0.9956
6395.0000 88.0848 0.9807
6400.0000 88.0785 0.9860
6405.0000 87.8922 0.9779
6410.0000 87.9588 0.9798
6415.0000 87.8464 0.9641
6420.0000 87.8490 0.9690
6425.0000 87.8274 0.9673
6430.0000 87.7034 0.9483
6435.0000 87.8266 0.9452
6440.0000 87.8302 0.9430
6445.0000 87.7779 0.9428
6450.0000 87.9704 0.9426
6455.0000 88.1109 0.9529
6460.0000 88.2781 0.9484
6465.0000 88.1895 0.9526
6470.0000 88.2029 0.9462
6475.0000 88.0656 0.9227
6480.0000 87.8050 0.8955
6485.0000 87.9899 0.8981
6490.0000 87.9579 0.8934
6495.0000 87.7324 0.8654
6500.0000 87.9407 0.8711
6505.0000 87.7442 0.8669
6510.0000 87.7672 0.8580
6515.0000 87.7028 0.8556
6520.0000 87.7728 0.8421
6525.0000 87.6908 0.8310
6530.0000 87.7784 0.8446
6535.0000 87.7563 0.8267
6540.0000 87.6078 0.8164
6545.0000 87.6728 0.7940
6550.0000 87.7104 0.7988
6555.0000 87.7932 0.8113
6560.0000 87.7622 0.8096
6565.0000 87.9885 0.8074
6570.0000 88.1230 0.8158
6575.0000 88.2061 0.8267
6580.0000 88.1970 0.8358
6585.0000 88.4067 0.8320
6590.0000 88.1985 0.8154
6595.0000 88.0096 0.7784
6600.0000 88.2011 0.7979
6605.0000 88.1164 0.7983
6610.0000 88.0374 0.7879
6615.0000 88.1252 0.7955
6620.0000 88.0110 0.7823
6625.0000 87.9825 0.7813
6630.0000 88.3548 0.7996
6635.0000 88.5985 0.8099
6640.0000 88.4568 0.7991
6645.0000 88.5111 0.8173
6650.0000 88.4706 0.8093
6655.0000 88.4222 0.8091
6660.0000 88.3040 0.8086
6665.0000 88.1449 0.7846
6670.0000 87.8801 0.7763
6675.0000 87.6955 0.7505
6680.0000 87.5106 0.7346
6685.0000 87.6568 0.7413
6690.0000 87.7850 0.7556
6695.0000 87.7388 0.7353
6700.0000 87.9933 0.7492
6705.0000 88.1389 0.7483
6710.0000 87.9550 0.7585
6715.0000 88.0596 0.7450
6720.0000 87.8832 0.7423
6725.0000 88.0500 0.7561
6730.0000 87.9377 0.7460
6735.0000 88.1243 0.7676
6740.0000 88.0706 0.7586
6745.0000 87.9485 0.7443
6750.0000 88.0861 0.7606
6755.0000 87.7108 0.7392
6760.0000 87.8162 0.7332
6765.0000 87.7766 0.7438
6770.0000 87.7350 0.7389
6775.0000 87.8884 0.7374
6780.0000 87.8912 0.7505
6785.0000 88.1154 0.7534
6790.0000 88.1347 0.7687
6795.0000 88.1400 0.7600
6800.0000 88.1329 0.7614
6805.0000 88.2410 0.7719
6810.0000 88.2247 0.7609
6815.0000 88.3206 0.7678
6820.0000 88.2101 0.7658
6825.0000 88.3593 0.7657
6830.0000 88.3164 0.7568
6835.0000 88.2096 0.7543
6840.0000 88.1464 0.7519
6845.0000 87.8060 0.7429
6850.0000 87.8595 0.7459
6855.0000 87.9422 0.7319
6860.0000 88.0053 0.7259
6865.0000 87.9645 0.7285
6870.0000 88.0580 0.7405
6875.0000 88.2043 0.7512
6880.0000 88.2227 0.7493
6885.0000 88.0392 0.7374
6890.0000 88.1210 0.7296
6895.0000 88.1743 0.7368
6900.0000 88.4426 0.7496
6905.0000 88.2398 0.7388
6910.0000 88.3127 0.7438
6915.0000 88.3001 0.7452
6920.0000 88.2946 0.7336
6925.0000 88.3272 0.7354
6930.0000 88.2190 0.7268
6935.0000 88.2696 0.7216
6940.0000 88.1524 0.7199
6945.0000 88.0629 0.7075
6950.0000 88.0754 0.7040
6955.0000 88.0880 0.7183
6960.0000 88.1916 0.7230
6965.0000 88.3154 0.7267
6970.0000 88.4596 0.7324
6975.0000 88.3147 0.7379
6980.0000 88.4935 0.7225
6985.0000 88.5735 0.7389
6990.0000 88.4609 0.7398
6995.0000 88.5147 0.7226
7000.0000 88.2920 0.7108
7005.0000 88.6086 0.7280
7010.0000 88.4286 0.7189
7015.0000 88.5195 0.7099
7020.0000 88.3891 0.7075
7025.0000 88.1816 0.6991
7030.0000 88.3607 0.6996
7035.0000 88.3814 0.7031
7040.0000 88.3767 0.7048
7045.0000 88.5151 0.7148
7050.0000 88.3676 0.6957
7055.0000 88.3914 0.6803
7060.0000 88.2262 0.6855
7065.0000 88.2151 0.6853
7070.0000 88.1468 0.6829
7075.0000 88.2427 0.6794
7080.0000 88.3532 0.6768
7085.0000 88.3114 0.6843
7090.0000 88.4102 0.6648
7095.0000 88.3101 0.6522
7100.0000 88.3572 0.6626
7105.0000 88.1846 0.6402
7110.0000 88.2883 0.6595
7115.0000 88.4412 0.6619
7120.0000 88.7028 0.6783
7125.0000 88.4678 0.6648
7130.0000 88.5447 0.6744
7135.0000 88.3094 0.6661
7140.0000 88.1733 0.6632
7145.0000 88.4454 0.6662
7150.0000 88.3088 0.6553
7155.0000 88.3317 0.6642
7160.0000 88.3258 0.6586
7165.0000 88.0510 0.6463
7170.0000 88.1039 0.6496
7175.0000 88.2362 0.6568
7180.0000 88.3547 0.6518
7185.0000 88.3002 0.6548
7190.0000 88.3798 0.6556
7195.0000 88.4907 0.6712
7200.0000 88.4110 0.6588
7205.0000 88.2847 0.6532
7210.0000 88.3312 0.6481
7215.0000 88.5734 0.6526
7220.0000 88.3538 0.6446
7225.0000 88.3382 0.6302
7230.0000 88.3915 0.6403
7235.0000 88.3889 0.6487
7240.0000 88.3502 0.6498
7245.0000 88.4374 0.6416
7250.0000 88.3252 0.6366
7255.0000 88.3749 0.6446
7260.0000 88.1602 0.6193
7265.0000 88.3258 0.6401
7270.0000 88.4836 0.6569
7275.0000 88.5428 0.6646
7280.0000 88.6766 0.6796
7285.0000 88.7656 0.6680
7290.0000 88.6041 0.6590
7295.0000 88.7139 0.6630
7300.0000 88.5300 0.6494
7305.0000 88.4662 0.6365
7310.0000 88.7571 0.6533
7315.0000 88.7143 0.6508
7320.0000 88.8788 0.6696
7325.0000 88.6633 0.6550
7330.0000 88.6272 0.6529
7335.0000 88.4121 0.6501
7340.0000 88.4200 0.6472
7345.0000 88.5500 0.6425
7350.0000 88.6405 0.6500
7355.0000 88.5177 0.6422
7360.0000 88.3474 0.6316
7365.0000 88.4737 0.6291
7370.0000 88.3395 0.6157
7375.0000 88.3194 0.6231
7380.0000 88.3980 0.6303
7385.0000 88.4090 0.6287
7390.0000 88.4775 0.6342
7395.0000 88.5238 0.6306
7400.0000 88.5716 0.6318
7405.0000 88.5251 0.6220
7410.0000 88.4369 0.6224
7415.0000 88.3541 0.6191
7420.0000 88.3341 0.6193
7425.0000 88.2940 0.6264
7430.0000 88.3754 0.6308
7435.0000 88.4932 0.6322
7440.0000 88.7426 0.6453
7445.0000 88.8125 0.6556
7450.0000 88.4886 0.6395
7455.0000 88.6387 0.6614
7460.0000 88.7423 0.6494
7465.0000 88.4832 0.6442
7470.0000 88.3094 0.6460
7475.0000 88.3257 0.6430
7480.0000 88.4204 0.6547
7485.0000 88.4220 0.6568
7490.0000 88.5612 0.6478
7495.0000 88.4873 0.6414
7500.0000 88.5841 0.6388
7505.0000 88.4872 0.6410
7510.0000 88.4290 0.6370
7515.0000 88.4965 0.6495
7520.0000 88.5235 0.6419
7525.0000 88.5792 0.6376
7530.0000 88.4978 0.6342
7535.0000 88.5381 0.6345
7540.0000 88.3589 0.6322
7545.0000 88.4813 0.6342
7550.0000 88.3152 0.6391
7555.0000 88.2898 0.6305
7560.0000 88.4619 0.6177
7565.0000 88.3594 0.6349
7570.0000 88.9264 0.6601
7575.0000 88.6655 0.6558
7580.0000 88.8266 0.6701
7585.0000 88.7259 0.6680
7590.0000 88.4936 0.6552
7595.0000 88.5892 0.6485
7600.0000 88.3488 0.6409
7605.0000 88.7426 0.6567
7610.0000 88.5749 0.6630
7615.0000 88.3955 0.6464
7620.0000 88.4348 0.6492
7625.0000 88.5044 0.6550
7630.0000 88.5158 0.6661
7635.0000 88.6687 0.6606
7640.0000 88.3366 0.6485
7645.0000 88.2644 0.6489
7650.0000 88.4070 0.6397
7655.0000 88.3732 0.6483
7660.0000 88.3647 0.6410
7665.0000 88.4858 0.6502
7670.0000 88.3748 0.6472
7675.0000 88.3507 0.6396
7680.0000 88.4724 0.6387
7685.0000 88.3383 0.6325
7690.0000 88.4337 0.6271
7695.0000 88.4599 0.6284
7700.0000 88.3083 0.6154
7705.0000 88.3571 0.6254
7710.0000 88.5326 0.6240
7715.0000 88.2507 0.6260
7720.0000 88.4750 0.6293
7725.0000 88.2223 0.6117
7730.0000 88.1777 0.6108
7735.0000 88.1737 0.6050
7740.0000 87.9063 0.5846
7745.0000 88.0032 0.6028
7750.0000 88.1694 0.6292
7755.0000 87.9404 0.6046
7760.0000 88.1593 0.6129
7765.0000 88.2254 0.6082
7770.0000 88.5183 0.6273
7775.0000 88.2196 0.6214
7780.0000 88.1985 0.6079
7785.0000 88.2212 0.6205
7790.0000 88.2154 0.6384
7795.0000 88.4664 0.6327
7800.0000 88.4325 0.6173
7805.0000 88.6531 0.6354
7810.0000 88.4493 0.6244
7815.0000 88.4733 0.6244
7820.0000 88.3806 0.6202
7825.0000 88.1159 0.6229
7830.0000 88.4547 0.6243
7835.0000 88.2622 0.6107
7840.0000 87.9499 0.5998
7845.0000 88.0245 0.6171
7850.0000 88.1093 0.6155
7855.0000 88.2539 0.6174
7860.0000 88.2765 0.6163
7865.0000 88.4876 0.6325
7870.0000 88.3349 0.6215
7875.0000 88.6984 0.6380
7880.0000 88.5115 0.6379
7885.0000 88.3083 0.6303
7890.0000 88.4511 0.6433
7895.0000 88.3334 0.6291
7900.0000 88.7574 0.6515
7905.0000 88.7667 0.6520
7910.0000 88.7782 0.6475
7915.0000 88.8395 0.6452
7920.0000 88.7990 0.6456
7925.0000 88.8068 0.6608
7930.0000 88.4834 0.6484
7935.0000 88.2873 0.6377
7940.0000 88.3057 0.6272
7945.0000 88.1448 0.6103
7950.0000 88.2691 0.6182
7955.0000 88.2522 0.6228
7960.0000 88.0577 0.6133
7965.0000 88.4241 0.6284
7970.0000 88.3846 0.6320
7975.0000 88.4390 0.6393
7980.0000 88.2729 0.6207
7985.0000 88.1384 0.6174
7990.0000 88.2582 0.6210
7995.0000 88.1834 0.6058
8000.0000 88.1114 0.6101
8005.0000 88.2223 0.6231
8010.0000 88.1941 0.6187
8015.0000 88.3106 0.6266
8020.0000 88.1965 0.6176
8025.0000 88.2323 0.6182
8030.0000 88.1900 0.6117
8035.0000 88.2400 0.6057
8040.0000 88.2860 0.6086
8045.0000 88.2994 0.6097
8050.0000 88.5360 0.6077
8055.0000 88.7385 0.6252
8060.0000 88.4621 0.6175
8065.0000 88.4559 0.6115
8070.0000 88.4122 0.6160
8075.0000 88.4185 0.6114
8080.0000 88.3045 0.6017
8085.0000 88.3664 0.6184
8090.0000 88.3432 0.6142
8095.0000 88.6382 0.6306
8100.0000 88.4635 0.6383
8105.0000 88.6775 0.6380
8110.0000 88.5141 0.6338
8115.0000 88.5764 0.6284
8120.0000 88.7142 0.6336
8125.0000 88.5716 0.6282
8130.0000 88.8429 0.6332
8135.0000 88.8692 0.6400
8140.0000 88.9876 0.6414
8145.0000 88.9483 0.6450
8150.0000 88.9457 0.6305
8155.0000 88.6223 0.6240
8160.0000 88.5447 0.6205
8165.0000 88.5493 0.6067
8170.0000 88.7415 0.6244
8175.0000 88.8174 0.6343
8180.0000 88.6945 0.6319
8185.0000 88.7945 0.6256
8190.0000 88.8619 0.6207
8195.0000 88.7471 0.6258
8200.0000 88.5188 0.6133
8205.0000 88.5625 0.6190
8210.0000 88.6034 0.6179
8215.0000 88.3957 0.6048
8220.0000 88.5391 0.6002
8225.0000 88.5864 0.5955
8230.0000 88.5920 0.5914
8235.0000 88.6538 0.5984
8240.0000 88.4523 0.5803
8245.0000 88.5561 0.5838
8250.0000 88.6411 0.5782
8255.0000 88.5884 0.5762
8260.0000 88.4318 0.5687
8265.0000 88.5502 0.5732
8270.0000 88.1863 0.5511
8275.0000 88.5759 0.5613
8280.0000 88.5094 0.5591
8285.0000 88.5101 0.5586
8290.0000 88.6219 0.5722
8295.0000 88.5945 0.5623
8300.0000 88.6940 0.5625
8305.0000 88.7390 0.5695
8310.0000 88.5279 0.5763
8315.0000 88.6463 0.5785
8320.0000 88.6806 0.5697
8325.0000 88.4537 0.5477
8330.0000 88.6247 0.5443
8335.0000 88.4391 0.5261
8340.0000 88.4265 0.5373
8345.0000 88.6258 0.5312
8350.0000 88.4651 0.5287
8355.0000 88.8082 0.5385
8360.0000 88.8023 0.5544
8365.0000 88.7675 0.5540
8370.0000 88.7355 0.5493
8375.0000 88.6397 0.5495
8380.0000 88.6079 0.5410
8385.0000 88.7952 0.5418
8390.0000 88.7803 0.5416
8395.0000 88.8289 0.5464
8400.0000 88.9764 0.5520
8405.0000 88.8879 0.5475
8410.0000 88.7160 0.5434
8415.0000 88.9131 0.5445
8420.0000 88.8159 0.5370
8425.0000 88.6524 0.5174
8430.0000 88.6236 0.5246
8435.0000 88.7086 0.5333
8440.0000 88.8606 0.5388
8445.0000 88.9059 0.5417
8450.0000 89.0073 0.5527
8455.0000 88.8024 0.5310
8460.0000 88.7487 0.5464
8465.0000 88.8055 0.5407
8470.0000 88.8593 0.5321
8475.0000 88.8317 0.5310
8480.0000 89.0061 0.5256
8485.0000 88.7387 0.5288
8490.0000 88.9610 0.5187
8495.0000 88.7644 0.5106
8500.0000 88.8603 0.5266
8505.0000 88.7972 0.5219
8510.0000 88.9642 0.5223
8515.0000 88.8734 0.5169
8520.0000 88.8272 0.5133
8525.0000 88.8361 0.5076
8530.0000 89.0688 0.5273
8535.0000 88.8795 0.5252
8540.0000 88.5933 0.5108
8545.0000 88.6832 0.5140
8550.0000 88.8785 0.5229
8555.0000 88.6203 0.5196
8560.0000 88.4912 0.5203
8565.0000 88.8318 0.5367
8570.0000 88.6789 0.5314
8575.0000 88.5175 0.5264
8580.0000 88.4992 0.5141
8585.0000 88.5402 0.5169
8590.0000 88.3109 0.5079
8595.0000 88.2852 0.5065
8600.0000 88.5134 0.5059
8605.0000 88.3076 0.4835
8610.0000 88.4667 0.4911
8615.0000 88.6451 0.4974
8620.0000 88.5592 0.5092
8625.0000 88.4158 0.5036
8630.0000 88.2910 0.4958
8635.0000 88.1284 0.4874
8640.0000 88.2444 0.4990
8645.0000 88.2126 0.4879
8650.0000 88.2492 0.4889
8655.0000 88.5905 0.5137
8660.0000 88.4979 0.5060
8665.0000 88.6426 0.5083
8670.0000 88.6664 0.5097
8675.0000 88.5989 0.5029
8680.0000 88.8292 0.5157
8685.0000 88.6534 0.5182
8690.0000 88.6533 0.5107
8695.0000 88.6278 0.5170
8700.0000 88.5658 0.5100
8705.0000 88.6149 0.5094
8710.0000 88.6466 0.5023
8715.0000 88.6521 0.5045
8720.0000 88.5307 0.5140
8725.0000 88.3677 0.5070
8730.0000 88.4593 0.5101
8735.0000 88.4206 0.5076
8740.0000 88.6086 0.5268
8745.0000 88.5080 0.5273
8750.0000 88.4328 0.5157
8755.0000 88.6396 0.5160
8760.0000 88.6729 0.5293
8765.0000 88.5911 0.5139
8770.0000 88.5949 0.5252
8775.0000 88.6824 0.5161
8780.0000 88.8161 0.5298
8785.0000 88.7532 0.5263
8790.0000 88.6531 0.5163
8795.0000 88.8182 0.5225
8800.0000 88.6694 0.5296
8805.0000 88.9237 0.5292
8810.0000 88.7966 0.5209
8815.0000 88.8946 0.5176
8820.0000 88.8223 0.5214
8825.0000 88.7849 0.5086
8830.0000 88.8574 0.5145
8835.0000 88.6568 0.5107
8840.0000 88.5563 0.5068
8845.0000 88.4301 0.4980
8850.0000 88.5234 0.5004
8855.0000 88.7057 0.5137
8860.0000 88.8196 0.5247
8865.0000 88.6950 0.5095
8870.0000 88.5885 0.5078
8875.0000 88.8326 0.5145
8880.0000 88.7118 0.5173
8885.0000 88.4991 0.4946
8890.0000 88.2558 0.4831
8895.0000 88.3864 0.4777
8900.0000 88.2313 0.4704
8905.0000 88.2852 0.4939
8910.0000 88.5552 0.5013
8915.0000 88.5313 0.5033
8920.0000 88.5929 0.5023
8925.0000 88.1298 0.4922
8930.0000 88.2523 0.4856
8935.0000 88.6354 0.4964
8940.0000 88.6851 0.5016
8945.0000 88.7566 0.4835
8950.0000 88.4627 0.4740
8955.0000 88.6598 0.4702
8960.0000 88.7300 0.4745
8965.0000 89.0108 0.4906
8970.0000 88.9429 0.4839
8975.0000 88.8594 0.4788
8980.0000 88.7865 0.4734
8985.0000 88.6847 0.4723
8990.0000 88.5924 0.4543
8995.0000 88.8564 0.4817
9000.0000 88.7680 0.4694
9005.0000 88.5717 0.4610
9010.0000 88.6687 0.4523
9015.0000 88.7434 0.4576
9020.0000 88.7473 0.4528
9025.0000 88.7309 0.4600
9030.0000 89.0347 0.4587
9035.0000 89.1220 0.4646
9040.0000 89.2103 0.4585
9045.0000 89.1609 0.4614
9050.0000 89.1066 0.4471
9055.0000 88.9344 0.4310
9060.0000 88.7287 0.4238
9065.0000 88.9873 0.4302
9070.0000 88.7767 0.4120
9075.0000 88.9403 0.4168
9080.0000 89.0679 0.4107
9085.0000 88.8548 0.3971
9090.0000 89.0244 0.4134
9095.0000 88.7677 0.3921
9100.0000 88.8672 0.3977
9105.0000 88.9261 0.4026
9110.0000 89.0407 0.4122
9115.0000 89.0264 0.4127
9120.0000 88.8775 0.4146
9125.0000 89.0272 0.4033
9130.0000 89.1317 0.4004
9135.0000 88.8052 0.3952
9140.0000 88.5417 0.3899
9145.0000 88.4923 0.3816
9150.0000 88.8790 0.3948
9155.0000 88.9600 0.3910
9160.0000 88.9898 0.3926
9165.0000 89.0586 0.3951
9170.0000 89.2897 0.3941
9175.0000 89.0986 0.3920
9180.0000 88.9591 0.3901
9185.0000 89.3775 0.4013
9190.0000 89.4075 0.4054
9195.0000 89.2374 0.3882
9200.0000 89.2060 0.3794
9205.0000 89.0807 0.3838
9210.0000 89.1669 0.3893
9215.0000 89.2837 0.3941
9220.0000 89.2228 0.4016
9225.0000 89.3446 0.3919
9230.0000 89.2710 0.3857
9235.0000 89.2524 0.3801
9240.0000 89.2491 0.3737
9245.0000 89.1354 0.3689
9250.0000 89.1982 0.3705
9255.0000 89.3276 0.3801
9260.0000 89.3817 0.3827
9265.0000 89.4142 0.3809
9270.0000 89.3202 0.3990
9275.0000 89.2018 0.3988
9280.0000 89.2592 0.3832
9285.0000 89.2205 0.3771
9290.0000 89.2608 0.3860
9295.0000 89.2229 0.3821
9300.0000 89.3456 0.3805
9305.0000 89.1070 0.3756
9310.0000 89.0140 0.3707
9315.0000 88.8614 0.3685
9320.0000 89.1536 0.3869
9325.0000 89.2680 0.3823
9330.0000 89.3221 0.3952
9335.0000 89.4917 0.3978
9340.0000 89.1977 0.3764
9345.0000 89.3255 0.3721
9350.0000 89.5296 0.3853
9355.0000 89.4523 0.3831
9360.0000 89.3741 0.3727
9365.0000 89.2436 0.3616
9370.0000 89.4064 0.3722
9375.0000 89.1672 0.3592
9380.0000 89.3343 0.3651
9385.0000 89.2519 0.3746
9390.0000 88.9863 0.3571
9395.0000 89.2396 0.3550
9400.0000 88.9226 0.3461
9405.0000 89.0288 0.3568
9410.0000 89.0625 0.3611
9415.0000 89.1080 0.3633
9420.0000 89.3297 0.3554
9425.0000 88.9062 0.3447
9430.0000 89.1529 0.3554
9435.0000 89.0721 0.3445
9440.0000 88.8742 0.3428
9445.0000 89.0539 0.3413
9450.0000 89.0100 0.3501
9455.0000 88.9678 0.3350
9460.0000 88.9535 0.3475
9465.0000 89.0138 0.3488
9470.0000 88.9387 0.3404
9475.0000 89.0438 0.3277
9480.0000 89.1917 0.3255
9485.0000 89.2788 0.3197
9490.0000 89.3603 0.3258
9495.0000 89.2798 0.3272
9500.0000 89.3827 0.3288
9505.0000 89.5899 0.3347
9510.0000 89.4754 0.3245
9515.0000 89.3263 0.3243
9520.0000 89.3004 0.3289
9525.0000 89.2947 0.3269
9530.0000 89.3351 0.3186
9535.0000 89.2044 0.3099
9540.0000 89.3887 0.3118
9545.0000 89.3493 0.3144
9550.0000 89.2315 0.3169
9555.0000 89.0496 0.3006
9560.0000 89.1529 0.2964
9565.0000 89.1968 0.3037
9570.0000 89.0964 0.2860
9575.0000 89.0946 0.2926
9580.0000 88.9667 0.2877
9585.0000 88.9888 0.2833
9590.0000 89.1769 0.3011
9595.0000 89.1432 0.3009
9600.0000 89.1841 0.2976
9605.0000 89.2393 0.2953
9610.0000 89.2461 0.2974
9615.0000 89.1758 0.2861
9620.0000 89.3222 0.3074
9625.0000 89.3350 0.3113
9630.0000 89.2043 0.3092
9635.0000 89.1969 0.3092
9640.0000 89.2223 0.3050
9645.0000 89.1180 0.3010
9650.0000 89.0123 0.2916
9655.0000 88.9434 0.2809
9660.0000 89.0910 0.2727
9665.0000 89.0091 0.2892
9670.0000 89.0436 0.2764
9675.0000 89.0033 0.2893
9680.0000 88.9855 0.2961
9685.0000 88.8854 0.2869
9690.0000 89.1992 0.2920
9695.0000 89.0431 0.2902
9700.0000 89.4199 0.2853
9705.0000 89.3030 0.3007
9710.0000 89.3135 0.3023
9715.0000 89.4186 0.3077
9720.0000 89.4420 0.3067
9725.0000 89.4360 0.3065
9730.0000 89.4640 0.3071
9735.0000 89.6024 0.3000
9740.0000 89.7654 0.3016
9745.0000 89.5744 0.2983
9750.0000 89.5792 0.3126
9755.0000 89.3971 0.2992
9760.0000 89.6143 0.3178
9765.0000 89.7831 0.3220
9770.0000 89.6183 0.3090
9775.0000 89.4091 0.3161
9780.0000 89.2291 0.2948
9785.0000 89.3962 0.3033
9790.0000 89.7485 0.3115
9795.0000 89.6578 0.3158
9800.0000 89.6732 0.3145
9805.0000 89.7673 0.3232
9810.0000 89.6126 0.3223
9815.0000 89.6679 0.3145
9820.0000 89.4196 0.2992
9825.0000 89.2766 0.2918
9830.0000 89.0998 0.2925
9835.0000 89.2175 0.2944
9840.0000 89.2436 0.2916
9845.0000 89.3348 0.2921
9850.0000 89.3241 0.3002
9855.0000 89.2765 0.2902
9860.0000 89.4772 0.2959
9865.0000 89.1539 0.2879
9870.0000 89.3581 0.2858
9875.0000 89.0908 0.2906
9880.0000 89.0922 0.2758
9885.0000 89.0909 0.2884
9890.0000 89.0731 0.2787
9895.0000 89.1407 0.2637
9900.0000 89.2054 0.2862
9905.0000 89.4894 0.2836
9910.0000 89.2016 0.2977
9915.0000 89.1312 0.2917
9920.0000 89.1195 0.2856
9925.0000 89.2353 0.3012
9930.0000 89.2165 0.3116
9935.0000 89.1549 0.2910
9940.0000 89.1666 0.3035
9945.0000 89.1737 0.2839
9950.0000 89.2177 0.2814
9955.0000 89.2077 0.2887
9960.0000 89.1592 0.2813
9965.0000 89.3158 0.3027
9970.0000 89.4600 0.3080
9975.0000 89.1522 0.2974
9980.0000 89.2399 0.2900
9985.0000 89.1711 0.2893
9990.0000 89.0144 0.2802
9995.0000 89.2266 0.2865
10000.0000 89.0351 0.2795
10005.0000 89.2008 0.2745
10010.0000 89.0010 0.2882
10015.0000 89.1146 0.2906
10020.0000 89.1699 0.2845
10025.0000 89.3192 0.2815
10030.0000 89.2523 0.2784
10035.0000 89.1540 0.2856
10040.0000 89.2149 0.2986
10045.0000 89.1757 0.3020
10050.0000 89.3033 0.3038
10055.0000 89.1136 0.2833
10060.0000 89.0776 0.2769
10065.0000 89.1451 0.2780
10070.0000 89.1794 0.2837
10075.0000 88.9697 0.2746
10080.0000 88.7897 0.2540
10085.0000 88.8151 0.2614
10090.0000 88.7463 0.2599
10095.0000 88.9934 0.2622
10100.0000 88.9218 0.2655
10105.0000 89.2867 0.2862
10110.0000 89.0721 0.2812
10115.0000 88.9379 0.2682
10120.0000 89.1234 0.2748
10125.0000 89.3470 0.2801
10130.0000 89.4732 0.2885
10135.0000 89.4180 0.2966
10140.0000 89.4633 0.2764
10145.0000 89.4119 0.2789
10150.0000 89.6358 0.2823
10155.0000 89.4108 0.2735
10160.0000 89.4597 0.2755
10165.0000 89.2274 0.2645
10170.0000 89.1914 0.2720
10175.0000 89.3283 0.2712
10180.0000 89.2817 0.2702
10185.0000 89.1609 0.2819
10190.0000 88.9755 0.2624
10195.0000 89.1345 0.2628
10200.0000 89.1495 0.2631
10205.0000 88.8628 0.2492
10210.0000 88.8911 0.2665
10215.0000 89.0883 0.2777
10220.0000 89.0140 0.2711
10225.0000 89.1722 0.2616
10230.0000 88.9902 0.2666
10235.0000 89.1763 0.2711
10240.0000 89.4023 0.2761
10245.0000 89.5830 0.2851
10250.0000 89.3799 0.2839
10255.0000 89.3369 0.2804
10260.0000 89.5939 0.2872
10265.0000 89.4877 0.2999
10270.0000 89.4377 0.2956
10275.0000 89.7024 0.2979
10280.0000 89.5557 0.2949
10285.0000 89.5082 0.2937
10290.0000 89.6782 0.2793
10295.0000 89.3036 0.2782
10300.0000 89.3965 0.2937
10305.0000 89.4041 0.2791
10310.0000 89.5214 0.2820
10315.0000 89.6604 0.2844
10320.0000 89.3273 0.2941
10325.0000 89.3724 0.2904
10330.0000 89.4104 0.2991
10335.0000 89.4187 0.2883
10340.0000 89.3218 0.2838
10345.0000 89.2836 0.2835
10350.0000 89.0729 0.2716
10355.0000 89.0573 0.2633
10360.0000 89.0350 0.2595
10365.0000 89.1217 0.2740
10370.0000 89.0972 0.2552
10375.0000 89.2659 0.2591
10380.0000 89.3327 0.2673
10385.0000 89.4045 0.2623
10390.0000 89.3777 0.2523
10395.0000 89.4194 0.2747
10400.0000 89.1153 0.2538
10405.0000 88.9808 0.2515
10410.0000 89.1238 0.2543
10415.0000 89.2650 0.2517
10420.0000 89.1571 0.2558
10425.0000 89.2332 0.2649
10430.0000 89.3717 0.2595
10435.0000 89.3865 0.2582
10440.0000 89.3165 0.2618
10445.0000 89.2641 0.2555
10450.0000 89.1467 0.2601
10455.0000 89.2040 0.2534
10460.0000 89.3960 0.2447
10465.0000 89.3659 0.2627
10470.0000 89.6251 0.2753
10475.0000 89.4470 0.2852
10480.0000 89.6729 0.2845
10485.0000 89.4521 0.2801
10490.0000 89.3562 0.2689
10495.0000 89.3604 0.2641
10500.0000 89.3645 0.2644
10505.0000 89.3816 0.2724
10510.0000 89.3642 0.2683
10515.0000 89.5807 0.2759
10520.0000 89.3231 0.2696
10525.0000 89.5755 0.2655
10530.0000 89.6677 0.2616
10535.0000 89.1498 0.2559
10540.0000 89.1110 0.2517
10545.0000 89.0842 0.2470
10550.0000 89.1273 0.2448
10555.0000 89.1338 0.2491
10560.0000 89.3427 0.2595
10565.0000 89.3731 0.2591
10570.0000 89.2200 0.2572
10575.0000 89.2320 0.2543
10580.0000 89.0124 0.2564
10585.0000 89.0141 0.2613
10590.0000 88.9863 0.2540
10595.0000 89.1069 0.2445
10600.0000 88.8421 0.2450
10605.0000 88.9464 0.2416
10610.0000 89.0357 0.2340
10615.0000 89.0778 0.2380
10620.0000 89.0260 0.2313
10625.0000 88.9185 0.2320
10630.0000 89.3060 0.2398
10635.0000 89.4762 0.2371
10640.0000 89.3417 0.2180
10645.0000 89.3385 0.2403
10650.0000 89.5095 0.2375
10655.0000 89.0360 0.2289
10660.0000 89.2819 0.2213
10665.0000 89.0370 0.2111
10670.0000 89.2632 0.2034
10675.0000 89.1825 0.2211
10680.0000 89.3811 0.2193
10685.0000 89.2043 0.2248
10690.0000 89.4608 0.2327
10695.0000 89.5369 0.2315
10700.0000 89.3413 0.2112
10705.0000 89.5826 0.2141
10710.0000 89.5096 0.2077
10715.0000 89.4047 0.2112
10720.0000 89.4310 0.2192
10725.0000 89.6260 0.2314
10730.0000 89.5793 0.2163
10735.0000 89.4620 0.2204
10740.0000 89.2965 0.2293
10745.0000 89.5209 0.2344
10750.0000 89.2326 0.2353
10755.0000 89.3454 0.2339
10760.0000 89.3317 0.2377
10765.0000 89.2537 0.2240
10770.0000 89.4014 0.2403
10775.0000 89.4986 0.2444
10780.0000 89.4577 0.2399
10785.0000 89.0569 0.2228
10790.0000 89.1705 0.2213
10795.0000 88.8653 0.2142
10800.0000 89.0234 0.2101
10805.0000 89.0508 0.2212
10810.0000 89.2862 0.2466
10815.0000 89.2495 0.2242
10820.0000 89.2748 0.2337
10825.0000 89.5865 0.2565
10830.0000 89.8360 0.2536
10835.0000 89.7231 0.2571
10840.0000 89.7181 0.2609
10845.0000 89.7081 0.2568
10850.0000 89.9485 0.2741
10855.0000 89.6806 0.2531
10860.0000 89.7039 0.2458
10865.0000 89.9216 0.2491
10870.0000 89.6379 0.2387
10875.0000 89.5155 0.2285
10880.0000 89.7052 0.2350
10885.0000 89.5904 0.2323
10890.0000 89.3465 0.2240
10895.0000 89.4249 0.2157
10900.0000 89.6316 0.2208
10905.0000 89.7666 0.2198
10910.0000 89.7549 0.2105
10915.0000 89.6475 0.2269
10920.0000 89.6471 0.2254
10925.0000 89.6674 0.2060
10930.0000 89.6632 0.2136
10935.0000 89.6337 0.2169
10940.0000 89.5715 0.2060
10945.0000 89.4928 0.2041
10950.0000 89.5188 0.1996
10955.0000 89.4868 0.1911
10960.0000 89.5536 0.2004
10965.0000 89.9384 0.2126
10970.0000 89.9327 0.2357
10975.0000 89.7569 0.2244
10980.0000 89.8068 0.2044
10985.0000 89.8165 0.2097
10990.0000 89.7707 0.2113
10995.0000 89.7504 0.1982
11000.0000 89.8143 0.1902
11005.0000 89.7693 0.1906
11010.0000 89.7505 0.2068
11015.0000 89.6521 0.1992
11020.0000 89.5588 0.1968
11025.0000 89.3498 0.1908
11030.0000 89.4690 0.1961
11035.0000 89.3611 0.1999
11040.0000 89.5197 0.1917
11045.0000 89.5671 0.1937
11050.0000 89.8386 0.2061
11055.0000 89.6719 0.2096
11060.0000 89.8667 0.2154
11065.0000 89.8730 0.2080
11070.0000 89.6733 0.2038
11075.0000 89.7200 0.1874
11080.0000 89.7768 0.1925
11085.0000 89.7258 0.1973
11090.0000 89.6566 0.1893
11095.0000 89.6176 0.1767
11100.0000 89.7265 0.1763
11105.0000 89.4871 0.1804
11110.0000 89.5796 0.1649
11115.0000 89.7151 0.1609
11120.0000 89.6393 0.1641
11125.0000 89.7702 0.1599
11130.0000 89.9622 0.1640
11135.0000 89.7914 0.1707
11140.0000 90.0371 0.1745
11145.0000 89.8925 0.1863
11150.0000 90.1113 0.1893
11155.0000 90.2311 0.1779
11160.0000 90.0768 0.1796
11165.0000 89.9777 0.1688
11170.0000 89.8223 0.1746
11175.0000 89.9330 0.1818
11180.0000 89.9508 0.1738
11185.0000 89.6329 0.1618
11190.0000 89.6528 0.1689
11195.0000 89.7532 0.1617
11200.0000 90.0105 0.1746
11205.0000 89.9965 0.1780
11210.0000 89.8840 0.1846
11215.0000 90.3430 0.1964
11220.0000 90.0705 0.1960
11225.0000 90.0146 0.1960
11230.0000 90.2987 0.1961
11235.0000 90.0508 0.1908
11240.0000 90.1586 0.1967
11245.0000 90.0402 0.1945
11250.0000 89.9906 0.1832
11255.0000 90.2139 0.1796
11260.0000 90.1053 0.1905
11265.0000 90.0652 0.1837
11270.0000 90.0457 0.1876
11275.0000 90.1457 0.2039
11280.0000 90.2524 0.1816
11285.0000 90.2976 0.1914
11290.0000 90.2061 0.1825
11295.0000 90.2796 0.1941
11300.0000 90.1268 0.1934
11305.0000 90.1287 0.2079
11310.0000 90.1699 0.2050
11315.0000 90.0240 0.2039
11320.0000 90.0020 0.1869
11325.0000 90.1727 0.1887
11330.0000 90.0673 0.1876
11335.0000 90.1034 0.1874
11340.0000 89.9539 0.1911
11345.0000 90.0071 0.1878
11350.0000 89.8756 0.1861
11355.0000 89.7492 0.1639
11360.0000 89.8039 0.1867
11365.0000 89.9150 0.1940
11370.0000 89.8563 0.1828
11375.0000 89.6375 0.1727
11380.0000 89.6442 0.1757
11385.0000 89.6096 0.1551
11390.0000 89.7945 0.1815
11395.0000 89.8475 0.1660
11400.0000 89.7541 0.1765
11405.0000 89.8742 0.1830
11410.0000 90.3267 0.1728
11415.0000 90.0190 0.1546
11420.0000 89.8698 0.1638
11425.0000 89.7763 0.1533
11430.0000 89.8836 0.1562
11435.0000 89.9183 0.1635
11440.0000 89.8310 0.1706
11445.0000 89.8451 0.1651
11450.0000 89.8483 0.1614
11455.0000 89.8479 0.1673
11460.0000 89.8870 0.1615
11465.0000 90.0017 0.1671
11470.0000 89.8613 0.1673
11475.0000 89.9370 0.1673
11480.0000 90.2340 0.1668
11485.0000 90.2930 0.1780
11490.0000 90.0355 0.1863
11495.0000 90.1003 0.1896
11500.0000 89.9310 0.1846
11505.0000 89.8688 0.1781
11510.0000 90.0370 0.1895
11515.0000 89.9722 0.1956
11520.0000 90.0084 0.1910
11525.0000 89.9906 0.1962
11530.0000 89.9183 0.1860
11535.0000 90.0288 0.1760
11540.0000 89.8795 0.1601
11545.0000 89.7839 0.1801
11550.0000 90.0392 0.1876
11555.0000 90.1768 0.1951
11560.0000 90.2343 0.1947
11565.0000 90.1942 0.1930
11570.0000 90.1788 0.2069
11575.0000 90.2188 0.2144
11580.0000 90.1729 0.2061
11585.0000 90.0637 0.1992
11590.0000 90.0813 0.1881
11595.0000 89.9212 0.1859
11600.0000 90.0644 0.1893
11605.0000 90.0104 0.1774
11610.0000 89.9304 0.1903
11615.0000 90.0716 0.1912
11620.0000 90.3673 0.1818
11625.0000 89.9712 0.1933
11630.0000 89.8952 0.1905
11635.0000 89.9632 0.1847
11640.0000 90.0126 0.1848
11645.0000 89.8718 0.1841
11650.0000 89.8542 0.1955
11655.0000 89.7856 0.1918
11660.0000 89.8039 0.1790
11665.0000 89.7849 0.1788
11670.0000 89.9542 0.1814
11675.0000 89.6654 0.1675
11680.0000 89.7354 0.1727
11685.0000 89.6780 0.1750
11690.0000 89.6794 0.1658
11695.0000 89.6054 0.1559
11700.0000 89.4221 0.1629
11705.0000 89.7579 0.1752
11710.0000 89.9959 0.1769
11715.0000 90.0353 0.1831
11720.0000 89.8039 0.1941
11725.0000 89.8946 0.1786
11730.0000 89.7941 0.2017
11735.0000 89.8219 0.2022
11740.0000 89.8420 0.1961
11745.0000 89.7556 0.1971
11750.0000 89.8993 0.2131
11755.0000 90.1136 0.2081
11760.0000 90.0948 0.1990
11765.0000 89.9011 0.2110
11770.0000 89.7719 0.1973
11775.0000 89.8565 0.2027
11780.0000 89.6389 0.1938
11785.0000 89.5165 0.1837
11790.0000 89.5891 0.1938
11795.0000 89.8176 0.1956
11800.0000 89.8184 0.2041
11805.0000 89.8861 0.1980
11810.0000 89.9866 0.1976
11815.0000 89.8157 0.1921
11820.0000 89.7331 0.1847
11825.0000 89.9171 0.1833
11830.0000 89.9305 0.1898
11835.0000 89.6373 0.1826
11840.0000 89.7355 0.1691
11845.0000 89.8172 0.1586
11850.0000 89.5072 0.1625
11855.0000 89.7593 0.1546
11860.0000 89.7037 0.1540
11865.0000 89.7800 0.1564
11870.0000 89.9623 0.1712
11875.0000 90.1261 0.1724
11880.0000 90.2653 0.1847
11885.0000 90.3102 0.1971
11890.0000 90.1750 0.1914
11895.0000 89.9593 0.1889
11900.0000 90.0826 0.1854
11905.0000 89.6190 0.1728
11910.0000 89.7071 0.1667
11915.0000 89.7461 0.1741
11920.0000 89.6673 0.1797
11925.0000 89.8767 0.1827
11930.0000 90.0602 0.1781
11935.0000 89.9891 0.1918
11940.0000 90.1291 0.1962
11945.0000 90.2586 0.1797
11950.0000 90.1633 0.1812
11955.0000 90.0009 0.1870
11960.0000 90.2155 0.1861
11965.0000 89.8498 0.1840
11970.0000 89.8568 0.1777
11975.0000 89.8796 0.1781
11980.0000 89.7808 0.1692
11985.0000 89.7749 0.1755
11990.0000 89.9566 0.1768
11995.0000 89.8745 0.1807
12000.0000 89.6319 0.1692
12005.0000 89.6035 0.1611
12010.0000 89.6645 0.1645
12015.0000 89.7488 0.1657
12020.0000 89.7807 0.1674
12025.0000 90.0233 0.1774
12030.0000 90.0811 0.1687
12035.0000 90.0444 0.1810
12040.0000 89.9868 0.1799
12045.0000 89.8299 0.1693
12050.0000 89.8381 0.1635
12055.0000 89.9197 0.1692
12060.0000 89.6917 0.1731
12065.0000 89.6832 0.1687
12070.0000 89.7942 0.1606
12075.0000 89.8775 0.1701
12080.0000 89.8788 0.1779
12085.0000 90.1129 0.1752
12090.0000 90.1712 0.1864
12095.0000 89.9415 0.1976
12100.0000 89.8544 0.1830
12105.0000 89.9192 0.1769
12110.0000 89.9763 0.1739
12115.0000 90.1027 0.1666
12120.0000 89.8588 0.1643
12125.0000 89.8740 0.1623
12130.0000 89.9064 0.1601
12135.0000 90.0619 0.1679
12140.0000 89.9368 0.1619
12145.0000 90.0972 0.1710
12150.0000 89.8388 0.1613
12155.0000 90.1095 0.1627
12160.0000 89.8766 0.1609
12165.0000 89.8043 0.1709
12170.0000 89.8922 0.1655
12175.0000 89.7750 0.1687
12180.0000 89.8749 0.1592
12185.0000 89.8184 0.1501
12190.0000 89.8673 0.1626
12195.0000 89.8830 0.1608
12200.0000 90.1013 0.1606
12205.0000 89.9984 0.1675
12210.0000 89.8152 0.1646
12215.0000 89.6059 0.1516
12220.0000 89.7426 0.1556
12225.0000 89.7540 0.1598
12230.0000 89.9667 0.1572
12235.0000 89.7563 0.1638
12240.0000 89.7440 0.1625
12245.0000 89.5699 0.1566
12250.0000 89.7876 0.1603
12255.0000 89.9020 0.1605
12260.0000 90.0818 0.1827
12265.0000 89.9697 0.1719
12270.0000 90.0731 0.1594
12275.0000 89.9392 0.1631
12280.0000 89.9431 0.1646
12285.0000 89.7935 0.1610
12290.0000 89.7777 0.1536
12295.0000 89.9875 0.1520
12300.0000 90.1858 0.1535
12305.0000 90.2674 0.1589
12310.0000 90.2001 0.1583
12315.0000 90.1626 0.1554
12320.0000 90.4329 0.1547
12325.0000 90.2333 0.1587
12330.0000 90.1664 0.1547
12335.0000 90.3005 0.1542
12340.0000 90.2010 0.1412
12345.0000 90.2088 0.1388
12350.0000 90.1827 0.1537
12355.0000 90.1462 0.1437
12360.0000 89.9653 0.1466
12365.0000 89.9468 0.1355
12370.0000 90.0061 0.1465
12375.0000 90.2246 0.1457
12380.0000 90.3291 0.1435
12385.0000 90.4020 0.1473
12390.0000 90.3984 0.1573
12395.0000 90.1532 0.1495
12400.0000 90.2214 0.1538
12405.0000 90.2061 0.1562
12410.0000 90.4189 0.1475
12415.0000 90.4037 0.1508
12420.0000 90.3971 0.1665
12425.0000 90.1351 0.1660
12430.0000 90.2814 0.1616
12435.0000 90.3096 0.1689
12440.0000 90.3967 0.1616
12445.0000 90.4278 0.1671
12450.0000 89.9576 0.1565
12455.0000 90.1998 0.1620
12460.0000 90.3204 0.1634
12465.0000 90.3390 0.1656
12470.0000 90.2089 0.1644
12475.0000 90.3660 0.1892
12480.0000 90.5428 0.1771
12485.0000 90.5228 0.1664
12490.0000 90.7637 0.1722
12495.0000 90.8385 0.1635
12500.0000 90.7339 0.1835
12505.0000 90.7919 0.1773
12510.0000 90.7332 0.1763
12515.0000 90.8474 0.1736
12520.0000 90.7701 0.1748
12525.0000 90.8004 0.1634
12530.0000 90.6140 0.1607
12535.0000 90.4355 0.1636
12540.0000 90.6474 0.1544
12545.0000 90.3027 0.1592
12550.0000 90.3885 0.1626
12555.0000 90.3751 0.1498
12560.0000 90.2589 0.1541
12565.0000 90.1693 0.1447
12570.0000 90.3225 0.1473
12575.0000 90.8151 0.1540
12580.0000 90.9404 0.1647
12585.0000 90.5905 0.1618
12590.0000 90.5835 0.1558
12595.0000 90.5758 0.1397
12600.0000 90.3910 0.1493
12605.0000 90.3331 0.1453
12610.0000 90.2925 0.1413
12615.0000 89.9728 0.1394
12620.0000 90.2739 0.1529
12625.0000 90.4706 0.1524
12630.0000 90.4130 0.1421
12635.0000 90.2392 0.1443
12640.0000 90.3906 0.1351
12645.0000 90.3625 0.1324
12650.0000 90.3477 0.1351
12655.0000 90.3678 0.1303
12660.0000 90.4647 0.1428
12665.0000 90.2341 0.1468
12670.0000 90.3591 0.1235
12675.0000 90.3112 0.1368
12680.0000 90.1486 0.1422
12685.0000 90.2522 0.1325
12690.0000 90.1437 0.1308
12695.0000 90.2362 0.1224
12700.0000 90.1024 0.1318
12705.0000 90.0712 0.1357
12710.0000 90.1221 0.1339
12715.0000 89.8862 0.1445
12720.0000 90.1270 0.1355
12725.0000 90.2624 0.1510
12730.0000 90.4377 0.1603
12735.0000 90.2308 0.1539
12740.0000 90.4359 0.1568
12745.0000 90.5693 0.1489
12750.0000 90.4557 0.1574
12755.0000 90.6569 0.1509
12760.0000 90.4672 0.1602
12765.0000 90.4194 0.1595
12770.0000 90.6050 0.1640
12775.0000 90.3668 0.1578
12780.0000 90.3181 0.1594
12785.0000 90.4014 0.1534
12790.0000 90.6750 0.1496
12795.0000 90.3651 0.1553
12800.0000 90.6936 0.1552
12805.0000 90.7857 0.1499
12810.0000 90.5122 0.1438
12815.0000 90.3889 0.1449
12820.0000 90.7434 0.1411
12825.0000 90.5153 0.1491
12830.0000 90.6094 0.1463
12835.0000 90.6397 0.1497
12840.0000 90.5257 0.1545
12845.0000 90.7088 0.1636
12850.0000 90.7824 0.1560
12855.0000 90.5361 0.1557
12860.0000 90.5782 0.1687
12865.0000 90.4688 0.1730
12870.0000 90.5731 0.1661
12875.0000 90.2941 0.1685
12880.0000 90.5691 0.1640
12885.0000 90.3182 0.1646
12890.0000 90.4243 0.1487
12895.0000 90.3800 0.1633
12900.0000 90.6969 0.1622
12905.0000 90.9617 0.1669
12910.0000 90.6517 0.1650
12915.0000 90.8965 0.1762
12920.0000 90.9173 0.1659
12925.0000 90.6339 0.1614
12930.0000 90.8622 0.1507
12935.0000 90.4294 0.1571
12940.0000 90.7501 0.1470
12945.0000 90.8542 0.1451
12950.0000 90.5914 0.1390
12955.0000 90.5630 0.1463
12960.0000 90.5703 0.1427
12965.0000 90.2609 0.1340
12970.0000 90.1984 0.1406
12975.0000 90.3708 0.1534
12980.0000 90.3060 0.1481
12985.0000 90.4037 0.1426
12990.0000 90.3693 0.1416
12995.0000 90.4327 0.1423
13000.0000 90.3466 0.1477
13005.0000 90.5260 0.1544
13010.0000 90.3899 0.1563
13015.0000 90.1520 0.1525
13020.0000 90.4655 0.1639
13025.0000 90.2695 0.1576
13030.0000 90.1874 0.1510
13035.0000 90.1524 0.1601
13040.0000 90.3645 0.1591
13045.0000 90.4447 0.1703
13050.0000 90.3176 0.1507
13055.0000 90.3724 0.1518
13060.0000 90.4639 0.1570
13065.0000 90.3157 0.1527
13070.0000 90.3814 0.1499
13075.0000 90.4250 0.1456
13080.0000 90.2298 0.1523
13085.0000 90.1865 0.1542
13090.0000 90.2543 0.1502
13095.0000 90.2532 0.1519
13100.0000 90.2533 0.1517
13105.0000 90.4207 0.1602
13110.0000 90.5150 0.1400
13115.0000 90.3172 0.1466
13120.0000 90.4150 0.1328
13125.0000 90.3705 0.1498
13130.0000 90.2477 0.1591
13135.0000 90.4106 0.1590
13140.0000 90.6198 0.1597
13145.0000 90.4582 0.1479
13150.0000 90.4250 0.1415
13155.0000 90.5386 0.1399
13160.0000 90.6421 0.1386
13165.0000 90.6698 0.1579
13170.0000 90.6811 0.1538
13175.0000 90.7430 0.1587
13180.0000 90.4031 0.1584
13185.0000 90.3429 0.1585
13190.0000 90.3787 0.1619
13195.0000 90.5327 0.1545
13200.0000 90.4398 0.1411
13205.0000 90.2429 0.1416
13210.0000 90.5791 0.1412
13215.0000 90.6311 0.1478
13220.0000 90.6250 0.1436
13225.0000 90.4547 0.1391
13230.0000 90.4602 0.1364
13235.0000 90.3428 0.1465
13240.0000 90.5820 0.1365
13245.0000 90.9524 0.1586
13250.0000 90.6375 0.1356
13255.0000 90.4165 0.1420
13260.0000 90.5222 0.1333
13265.0000 90.5446 0.1443
13270.0000 90.5970 0.1368
13275.0000 90.4631 0.1308
13280.0000 90.5318 0.1304
13285.0000 90.5436 0.1381
13290.0000 90.5870 0.1352
13295.0000 90.4940 0.1300
13300.0000 90.4346 0.1409
13305.0000 90.5440 0.1384
13310.0000 90.5150 0.1438
13315.0000 90.6165 0.1391
13320.0000 90.7184 0.1330
13325.0000 90.6313 0.1320
13330.0000 90.4492 0.1373
13335.0000 90.6824 0.1423
13340.0000 90.7689 0.1417
13345.0000 90.5140 0.1524
13350.0000 90.8898 0.1403
13355.0000 90.6124 0.1524
13360.0000 90.5455 0.1609
13365.0000 90.6441 0.1386
13370.0000 90.6009 0.1495
13375.0000 90.5514 0.1425
13380.0000 90.5769 0.1587
13385.0000 90.9551 0.1578
13390.0000 91.0036 0.1731
13395.0000 90.7258 0.1566
13400.0000 90.5030 0.1621
13405.0000 90.6733 0.1556
13410.0000 90.7156 0.1379
13415.0000 90.5193 0.1409
13420.0000 90.7194 0.1506
13425.0000 90.4722 0.1566
13430.0000 90.3572 0.1422
13435.0000 90.4736 0.1491
13440.0000 90.5700 0.1506
13445.0000 90.5735 0.1435
13450.0000 90.6540 0.1531
13455.0000 90.3618 0.1513
13460.0000 90.4424 0.1387
13465.0000 90.5953 0.1383
13470.0000 90.4883 0.1345
13475.0000 90.3702 0.1380
13480.0000 90.5373 0.1473
13485.0000 90.6072 0.1445
13490.0000 90.6018 0.1392
13495.0000 90.6508 0.1468
13500.0000 90.5786 0.1363
13505.0000 90.6074 0.1433
13510.0000 90.8889 0.1546
13515.0000 90.8849 0.1496
13520.0000 90.9700 0.1471
13525.0000 90.8259 0.1554
13530.0000 90.7331 0.1418
13535.0000 90.7531 0.1432
13540.0000 90.9360 0.1415
13545.0000 90.6271 0.1446
13550.0000 90.4898 0.1359
13555.0000 90.7859 0.1351
13560.0000 90.6659 0.1249
13565.0000 90.5361 0.1372
13570.0000 90.5066 0.1383
13575.0000 90.7020 0.1335
13580.0000 90.8664 0.1468
13585.0000 90.9724 0.1491
13590.0000 90.7935 0.1542
13595.0000 90.6791 0.1471
13600.0000 90.6221 0.1501
13605.0000 90.8519 0.1519
13610.0000 91.1918 0.1514
13615.0000 91.1196 0.1590
13620.0000 91.0894 0.1544
13625.0000 90.9675 0.1621
13630.0000 90.8094 0.1552
13635.0000 90.7829 0.1492
13640.0000 91.0040 0.1452
13645.0000 91.0214 0.1376
13650.0000 90.9962 0.1447
13655.0000 90.9596 0.1425
13660.0000 90.8371 0.1430
13665.0000 91.1557 0.1406
13670.0000 90.9376 0.1546
13675.0000 90.9510 0.1472
13680.0000 91.0530 0.1672
13685.0000 90.9438 0.1628
13690.0000 91.1179 0.1590
13695.0000 91.1613 0.1723
13700.0000 90.8478 0.1624
13705.0000 91.0194 0.1708
13710.0000 91.2993 0.1702
13715.0000 91.2599 0.1592
13720.0000 91.2633 0.1619
13725.0000 91.3645 0.1624
13730.0000 91.3008 0.1822
13735.0000 91.5445 0.1779
13740.0000 91.3706 0.1634
13745.0000 91.4435 0.1702
13750.0000 91.3581 0.1708
13755.0000 91.6236 0.1624
13760.0000 91.4634 0.1728
13765.0000 91.5004 0.1719
13770.0000 91.2594 0.1616
13775.0000 91.3770 0.1679
13780.0000 91.4460 0.1718
13785.0000 91.4535 0.1752
13790.0000 91.2699 0.1620
13795.0000 91.1695 0.1632
13800.0000 91.1645 0.1698
13805.0000 91.3067 0.1634
13810.0000 91.1497 0.1780
13815.0000 91.2062 0.1637
13820.0000 91.0291 0.1702
13825.0000 91.2088 0.1598
13830.0000 91.3441 0.1558
13835.0000 91.3261 0.1605
13840.0000 91.3916 0.1626
13845.0000 91.2691 0.1631
13850.0000 91.2465 0.1588
13855.0000 91.3281 0.1678
13860.0000 91.3093 0.1552
13865.0000 91.1958 0.1641
13870.0000 91.3010 0.1703
13875.0000 91.0966 0.1796
13880.0000 90.9584 0.1699
13885.0000 91.0840 0.1622
13890.0000 90.7032 0.1554
13895.0000 90.8913 0.1603
13900.0000 91.2299 0.1474
13905.0000 91.0219 0.1612
13910.0000 91.2299 0.1706
13915.0000 91.2210 0.1871
13920.0000 91.0410 0.1723
13925.0000 91.0253 0.1621
13930.0000 91.0567 0.1694
13935.0000 90.9037 0.1663
13940.0000 90.9336 0.1641
13945.0000 90.9393 0.1754
13950.0000 91.1607 0.1853
13955.0000 91.0960 0.1761
13960.0000 91.4217 0.1624
13965.0000 91.0253 0.1760
13970.0000 91.1423 0.1745
13975.0000 91.1628 0.1813
13980.0000 91.1729 0.1917
13985.0000 91.2988 0.1786
13990.0000 91.2649 0.1814
13995.0000 91.4162 0.1713
14000.0000 91.1653 0.1681
14005.0000 91.1014 0.1683
14010.0000 91.0009 0.1739
14015.0000 91.1555 0.1798
14020.0000 91.3206 0.1849
14025.0000 91.4920 0.1616
14030.0000 91.4280 0.1786
14035.0000 91.3702 0.1780
14040.0000 91.3167 0.1756
14045.0000 91.4738 0.1770
14050.0000 91.2223 0.1855
14055.0000 91.4198 0.1817
14060.0000 91.3008 0.1943
14065.0000 91.6265 0.1691
14070.0000 91.7421 0.1723
14075.0000 91.6070 0.1702
14080.0000 91.3823 0.1750
14085.0000 91.3394 0.1828
14090.0000 91.3507 0.1815
14095.0000 91.3653 0.1826
14100.0000 91.3521 0.1616
14105.0000 91.2083 0.1644
14110.0000 90.9958 0.1748
14115.0000 91.3220 0.1760
14120.0000 91.0969 0.1677
14125.0000 90.8237 0.1797
14130.0000 90.8435 0.1715
14135.0000 91.2303 0.1718
14140.0000 91.1762 0.1543
14145.0000 91.0760 0.1641
14150.0000 91.1261 0.1763
14155.0000 91.3956 0.1796
14160.0000 91.5896 0.1776
14165.0000 91.3695 0.1731
14170.0000 91.5028 0.1764
14175.0000 91.3923 0.1786
14180.0000 91.1531 0.1688
14185.0000 90.8945 0.1834
14190.0000 91.0699 0.1702
14195.0000 91.0531 0.1758
14200.0000 91.1343 0.1809
14205.0000 91.2974 0.1772
14210.0000 91.0845 0.1824
14215.0000 90.9379 0.1770
14220.0000 90.9881 0.1711
14225.0000 90.9525 0.1834
14230.0000 90.9472 0.1874
14235.0000 91.1346 0.1904
14240.0000 91.2594 0.1894
14245.0000 91.2774 0.1922
14250.0000 91.3109 0.1827
14255.0000 91.5516 0.1759
14260.0000 91.3080 0.1886
14265.0000 91.6014 0.1687
14270.0000 91.5669 0.1767
14275.0000 91.3373 0.1812
14280.0000 90.9556 0.1982
14285.0000 91.1263 0.1912
14290.0000 90.9230 0.1981
14295.0000 91.0190 0.1927
14300.0000 91.2722 0.1847
14305.0000 90.9636 0.1867
14310.0000 90.8073 0.1918
14315.0000 90.8488 0.1993
14320.0000 90.9398 0.1847
14325.0000 90.7860 0.1813
14330.0000 91.0453 0.1881
14335.0000 90.6715 0.1911
14340.0000 90.5989 0.1903
14345.0000 90.8264 0.1872
14350.0000 91.1146 0.1903
14355.0000 91.2040 0.1877
14360.0000 91.0869 0.1954
14365.0000 91.0520 0.1898
14370.0000 90.9843 0.1936
14375.0000 90.9522 0.1866
14380.0000 91.0157 0.1984
14385.0000 91.2027 0.1849
14390.0000 91.2313 0.1914
14395.0000 91.4471 0.1906
14400.0000 91.4251 0.1740
14405.0000 91.6091 0.1824
14410.0000 91.4089 0.1809
14415.0000 91.3660 0.1918
14420.0000 91.1962 0.1947
14425.0000 91.1283 0.1907
14430.0000 91.0329 0.1869
14435.0000 91.0348 0.1942
14440.0000 91.1058 0.1950
14445.0000 91.0060 0.2007
14450.0000 91.3141 0.2000
14455.0000 91.3628 0.2005
14460.0000 91.3954 0.1902
14465.0000 91.5540 0.1833
14470.0000 91.3013 0.1915
14475.0000 91.3559 0.1953
14480.0000 91.2886 0.1893
14485.0000 91.1201 0.1868
14490.0000 91.5025 0.1991
14495.0000 91.5395 0.1847
14500.0000 91.3992 0.1984
14505.0000 91.1762 0.2023
14510.0000 90.9579 0.1888
14515.0000 90.9877 0.1960
14520.0000 90.9222 0.1924
14525.0000 91.0065 0.1843
14530.0000 91.1011 0.1802
14535.0000 91.1433 0.1911
14540.0000 91.1090 0.1851
14545.0000 90.8378 0.1965
14550.0000 91.1223 0.1987
14555.0000 91.1778 0.1848
14560.0000 91.0259 0.1874
14565.0000 91.2220 0.1803
14570.0000 91.2018 0.1823
14575.0000 91.2826 0.1803
14580.0000 91.2249 0.1792
14585.0000 91.2176 0.1808
14590.0000 91.1188 0.1868
14595.0000 91.1512 0.1863
14600.0000 91.0767 0.1884
14605.0000 91.2519 0.1886
14610.0000 91.1498 0.1845
14615.0000 91.4179 0.1765
14620.0000 91.0425 0.1813
14625.0000 91.0022 0.1821
14630.0000 91.0049 0.1718
14635.0000 91.0892 0.1784
14640.0000 91.2486 0.1833
14645.0000 90.9352 0.2026
14650.0000 90.9008 0.1836
14655.0000 90.8894 0.1754
14660.0000 90.8510 0.1688
14665.0000 90.9741 0.1785
14670.0000 90.9544 0.1749
14675.0000 90.9019 0.1949
14680.0000 91.1049 0.1854
14685.0000 91.0702 0.1884
14690.0000 91.0208 0.1891
14695.0000 91.2891 0.1793
14700.0000 91.2453 0.1773
14705.0000 91.2780 0.1941
14710.0000 91.0516 0.1904
14715.0000 90.9609 0.1819
14720.0000 91.0747 0.1948
14725.0000 91.1038 0.1889
14730.0000 91.1651 0.1851
14735.0000 91.0539 0.1917
14740.0000 91.1785 0.1877
14745.0000 91.3675 0.1916
14750.0000 91.2289 0.2089
14755.0000 91.6481 0.1917
14760.0000 91.3031 0.1942
14765.0000 91.2948 0.2032
14770.0000 91.1338 0.2051
14775.0000 91.1568 0.2093
14780.0000 90.9524 0.2186
14785.0000 91.1254 0.2165
14790.0000 91.2731 0.2020
14795.0000 91.2062 0.2143
14800.0000 91.2301 0.2185
14805.0000 91.3238 0.2065
14810.0000 91.0941 0.2054
14815.0000 91.2154 0.2043
14820.0000 91.2925 0.2209
14825.0000 91.5623 0.2084
14830.0000 91.3879 0.2168
14835.0000 91.4452 0.2132
14840.0000 91.3539 0.2170
14845.0000 91.3614 0.2176
14850.0000 91.3937 0.2108
14855.0000 91.4065 0.2162
14860.0000 91.7777 0.2119
14865.0000 91.6254 0.2154
14870.0000 91.3631 0.2107
14875.0000 91.2727 0.2157
14880.0000 91.5577 0.1943
14885.0000 91.5479 0.1983
14890.0000 91.4507 0.2053
14895.0000 91.5372 0.2017
14900.0000 91.5653 0.2132
14905.0000 91.6726 0.2013
14910.0000 91.4322 0.2042
14915.0000 91.5633 0.1949
14920.0000 91.3312 0.1998
14925.0000 91.5035 0.1889
14930.0000 91.1690 0.1998
14935.0000 91.4110 0.1915
14940.0000 91.3265 0.1989
14945.0000 91.3670 0.1927
14950.0000 91.2393 0.2002
14955.0000 90.9915 0.2119
14960.0000 91.2380 0.1822
14965.0000 90.9705 0.1995
14970.0000 91.0264 0.2225
14975.0000 90.8982 0.2159
14980.0000 90.9252 0.2033
14985.0000 90.6688 0.2012
14990.0000 90.6658 0.2117
14995.0000 90.8961 0.2024
15000.0000 90.9225 0.2090
15005.0000 91.1045 0.2074
15010.0000 91.0167 0.1994
15015.0000 90.8629 0.2085
15020.0000 90.8777 0.1978
15025.0000 91.1717 0.2031
15030.0000 91.2700 0.2070
15035.0000 91.3580 0.1948
15040.0000 91.6337 0.1945
15045.0000 91.5659 0.1987
15050.0000 91.6833 0.1980
15055.0000 91.5695 0.2124
15060.0000 91.5988 0.2094
15065.0000 91.7604 0.1972
15070.0000 91.8043 0.1978
15075.0000 91.4090 0.2100
15080.0000 91.2812 0.2039
15085.0000 91.3376 0.2076
15090.0000 91.2445 0.1858
15095.0000 91.1589 0.1931
15100.0000 91.2306 0.2060
15105.0000 91.1291 0.1959
15110.0000 91.2796 0.1883
15115.0000 91.3317 0.1821
15120.0000 91.1008 0.1979
15125.0000 91.0942 0.1963
15130.0000 91.1121 0.1911
15135.0000 90.9817 0.1806
15140.0000 91.1167 0.1861
15145.0000 91.1587 0.1840
15150.0000 91.2042 0.1820
15155.0000 91.2419 0.1790
15160.0000 91.3410 0.1958
15165.0000 91.7161 0.1957
15170.0000 91.5794 0.1978
15175.0000 91.7962 0.1990
15180.0000 91.7694 0.1956
15185.0000 91.5176 0.1994
15190.0000 91.6867 0.1980
15195.0000 91.6244 0.1971
15200.0000 91.5311 0.1950
15205.0000 91.3772 0.1955
15210.0000 91.4125 0.1922
15215.0000 91.5952 0.1787
15220.0000 91.1286 0.1991
15225.0000 91.2206 0.1870
15230.0000 91.0102 0.1860
15235.0000 91.1233 0.1857
15240.0000 91.2876 0.1817
15245.0000 90.9096 0.1830
15250.0000 90.9754 0.1896
15255.0000 91.1896 0.2088
15260.0000 91.2450 0.2013
15265.0000 90.9357 0.2105
15270.0000 91.1149 0.2071
15275.0000 91.1491 0.2073
15280.0000 91.1985 0.1995
15285.0000 91.1467 0.2062
15290.0000 91.2059 0.2131
15295.0000 91.0148 0.2159
15300.0000 91.0758 0.2093
15305.0000 91.0131 0.1949
15310.0000 91.1592 0.1964
15315.0000 91.1111 0.2036
15320.0000 91.2011 0.2092
15325.0000 91.3381 0.2115
15330.0000 91.1891 0.2038
15335.0000 91.2549 0.1978
15340.0000 91.1922 0.2052
15345.0000 91.2574 0.1877
15350.0000 91.2366 0.1902
15355.0000 91.5606 0.2113
15360.0000 91.6056 0.1928
15365.0000 91.3326 0.2018
15370.0000 91.4210 0.2010
15375.0000 91.5392 0.1957
15380.0000 91.2249 0.2165
15385.0000 91.2589 0.2023
15390.0000 91.1550 0.2121
15395.0000 91.1402 0.2058
15400.0000 91.2415 0.2140
15405.0000 91.3951 0.2148
15410.0000 91.3759 0.2164
15415.0000 91.3085 0.2052
15420.0000 91.1589 0.2159
15425.0000 91.0908 0.2058
15430.0000 91.2794 0.2133
15435.0000 91.1811 0.2019
15440.0000 91.4104 0.2027
15445.0000 91.1215 0.2109
15450.0000 91.4361 0.2160
15455.0000 91.4281 0.2032
15460.0000 91.6976 0.2081
15465.0000 91.7085 0.1975
15470.0000 91.7496 0.1912
15475.0000 91.5049 0.2013
15480.0000 91.5336 0.2030
15485.0000 91.6169 0.1962
15490.0000 91.1701 0.2044
15495.0000 91.5520 0.1876
15500.0000 91.4724 0.2075
15505.0000 91.6057 0.2076
15510.0000 91.4752 0.2017
15515.0000 91.3570 0.2056
15520.0000 91.4640 0.1942
15525.0000 91.2292 0.2124
15530.0000 91.3819 0.2177
15535.0000 91.2935 0.2281
15540.0000 91.2360 0.2094
15545.0000 91.1901 0.2089
15550.0000 91.4591 0.2020
15555.0000 91.6338 0.2134
15560.0000 91.6661 0.2094
15565.0000 91.3755 0.2041
15570.0000 91.3445 0.2071
15575.0000 91.3270 0.2191
15580.0000 91.4107 0.2059
15585.0000 91.3753 0.2079
15590.0000 91.7102 0.1902
15595.0000 91.3202 0.2280
15600.0000 91.3722 0.2138
15605.0000 91.2378 0.2094
15610.0000 91.0927 0.2200
15615.0000 91.0788 0.2201
15620.0000 91.2093 0.2094
15625.0000 91.4351 0.2000
15630.0000 91.3326 0.2185
15635.0000 91.3220 0.2081
15640.0000 91.3268 0.2105
15645.0000 91.1016 0.2031
15650.0000 91.1649 0.2133
15655.0000 91.1616 0.2086
15660.0000 91.1885 0.2075
15665.0000 91.2884 0.2046
15670.0000 91.4297 0.2041
15675.0000 91.5776 0.2082
15680.0000 91.5994 0.1988
15685.0000 91.5067 0.2095
15690.0000 91.4500 0.2078
15695.0000 91.5135 0.1984
15700.0000 91.3514 0.1923
15705.0000 91.3682 0.1992
15710.0000 91.4326 0.2009
15715.0000 91.3807 0.2063
15720.0000 91.1384 0.1999
15725.0000 91.2196 0.2131
15730.0000 91.2123 0.2183
15735.0000 91.2353 0.2115
15740.0000 91.1389 0.2189
15745.0000 91.0957 0.2264
15750.0000 91.1710 0.2109
15755.0000 91.2874 0.2164
15760.0000 91.4467 0.2133
15765.0000 91.1731 0.2123
15770.0000 91.0814 0.2180
15775.0000 91.1959 0.2031
15780.0000 91.3934 0.1999
15785.0000 91.2612 0.2067
15790.0000 91.2207 0.2144
15795.0000 91.0625 0.1897
15800.0000 91.2163 0.2061
15805.0000 91.2130 0.2010
15810.0000 91.2206 0.2036
15815.0000 91.0424 0.1990
15820.0000 91.1485 0.1952
15825.0000 91.0881 0.1996
15830.0000 91.1519 0.1926
15835.0000 91.0990 0.1985
15840.0000 90.9805 0.2124
15845.0000 90.8983 0.2164
15850.0000 91.1991 0.2176
15855.0000 91.4180 0.1993
15860.0000 91.2589 0.2015
15865.0000 91.2241 0.2148
15870.0000 91.2186 0.2047
15875.0000 91.5161 0.1907
15880.0000 91.5382 0.2079
15885.0000 91.6907 0.2016
15890.0000 91.6688 0.2125
15895.0000 91.5548 0.2164
15900.0000 91.4453 0.2102
15905.0000 91.4802 0.2088
15910.0000 91.3582 0.2106
15915.0000 91.7174 0.2093
15920.0000 91.5395 0.2028
15925.0000 91.3362 0.2123
15930.0000 91.3880 0.1932
15935.0000 91.4477 0.1969
15940.0000 91.4285 0.1944
15945.0000 91.3908 0.1964
15950.0000 91.2905 0.2050
15955.0000 91.2602 0.1920
15960.0000 91.3100 0.1982
15965.0000 91.2132 0.2021
15970.0000 91.2721 0.2147
15975.0000 91.2203 0.2067
15980.0000 91.0302 0.2291
15985.0000 91.1475 0.2052
15990.0000 91.3523 0.2046
15995.0000 91.2486 0.1987
16000.0000 91.4422 0.2031
16005.0000 91.4504 0.2068
16010.0000 91.5977 0.2037
16015.0000 91.2788 0.1999
16020.0000 91.1807 0.1997
16025.0000 91.3049 0.1904
16030.0000 91.4088 0.1982
16035.0000 91.0807 0.1864
16040.0000 91.1600 0.1960
16045.0000 91.0636 0.1877
16050.0000 91.0108 0.1946
16055.0000 91.0565 0.1959
16060.0000 91.1592 0.1930
16065.0000 91.2629 0.1918
16070.0000 91.1548 0.2035
16075.0000 91.2407 0.2088
16080.0000 91.2520 0.2058
16085.0000 91.3837 0.2066
16090.0000 91.4613 0.1934
16095.0000 91.5369 0.1963
16100.0000 91.3789 0.2141
16105.0000 91.2720 0.2168
16110.0000 91.4492 0.2175
16115.0000 91.4864 0.2047
16120.0000 91.3094 0.2034
16125.0000 91.2071 0.2237
16130.0000 91.4493 0.2224
16135.0000 91.7455 0.2210
16140.0000 91.5864 0.2105
16145.0000 91.5609 0.2074
16150.0000 91.5604 0.2196
16155.0000 91.5348 0.2090
16160.0000 91.5160 0.2102
16165.0000 91.4184 0.2206
16170.0000 91.4681 0.2134
16175.0000 91.4531 0.1995
16180.0000 91.4972 0.2028
16185.0000 91.6470 0.2118
16190.0000 91.5805 0.2102
16195.0000 91.3900 0.2031
16200.0000 91.3792 0.2105
16205.0000 91.3395 0.2085
16210.0000 91.1070 0.2181
16215.0000 91.1274 0.2081
16220.0000 91.2370 0.2049
16225.0000 91.0469 0.2079
16230.0000 91.0295 0.2011
16235.0000 90.9088 0.2030
16240.0000 90.9577 0.2012
16245.0000 91.0610 0.1899
16250.0000 91.3235 0.1923
16255.0000 91.2266 0.1860
16260.0000 91.3151 0.1880
16265.0000 91.2532 0.1883
16270.0000 91.2493 0.1894
16275.0000 91.2702 0.1790
16280.0000 91.3028 0.1809
16285.0000 91.3420 0.1825
16290.0000 91.2364 0.1813
16295.0000 91.1317 0.2017
16300.0000 91.3743 0.1960
16305.0000 91.2556 0.1954
16310.0000 91.4746 0.1955
16315.0000 91.3237 0.2018
16320.0000 91.3449 0.1936
16325.0000 91.3372 0.1955
16330.0000 91.5238 0.1931
16335.0000 91.5995 0.1881
16340.0000 91.2751 0.2024
16345.0000 91.2890 0.2086
16350.0000 91.3970 0.2036
16355.0000 91.4175 0.2057
16360.0000 91.3563 0.2089
16365.0000 90.9887 0.2106
16370.0000 91.1708 0.1949
16375.0000 91.1668 0.1965
16380.0000 91.4949 0.1889
16385.0000 91.2124 0.2015
16390.0000 91.2158 0.2085
16395.0000 91.3324 0.2027
16400.0000 91.2089 0.1947
16405.0000 91.4507 0.1996
16410.0000 91.3097 0.2134
16415.0000 91.2372 0.2109
16420.0000 91.4349 0.2005
16425.0000 91.6479 0.1842
16430.0000 91.4118 0.2009
16435.0000 91.4520 0.1907
16440.0000 91.3295 0.1925
16445.0000 91.4969 0.1904
16450.0000 91.7019 0.1839
16455.0000 91.5748 0.1912
16460.0000 91.6385 0.1766
16465.0000 91.2596 0.1795
16470.0000 91.2035 0.1861
16475.0000 91.3479 0.1908
16480.0000 91.5832 0.1931
16485.0000 91.5669 0.1867
16490.0000 91.5969 0.1869
16495.0000 91.5534 0.1849
16500.0000 91.4911 0.1987
16505.0000 91.4925 0.1824
16510.0000 91.2672 0.2003
16515.0000 91.2819 0.1971
16520.0000 91.2536 0.1912
16525.0000 91.1594 0.1867
16530.0000 91.3638 0.1872
16535.0000 91.2737 0.1865
16540.0000 91.2782 0.1854
16545.0000 91.3733 0.1928
16550.0000 91.3660 0.1979
16555.0000 91.3371 0.1884
16560.0000 91.3202 0.1866
16565.0000 91.2607 0.1825
16570.0000 91.4031 0.1865
16575.0000 91.0826 0.1955
16580.0000 91.4120 0.1990
16585.0000 91.0870 0.2099
16590.0000 90.9292 0.2107
16595.0000 91.0714 0.2015
16600.0000 90.9380 0.2084
16605.0000 90.9303 0.2052
16610.0000 91.0033 0.2048
16615.0000 91.2836 0.1916
16620.0000 91.1729 0.2011
16625.0000 90.9572 0.1971
16630.0000 91.0540 0.1953
16635.0000 91.3393 0.1958
16640.0000 91.3438 0.2066
16645.0000 91.3319 0.1870
16650.0000 91.1524 0.1955
16655.0000 91.0873 0.1999
16660.0000 91.1967 0.1871
16665.0000 91.3580 0.1908
16670.0000 91.1279 0.2008
16675.0000 91.1762 0.2120
16680.0000 91.2596 0.2101
16685.0000 91.2197 0.2072
16690.0000 91.4208 0.1981
16695.0000 91.2553 0.1893
16700.0000 91.4061 0.1886
16705.0000 91.1847 0.1930
16710.0000 91.1831 0.1919
16715.0000 91.2254 0.1970
16720.0000 91.3695 0.2004
16725.0000 91.3433 0.1919
16730.0000 91.4193 0.2002
16735.0000 91.5992 0.1982
16740.0000 91.2128 0.2039
16745.0000 91.2569 0.2028
16750.0000 91.0423 0.1979
16755.0000 91.0033 0.1933
16760.0000 91.0323 0.2025
16765.0000 91.0973 0.1948
16770.0000 91.0832 0.2041
16775.0000 91.1778 0.2025
16780.0000 91.0697 0.2041
16785.0000 91.0696 0.1999
16790.0000 91.0084 0.2000
16795.0000 91.0918 0.2010
16800.0000 91.2825 0.1863
16805.0000 91.2766 0.1939
16810.0000 91.2188 0.1918
16815.0000 91.0715 0.1997
16820.0000 91.2525 0.2007
16825.0000 91.1068 0.1996
16830.0000 91.2765 0.1980
16835.0000 91.0698 0.2091
16840.0000 91.2768 0.2128
16845.0000 91.2674 0.2051
16850.0000 91.4630 0.2038
16855.0000 91.5799 0.2150
16860.0000 91.4023 0.2200
16865.0000 91.5028 0.2102
16870.0000 91.2546 0.2138
16875.0000 91.3097 0.2139
16880.0000 91.1763 0.2132
16885.0000 91.2666 0.2024
16890.0000 90.9561 0.2088
16895.0000 91.2550 0.1971
16900.0000 91.1394 0.1822
16905.0000 91.0774 0.1833
16910.0000 91.1740 0.2037
16915.0000 91.2683 0.1932
16920.0000 91.0840 0.2137
16925.0000 91.3181 0.2017
16930.0000 91.2301 0.2092
16935.0000 91.2617 0.2025
16940.0000 91.2344 0.2151
16945.0000 91.2441 0.2097
16950.0000 91.5186 0.2139
16955.0000 91.1944 0.2181
16960.0000 91.3050 0.2207
16965.0000 91.2979 0.2118
16970.0000 91.1974 0.2194
16975.0000 91.3443 0.2151
16980.0000 91.0332 0.2044
16985.0000 91.1723 0.2061
16990.0000 91.1464 0.2198
16995.0000 91.1745 0.2121
17000.0000 91.2079 0.1988
17005.0000 91.1625 0.2156
17010.0000 91.1139 0.2129
17015.0000 91.5118 0.1984
17020.0000 91.5962 0.1888
17025.0000 91.5332 0.1828
17030.0000 91.2560 0.1852
17035.0000 91.4229 0.1876
17040.0000 91.2638 0.1870
17045.0000 91.1919 0.1934
17050.0000 91.4759 0.1944
17055.0000 91.2809 0.1978
17060.0000 91.2565 0.1929
17065.0000 91.4630 0.1827
17070.0000 91.3547 0.1966
17075.0000 91.2514 0.2145
17080.0000 91.6189 0.1973
17085.0000 91.6473 0.1888
17090.0000 91.4631 0.1939
17095.0000 91.4498 0.1977
17100.0000 91.6116 0.2019
17105.0000 91.6331 0.2029
17110.0000 91.6786 0.2030
17115.0000 91.5677 0.2111
17120.0000 91.4363 0.2107
17125.0000 91.4665 0.2085
17130.0000 91.4039 0.2094
17135.0000 91.2582 0.2057
17140.0000 91.1756 0.2113
17145.0000 91.0641 0.2028
17150.0000 90.9927 0.2091
17155.0000 91.3008 0.1969
17160.0000 91.4136 0.2308
17165.0000 91.3954 0.2294
17170.0000 91.3681 0.2176
17175.0000 91.3178 0.2160
17180.0000 91.1638 0.2126
17185.0000 91.3029 0.2089
17190.0000 91.3626 0.1938
17195.0000 91.2594 0.1833
17200.0000 91.1278 0.2004
17205.0000 90.8827 0.2038
17210.0000 90.9281 0.1938
17215.0000 90.9940 0.2057
17220.0000 91.1580 0.1960
17225.0000 91.2274 0.2037
17230.0000 91.1265 0.1972
17235.0000 91.1185 0.2048
17240.0000 91.0824 0.1945
17245.0000 91.3001 0.2017
17250.0000 91.2543 0.2017
17255.0000 91.3211 0.2058
17260.0000 91.3840 0.1959
17265.0000 91.2229 0.2132
17270.0000 91.5094 0.2156
17275.0000 91.5440 0.2194
17280.0000 91.6306 0.2135
17285.0000 91.6585 0.2167
17290.0000 91.5577 0.2214
17295.0000 91.7138 0.2090
17300.0000 91.2834 0.2146
17305.0000 91.6449 0.1974
17310.0000 91.5491 0.2099
17315.0000 91.6277 0.2093
17320.0000 91.5434 0.2232
17325.0000 91.6204 0.2014
17330.0000 91.6125 0.2078
17335.0000 91.6279 0.2059
17340.0000 91.7473 0.1866
17345.0000 91.6924 0.1970
17350.0000 91.6911 0.1852
17355.0000 91.3917 0.1905
17360.0000 91.4692 0.1946
17365.0000 91.4688 0.1856
17370.0000 91.3475 0.1977
17375.0000 91.4673 0.2037
17380.0000 91.6464 0.1943
17385.0000 91.5783 0.1853
17390.0000 91.4912 0.1858
17395.0000 91.3116 0.1735
17400.0000 91.0534 0.1843
17405.0000 91.0638 0.1798
17410.0000 90.7370 0.1801
17415.0000 91.0390 0.1767
17420.0000 91.2795 0.1764
17425.0000 91.0611 0.1907
17430.0000 91.1573 0.1768
17435.0000 91.0251 0.1891
17440.0000 91.1785 0.1967
17445.0000 91.1982 0.2088
17450.0000 91.2501 0.1915
17455.0000 91.3137 0.1881
17460.0000 91.0819 0.1929
17465.0000 91.0807 0.1946
17470.0000 91.2490 0.1851
17475.0000 91.1861 0.1976
17480.0000 91.1702 0.1941
17485.0000 91.2594 0.1971
17490.0000 91.3701 0.1956
17495.0000 91.3010 0.1967
17500.0000 91.4892 0.2030
17505.0000 91.3613 0.2000
17510.0000 91.2640 0.1951
17515.0000 91.4167 0.1910
17520.0000 91.5207 0.1967
17525.0000 91.3641 0.1900
17530.0000 91.5352 0.1861
17535.0000 91.4431 0.2014
17540.0000 91.4301 0.1968
17545.0000 91.5602 0.1849
17550.0000 91.5208 0.1839
17555.0000 91.4243 0.1840
17560.0000 91.4193 0.1733
17565.0000 91.3299 0.1870
17570.0000 91.0347 0.1939
17575.0000 91.0577 0.1840
17580.0000 91.3756 0.1822
17585.0000 91.2856 0.1854
17590.0000 91.3222 0.1960
17595.0000 91.3589 0.1877
17600.0000 91.4590 0.1819
17605.0000 91.3838 0.1852
17610.0000 91.5722 0.1821
17615.0000 91.7555 0.1871
17620.0000 91.7526 0.1941
17625.0000 91.7735 0.2004
17630.0000 91.6422 0.1955
17635.0000 91.6836 0.1914
17640.0000 91.4880 0.2071
17645.0000 91.4649 0.2056
17650.0000 91.5711 0.2084
17655.0000 91.5887 0.2039
17660.0000 91.7678 0.1991
17665.0000 91.5581 0.1983
17670.0000 91.6962 0.1910
17675.0000 91.7891 0.1869
17680.0000 91.7095 0.2006
17685.0000 91.6091 0.2033
17690.0000 91.4648 0.2124
17695.0000 91.6145 0.2067
17700.0000 91.3720 0.2051
17705.0000 91.4397 0.1930
17710.0000 91.3921 0.1964
17715.0000 91.2872 0.1968
17720.0000 91.2548 0.1876
17725.0000 91.4755 0.1900
17730.0000 91.2332 0.1996
17735.0000 91.4916 0.1939
17740.0000 91.4499 0.2087
17745.0000 91.4674 0.1900
17750.0000 91.4314 0.1874
17755.0000 91.2574 0.2001
17760.0000 91.2737 0.2014
17765.0000 91.2382 0.2030
17770.0000 91.3300 0.2162
17775.0000 91.1781 0.2089
17780.0000 91.3205 0.2066
17785.0000 91.3459 0.1988
17790.0000 91.2111 0.1975
17795.0000 91.3846 0.1917
17800.0000 91.2976 0.2008
17805.0000 91.1643 0.1933
17810.0000 91.2028 0.1894
17815.0000 91.2365 0.1841
17820.0000 91.2357 0.1879
17825.0000 91.0218 0.1996
17830.0000 90.9113 0.2032
17835.0000 91.3540 0.1886
17840.0000 91.3591 0.2031
17845.0000 91.3870 0.2020
17850.0000 91.3244 0.1911
17855.0000 91.3024 0.1900
17860.0000 91.2944 0.1988
17865.0000 91.4271 0.2142
17870.0000 91.3869 0.2025
17875.0000 91.2968 0.2006
17880.0000 91.5808 0.2090
17885.0000 91.5457 0.2155
17890.0000 91.3952 0.2139
17895.0000 91.3828 0.2175
17900.0000 91.5026 0.2153
17905.0000 91.3431 0.2067
17910.0000 91.1449 0.2184
17915.0000 91.2234 0.1964
17920.0000 91.2111 0.1830
17925.0000 91.2340 0.1959
17930.0000 91.1049 0.1961
17935.0000 91.0806 0.2098
17940.0000 91.1421 0.2004
17945.0000 91.4304 0.1914
17950.0000 91.4604 0.1893
17955.0000 91.4067 0.2068
17960.0000 91.7168 0.2124
17965.0000 91.8495 0.2076
17970.0000 91.4844 0.2056
17975.0000 91.2962 0.1963
17980.0000 91.4580 0.1978
17985.0000 91.4812 0.2002
17990.0000 91.3845 0.2128
17995.0000 91.3041 0.2046
18000.0000 91.5236 0.1988
