# deliveryTime  hopCount
148.0000 8
105.0000 10
183.0000 6
119.0000 6
96.0000 5
136.0000 4
227.0000 7
109.0000 5
81.0000 8
123.0000 6
117.0000 6
128.0000 12
150.0000 8
169.0000 8
52.0000 6
53.0000 6
66.0000 6
78.0000 3
136.0000 3
197.0000 4
213.0000 8
214.0000 5
289.0000 7
301.0000 4
119.0000 3
21.0000 4
78.0000 4
79.0000 5
81.0000 4
89.0000 6
92.0000 4
95.0000 6
96.0000 7
99.0000 7
100.0000 6
101.0000 5
103.0000 6
105.0000 4
110.0000 8
111.0000 4
113.0000 6
115.0000 7
118.0000 7
120.0000 8
123.0000 8
126.0000 9
127.0000 6
127.0000 8
132.0000 8
132.0000 8
133.0000 9
134.0000 4
136.0000 6
140.0000 6
145.0000 6
145.0000 4
146.0000 7
149.0000 7
149.0000 5
151.0000 5
152.0000 5
153.0000 6
154.0000 5
155.0000 8
156.0000 5
156.0000 8
157.0000 9
158.0000 7
159.0000 8
161.0000 7
161.0000 10
162.0000 6
165.0000 8
165.0000 8
166.0000 8
170.0000 10
174.0000 5
174.0000 10
176.0000 9
178.0000 10
179.0000 4
180.0000 10
181.0000 4
181.0000 5
186.0000 8
187.0000 8
192.0000 8
192.0000 10
192.0000 5
193.0000 5
193.0000 8
194.0000 8
194.0000 4
198.0000 9
199.0000 8
201.0000 4
223.0000 4
230.0000 5
232.0000 8
155.0000 3
241.0000 8
246.0000 10
92.0000 7
270.0000 7
16.0000 3
90.0000 8
95.0000 2
123.0000 7
345.0000 4
93.0000 5
162.0000 4
166.0000 5
88.0000 3
192.0000 5
228.0000 11
237.0000 7
80.0000 4
107.0000 5
67.0000 3
102.0000 4
111.0000 3
111.0000 5
152.0000 5
168.0000 5
204.0000 5
208.0000 10
5720.0000 12
5996.0000 7
5454.0000 5
5769.0000 4
5484.0000 6
5773.0000 5
5145.0000 3
5086.0000 10
5158.0000 6
4575.0000 8
4132.0000 5
246.0000 6
6078.0000 5
6079.0000 6
5530.0000 6
5118.0000 4
6083.0000 6
5192.0000 5
5415.0000 9
3419.0000 8
6092.0000 6
5544.0000 6
5425.0000 9
6098.0000 10
3430.0000 5
3431.0000 6
5550.0000 6
223.0000 10
5142.0000 10
3087.0000 12
5559.0000 7
5147.0000 10
6113.0000 8
3176.0000 5
4628.0000 7
5573.0000 8
5580.0000 7
5241.0000 7
3199.0000 10
4209.0000 8
4372.0000 10
3123.0000 14
5592.0000 9
5252.0000 4
3128.0000 3
2627.0000 5
5482.0000 6
4448.0000 10
5603.0000 5
5193.0000 6
4226.0000 8
4671.0000 7
5196.0000 5
5197.0000 7
4393.0000 9
4926.0000 12
4460.0000 11
3942.0000 5
4684.0000 6
3236.0000 13
4689.0000 8
2907.0000 9
4410.0000 10
5917.0000 5
3243.0000 10
4695.0000 7
4476.0000 8
5222.0000 8
2587.0000 12
4950.0000 8
3172.0000 8
3966.0000 9
3523.0000 8
4953.0000 5
5522.0000 8
1211.0000 6
4709.0000 6
2597.0000 11
4494.0000 8
3980.0000 7
5534.0000 9
3538.0000 7
4501.0000 6
3983.0000 8
2112.0000 9
4505.0000 8
3546.0000 7
5326.0000 7
4980.0000 6
3550.0000 8
2951.0000 8
3207.0000 6
4739.0000 7
4001.0000 4
4990.0000 3
3211.0000 7
6232.0000 7
2962.0000 10
4529.0000 10
2637.0000 4
573.0000 5
3220.0000 6
2415.0000 6
4474.0000 7
3307.0000 6
2645.0000 13
2976.0000 10
4544.0000 12
4764.0000 6
4321.0000 10
1446.0000 9
236.0000 9
4032.0000 6
2435.0000 8
2993.0000 5
2744.0000 5
2169.0000 5
2751.0000 6
2177.0000 7
2673.0000 11
3007.0000 8
4348.0000 7
1630.0000 6
2188.0000 6
2189.0000 5
1092.0000 6
3019.0000 12
1308.0000 13
3273.0000 11
4586.0000 13
2203.0000 12
5335.0000 9
2207.0000 7
1109.0000 11
4602.0000 9
4544.0000 9
5761.0000 8
3375.0000 3
6315.0000 5
3297.0000 13
3297.0000 7
1122.0000 4
1122.0000 6
1936.0000 9
2493.0000 6
3303.0000 9
1939.0000 5
3053.0000 11
1671.0000 7
923.0000 7
3058.0000 3
1346.0000 5
2730.0000 13
4226.0000 5
1525.0000 8
1679.0000 8
1355.0000 7
1356.0000 4
1144.0000 6
6341.0000 10
1148.0000 9
2518.0000 3
5391.0000 8
2529.0000 7
3342.0000 7
1168.0000 7
1172.0000 10
1386.0000 5
2767.0000 13
1175.0000 5
969.0000 4
710.0000 5
711.0000 6
6392.0000 6
5844.0000 7
3728.0000 4
740.0000 7
2316.0000 6
5863.0000 9
253.0000 9
1432.0000 4
1226.0000 5
6424.0000 4
2826.0000 11
2044.0000 6
2909.0000 7
2604.0000 6
766.0000 9
2913.0000 12
3770.0000 7
4341.0000 6
5777.0000 6
5488.0000 8
4228.0000 10
5490.0000 9
792.0000 3
2362.0000 12
793.0000 5
5789.0000 5
144.0000 6
4975.0000 8
5918.0000 5
4366.0000 9
806.0000 8
3202.0000 5
5509.0000 7
4709.0000 12
2096.0000 11
5242.0000 5
815.0000 3
5811.0000 9
6484.0000 6
6488.0000 8
5938.0000 8
1864.0000 9
4761.0000 11
1348.0000 9
1564.0000 4
1742.0000 6
4785.0000 12
4329.0000 11
6293.0000 6
1365.0000 4
4338.0000 6
4641.0000 7
4644.0000 8
910.0000 9
1923.0000 8
3912.0000 6
2763.0000 4
3571.0000 5
1398.0000 9
4665.0000 10
5638.0000 6
5710.0000 8
2509.0000 7
3004.0000 9
5716.0000 8
3592.0000 11
3092.0000 7
1086.0000 4
5130.0000 4
1215.0000 6
951.0000 4
2793.0000 7
4914.0000 13
2796.0000 5
5952.0000 6
3612.0000 6
4927.0000 11
3365.0000 7
2362.0000 6
976.0000 6
1243.0000 6
1840.0000 6
1668.0000 5
203.0000 6
2001.0000 6
2559.0000 7
3388.0000 11
3139.0000 5
5989.0000 10
3993.0000 6
4444.0000 9
3404.0000 8
3154.0000 6
2403.0000 8
1486.0000 6
4982.0000 10
2036.0000 9
6146.0000 5
4473.0000 6
5007.0000 12
1057.0000 5
3813.0000 8
6759.0000 6
3248.0000 10
2677.0000 8
3255.0000 7
74.0000 4
3259.0000 10
1816.0000 7
4133.0000 6
2528.0000 6
1835.0000 5
3880.0000 6
2179.0000 8
5596.0000 6
1853.0000 6
1310.0000 9
5598.0000 4
4733.0000 14
1644.0000 10
4622.0000 8
4917.0000 10
5363.0000 6
6301.0000 5
1659.0000 7
3361.0000 7
5155.0000 8
4821.0000 7
4850.0000 4
127.0000 8
4156.0000 7
2722.0000 4
7116.0000 9
1933.0000 5
5082.0000 8
4521.0000 7
5586.0000 9
4356.0000 9
3775.0000 4
6749.0000 9
4369.0000 6
4292.0000 9
99.0000 11
3712.0000 10
3810.0000 6
3744.0000 12
4328.0000 10
2710.0000 7
4695.0000 6
2561.0000 8
4103.0000 11
3773.0000 12
3860.0000 10
3555.0000 5
2731.0000 6
3294.0000 11
2739.0000 6
5290.0000 9
3299.0000 9
6432.0000 10
3306.0000 6
2753.0000 5
6747.0000 8
3599.0000 6
6538.0000 8
6880.0000 5
5957.0000 9
4445.0000 6
39.0000 4
40.0000 3
43.0000 4
57.0000 4
61.0000 3
74.0000 4
78.0000 4
81.0000 6
81.0000 4
83.0000 3
2526.0000 9
84.0000 7
5405.0000 11
88.0000 9
3417.0000 6
90.0000 5
90.0000 3
91.0000 9
91.0000 5
92.0000 4
97.0000 3
103.0000 4
105.0000 5
106.0000 4
3931.0000 12
4012.0000 5
108.0000 3
108.0000 6
109.0000 5
113.0000 6
114.0000 3
114.0000 4
115.0000 4
3264.0000 7
116.0000 5
116.0000 2
117.0000 4
118.0000 6
118.0000 6
125.0000 3
126.0000 4
126.0000 10
126.0000 6
130.0000 5
130.0000 6
4037.0000 5
7295.0000 10
135.0000 5
137.0000 5
140.0000 6
141.0000 7
141.0000 5
143.0000 6
147.0000 8
147.0000 4
147.0000 5
2590.0000 5
3297.0000 3
148.0000 6
149.0000 4
2921.0000 8
2770.0000 8
152.0000 4
153.0000 8
2926.0000 9
154.0000 4
2053.0000 6
155.0000 6
158.0000 6
159.0000 4
161.0000 5
161.0000 6
161.0000 5
163.0000 4
165.0000 6
5659.0000 10
166.0000 7
167.0000 7
169.0000 7
169.0000 6
170.0000 2
172.0000 6
173.0000 4
5833.0000 3
179.0000 7
180.0000 7
181.0000 4
183.0000 6
183.0000 6
184.0000 6
185.0000 5
4010.0000 11
187.0000 5
189.0000 7
189.0000 4
191.0000 5
5848.0000 11
3792.0000 5
193.0000 7
193.0000 7
193.0000 4
194.0000 7
2425.0000 10
196.0000 7
198.0000 8
199.0000 5
4105.0000 5
1813.0000 10
206.0000 4
209.0000 8
209.0000 5
213.0000 7
2656.0000 5
214.0000 9
214.0000 8
215.0000 7
215.0000 9
217.0000 7
2447.0000 9
218.0000 5
218.0000 9
219.0000 6
221.0000 8
223.0000 8
2125.0000 6
7393.0000 11
241.0000 5
245.0000 6
1860.0000 6
259.0000 6
268.0000 6
278.0000 6
284.0000 7
317.0000 6
5073.0000 7
2224.0000 6
5087.0000 10
332.0000 4
3481.0000 7
4744.0000 8
7217.0000 5
3946.0000 4
6809.0000 9
5552.0000 10
5676.0000 13
7521.0000 5
3511.0000 9
3962.0000 8
2395.0000 7
2271.0000 8
6311.0000 14
106.0000 9
5406.0000 4
3434.0000 5
5149.0000 8
3016.0000 8
1511.0000 3
4312.0000 8
5902.0000 11
6349.0000 10
2657.0000 11
2472.0000 3
2350.0000 11
2085.0000 3
7642.0000 9
117.0000 6
2154.0000 8
5580.0000 11
1671.0000 7
7031.0000 7
1680.0000 4
3731.0000 7
3391.0000 10
3241.0000 10
2382.0000 7
5311.0000 6
2870.0000 8
7382.0000 7
7384.0000 8
4013.0000 8
4696.0000 14
2498.0000 12
3937.0000 6
2008.0000 6
211.0000 7
2940.0000 6
5948.0000 10
3369.0000 10
7806.0000 3
7708.0000 8
7427.0000 5
4122.0000 7
4303.0000 8
6299.0000 8
7516.0000 6
181.0000 4
5484.0000 4
2607.0000 8
7879.0000 6
8442.0000 3
6981.0000 4
5270.0000 5
5674.0000 8
5768.0000 5
3532.0000 7
3207.0000 6
7499.0000 4
7856.0000 4
5151.0000 13
4664.0000 5
234.0000 9
3373.0000 6
8136.0000 7
3280.0000 3
7846.0000 9
8260.0000 4
6903.0000 7
4030.0000 6
6736.0000 5
8173.0000 11
94.0000 5
6740.0000 9
7612.0000 10
3189.0000 5
4059.0000 7
7974.0000 6
4592.0000 7
3887.0000 4
7388.0000 5
7985.0000 4
5279.0000 10
8881.0000 6
5863.0000 6
8625.0000 10
5375.0000 8
8002.0000 9
2451.0000 7
5303.0000 9
6504.0000 12
6238.0000 5
2456.0000 7
8911.0000 7
4637.0000 8
7427.0000 7
7211.0000 9
3936.0000 5
2602.0000 4
5401.0000 8
6256.0000 9
2476.0000 10
8262.0000 10
4281.0000 8
7450.0000 6
2628.0000 8
1526.0000 7
4146.0000 12
3760.0000 7
5693.0000 4
5278.0000 6
3568.0000 6
7041.0000 8
5285.0000 4
3450.0000 6
1553.0000 7
5294.0000 9
6880.0000 9
5974.0000 12
7766.0000 5
6071.0000 7
5992.0000 7
6787.0000 6
6002.0000 4
3360.0000 9
196.0000 5
3840.0000 5
3393.0000 7
9061.0000 9
5829.0000 8
7394.0000 7
7178.0000 10
8847.0000 9
140.0000 6
8450.0000 6
7419.0000 11
3486.0000 6
5466.0000 6
3960.0000 10
5065.0000 6
1750.0000 6
3779.0000 11
3654.0000 4
7477.0000 5
3024.0000 6
6962.0000 8
3660.0000 7
4382.0000 11
8929.0000 9
3792.0000 6
3533.0000 7
4546.0000 4
4395.0000 7
4931.0000 8
6193.0000 4
4947.0000 5
4.0000 2
3827.0000 4
1811.0000 4
8688.0000 5
9241.0000 7
21.0000 3
163.0000 13
8281.0000 6
27.0000 3
3434.0000 7
8583.0000 9
36.0000 3
4071.0000 8
46.0000 4
49.0000 3
3614.0000 5
64.0000 5
7358.0000 9
69.0000 3
76.0000 4
5201.0000 12
2852.0000 5
87.0000 6
87.0000 4
5788.0000 7
6040.0000 11
6040.0000 9
94.0000 4
3788.0000 7
3789.0000 9
95.0000 5
9320.0000 8
100.0000 5
6930.0000 14
111.0000 3
111.0000 5
1908.0000 8
9072.0000 12
115.0000 2
116.0000 5
117.0000 5
121.0000 2
3025.0000 8
122.0000 9
124.0000 6
126.0000 4
126.0000 6
127.0000 5
130.0000 5
130.0000 4
130.0000 4
131.0000 8
132.0000 6
132.0000 5
132.0000 4
7870.0000 5
137.0000 5
137.0000 7
137.0000 6
137.0000 4
139.0000 7
140.0000 4
141.0000 4
141.0000 6
141.0000 8
144.0000 6
145.0000 6
146.0000 7
8696.0000 10
146.0000 10
150.0000 6
151.0000 5
151.0000 4
152.0000 8
7886.0000 8
153.0000 7
3213.0000 9
155.0000 5
156.0000 7
4574.0000 8
160.0000 6
8144.0000 7
7678.0000 9
164.0000 7
165.0000 8
168.0000 9
168.0000 5
170.0000 5
8427.0000 9
172.0000 6
4586.0000 6
175.0000 8
176.0000 7
177.0000 10
7913.0000 7
180.0000 6
182.0000 9
183.0000 7
3087.0000 7
184.0000 6
185.0000 8
7476.0000 9
188.0000 8
8171.0000 9
8172.0000 9
7646.0000 15
193.0000 11
5727.0000 8
194.0000 8
1993.0000 6
197.0000 5
197.0000 10
199.0000 5
203.0000 7
6756.0000 8
206.0000 11
208.0000 6
209.0000 11
210.0000 4
3617.0000 6
6766.0000 6
216.0000 12
219.0000 7
220.0000 7
7510.0000 2
6505.0000 5
224.0000 6
1754.0000 5
234.0000 8
3139.0000 6
238.0000 11
240.0000 4
3936.0000 6
248.0000 5
254.0000 9
1776.0000 10
3816.0000 4
3032.0000 10
264.0000 4
1785.0000 9
6550.0000 3
3038.0000 12
7785.0000 13
3677.0000 7
8255.0000 6
5671.0000 8
4095.0000 7
8605.0000 8
3340.0000 5
5984.0000 6
8266.0000 5
5680.0000 7
3190.0000 6
7407.0000 11
7119.0000 11
4867.0000 9
114.0000 4
8035.0000 5
3076.0000 8
4002.0000 6
3082.0000 6
4881.0000 7
315.0000 8
5937.0000 13
3222.0000 7
2330.0000 6
7844.0000 7
143.0000 7
9288.0000 10
5865.0000 7
5460.0000 5
341.0000 8
5962.0000 12
7170.0000 6
4773.0000 7
7187.0000 13
7504.0000 10
870.0000 5
7863.0000 10
9371.0000 8
7415.0000 9
8970.0000 7
6704.0000 9
6974.0000 8
1945.0000 10
7941.0000 7
3210.0000 6
3647.0000 5
6655.0000 8
3864.0000 7
934.0000 10
9424.0000 9
5418.0000 7
3678.0000 8
8811.0000 5
5431.0000 5
3690.0000 7
5894.0000 10
3561.0000 7
4321.0000 7
5899.0000 11
4744.0000 9
6041.0000 5
6710.0000 7
2056.0000 11
5108.0000 7
2068.0000 9
2081.0000 9
2362.0000 6
3482.0000 6
4279.0000 8
4406.0000 5
5158.0000 8
7145.0000 8
9562.0000 10
9277.0000 7
171.0000 6
7903.0000 9
3674.0000 12
4026.0000 7
3393.0000 8
8885.0000 6
3837.0000 10
7455.0000 10
3716.0000 5
7949.0000 8
4905.0000 3
8998.0000 6
2680.0000 5
5132.0000 11
8473.0000 4
220.0000 7
5708.0000 7
4319.0000 4
6388.0000 7
1259.0000 7
3851.0000 10
7078.0000 8
3865.0000 7
4023.0000 5
5392.0000 9
5241.0000 8
9787.0000 6
7652.0000 11
184.0000 6
4041.0000 9
5410.0000 5
3621.0000 4
5812.0000 8
7439.0000 12
6436.0000 6
4308.0000 12
9461.0000 10
5779.0000 8
2356.0000 4
104.0000 5
3030.0000 5
4106.0000 4
6003.0000 7
4613.0000 7
4277.0000 10
8531.0000 10
1471.0000 7
10048.0000 4
8825.0000 7
2894.0000 8
3108.0000 10
4004.0000 5
6048.0000 5
6641.0000 4
9366.0000 6
3882.0000 7
5354.0000 6
8232.0000 10
7323.0000 9
10345.0000 6
7079.0000 5
2650.0000 9
6255.0000 5
5969.0000 6
2653.0000 10
10091.0000 4
4957.0000 6
1524.0000 8
6681.0000 8
6093.0000 7
5177.0000 7
10110.0000 10
4355.0000 8
2538.0000 8
1170.0000 6
985.0000 6
8626.0000 10
8173.0000 7
2698.0000 9
3695.0000 10
7384.0000 6
6717.0000 6
8184.0000 7
1573.0000 14
4390.0000 6
1006.0000 5
5610.0000 6
1011.0000 9
2575.0000 7
6748.0000 7
9550.0000 5
9211.0000 8
9780.0000 5
8684.0000 12
4786.0000 6
1705.0000 4
2755.0000 6
7188.0000 11
1051.0000 8
1238.0000 7
6634.0000 4
1055.0000 6
5063.0000 5
8361.0000 8
6781.0000 7
4948.0000 6
4949.0000 6
10479.0000 9
4462.0000 5
8997.0000 5
6965.0000 5
2792.0000 10
8564.0000 8
4836.0000 5
3800.0000 7
3802.0000 10
7492.0000 7
9843.0000 9
6242.0000 9
3304.0000 8
1144.0000 8
7887.0000 7
6874.0000 8
5040.0000 7
107.0000 7
1732.0000 7
6188.0000 7
4754.0000 8
274.0000 4
3872.0000 5
6204.0000 7
4270.0000 8
843.0000 12
8386.0000 7
2763.0000 10
10354.0000 11
8916.0000 8
8400.0000 9
9734.0000 7
1226.0000 7
1802.0000 7
4.0000 2
26.0000 4
33.0000 4
34.0000 5
2941.0000 6
37.0000 5
45.0000 6
49.0000 5
55.0000 5
6714.0000 3
2964.0000 7
6162.0000 7
1410.0000 8
64.0000 6
69.0000 6
5842.0000 10
70.0000 4
70.0000 4
71.0000 6
71.0000 5
73.0000 4
76.0000 6
77.0000 6
79.0000 7
80.0000 8
3881.0000 9
85.0000 6
86.0000 6
3142.0000 11
88.0000 6
6040.0000 5
92.0000 8
96.0000 7
96.0000 5
98.0000 8
3003.0000 7
4694.0000 10
6048.0000 5
101.0000 5
102.0000 5
7921.0000 5
105.0000 6
8193.0000 7
107.0000 6
107.0000 4
109.0000 7
110.0000 6
110.0000 5
111.0000 8
10195.0000 11
112.0000 6
114.0000 6
5203.0000 5
4167.0000 5
7602.0000 12
118.0000 5
3026.0000 6
3176.0000 11
122.0000 6
122.0000 6
4173.0000 8
4174.0000 6
5685.0000 3
8483.0000 7
132.0000 6
133.0000 7
7203.0000 10
3939.0000 8
4190.0000 12
143.0000 5
7962.0000 9
3686.0000 7
4888.0000 10
152.0000 8
157.0000 9
158.0000 6
163.0000 8
170.0000 7
171.0000 6
173.0000 6
8704.0000 7
2185.0000 7
1529.0000 6
182.0000 6
183.0000 5
6131.0000 5
5411.0000 5
185.0000 6
4490.0000 7
187.0000 6
197.0000 6
4636.0000 8
9235.0000 4
10337.0000 8
5615.0000 6
1265.0000 7
3176.0000 10
46.0000 2
4582.0000 4
2500.0000 9
4333.0000 8
1289.0000 8
10086.0000 7
4898.0000 8
9822.0000 9
78.0000 5
9358.0000 7
6971.0000 12
1307.0000 4
2533.0000 7
2234.0000 6
86.0000 3
4118.0000 10
6800.0000 4
10406.0000 6
92.0000 6
96.0000 6
4632.0000 8
5278.0000 5
111.0000 2
112.0000 6
2350.0000 8
8703.0000 8
123.0000 4
2272.0000 7
7282.0000 10
124.0000 7
127.0000 6
4412.0000 8
1713.0000 7
136.0000 8
8899.0000 8
141.0000 4
9200.0000 6
1371.0000 2
148.0000 6
1376.0000 12
3438.0000 9
158.0000 7
1383.0000 5
162.0000 8
2069.0000 11
2315.0000 9
2071.0000 10
167.0000 8
5134.0000 8
5630.0000 7
9918.0000 9
172.0000 7
10488.0000 6
175.0000 6
10197.0000 5
3950.0000 6
7477.0000 8
8497.0000 5
5639.0000 6
2331.0000 6
182.0000 7
4463.0000 9
6784.0000 7
184.0000 7
5010.0000 11
1765.0000 9
189.0000 5
3325.0000 8
190.0000 6
10506.0000 6
1518.0000 6
4475.0000 9
2100.0000 6
196.0000 6
7914.0000 7
5165.0000 8
3337.0000 5
5660.0000 7
5370.0000 4
1530.0000 5
1784.0000 7
8792.0000 8
9425.0000 9
5034.0000 12
5179.0000 4
8974.0000 8
4248.0000 9
218.0000 6
8268.0000 11
225.0000 7
10947.0000 8
1804.0000 5
751.0000 8
1555.0000 12
232.0000 6
1811.0000 8
3520.0000 3
241.0000 4
3526.0000 4
2692.0000 9
4911.0000 7
3380.0000 6
2699.0000 7
784.0000 12
789.0000 5
7426.0000 9
9322.0000 8
2426.0000 6
4049.0000 5
2432.0000 5
2744.0000 9
8344.0000 7
4965.0000 7
10049.0000 6
303.0000 4
9593.0000 6
2464.0000 7
6917.0000 5
316.0000 8
2466.0000 8
85.0000 7
10071.0000 10
9606.0000 12
3620.0000 10
2492.0000 6
2798.0000 9
350.0000 7
2803.0000 10
6964.0000 6
4897.0000 7
9422.0000 4
3669.0000 10
9267.0000 13
4441.0000 8
5084.0000 5
11409.0000 4
5596.0000 8
2668.0000 4
6491.0000 12
2675.0000 5
9303.0000 7
2780.0000 5
3831.0000 10
9138.0000 10
5091.0000 5
9438.0000 14
2469.0000 13
51.0000 4
2727.0000 8
7184.0000 8
4353.0000 8
64.0000 4
64.0000 4
9466.0000 9
67.0000 3
2172.0000 9
5561.0000 4
74.0000 5
78.0000 3
78.0000 4
4372.0000 5
2837.0000 4
4380.0000 5
89.0000 3
90.0000 7
90.0000 6
92.0000 6
93.0000 6
96.0000 3
96.0000 5
99.0000 5
100.0000 6
102.0000 6
105.0000 6
4188.0000 6
107.0000 3
108.0000 6
110.0000 3
110.0000 5
9218.0000 7
113.0000 4
115.0000 5
9517.0000 10
118.0000 6
118.0000 7
118.0000 4
119.0000 6
119.0000 4
120.0000 6
124.0000 6
124.0000 4
124.0000 6
125.0000 7
125.0000 3
126.0000 6
127.0000 6
130.0000 6
130.0000 7
132.0000 4
133.0000 6
133.0000 6
134.0000 4
135.0000 3
138.0000 3
7550.0000 7
139.0000 3
141.0000 3
142.0000 8
142.0000 7
142.0000 6
143.0000 7
144.0000 3
148.0000 6
150.0000 7
4960.0000 8
160.0000 8
160.0000 6
162.0000 8
162.0000 8
165.0000 7
168.0000 7
171.0000 8
171.0000 7
174.0000 9
174.0000 8
175.0000 4
175.0000 4
178.0000 6
181.0000 8
182.0000 8
184.0000 6
184.0000 9
184.0000 8
188.0000 7
188.0000 8
191.0000 8
191.0000 6
191.0000 6
191.0000 8
197.0000 9
197.0000 9
197.0000 8
200.0000 7
3174.0000 9
204.0000 8
205.0000 4
3177.0000 8
206.0000 10
207.0000 8
208.0000 7
210.0000 8
211.0000 9
214.0000 7
214.0000 7
218.0000 7
219.0000 5
221.0000 9
222.0000 4
224.0000 7
225.0000 8
226.0000 9
227.0000 6
3200.0000 8
6541.0000 7
230.0000 9
231.0000 8
233.0000 5
233.0000 6
986.0000 9
234.0000 8
235.0000 6
237.0000 9
237.0000 5
237.0000 4
237.0000 7
238.0000 7
241.0000 7
9347.0000 12
11750.0000 8
245.0000 7
2346.0000 5
7659.0000 7
249.0000 9
253.0000 9
253.0000 8
5741.0000 6
254.0000 9
5058.0000 7
258.0000 4
11218.0000 6
10001.0000 8
266.0000 8
11512.0000 8
268.0000 8
271.0000 12
2699.0000 9
272.0000 9
162.0000 7
274.0000 7
6380.0000 4
277.0000 8
3038.0000 5
6123.0000 5
3254.0000 11
284.0000 8
285.0000 8
3042.0000 5
286.0000 8
8112.0000 6
293.0000 10
1341.0000 10
2828.0000 6
1351.0000 7
310.0000 8
7992.0000 11
5808.0000 4
2077.0000 7
2187.0000 5
7044.0000 8
347.0000 10
8584.0000 10
2779.0000 7
352.0000 7
7589.0000 8
3331.0000 11
8276.0000 4
4928.0000 10
7606.0000 11
9661.0000 4
1427.0000 11
4188.0000 10
9223.0000 7
3155.0000 6
87.0000 5
5202.0000 7
8014.0000 5
5755.0000 11
5901.0000 7
4967.0000 7
4712.0000 6
3391.0000 7
7835.0000 7
7655.0000 4
4985.0000 11
4728.0000 9
1655.0000 11
9554.0000 10
970.0000 9
2296.0000 6
4750.0000 8
15.0000 3
16.0000 5
17.0000 4
17.0000 3
19.0000 2
1530.0000 6
7716.0000 4
45.0000 5
5840.0000 11
50.0000 4
3472.0000 9
54.0000 3
57.0000 4
57.0000 5
57.0000 3
64.0000 4
67.0000 5
68.0000 5
69.0000 3
73.0000 5
73.0000 5
1043.0000 8
5075.0000 6
74.0000 6
76.0000 4
4818.0000 7
79.0000 2
80.0000 6
85.0000 5
90.0000 6
1586.0000 5
93.0000 6
95.0000 5
96.0000 4
2395.0000 5
103.0000 4
104.0000 5
2979.0000 10
105.0000 5
8236.0000 10
3088.0000 7
112.0000 5
8243.0000 6
114.0000 5
116.0000 5
117.0000 6
117.0000 6
121.0000 6
121.0000 5
2856.0000 11
1778.0000 14
125.0000 5
126.0000 7
3245.0000 11
2323.0000 5
128.0000 5
129.0000 8
131.0000 6
133.0000 6
5638.0000 5
136.0000 7
136.0000 5
3555.0000 9
137.0000 6
2432.0000 11
5776.0000 10
8196.0000 4
8494.0000 12
141.0000 5
143.0000 8
145.0000 7
146.0000 5
146.0000 7
147.0000 5
148.0000 6
148.0000 4
8279.0000 7
1352.0000 5
154.0000 5
154.0000 6
161.0000 6
163.0000 5
164.0000 6
4907.0000 11
169.0000 5
171.0000 5
5172.0000 6
174.0000 5
1670.0000 6
3156.0000 3
178.0000 5
179.0000 6
181.0000 7
189.0000 5
1159.0000 7
194.0000 6
201.0000 6
202.0000 9
204.0000 7
204.0000 6
205.0000 7
206.0000 8
206.0000 7
206.0000 9
1864.0000 3
209.0000 7
949.0000 7
213.0000 4
11623.0000 6
10407.0000 11
10075.0000 5
5227.0000 7
1724.0000 2
969.0000 7
6027.0000 11
972.0000 12
1444.0000 7
8599.0000 11
249.0000 6
5251.0000 10
2810.0000 4
4091.0000 6
1923.0000 7
1764.0000 5
10522.0000 8
4104.0000 8
3497.0000 5
4397.0000 10
1266.0000 9
8984.0000 10
6441.0000 10
304.0000 7
8169.0000 11
12273.0000 8
1067.0000 8
3206.0000 9
331.0000 6
1313.0000 8
348.0000 6
6787.0000 6
3236.0000 5
106.0000 5
11768.0000 4
4473.0000 11
4197.0000 9
6009.0000 6
8432.0000 7
1876.0000 6
7694.0000 6
6960.0000 4
3287.0000 4
3294.0000 7
1162.0000 9
11154.0000 8
6737.0000 4
2165.0000 6
8654.0000 10
5059.0000 11
2029.0000 8
160.0000 8
8605.0000 9
10103.0000 11
11017.0000 5
3108.0000 7
4390.0000 9
905.0000 6
2232.0000 5
8934.0000 11
1550.0000 6
7341.0000 7
5837.0000 10
1558.0000 7
2886.0000 8
2886.0000 5
1563.0000 9
5334.0000 11
2250.0000 5
1335.0000 8
8284.0000 9
12298.0000 5
6245.0000 5
4441.0000 8
7169.0000 8
952.0000 10
10870.0000 10
4449.0000 10
2822.0000 6
4053.0000 10
2928.0000 7
1609.0000 8
7070.0000 5
6580.0000 4
8222.0000 6
2946.0000 5
10502.0000 6
7806.0000 6
3643.0000 7
5666.0000 9
4492.0000 9
11660.0000 3
6174.0000 11
10229.0000 11
6613.0000 9
5934.0000 8
6321.0000 7
10415.0000 8
9370.0000 8
6975.0000 8
3806.0000 7
4521.0000 6
6336.0000 5
3252.0000 9
4530.0000 8
6644.0000 4
10742.0000 9
4138.0000 7
1068.0000 7
4562.0000 11
8824.0000 8
3974.0000 7
6909.0000 8
2442.0000 11
3997.0000 9
4910.0000 6
11274.0000 5
5809.0000 11
10542.0000 6
3932.0000 5
3008.0000 4
953.0000 5
3368.0000 7
5832.0000 9
8888.0000 8
2488.0000 5
1582.0000 8
12539.0000 7
10416.0000 13
240.0000 7
5971.0000 5
4815.0000 8
116.0000 6
1338.0000 9
4829.0000 6
4852.0000 8
11075.0000 8
6575.0000 5
4283.0000 6
2575.0000 6
7511.0000 5
4510.0000 7
6889.0000 11
9152.0000 6
4316.0000 5
4939.0000 9
2361.0000 8
1499.0000 12
7301.0000 7
4039.0000 5
2821.0000 9
913.0000 8
1616.0000 9
9853.0000 9
1172.0000 7
9443.0000 8
9240.0000 8
4899.0000 6
11211.0000 5
3382.0000 5
121.0000 6
4610.0000 5
9257.0000 7
3509.0000 7
1958.0000 9
7368.0000 6
1235.0000 8
4675.0000 7
10557.0000 5
5394.0000 9
8272.0000 5
1329.0000 8
4310.0000 7
3898.0000 6
6634.0000 7
2878.0000 13
3590.0000 5
1538.0000 10
11592.0000 11
1544.0000 6
4529.0000 8
3067.0000 7
7965.0000 10
2383.0000 10
1551.0000 7
87.0000 5
9473.0000 6
1755.0000 6
4545.0000 8
4638.0000 5
6434.0000 7
7232.0000 7
1185.0000 10
8743.0000 8
9501.0000 8
4568.0000 10
5704.0000 8
6450.0000 6
6194.0000 7
2191.0000 7
283.0000 10
2426.0000 9
7605.0000 10
1217.0000 6
4682.0000 9
5585.0000 8
1929.0000 8
5307.0000 8
4465.0000 11
4469.0000 8
3787.0000 12
1493.0000 4
4481.0000 7
1253.0000 5
7585.0000 11
1259.0000 5
7969.0000 5
1925.0000 9
3163.0000 11
78.0000 4
1427.0000 3
4668.0000 6
11424.0000 8
9974.0000 4
4008.0000 9
11901.0000 9
5864.0000 4
4638.0000 9
4323.0000 5
2515.0000 8
2749.0000 6
3317.0000 6
4117.0000 10
8972.0000 11
1964.0000 7
4121.0000 9
1831.0000 2
8.0000 2
9.0000 3
13805.0000 7
12.0000 2
1602.0000 6
23.0000 3
8152.0000 4
7939.0000 6
35.0000 5
2217.0000 5
44.0000 5
3728.0000 13
47.0000 5
3728.0000 4
49.0000 4
52.0000 5
53.0000 5
54.0000 4
54.0000 6
55.0000 8
55.0000 7
56.0000 3
60.0000 3
60.0000 5
61.0000 5
64.0000 3
65.0000 5
65.0000 6
3749.0000 3
71.0000 5
71.0000 8
71.0000 6
73.0000 6
73.0000 3
74.0000 5
74.0000 5
75.0000 3
76.0000 2
77.0000 5
77.0000 6
78.0000 5
78.0000 5
78.0000 5
79.0000 8
79.0000 4
80.0000 8
83.0000 8
84.0000 5
4798.0000 5
85.0000 8
85.0000 4
85.0000 5
86.0000 8
86.0000 5
86.0000 7
4906.0000 6
89.0000 3
89.0000 5
90.0000 7
90.0000 8
11485.0000 10
93.0000 4
95.0000 5
96.0000 6
98.0000 6
99.0000 6
1938.0000 4
101.0000 6
101.0000 7
101.0000 4
11672.0000 9
103.0000 6
103.0000 7
107.0000 3
107.0000 8
2917.0000 6
108.0000 5
108.0000 7
111.0000 5
111.0000 6
2688.0000 11
121.0000 4
121.0000 6
121.0000 7
123.0000 4
9535.0000 8
125.0000 7
130.0000 6
132.0000 6
7910.0000 5
136.0000 6
137.0000 4
138.0000 5
139.0000 7
140.0000 7
9282.0000 9
142.0000 5
144.0000 6
2320.0000 9
146.0000 8
10253.0000 8
6730.0000 9
150.0000 8
3832.0000 15
155.0000 7
155.0000 4
157.0000 11
4976.0000 9
159.0000 6
4197.0000 5
163.0000 6
4739.0000 6
5431.0000 12
7266.0000 10
3858.0000 7
179.0000 4
13424.0000 6
5847.0000 7
42.0000 5
43.0000 5
7527.0000 8
48.0000 4
7666.0000 10
51.0000 4
52.0000 4
3689.0000 8
9607.0000 7
201.0000 6
202.0000 7
63.0000 6
1789.0000 6
64.0000 5
4920.0000 8
66.0000 6
3247.0000 4
1660.0000 13
68.0000 6
2392.0000 3
8130.0000 6
7852.0000 7
13122.0000 8
83.0000 6
84.0000 6
84.0000 6
84.0000 5
9037.0000 10
8495.0000 6
88.0000 5
89.0000 6
4619.0000 7
4946.0000 15
5897.0000 9
92.0000 6
92.0000 5
93.0000 5
2409.0000 11
7325.0000 12
95.0000 5
2814.0000 8
9650.0000 8
99.0000 6
8154.0000 9
102.0000 6
8157.0000 9
104.0000 5
104.0000 5
104.0000 6
105.0000 7
105.0000 6
3055.0000 4
248.0000 9
107.0000 4
3930.0000 4
109.0000 7
110.0000 6
110.0000 7
3585.0000 6
2230.0000 12
6199.0000 8
1707.0000 12
9667.0000 9
3065.0000 4
117.0000 6
119.0000 6
119.0000 5
120.0000 7
121.0000 4
122.0000 6
122.0000 4
122.0000 5
11658.0000 7
9252.0000 6
124.0000 4
126.0000 6
6211.0000 10
126.0000 6
3950.0000 4
130.0000 6
271.0000 9
131.0000 4
1724.0000 5
131.0000 6
1724.0000 12
131.0000 7
132.0000 6
8048.0000 5
4987.0000 7
136.0000 7
11216.0000 7
140.0000 6
140.0000 6
142.0000 7
143.0000 7
145.0000 3
4421.0000 9
147.0000 6
7129.0000 7
149.0000 4
152.0000 7
154.0000 6
155.0000 6
157.0000 8
3339.0000 7
5014.0000 7
160.0000 4
161.0000 6
8079.0000 8
163.0000 7
163.0000 7
165.0000 4
165.0000 6
167.0000 8
169.0000 5
1895.0000 5
2599.0000 4
171.0000 5
172.0000 4
9831.0000 6
176.0000 4
177.0000 6
11255.0000 9
12345.0000 8
179.0000 5
180.0000 9
181.0000 8
183.0000 7
184.0000 5
187.0000 4
193.0000 5
195.0000 7
3835.0000 4
200.0000 8
6007.0000 7
2320.0000 7
8614.0000 4
209.0000 6
209.0000 8
7196.0000 6
216.0000 9
6021.0000 3
5188.0000 8
2952.0000 7
7218.0000 9
1967.0000 11
5204.0000 9
4422.0000 4
1847.0000 7
73.0000 8
8180.0000 5
11343.0000 9
6354.0000 8
272.0000 8
2255.0000 5
2255.0000 10
12106.0000 8
277.0000 9
280.0000 7
6092.0000 6
4110.0000 9
8064.0000 6
10628.0000 4
13562.0000 4
7919.0000 5
8358.0000 14
304.0000 6
6000.0000 11
2030.0000 5
13349.0000 7
11384.0000 8
5269.0000 11
1905.0000 5
312.0000 6
11850.0000 7
11393.0000 7
974.0000 8
13591.0000 5
336.0000 7
12348.0000 6
739.0000 10
1448.0000 10
3072.0000 8
6054.0000 6
4191.0000 5
8298.0000 9
7105.0000 5
5484.0000 7
13651.0000 10
8004.0000 5
10637.0000 8
4025.0000 12
3574.0000 7
129.0000 9
4932.0000 7
2526.0000 10
6646.0000 11
8946.0000 4
6110.0000 7
4693.0000 9
3370.0000 7
6661.0000 9
1087.0000 12
10546.0000 4
3161.0000 15
3923.0000 12
10560.0000 4
8519.0000 5
6168.0000 6
2066.0000 11
5009.0000 6
24.0000 5
4840.0000 5
7301.0000 6
5986.0000 10
2313.0000 4
13632.0000 6
2908.0000 4
4230.0000 4
6408.0000 7
2197.0000 9
10648.0000 8
6309.0000 7
5722.0000 9
92.0000 4
4264.0000 5
2946.0000 9
5593.0000 7
102.0000 8
5825.0000 6
13612.0000 10
9771.0000 6
2237.0000 6
9183.0000 10
6347.0000 8
14592.0000 6
2974.0000 8
127.0000 7
127.0000 6
5190.0000 9
10699.0000 8
11744.0000 8
136.0000 6
136.0000 9
142.0000 9
8297.0000 6
7912.0000 5
150.0000 8
150.0000 9
2803.0000 11
1785.0000 10
1345.0000 6
698.0000 8
10736.0000 7
2427.0000 6
3425.0000 5
9663.0000 5
178.0000 9
182.0000 6
193.0000 8
195.0000 8
2845.0000 10
1127.0000 5
11408.0000 9
8229.0000 6
3062.0000 9
215.0000 9
11825.0000 7
8813.0000 13
128.0000 6
8888.0000 7
241.0000 7
6470.0000 10
12312.0000 10
12946.0000 9
923.0000 5
7765.0000 10
5884.0000 6
258.0000 9
12067.0000 4
11887.0000 7
2408.0000 9
5679.0000 9
1212.0000 10
8056.0000 7
5787.0000 3
5118.0000 3
2438.0000 4
9407.0000 4
6969.0000 6
1274.0000 9
12721.0000 11
6611.0000 5
11253.0000 4
10204.0000 9
8979.0000 8
2254.0000 11
3372.0000 7
13189.0000 9
5251.0000 5
129.0000 6
8761.0000 9
5262.0000 10
5165.0000 4
13442.0000 7
5205.0000 7
12111.0000 11
7816.0000 8
13805.0000 7
1769.0000 12
1123.0000 6
17.0000 4
4078.0000 8
4080.0000 5
2727.0000 9
33.0000 4
33.0000 2
8918.0000 7
2871.0000 6
41.0000 3
2745.0000 6
11401.0000 5
45.0000 4
46.0000 4
48.0000 3
1544.0000 7
52.0000 5
5337.0000 9
3148.0000 6
12245.0000 6
61.0000 4
62.0000 3
7685.0000 7
9232.0000 12
8162.0000 10
6877.0000 9
1834.0000 6
76.0000 5
2098.0000 6
79.0000 4
5461.0000 8
11856.0000 10
84.0000 5
86.0000 6
87.0000 5
90.0000 5
90.0000 2
94.0000 6
95.0000 4
96.0000 6
97.0000 3
98.0000 5
100.0000 8
100.0000 6
101.0000 5
102.0000 8
103.0000 5
104.0000 4
5387.0000 6
105.0000 3
108.0000 6
108.0000 5
108.0000 9
114.0000 4
115.0000 6
9342.0000 9
4174.0000 6
117.0000 8
117.0000 6
117.0000 5
118.0000 3
118.0000 6
12304.0000 6
120.0000 8
6923.0000 5
121.0000 8
122.0000 6
123.0000 8
9285.0000 11
124.0000 6
124.0000 6
6928.0000 6
125.0000 6
8464.0000 7
126.0000 8
127.0000 4
128.0000 4
133.0000 6
133.0000 4
134.0000 7
135.0000 4
139.0000 8
9303.0000 9
2842.0000 6
142.0000 8
143.0000 5
1638.0000 6
145.0000 3
2575.0000 7
146.0000 5
1643.0000 6
150.0000 5
6113.0000 4
150.0000 8
153.0000 7
154.0000 6
157.0000 8
9181.0000 6
158.0000 4
159.0000 6
160.0000 5
163.0000 5
3388.0000 10
164.0000 6
166.0000 4
167.0000 8
3994.0000 3
171.0000 6
172.0000 7
174.0000 6
5459.0000 10
177.0000 6
185.0000 6
4474.0000 9
186.0000 6
1684.0000 10
10957.0000 3
2395.0000 12
194.0000 4
197.0000 4
200.0000 5
206.0000 6
208.0000 7
209.0000 6
5142.0000 7
1132.0000 9
214.0000 6
215.0000 8
219.0000 5
222.0000 7
222.0000 5
222.0000 6
225.0000 5
230.0000 6
3318.0000 8
230.0000 7
231.0000 6
9259.0000 7
237.0000 7
243.0000 6
247.0000 6
263.0000 7
265.0000 7
270.0000 3
4334.0000 6
286.0000 5
9169.0000 11
8121.0000 8
6283.0000 11
9485.0000 10
2347.0000 6
7130.0000 5
7523.0000 8
12974.0000 9
8672.0000 12
7250.0000 8
1262.0000 3
2554.0000 6
5283.0000 11
1274.0000 8
9080.0000 4
95.0000 5
4659.0000 7
6579.0000 9
2135.0000 7
4204.0000 7
9544.0000 9
1303.0000 6
3218.0000 5
6458.0000 7
2157.0000 10
11063.0000 3
2089.0000 6
3691.0000 5
4050.0000 11
3462.0000 6
11986.0000 10
3333.0000 13
9518.0000 6
3066.0000 6
11856.0000 8
7442.0000 6
12834.0000 7
3354.0000 7
9881.0000 5
99.0000 2
4486.0000 13
7469.0000 6
121.0000 3
2178.0000 10
128.0000 4
1263.0000 6
6758.0000 9
11351.0000 9
7201.0000 11
138.0000 3
139.0000 3
2457.0000 4
144.0000 3
1280.0000 5
8793.0000 5
148.0000 3
149.0000 3
156.0000 3
156.0000 4
157.0000 5
7909.0000 8
159.0000 3
160.0000 3
160.0000 5
161.0000 3
8548.0000 6
162.0000 2
163.0000 4
5652.0000 4
164.0000 4
164.0000 3
164.0000 5
165.0000 6
167.0000 4
167.0000 5
170.0000 4
176.0000 4
176.0000 7
177.0000 6
178.0000 3
180.0000 4
180.0000 4
180.0000 4
181.0000 6
182.0000 4
183.0000 3
184.0000 5
186.0000 3
190.0000 4
7661.0000 7
190.0000 5
190.0000 4
191.0000 2
193.0000 4
194.0000 4
198.0000 5
198.0000 4
199.0000 6
200.0000 4
200.0000 4
201.0000 2
201.0000 3
202.0000 4
9354.0000 9
205.0000 5
205.0000 3
209.0000 3
209.0000 5
209.0000 4
210.0000 5
210.0000 4
211.0000 2
213.0000 3
215.0000 2
216.0000 6
218.0000 4
218.0000 3
4836.0000 5
222.0000 4
223.0000 5
223.0000 4
223.0000 5
224.0000 4
225.0000 4
225.0000 4
226.0000 3
227.0000 4
231.0000 3
231.0000 5
232.0000 4
232.0000 5
233.0000 3
233.0000 5
233.0000 4
235.0000 4
236.0000 5
237.0000 6
238.0000 5
2816.0000 9
241.0000 4
242.0000 3
1719.0000 7
243.0000 5
245.0000 4
247.0000 3
2828.0000 6
252.0000 2
252.0000 4
5555.0000 8
254.0000 5
254.0000 4
254.0000 6
255.0000 3
257.0000 6
258.0000 5
259.0000 5
261.0000 4
261.0000 3
267.0000 5
268.0000 3
269.0000 6
269.0000 4
272.0000 6
273.0000 5
274.0000 6
280.0000 3
284.0000 4
286.0000 6
287.0000 4
287.0000 3
288.0000 8
290.0000 6
1693.0000 10
300.0000 4
1700.0000 4
304.0000 3
309.0000 4
311.0000 8
1710.0000 8
315.0000 7
320.0000 6
5627.0000 11
3586.0000 10
330.0000 6
331.0000 5
347.0000 4
351.0000 5
354.0000 3
1833.0000 10
357.0000 6
358.0000 4
359.0000 5
362.0000 7
4750.0000 6
373.0000 5
374.0000 7
3366.0000 7
380.0000 7
3639.0000 6
383.0000 7
6763.0000 4
12086.0000 9
2437.0000 5
2052.0000 7
6119.0000 10
7862.0000 9
8146.0000 4
2454.0000 5
10124.0000 12
405.0000 7
9561.0000 5
414.0000 7
148.0000 6
4820.0000 7
13124.0000 5
13206.0000 8
13207.0000 9
3725.0000 5
30.0000 4
9117.0000 11
471.0000 4
39.0000 5
3236.0000 12
3466.0000 8
13226.0000 8
48.0000 4
52.0000 5
68.0000 5
72.0000 4
74.0000 5
79.0000 7
80.0000 6
81.0000 5
82.0000 6
83.0000 7
86.0000 6
88.0000 8
90.0000 5
97.0000 7
99.0000 5
101.0000 6
102.0000 6
102.0000 8
103.0000 6
108.0000 6
108.0000 8
109.0000 9
110.0000 5
112.0000 8
112.0000 5
112.0000 7
113.0000 9
113.0000 8
113.0000 5
117.0000 5
5402.0000 7
120.0000 8
121.0000 7
121.0000 10
121.0000 5
12260.0000 8
123.0000 6
125.0000 6
127.0000 7
4346.0000 8
1592.0000 9
130.0000 10
132.0000 8
135.0000 5
139.0000 9
140.0000 7
141.0000 8
143.0000 7
4225.0000 8
145.0000 8
7943.0000 7
149.0000 7
150.0000 5
152.0000 6
152.0000 7
154.0000 8
156.0000 10
16195.0000 6
7116.0000 9
160.0000 7
163.0000 11
163.0000 6
164.0000 8
165.0000 6
167.0000 9
2659.0000 10
6335.0000 7
179.0000 8
181.0000 7
187.0000 10
187.0000 7
189.0000 8
189.0000 6
190.0000 7
192.0000 5
195.0000 9
195.0000 7
3406.0000 11
219.0000 8
6393.0000 10
1803.0000 4
7742.0000 12
250.0000 8
257.0000 7
263.0000 7
268.0000 7
282.0000 11
62.0000 4
110.0000 5
112.0000 4
128.0000 4
135.0000 5
146.0000 4
147.0000 6
148.0000 6
149.0000 5
150.0000 4
155.0000 5
155.0000 6
155.0000 6
159.0000 4
162.0000 5
166.0000 5
174.0000 4
176.0000 5
179.0000 5
181.0000 6
183.0000 6
185.0000 5
186.0000 6
189.0000 5
193.0000 6
194.0000 8
195.0000 6
196.0000 4
197.0000 7
198.0000 5
198.0000 8
199.0000 8
199.0000 6
200.0000 6
200.0000 8
201.0000 7
203.0000 7
203.0000 9
204.0000 6
205.0000 5
205.0000 7
206.0000 9
207.0000 4
209.0000 6
6051.0000 5
211.0000 7
211.0000 7
212.0000 6
212.0000 7
212.0000 7
2392.0000 8
214.0000 6
8277.0000 5
7111.0000 7
216.0000 7
219.0000 5
220.0000 7
220.0000 6
225.0000 6
226.0000 7
227.0000 5
228.0000 8
10650.0000 8
230.0000 7
231.0000 7
233.0000 6
233.0000 10
4326.0000 9
7129.0000 8
235.0000 7
12941.0000 12
240.0000 6
241.0000 7
249.0000 9
255.0000 7
255.0000 8
3720.0000 8
262.0000 5
262.0000 7
264.0000 7
268.0000 7
274.0000 6
275.0000 9
2652.0000 5
8465.0000 8
3760.0000 8
2135.0000 8
12226.0000 8
4794.0000 5
320.0000 5
2053.0000 8
6515.0000 6
11826.0000 7
10753.0000 8
332.0000 5
4297.0000 11
71.0000 6
7817.0000 4
12003.0000 7
361.0000 6
3146.0000 12
7035.0000 4
13839.0000 7
4092.0000 9
3888.0000 14
5912.0000 8
79.0000 5
15729.0000 9
2401.0000 4
8233.0000 9
13297.0000 7
4374.0000 10
4149.0000 9
4153.0000 12
7128.0000 6
13102.0000 8
8875.0000 9
15771.0000 14
2439.0000 8
3992.0000 7
4179.0000 6
1987.0000 6
7160.0000 7
11843.0000 6
3113.0000 8
2592.0000 6
3799.0000 11
2514.0000 6
7215.0000 6
2968.0000 4
2970.0000 9
2630.0000 10
16837.0000 5
3554.0000 6
14711.0000 13
8142.0000 9
102.0000 5
6835.0000 9
16247.0000 8
3210.0000 8
4535.0000 12
5198.0000 7
12173.0000 9
3228.0000 8
13484.0000 8
3053.0000 6
14320.0000 8
6424.0000 5
3899.0000 3
7310.0000 7
10735.0000 5
7076.0000 5
3254.0000 7
7086.0000 5
6214.0000 8
2732.0000 10
11384.0000 5
3654.0000 4
2646.0000 4
4616.0000 8
279.0000 8
3313.0000 7
4411.0000 12
6.0000 3
20.0000 3
21.0000 4
24.0000 4
34.0000 5
40.0000 3
41.0000 5
41.0000 5
43.0000 5
47.0000 5
49.0000 4
50.0000 5
52.0000 5
52.0000 4
53.0000 5
54.0000 5
54.0000 6
55.0000 4
56.0000 6
56.0000 5
57.0000 6
57.0000 7
59.0000 9
60.0000 6
61.0000 5
61.0000 7
62.0000 3
62.0000 6
63.0000 5
64.0000 4
66.0000 3
66.0000 6
66.0000 5
70.0000 7
72.0000 6
72.0000 7
75.0000 6
77.0000 6
79.0000 7
80.0000 5
83.0000 3
85.0000 5
87.0000 7
88.0000 8
88.0000 5
90.0000 3
90.0000 4
9520.0000 7
91.0000 7
11491.0000 8
9673.0000 7
94.0000 6
96.0000 6
15609.0000 11
98.0000 7
99.0000 9
99.0000 5
99.0000 7
8299.0000 7
100.0000 5
101.0000 4
101.0000 7
101.0000 6
9144.0000 7
108.0000 8
108.0000 10
108.0000 5
109.0000 5
113.0000 6
114.0000 9
16502.0000 7
115.0000 7
115.0000 7
118.0000 6
119.0000 10
122.0000 10
125.0000 6
126.0000 6
8870.0000 8
128.0000 8
9559.0000 10
129.0000 6
130.0000 6
132.0000 7
132.0000 6
134.0000 7
8334.0000 8
135.0000 6
138.0000 10
140.0000 7
5079.0000 7
142.0000 7
144.0000 6
144.0000 7
144.0000 8
145.0000 5
146.0000 10
146.0000 4
4143.0000 7
147.0000 6
148.0000 7
149.0000 7
149.0000 5
149.0000 7
2640.0000 7
159.0000 5
161.0000 7
2870.0000 5
172.0000 8
177.0000 5
179.0000 6
182.0000 7
184.0000 8
189.0000 6
16505.0000 9
191.0000 5
193.0000 6
193.0000 7
195.0000 8
197.0000 11
10524.0000 7
2170.0000 5
203.0000 7
204.0000 6
2694.0000 7
205.0000 6
4208.0000 7
219.0000 6
236.0000 6
239.0000 6
5704.0000 8
244.0000 7
7869.0000 3
3406.0000 8
254.0000 6
255.0000 6
11.0000 2
267.0000 6
18.0000 2
3092.0000 7
28.0000 3
59.0000 4
61.0000 5
64.0000 5
64.0000 7
69.0000 4
69.0000 3
74.0000 6
75.0000 4
75.0000 5
77.0000 6
2303.0000 5
78.0000 6
79.0000 6
80.0000 6
14758.0000 7
83.0000 6
84.0000 4
84.0000 5
85.0000 6
86.0000 7
86.0000 6
89.0000 6
89.0000 7
5283.0000 13
94.0000 5
94.0000 6
94.0000 5
96.0000 6
99.0000 7
99.0000 5
101.0000 3
101.0000 8
103.0000 6
105.0000 7
106.0000 6
107.0000 7
107.0000 4
108.0000 7
108.0000 8
108.0000 5
109.0000 6
110.0000 6
2338.0000 7
120.0000 7
120.0000 8
121.0000 4
122.0000 5
123.0000 5
125.0000 4
5318.0000 7
127.0000 7
129.0000 7
130.0000 7
130.0000 7
132.0000 7
132.0000 7
133.0000 6
134.0000 9
136.0000 5
137.0000 7
138.0000 7
141.0000 5
142.0000 4
144.0000 5
4398.0000 7
149.0000 7
149.0000 7
2376.0000 7
7813.0000 7
5479.0000 5
154.0000 6
157.0000 4
163.0000 10
163.0000 9
165.0000 7
166.0000 4
171.0000 7
172.0000 5
172.0000 5
176.0000 6
181.0000 7
16484.0000 8
189.0000 9
191.0000 6
194.0000 6
198.0000 9
201.0000 6
206.0000 8
213.0000 9
220.0000 9
241.0000 7
255.0000 5
261.0000 6
264.0000 7
6207.0000 4
15431.0000 9
13460.0000 8
2537.0000 6
9721.0000 10
5642.0000 4
4840.0000 7
10663.0000 7
126.0000 6
averageTime:2969.1960784313724  averageHopCount:6.74260815437286
