5.0000 0.0000 0.0000
10.0000 0.0000 0.0000
15.0000 0.0000 0.0000
20.0000 0.0000 0.0000
25.0000 0.0000 0.0000
30.0000 0.0000 0.0000
35.0000 0.0000 0.0000
40.0000 0.0000 0.0000
45.0000 0.0000 0.0000
50.0000 0.0000 0.0000
55.0000 0.0000 0.0000
60.0000 0.0000 0.0000
65.0000 0.0000 0.0000
70.0000 0.0000 0.0000
75.0000 0.0000 0.0000
80.0000 0.0000 0.0000
85.0000 0.0002 0.0000
90.0000 0.0004 0.0000
95.0000 0.0009 0.0000
100.0000 0.0011 0.0000
105.0000 0.0011 0.0000
110.0000 0.0011 0.0000
115.0000 0.0011 0.0000
120.0000 0.0011 0.0000
125.0000 0.0013 0.0000
130.0000 0.0014 0.0000
135.0000 0.0014 0.0000
140.0000 0.0014 0.0000
145.0000 0.0018 0.0000
150.0000 0.0023 0.0000
155.0000 0.0029 0.0000
160.0000 0.0032 0.0000
165.0000 0.0034 0.0000
170.0000 0.0038 0.0000
175.0000 0.0050 0.0000
180.0000 0.0065 0.0000
185.0000 0.0092 0.0000
190.0000 0.0113 0.0000
195.0000 0.0131 0.0000
200.0000 0.0165 0.0000
205.0000 0.0226 0.0000
210.0000 0.0397 0.0002
215.0000 0.0532 0.0003
220.0000 0.0564 0.0003
225.0000 0.0658 0.0004
230.0000 0.0715 0.0004
235.0000 0.0776 0.0005
240.0000 0.0878 0.0005
245.0000 0.0894 0.0005
250.0000 0.0942 0.0006
255.0000 0.1029 0.0006
260.0000 0.1118 0.0007
265.0000 0.1237 0.0008
270.0000 0.1356 0.0009
275.0000 0.1357 0.0009
280.0000 0.1399 0.0009
285.0000 0.1447 0.0010
290.0000 0.1463 0.0010
295.0000 0.1471 0.0010
300.0000 0.1472 0.0010
305.0000 0.1478 0.0010
310.0000 0.1589 0.0011
315.0000 0.1601 0.0011
320.0000 0.1602 0.0011
325.0000 0.1602 0.0011
330.0000 0.1606 0.0011
335.0000 0.1611 0.0011
340.0000 0.1613 0.0011
345.0000 0.1615 0.0011
350.0000 0.1617 0.0011
355.0000 0.1623 0.0011
360.0000 0.1624 0.0010
365.0000 0.1624 0.0010
370.0000 0.1626 0.0010
375.0000 0.1630 0.0010
380.0000 0.1634 0.0010
385.0000 0.1678 0.0012
390.0000 0.1682 0.0012
395.0000 0.1684 0.0012
400.0000 0.1694 0.0012
405.0000 0.1742 0.0013
410.0000 0.1750 0.0013
415.0000 0.1753 0.0013
420.0000 0.1759 0.0013
425.0000 0.1806 0.0014
430.0000 0.1906 0.0017
435.0000 0.1928 0.0017
440.0000 0.2065 0.0020
445.0000 0.2191 0.0024
450.0000 0.2402 0.0030
455.0000 0.2440 0.0030
460.0000 0.2535 0.0033
465.0000 0.2709 0.0037
470.0000 0.2789 0.0038
475.0000 0.2899 0.0041
480.0000 0.2930 0.0040
485.0000 0.2977 0.0040
490.0000 0.2996 0.0040
495.0000 0.3018 0.0040
500.0000 0.3110 0.0042
505.0000 0.3116 0.0042
510.0000 0.3139 0.0042
515.0000 0.3155 0.0042
520.0000 0.3165 0.0042
525.0000 0.3184 0.0042
530.0000 0.3234 0.0043
535.0000 0.3321 0.0045
540.0000 0.3331 0.0045
545.0000 0.3337 0.0045
550.0000 0.3348 0.0045
555.0000 0.3352 0.0045
560.0000 0.3356 0.0045
565.0000 0.3358 0.0045
570.0000 0.3360 0.0045
575.0000 0.3364 0.0045
580.0000 0.3366 0.0045
585.0000 0.3368 0.0045
590.0000 0.3368 0.0045
595.0000 0.3368 0.0045
600.0000 0.3368 0.0045
605.0000 0.3372 0.0045
610.0000 0.3372 0.0045
615.0000 0.3374 0.0045
620.0000 0.3434 0.0049
625.0000 0.3498 0.0053
630.0000 0.3689 0.0064
635.0000 0.3771 0.0068
640.0000 0.3854 0.0070
645.0000 0.3917 0.0072
650.0000 0.4067 0.0080
655.0000 0.4153 0.0082
660.0000 0.4299 0.0089
665.0000 0.4591 0.0105
670.0000 0.4613 0.0105
675.0000 0.4694 0.0107
680.0000 0.4737 0.0107
685.0000 0.4939 0.0121
690.0000 0.5095 0.0129
695.0000 0.5204 0.0133
700.0000 0.5374 0.0143
705.0000 0.5695 0.0160
710.0000 0.5815 0.0163
715.0000 0.6192 0.0189
720.0000 0.6309 0.0194
725.0000 0.6377 0.0193
730.0000 0.6451 0.0193
735.0000 0.6618 0.0200
740.0000 0.6760 0.0203
745.0000 0.7111 0.0224
750.0000 0.7378 0.0242
755.0000 0.7518 0.0251
760.0000 0.7609 0.0255
765.0000 0.7664 0.0255
770.0000 0.7746 0.0258
775.0000 0.7919 0.0270
780.0000 0.8140 0.0292
785.0000 0.8325 0.0310
790.0000 0.8439 0.0318
795.0000 0.8514 0.0322
800.0000 0.8625 0.0331
805.0000 0.8655 0.0331
810.0000 0.8738 0.0334
815.0000 0.8816 0.0338
820.0000 0.8855 0.0338
825.0000 0.8983 0.0346
830.0000 0.9012 0.0346
835.0000 0.9053 0.0345
840.0000 0.9167 0.0354
845.0000 0.9322 0.0366
850.0000 0.9354 0.0366
855.0000 0.9377 0.0366
860.0000 0.9443 0.0370
865.0000 0.9502 0.0374
870.0000 0.9569 0.0378
875.0000 0.9589 0.0377
880.0000 0.9647 0.0382
885.0000 0.9664 0.0381
890.0000 0.9682 0.0381
895.0000 0.9684 0.0381
900.0000 0.9693 0.0381
905.0000 0.9701 0.0381
910.0000 0.9711 0.0381
915.0000 0.9718 0.0381
920.0000 0.9724 0.0381
925.0000 0.9734 0.0380
930.0000 0.9744 0.0380
935.0000 0.9744 0.0380
940.0000 0.9788 0.0385
945.0000 0.9827 0.0389
950.0000 0.9829 0.0389
955.0000 0.9829 0.0389
960.0000 0.9829 0.0389
965.0000 0.9838 0.0389
970.0000 0.9840 0.0389
975.0000 0.9840 0.0389
980.0000 0.9842 0.0389
985.0000 0.9847 0.0389
990.0000 0.9953 0.0403
995.0000 1.0070 0.0416
1000.0000 1.0111 0.0421
1005.0000 1.0153 0.0426
1010.0000 1.0261 0.0439
1015.0000 1.0268 0.0439
1020.0000 1.0315 0.0444
1025.0000 1.0396 0.0453
1030.0000 1.0441 0.0457
1035.0000 1.0460 0.0457
1040.0000 1.0484 0.0457
1045.0000 1.0494 0.0457
1050.0000 1.0614 0.0470
1055.0000 1.0701 0.0479
1060.0000 1.0732 0.0479
1065.0000 1.0788 0.0483
1070.0000 1.0859 0.0487
1075.0000 1.1029 0.0505
1080.0000 1.1150 0.0519
1085.0000 1.1213 0.0523
1090.0000 1.1230 0.0523
1095.0000 1.1327 0.0532
1100.0000 1.1406 0.0536
1105.0000 1.1532 0.0549
1110.0000 1.1564 0.0549
1115.0000 1.1594 0.0548
1120.0000 1.1679 0.0557
1125.0000 1.1709 0.0557
1130.0000 1.1805 0.0566
1135.0000 1.1829 0.0565
1140.0000 1.1857 0.0565
1145.0000 1.1938 0.0574
1150.0000 1.2079 0.0592
1155.0000 1.2270 0.0620
1160.0000 1.2466 0.0648
1165.0000 1.2612 0.0666
1170.0000 1.2643 0.0666
1175.0000 1.2724 0.0675
1180.0000 1.2839 0.0683
1185.0000 1.2876 0.0682
1190.0000 1.2911 0.0682
1195.0000 1.3011 0.0693
1200.0000 1.3354 0.0747
1205.0000 1.3460 0.0755
1210.0000 1.3516 0.0754
1215.0000 1.3567 0.0754
1220.0000 1.3839 0.0795
1225.0000 1.4005 0.0816
1230.0000 1.4088 0.0824
1235.0000 1.4237 0.0842
1240.0000 1.4335 0.0850
1245.0000 1.4622 0.0891
1250.0000 1.4734 0.0902
1255.0000 1.4775 0.0902
1260.0000 1.4866 0.0913
1265.0000 1.4947 0.0924
1270.0000 1.4984 0.0924
1275.0000 1.5014 0.0923
1280.0000 1.5062 0.0922
1285.0000 1.5086 0.0922
1290.0000 1.5127 0.0921
1295.0000 1.5161 0.0920
1300.0000 1.5297 0.0944
1305.0000 1.5327 0.0943
1310.0000 1.5345 0.0943
1315.0000 1.5379 0.0942
1320.0000 1.5433 0.0941
1325.0000 1.5602 0.0966
1330.0000 1.5695 0.0977
1335.0000 1.5729 0.0976
1340.0000 1.5823 0.0988
1345.0000 1.5876 0.0986
1350.0000 1.6152 0.1035
1355.0000 1.6500 0.1095
1360.0000 1.6666 0.1120
1365.0000 1.6831 0.1147
1370.0000 1.6879 0.1146
1375.0000 1.7088 0.1181
1380.0000 1.7614 0.1283
1385.0000 1.7843 0.1316
1390.0000 1.7999 0.1336
1395.0000 1.8258 0.1373
1400.0000 1.8480 0.1409
1405.0000 1.8709 0.1451
1410.0000 1.9027 0.1517
1415.0000 1.9284 0.1560
1420.0000 1.9437 0.1582
1425.0000 1.9489 0.1580
1430.0000 1.9540 0.1579
1435.0000 1.9670 0.1601
1440.0000 1.9759 0.1614
1445.0000 1.9820 0.1613
1450.0000 1.9858 0.1612
1455.0000 1.9953 0.1629
1460.0000 2.0159 0.1674
1465.0000 2.0349 0.1715
1470.0000 2.0378 0.1714
1475.0000 2.0433 0.1722
1480.0000 2.0531 0.1740
1485.0000 2.0631 0.1757
1490.0000 2.0681 0.1766
1495.0000 2.0695 0.1766
1500.0000 2.0729 0.1765
1505.0000 2.0827 0.1782
1510.0000 2.0860 0.1781
1515.0000 2.0874 0.1781
1520.0000 2.0973 0.1798
1525.0000 2.0994 0.1798
1530.0000 2.1022 0.1797
1535.0000 2.1039 0.1796
1540.0000 2.1046 0.1796
1545.0000 2.1050 0.1796
1550.0000 2.1055 0.1796
1555.0000 2.1063 0.1796
1560.0000 2.1070 0.1796
1565.0000 2.1073 0.1796
1570.0000 2.1084 0.1795
1575.0000 2.1090 0.1795
1580.0000 2.1090 0.1795
1585.0000 2.1100 0.1795
1590.0000 2.1104 0.1795
1595.0000 2.1111 0.1794
1600.0000 2.1119 0.1794
1605.0000 2.1126 0.1794
1610.0000 2.1135 0.1794
1615.0000 2.1146 0.1794
1620.0000 2.1157 0.1793
1625.0000 2.1173 0.1793
1630.0000 2.1180 0.1793
1635.0000 2.1223 0.1801
1640.0000 2.1269 0.1809
1645.0000 2.1285 0.1809
1650.0000 2.1333 0.1817
1655.0000 2.1357 0.1816
1660.0000 2.1376 0.1816
1665.0000 2.1476 0.1843
1670.0000 2.1560 0.1859
1675.0000 2.1766 0.1910
1680.0000 2.1852 0.1927
1685.0000 2.1932 0.1943
1690.0000 2.1956 0.1943
1695.0000 2.2064 0.1968
1700.0000 2.2174 0.1993
1705.0000 2.2196 0.1992
1710.0000 2.2233 0.2001
1715.0000 2.2283 0.2009
1720.0000 2.2322 0.2017
1725.0000 2.2392 0.2034
1730.0000 2.2400 0.2034
1735.0000 2.2412 0.2033
1740.0000 2.2494 0.2051
1745.0000 2.2513 0.2051
1750.0000 2.2570 0.2058
1755.0000 2.2662 0.2076
1760.0000 2.2752 0.2094
1765.0000 2.2779 0.2093
1770.0000 2.2802 0.2092
1775.0000 2.3028 0.2146
1780.0000 2.3207 0.2181
1785.0000 2.3375 0.2216
1790.0000 2.3543 0.2252
1795.0000 2.3645 0.2269
1800.0000 2.3763 0.2285
1805.0000 2.3892 0.2302
1810.0000 2.4235 0.2392
1815.0000 2.4295 0.2390
1820.0000 2.4458 0.2425
1825.0000 2.4677 0.2481
1830.0000 2.4724 0.2479
1835.0000 2.4955 0.2532
1840.0000 2.5046 0.2549
1845.0000 2.5077 0.2548
1850.0000 2.5099 0.2547
1855.0000 2.5139 0.2546
1860.0000 2.5213 0.2564
1865.0000 2.5255 0.2563
1870.0000 2.5289 0.2561
1875.0000 2.5326 0.2560
1880.0000 2.5355 0.2559
1885.0000 2.5399 0.2558
1890.0000 2.5553 0.2598
1895.0000 2.5617 0.2611
1900.0000 2.5736 0.2637
1905.0000 2.5900 0.2676
1910.0000 2.6016 0.2704
1915.0000 2.6191 0.2743
1920.0000 2.6257 0.2756
1925.0000 2.6340 0.2768
1930.0000 2.6489 0.2808
1935.0000 2.6520 0.2807
1940.0000 2.6571 0.2820
1945.0000 2.6641 0.2833
1950.0000 2.6752 0.2859
1955.0000 2.6821 0.2876
1960.0000 2.6830 0.2876
1965.0000 2.6859 0.2875
1970.0000 2.6921 0.2888
1975.0000 2.6946 0.2887
1980.0000 2.6969 0.2886
1985.0000 2.6998 0.2885
1990.0000 2.7015 0.2885
1995.0000 2.7042 0.2884
2000.0000 2.7166 0.2914
2005.0000 2.7193 0.2913
2010.0000 2.7305 0.2944
2015.0000 2.7335 0.2943
2020.0000 2.7422 0.2960
2025.0000 2.7545 0.2991
2030.0000 2.7634 0.3003
2035.0000 2.8034 0.3123
2040.0000 2.8348 0.3211
2045.0000 2.8682 0.3315
2050.0000 2.8711 0.3314
2055.0000 2.8782 0.3331
2060.0000 2.8808 0.3330
2065.0000 2.8838 0.3329
2070.0000 2.8863 0.3328
2075.0000 2.8899 0.3327
2080.0000 2.8973 0.3344
2085.0000 2.9054 0.3361
2090.0000 2.9084 0.3360
2095.0000 2.9159 0.3377
2100.0000 2.9235 0.3394
2105.0000 2.9297 0.3407
2110.0000 2.9431 0.3442
2115.0000 2.9489 0.3454
2120.0000 2.9569 0.3471
2125.0000 2.9592 0.3470
2130.0000 2.9700 0.3501
2135.0000 2.9937 0.3583
2140.0000 3.0002 0.3595
2145.0000 3.0126 0.3636
2150.0000 3.0222 0.3662
2155.0000 3.0242 0.3661
2160.0000 3.0296 0.3674
2165.0000 3.0317 0.3674
2170.0000 3.0408 0.3700
2175.0000 3.0526 0.3741
2180.0000 3.0583 0.3754
2185.0000 3.0747 0.3809
2190.0000 3.0832 0.3836
2195.0000 3.0881 0.3849
2200.0000 3.0924 0.3862
2205.0000 3.0969 0.3877
2210.0000 3.1020 0.3891
2215.0000 3.1028 0.3891
2220.0000 3.1195 0.3952
2225.0000 3.1243 0.3966
2230.0000 3.1321 0.3996
2235.0000 3.1409 0.4025
2240.0000 3.1460 0.4040
2245.0000 3.1509 0.4054
2250.0000 3.1512 0.4054
2255.0000 3.1560 0.4069
2260.0000 3.1575 0.4068
2265.0000 3.1583 0.4068
2270.0000 3.1640 0.4082
2275.0000 3.1709 0.4096
2280.0000 3.1897 0.4162
2285.0000 3.1992 0.4191
2290.0000 3.2015 0.4190
2295.0000 3.2132 0.4231
2300.0000 3.2458 0.4347
2305.0000 3.2635 0.4396
2310.0000 3.2872 0.4457
2315.0000 3.3132 0.4546
2320.0000 3.3185 0.4544
2325.0000 3.3282 0.4557
2330.0000 3.3465 0.4603
2335.0000 3.3809 0.4708
2340.0000 3.4069 0.4777
2345.0000 3.4204 0.4789
2350.0000 3.4729 0.4977
2355.0000 3.5073 0.5083
2360.0000 3.5468 0.5225
2365.0000 3.5648 0.5267
2370.0000 3.5737 0.5263
2375.0000 3.5865 0.5288
2380.0000 3.6018 0.5334
2385.0000 3.6266 0.5409
2390.0000 3.6461 0.5460
2395.0000 3.6764 0.5561
2400.0000 3.6927 0.5602
2405.0000 3.7048 0.5630
2410.0000 3.7175 0.5656
2415.0000 3.7517 0.5788
2420.0000 3.7803 0.5890
2425.0000 3.8126 0.6006
2430.0000 3.8255 0.6032
2435.0000 3.8438 0.6089
2440.0000 3.8558 0.6116
2445.0000 3.8705 0.6141
2450.0000 3.8749 0.6139
2455.0000 3.8855 0.6167
2460.0000 3.8908 0.6164
2465.0000 3.8971 0.6161
2470.0000 3.9018 0.6159
2475.0000 3.9052 0.6157
2480.0000 3.9090 0.6155
2485.0000 3.9187 0.6181
2490.0000 3.9294 0.6207
2495.0000 3.9450 0.6261
2500.0000 3.9697 0.6363
2505.0000 3.9771 0.6386
2510.0000 3.9830 0.6409
2515.0000 3.9989 0.6481
2520.0000 4.0056 0.6504
2525.0000 4.0087 0.6502
2530.0000 4.0107 0.6501
2535.0000 4.0135 0.6500
2540.0000 4.0146 0.6499
2545.0000 4.0160 0.6498
2550.0000 4.0178 0.6497
2555.0000 4.0187 0.6497
2560.0000 4.0196 0.6496
2565.0000 4.0207 0.6496
2570.0000 4.0218 0.6495
2575.0000 4.0223 0.6495
2580.0000 4.0234 0.6494
2585.0000 4.0242 0.6494
2590.0000 4.0250 0.6494
2595.0000 4.0255 0.6493
2600.0000 4.0263 0.6493
2605.0000 4.0270 0.6493
2610.0000 4.0280 0.6492
2615.0000 4.0295 0.6491
2620.0000 4.0305 0.6491
2625.0000 4.0323 0.6490
2630.0000 4.0340 0.6489
2635.0000 4.0355 0.6488
2640.0000 4.0372 0.6487
2645.0000 4.0404 0.6486
2650.0000 4.0503 0.6509
2655.0000 4.0703 0.6585
2660.0000 4.0933 0.6687
2665.0000 4.1275 0.6841
2670.0000 4.1520 0.6942
2675.0000 4.1671 0.6991
2680.0000 4.1775 0.7014
2685.0000 4.2060 0.7142
2690.0000 4.2184 0.7192
2695.0000 4.2214 0.7190
2700.0000 4.2241 0.7189
2705.0000 4.2358 0.7240
2710.0000 4.2373 0.7239
2715.0000 4.2393 0.7238
2720.0000 4.2400 0.7237
2725.0000 4.2408 0.7237
2730.0000 4.2408 0.7237
2735.0000 4.2410 0.7237
2740.0000 4.2413 0.7237
2745.0000 4.2415 0.7237
2750.0000 4.2418 0.7237
2755.0000 4.2422 0.7236
2760.0000 4.2426 0.7236
2765.0000 4.2433 0.7236
2770.0000 4.2443 0.7235
2775.0000 4.2494 0.7257
2780.0000 4.2502 0.7256
2785.0000 4.2513 0.7256
2790.0000 4.2562 0.7277
2795.0000 4.2612 0.7299
2800.0000 4.2664 0.7320
2805.0000 4.2729 0.7341
2810.0000 4.2843 0.7383
2815.0000 4.3114 0.7514
2820.0000 4.3178 0.7535
2825.0000 4.3410 0.7643
2830.0000 4.3570 0.7707
2835.0000 4.3594 0.7705
2840.0000 4.3700 0.7748
2845.0000 4.3776 0.7768
2850.0000 4.3931 0.7832
2855.0000 4.3997 0.7853
2860.0000 4.4021 0.7851
2865.0000 4.4075 0.7872
2870.0000 4.4085 0.7872
2875.0000 4.4095 0.7871
2880.0000 4.4109 0.7870
2885.0000 4.4125 0.7870
2890.0000 4.4141 0.7869
2895.0000 4.4151 0.7868
2900.0000 4.4163 0.7867
2905.0000 4.4171 0.7867
2910.0000 4.4180 0.7866
2915.0000 4.4184 0.7866
2920.0000 4.4196 0.7866
2925.0000 4.4205 0.7865
2930.0000 4.4217 0.7864
2935.0000 4.4223 0.7864
2940.0000 4.4237 0.7863
2945.0000 4.4245 0.7863
2950.0000 4.4249 0.7863
2955.0000 4.4257 0.7862
2960.0000 4.4270 0.7861
2965.0000 4.4281 0.7861
2970.0000 4.4294 0.7860
2975.0000 4.4318 0.7859
2980.0000 4.4344 0.7857
2985.0000 4.4364 0.7856
2990.0000 4.4385 0.7855
2995.0000 4.4422 0.7853
3000.0000 4.4473 0.7850
3005.0000 4.4514 0.7848
3010.0000 4.4609 0.7869
3015.0000 4.4689 0.7892
3020.0000 4.4748 0.7889
3025.0000 4.4837 0.7911
3030.0000 4.5065 0.8003
3035.0000 4.5305 0.8109
3040.0000 4.5527 0.8191
3045.0000 4.5804 0.8294
3050.0000 4.6054 0.8387
3055.0000 4.6289 0.8479
3060.0000 4.6447 0.8539
3065.0000 4.6664 0.8621
3070.0000 4.6917 0.8738
3075.0000 4.7093 0.8808
3080.0000 4.7227 0.8840
3085.0000 4.7367 0.8872
3090.0000 4.7592 0.8965
3095.0000 4.7736 0.9023
3100.0000 4.8280 0.9311
3105.0000 4.8381 0.9332
3110.0000 4.8664 0.9446
3115.0000 4.8923 0.9576
3120.0000 4.9126 0.9656
3125.0000 4.9171 0.9653
3130.0000 4.9411 0.9768
3135.0000 4.9711 0.9937
3140.0000 4.9885 1.0017
3145.0000 5.0032 1.0087
3150.0000 5.0192 1.0168
3155.0000 5.0219 1.0166
3160.0000 5.0258 1.0164
3165.0000 5.0319 1.0188
3170.0000 5.0386 1.0209
3175.0000 5.0428 1.0206
3180.0000 5.0451 1.0205
3185.0000 5.0485 1.0203
3190.0000 5.0586 1.0250
3195.0000 5.0627 1.0247
3200.0000 5.0686 1.0271
3205.0000 5.0795 1.0317
3210.0000 5.1080 1.0487
3215.0000 5.1305 1.0609
3220.0000 5.1329 1.0607
3225.0000 5.1374 1.0604
3230.0000 5.1565 1.0702
3235.0000 5.1681 1.0749
3240.0000 5.1774 1.0771
3245.0000 5.1820 1.0768
3250.0000 5.1963 1.0831
3255.0000 5.2191 1.0952
3260.0000 5.2247 1.0949
3265.0000 5.2448 1.1054
3270.0000 5.3086 1.1448
3275.0000 5.3462 1.1677
3280.0000 5.3704 1.1796
3285.0000 5.3822 1.1834
3290.0000 5.4007 1.1912
3295.0000 5.4060 1.1908
3300.0000 5.4245 1.1986
3305.0000 5.4340 1.2024
3310.0000 5.4386 1.2021
3315.0000 5.4515 1.2058
3320.0000 5.4578 1.2053
3325.0000 5.4680 1.2091
3330.0000 5.4787 1.2129
3335.0000 5.4876 1.2168
3340.0000 5.4898 1.2167
3345.0000 5.4914 1.2166
3350.0000 5.4936 1.2164
3355.0000 5.4944 1.2163
3360.0000 5.4956 1.2163
3365.0000 5.4966 1.2162
3370.0000 5.4973 1.2161
3375.0000 5.4982 1.2161
3380.0000 5.4994 1.2160
3385.0000 5.5007 1.2159
3390.0000 5.5021 1.2158
3395.0000 5.5029 1.2157
3400.0000 5.5080 1.2185
3405.0000 5.5088 1.2185
3410.0000 5.5099 1.2184
3415.0000 5.5190 1.2240
3420.0000 5.5280 1.2296
3425.0000 5.5457 1.2408
3430.0000 5.5588 1.2493
3435.0000 5.5597 1.2492
3440.0000 5.5647 1.2520
3445.0000 5.5704 1.2547
3450.0000 5.5720 1.2546
3455.0000 5.5730 1.2545
3460.0000 5.5786 1.2572
3465.0000 5.5794 1.2572
3470.0000 5.5808 1.2571
3475.0000 5.5901 1.2627
3480.0000 5.5914 1.2626
3485.0000 5.6017 1.2681
3490.0000 5.6115 1.2736
3495.0000 5.6219 1.2791
3500.0000 5.6323 1.2846
3505.0000 5.6339 1.2845
3510.0000 5.6403 1.2871
3515.0000 5.6463 1.2898
3520.0000 5.6482 1.2897
3525.0000 5.6494 1.2896
3530.0000 5.6524 1.2894
3535.0000 5.6554 1.2892
3540.0000 5.6584 1.2890
3545.0000 5.6647 1.2916
3550.0000 5.6653 1.2916
3555.0000 5.6661 1.2915
3560.0000 5.6671 1.2914
3565.0000 5.6721 1.2942
3570.0000 5.6773 1.2969
3575.0000 5.6781 1.2969
3580.0000 5.6783 1.2969
3585.0000 5.6795 1.2968
3590.0000 5.6805 1.2967
3595.0000 5.6807 1.2967
3600.0000 5.6811 1.2967
3605.0000 5.6818 1.2966
3610.0000 5.6826 1.2966
3615.0000 5.6835 1.2965
3620.0000 5.6973 1.3040
3625.0000 5.7081 1.3104
3630.0000 5.7115 1.3101
3635.0000 5.7188 1.3147
3640.0000 5.7254 1.3178
3645.0000 5.7341 1.3221
3650.0000 5.7374 1.3218
3655.0000 5.7762 1.3475
3660.0000 5.8012 1.3606
3665.0000 5.8250 1.3736
3670.0000 5.8588 1.3950
3675.0000 5.8892 1.4119
3680.0000 5.9195 1.4285
3685.0000 5.9385 1.4373
3690.0000 5.9828 1.4647
3695.0000 5.9908 1.4640
3700.0000 6.0153 1.4763
3705.0000 6.0453 1.4938
3710.0000 6.0634 1.5014
3715.0000 6.0821 1.5068
3720.0000 6.1012 1.5146
3725.0000 6.1075 1.5141
3730.0000 6.1231 1.5196
3735.0000 6.1512 1.5338
3740.0000 6.1730 1.5441
3745.0000 6.1871 1.5482
3750.0000 6.2039 1.5557
3755.0000 6.2226 1.5631
3760.0000 6.2309 1.5624
3765.0000 6.2400 1.5617
3770.0000 6.2541 1.5656
3775.0000 6.2794 1.5807
3780.0000 6.3026 1.5940
3785.0000 6.3269 1.6082
3790.0000 6.3332 1.6077
3795.0000 6.3607 1.6249
3800.0000 6.3806 1.6380
3805.0000 6.3870 1.6409
3810.0000 6.4001 1.6490
3815.0000 6.4144 1.6566
3820.0000 6.4347 1.6709
3825.0000 6.4490 1.6782
3830.0000 6.4628 1.6872
3835.0000 6.4732 1.6929
3840.0000 6.4851 1.7006
3845.0000 6.4922 1.7034
3850.0000 6.5038 1.7092
3855.0000 6.5154 1.7149
3860.0000 6.5185 1.7147
3865.0000 6.5276 1.7183
3870.0000 6.5483 1.7318
3875.0000 6.5517 1.7315
3880.0000 6.5712 1.7429
3885.0000 6.5913 1.7542
3890.0000 6.6145 1.7688
3895.0000 6.6233 1.7724
3900.0000 6.6422 1.7829
3905.0000 6.6572 1.7903
3910.0000 6.6711 1.7979
3915.0000 6.6863 1.8046
3920.0000 6.6958 1.8082
3925.0000 6.7239 1.8267
3930.0000 6.7363 1.8337
3935.0000 6.7521 1.8444
3940.0000 6.7563 1.8440
3945.0000 6.7706 1.8535
3950.0000 6.7845 1.8636
3955.0000 6.7976 1.8705
3960.0000 6.8089 1.8767
3965.0000 6.8122 1.8764
3970.0000 6.8141 1.8762
3975.0000 6.8249 1.8825
3980.0000 6.8355 1.8888
3985.0000 6.8393 1.8885
3990.0000 6.8574 1.9012
3995.0000 6.8633 1.9043
4000.0000 6.8807 1.9171
4005.0000 6.8899 1.9199
4010.0000 6.8929 1.9197
4015.0000 6.8988 1.9226
4020.0000 6.9065 1.9256
4025.0000 6.9109 1.9252
4030.0000 6.9180 1.9280
4035.0000 6.9210 1.9278
4040.0000 6.9239 1.9275
4045.0000 6.9277 1.9272
4050.0000 6.9323 1.9268
4055.0000 6.9452 1.9350
4060.0000 6.9626 1.9464
4065.0000 6.9803 1.9589
4070.0000 6.9930 1.9671
4075.0000 7.0198 1.9881
4080.0000 7.0295 1.9919
4085.0000 7.0434 1.9997
4090.0000 7.0483 1.9993
4095.0000 7.0666 2.0117
4100.0000 7.0753 2.0156
4105.0000 7.0796 2.0153
4110.0000 7.0817 2.0151
4115.0000 7.0843 2.0148
4120.0000 7.0958 2.0232
4125.0000 7.1021 2.0273
4130.0000 7.1085 2.0314
4135.0000 7.1107 2.0312
4140.0000 7.1119 2.0311
4145.0000 7.1183 2.0352
4150.0000 7.1199 2.0351
4155.0000 7.1254 2.0393
4160.0000 7.1353 2.0476
4165.0000 7.1362 2.0475
4170.0000 7.1365 2.0475
4175.0000 7.1374 2.0474
4180.0000 7.1429 2.0515
4185.0000 7.1437 2.0514
4190.0000 7.1441 2.0513
4195.0000 7.1446 2.0513
4200.0000 7.1455 2.0512
4205.0000 7.1461 2.0512
4210.0000 7.1467 2.0511
4215.0000 7.1467 2.0511
4220.0000 7.1467 2.0511
4225.0000 7.1467 2.0511
4230.0000 7.1470 2.0511
4235.0000 7.1470 2.0511
4240.0000 7.1478 2.0510
4245.0000 7.1484 2.0510
4250.0000 7.1487 2.0509
4255.0000 7.1490 2.0509
4260.0000 7.1498 2.0508
4265.0000 7.1509 2.0507
4270.0000 7.1520 2.0506
4275.0000 7.1532 2.0505
4280.0000 7.1544 2.0504
4285.0000 7.1571 2.0502
4290.0000 7.1645 2.0556
4295.0000 7.1853 2.0717
4300.0000 7.1931 2.0771
4305.0000 7.2017 2.0824
4310.0000 7.2059 2.0820
4315.0000 7.2221 2.0926
4320.0000 7.2480 2.1083
4325.0000 7.2786 2.1298
4330.0000 7.3021 2.1458
4335.0000 7.3283 2.1615
4340.0000 7.3613 2.1831
4345.0000 7.3751 2.1882
4350.0000 7.4135 2.2165
4355.0000 7.4526 2.2444
4360.0000 7.4789 2.2615
4365.0000 7.5396 2.3075
4370.0000 7.5811 2.3360
4375.0000 7.6045 2.3465
4380.0000 7.6196 2.3513
4385.0000 7.6380 2.3619
4390.0000 7.6643 2.3782
4395.0000 7.7021 2.4072
4400.0000 7.7295 2.4235
4405.0000 7.7596 2.4401
4410.0000 7.7899 2.4566
4415.0000 7.8190 2.4736
4420.0000 7.8563 2.5035
4425.0000 7.8626 2.5028
4430.0000 7.8920 2.5205
4435.0000 7.9217 2.5383
4440.0000 7.9577 2.5622
4445.0000 7.9914 2.5849
4450.0000 8.0371 2.6214
4455.0000 8.0589 2.6326
4460.0000 8.0922 2.6567
4465.0000 8.1222 2.6750
4470.0000 8.1563 2.6993
4475.0000 8.1883 2.7168
4480.0000 8.2065 2.7220
4485.0000 8.2222 2.7271
4490.0000 8.2668 2.7636
4495.0000 8.3002 2.7888
4500.0000 8.3289 2.8062
4505.0000 8.3514 2.8174
4510.0000 8.3894 2.8452
4515.0000 8.4044 2.8507
4520.0000 8.4241 2.8623
4525.0000 8.4394 2.8720
4530.0000 8.4509 2.8779
4535.0000 8.4583 2.8771
4540.0000 8.4791 2.8903
4545.0000 8.5081 2.9129
4550.0000 8.5370 2.9359
4555.0000 8.5580 2.9534
4560.0000 8.6006 2.9923
4565.0000 8.6314 3.0194
4570.0000 8.6576 3.0420
4575.0000 8.6914 3.0718
4580.0000 8.7164 3.0908
4585.0000 8.7486 3.1159
4590.0000 8.8003 3.1616
4595.0000 8.8299 3.1808
4600.0000 8.8647 3.2054
4605.0000 8.9024 3.2368
4610.0000 8.9408 3.2660
4615.0000 8.9660 3.2844
4620.0000 8.9929 3.3026
4625.0000 9.0095 3.3078
4630.0000 9.0202 3.3134
4635.0000 9.0345 3.3194
4640.0000 9.0418 3.3186
4645.0000 9.0670 3.3369
4650.0000 9.0747 3.3360
4655.0000 9.0847 3.3418
4660.0000 9.0904 3.3411
4665.0000 9.0957 3.3405
4670.0000 9.0990 3.3401
4675.0000 9.1025 3.3397
4680.0000 9.1050 3.3394
4685.0000 9.1138 3.3459
4690.0000 9.1287 3.3581
4695.0000 9.1379 3.3647
4700.0000 9.1470 3.3711
4705.0000 9.1553 3.3772
4710.0000 9.1575 3.3769
4715.0000 9.1590 3.3767
4720.0000 9.1593 3.3767
4725.0000 9.1614 3.3765
4730.0000 9.1627 3.3763
4735.0000 9.1636 3.3762
4740.0000 9.1655 3.3760
4745.0000 9.1731 3.3825
4750.0000 9.1801 3.3888
4755.0000 9.1809 3.3887
4760.0000 9.1812 3.3887
4765.0000 9.1820 3.3886
4770.0000 9.1823 3.3885
4775.0000 9.1829 3.3885
4780.0000 9.1834 3.3884
4785.0000 9.1846 3.3883
4790.0000 9.1851 3.3882
4795.0000 9.1856 3.3882
4800.0000 9.1867 3.3880
4805.0000 9.1918 3.3921
4810.0000 9.1968 3.3961
4815.0000 9.2012 3.4002
4820.0000 9.2061 3.4043
4825.0000 9.2188 3.4165
4830.0000 9.2282 3.4246
4835.0000 9.2302 3.4244
4840.0000 9.2324 3.4241
4845.0000 9.2390 3.4280
4850.0000 9.2419 3.4276
4855.0000 9.2472 3.4316
4860.0000 9.2586 3.4395
4865.0000 9.2687 3.4476
4870.0000 9.2778 3.4558
4875.0000 9.2844 3.4595
4880.0000 9.2965 3.4720
4885.0000 9.3054 3.4799
4890.0000 9.3068 3.4798
4895.0000 9.3077 3.4797
4900.0000 9.3088 3.4795
4905.0000 9.3097 3.4794
4910.0000 9.3107 3.4793
4915.0000 9.3261 3.4959
4920.0000 9.3269 3.4958
4925.0000 9.3310 3.4999
4930.0000 9.3389 3.5082
4935.0000 9.3398 3.5081
4940.0000 9.3399 3.5081
4945.0000 9.3403 3.5081
4950.0000 9.3467 3.5154
4955.0000 9.3476 3.5153
4960.0000 9.3481 3.5152
4965.0000 9.3483 3.5152
4970.0000 9.3486 3.5151
4975.0000 9.3492 3.5151
4980.0000 9.3495 3.5150
4985.0000 9.3502 3.5149
4990.0000 9.3511 3.5148
4995.0000 9.3516 3.5148
5000.0000 9.3523 3.5147
5005.0000 9.3535 3.5146
5010.0000 9.3558 3.5143
5015.0000 9.3566 3.5142
5020.0000 9.3574 3.5141
5025.0000 9.3619 3.5181
5030.0000 9.3672 3.5219
5035.0000 9.3688 3.5217
5040.0000 9.3703 3.5215
5045.0000 9.3729 3.5212
5050.0000 9.3863 3.5332
5055.0000 9.3921 3.5371
5060.0000 9.4055 3.5491
5065.0000 9.4146 3.5571
5070.0000 9.4278 3.5689
5075.0000 9.4332 3.5728
5080.0000 9.4399 3.5764
5085.0000 9.4431 3.5761
5090.0000 9.4564 3.5886
5095.0000 9.4700 3.6009
5100.0000 9.4790 3.6093
5105.0000 9.4865 3.6130
5110.0000 9.4992 3.6254
5115.0000 9.5116 3.6379
5120.0000 9.5242 3.6504
5125.0000 9.5338 3.6584
5130.0000 9.5389 3.6625
5135.0000 9.5414 3.6622
5140.0000 9.5529 3.6705
5145.0000 9.5803 3.6978
5150.0000 9.5896 3.7012
5155.0000 9.5949 3.7006
5160.0000 9.6059 3.7039
5165.0000 9.6284 3.7238
5170.0000 9.6797 3.7770
5175.0000 9.7222 3.8189
5180.0000 9.7636 3.8564
5185.0000 9.7865 3.8667
5190.0000 9.8192 3.8931
5195.0000 9.8446 3.9116
5200.0000 9.8862 3.9482
5205.0000 9.9249 3.9771
5210.0000 9.9572 3.9977
5215.0000 9.9786 4.0113
5220.0000 10.0144 4.0452
5225.0000 10.0441 4.0714
5230.0000 10.0654 4.0858
5235.0000 10.0901 4.1083
5240.0000 10.1066 4.1196
5245.0000 10.1169 4.1269
5250.0000 10.1267 4.1341
5255.0000 10.1358 4.1415
5260.0000 10.1453 4.1488
5265.0000 10.1596 4.1641
5270.0000 10.1803 4.1870
5275.0000 10.1848 4.1864
5280.0000 10.1871 4.1861
5285.0000 10.1887 4.1859
5290.0000 10.1913 4.1856
5295.0000 10.2003 4.1929
5300.0000 10.2023 4.1927
5305.0000 10.2096 4.2001
5310.0000 10.2168 4.2075
5315.0000 10.2186 4.2073
5320.0000 10.2255 4.2147
5325.0000 10.2382 4.2298
5330.0000 10.2467 4.2371
5335.0000 10.2658 4.2595
5340.0000 10.2745 4.2667
5345.0000 10.2881 4.2819
5350.0000 10.2969 4.2891
5355.0000 10.3111 4.3040
5360.0000 10.3261 4.3187
5365.0000 10.3353 4.3263
5370.0000 10.3449 4.3334
5375.0000 10.3547 4.3404
5380.0000 10.3723 4.3546
5385.0000 10.4136 4.4005
5390.0000 10.4337 4.4159
5395.0000 10.4528 4.4307
5400.0000 10.4824 4.4605
5405.0000 10.5033 4.4757
5410.0000 10.5400 4.5156
5415.0000 10.5662 4.5397
5420.0000 10.6033 4.5791
5425.0000 10.6321 4.6120
5430.0000 10.6523 4.6275
5435.0000 10.6713 4.6430
5440.0000 10.6939 4.6579
5445.0000 10.7511 4.7227
5450.0000 10.7856 4.7542
5455.0000 10.8071 4.7695
5460.0000 10.8440 4.8103
5465.0000 10.8772 4.8422
5470.0000 10.8854 4.8410
5475.0000 10.8929 4.8400
5480.0000 10.8995 4.8390
5485.0000 10.9134 4.8463
5490.0000 10.9245 4.8540
5495.0000 10.9361 4.8615
5500.0000 10.9430 4.8605
5505.0000 10.9639 4.8775
5510.0000 10.9707 4.8765
5515.0000 10.9904 4.8897
5520.0000 10.9979 4.8886
5525.0000 11.0186 4.9083
5530.0000 11.0287 4.9134
5535.0000 11.0351 4.9125
5540.0000 11.0490 4.9263
5545.0000 11.0631 4.9376
5550.0000 11.0657 4.9372
5555.0000 11.0693 4.9367
5560.0000 11.0830 4.9481
5565.0000 11.0953 4.9597
5570.0000 11.1118 4.9774
5575.0000 11.1334 5.0009
5580.0000 11.1412 5.0064
5585.0000 11.1470 5.0123
5590.0000 11.1625 5.0302
5595.0000 11.1690 5.0360
5600.0000 11.1712 5.0357
5605.0000 11.1787 5.0413
5610.0000 11.1843 5.0470
5615.0000 11.1856 5.0468
5620.0000 11.1865 5.0467
5625.0000 11.1881 5.0465
5630.0000 11.1899 5.0462
5635.0000 11.1916 5.0460
5640.0000 11.1992 5.0516
5645.0000 11.2018 5.0512
5650.0000 11.2039 5.0509
5655.0000 11.2062 5.0506
5660.0000 11.2099 5.0500
5665.0000 11.2130 5.0496
5670.0000 11.2160 5.0492
5675.0000 11.2260 5.0574
5680.0000 11.2361 5.0654
5685.0000 11.2446 5.0706
5690.0000 11.2558 5.0787
5695.0000 11.2702 5.0958
5700.0000 11.2940 5.1215
5705.0000 11.3060 5.1294
5710.0000 11.3396 5.1695
5715.0000 11.3614 5.1921
5720.0000 11.3672 5.1913
5725.0000 11.3851 5.2112
5730.0000 11.4109 5.2364
5735.0000 11.4370 5.2615
5740.0000 11.4704 5.2984
5745.0000 11.4833 5.3098
5750.0000 11.4992 5.3239
5755.0000 11.5079 5.3292
5760.0000 11.5256 5.3463
5765.0000 11.5393 5.3574
5770.0000 11.5507 5.3655
5775.0000 11.5563 5.3647
5780.0000 11.5598 5.3642
5785.0000 11.5759 5.3817
5790.0000 11.5880 5.3928
5795.0000 11.6069 5.4158
5800.0000 11.6148 5.4212
5805.0000 11.6269 5.4325
5810.0000 11.6391 5.4440
5815.0000 11.6502 5.4554
5820.0000 11.6563 5.4613
5825.0000 11.6646 5.4668
5830.0000 11.6672 5.4664
5835.0000 11.6790 5.4782
5840.0000 11.6948 5.4924
5845.0000 11.7092 5.5039
5850.0000 11.7370 5.5396
5855.0000 11.7504 5.5509
5860.0000 11.7652 5.5622
5865.0000 11.7800 5.5770
5870.0000 11.7908 5.5855
5875.0000 11.8162 5.6155
5880.0000 11.8450 5.6483
5885.0000 11.8737 5.6810
5890.0000 11.9152 5.7253
5895.0000 11.9364 5.7391
5900.0000 11.9561 5.7533
5905.0000 11.9740 5.7607
5910.0000 12.0026 5.7869
5915.0000 12.0238 5.7943
5920.0000 12.0556 5.8207
5925.0000 12.1081 5.8817
5930.0000 12.1507 5.9224
5935.0000 12.2099 5.9853
5940.0000 12.2588 6.0366
5945.0000 12.3041 6.0816
5950.0000 12.3490 6.1164
5955.0000 12.4040 6.1713
5960.0000 12.4621 6.2315
5965.0000 12.5089 6.2775
5970.0000 12.5432 6.3044
5975.0000 12.5651 6.3227
5980.0000 12.5734 6.3213
5985.0000 12.6064 6.3581
5990.0000 12.6503 6.4141
5995.0000 12.6938 6.4704
6000.0000 12.7241 6.5080
6005.0000 12.7614 6.5560
6010.0000 12.8159 6.6328
6015.0000 12.8409 6.6610
6020.0000 12.8535 6.6700
6025.0000 12.8729 6.6889
6030.0000 12.8872 6.6974
6035.0000 12.9196 6.7355
6040.0000 12.9507 6.7744
6045.0000 12.9888 6.8213
6050.0000 13.0084 6.8399
6055.0000 13.0339 6.8687
6060.0000 13.0452 6.8751
6065.0000 13.0788 6.9129
6070.0000 13.1148 6.9520
6075.0000 13.1433 6.9829
6080.0000 13.1613 6.9923
6085.0000 13.1822 7.0130
6090.0000 13.1965 7.0181
6095.0000 13.2245 7.0473
6100.0000 13.2603 7.0895
6105.0000 13.2734 7.0914
6110.0000 13.2938 7.1039
6115.0000 13.3120 7.1128
6120.0000 13.3281 7.1186
6125.0000 13.3653 7.1574
6130.0000 13.3735 7.1461
6135.0000 13.4054 7.1793
6140.0000 13.4082 7.1578
6145.0000 13.4272 7.1710
6150.0000 13.4479 7.1828
6155.0000 13.4728 7.2017
6160.0000 13.4742 7.1773
6165.0000 13.4901 7.1836
6170.0000 13.4777 7.1452
6175.0000 13.5080 7.1752
6180.0000 13.5466 7.2162
6185.0000 13.5440 7.1902
6190.0000 13.5291 7.1476
6195.0000 13.5344 7.1350
6200.0000 13.5536 7.1509
6205.0000 13.5622 7.1428
6210.0000 13.5570 7.1164
6215.0000 13.5571 7.1063
6220.0000 13.5765 7.1225
6225.0000 13.5863 7.1265
6230.0000 13.5906 7.1206
6235.0000 13.6173 7.1539
6240.0000 13.6061 7.1214
6245.0000 13.6052 7.1066
6250.0000 13.6044 7.0927
6255.0000 13.5981 7.0714
6260.0000 13.6111 7.0816
6265.0000 13.6199 7.0859
6270.0000 13.6263 7.0886
6275.0000 13.6395 7.1036
6280.0000 13.6382 7.0921
6285.0000 13.6490 7.0985
6290.0000 13.6654 7.1128
6295.0000 13.6792 7.1191
6300.0000 13.6750 7.0968
6305.0000 13.6726 7.0798
6310.0000 13.6730 7.0738
6315.0000 13.6889 7.0882
6320.0000 13.6964 7.0927
6325.0000 13.7160 7.1163
6330.0000 13.6898 7.0599
6335.0000 13.6978 7.0547
6340.0000 13.7243 7.0790
6345.0000 13.7305 7.0779
6350.0000 13.7312 7.0660
6355.0000 13.7230 7.0350
6360.0000 13.7474 7.0636
6365.0000 13.7494 7.0557
6370.0000 13.7413 7.0300
6375.0000 13.7588 7.0458
6380.0000 13.7546 7.0306
6385.0000 13.7806 7.0657
6390.0000 13.7615 7.0252
6395.0000 13.7626 7.0168
6400.0000 13.7825 7.0359
6405.0000 13.8083 7.0689
6410.0000 13.8265 7.0858
6415.0000 13.8299 7.0834
6420.0000 13.8385 7.0873
6425.0000 13.8547 7.1090
6430.0000 13.8600 7.1098
6435.0000 13.8661 7.1102
6440.0000 13.8594 7.0914
6445.0000 13.8584 7.0833
6450.0000 13.8640 7.0847
6455.0000 13.8725 7.0934
6460.0000 13.8761 7.0942
6465.0000 13.9065 7.1374
6470.0000 13.9087 7.1336
6475.0000 13.9114 7.1331
6480.0000 13.9250 7.1516
6485.0000 13.9210 7.1382
6490.0000 13.9226 7.1322
6495.0000 13.9031 7.0913
6500.0000 13.8927 7.0658
6505.0000 13.9149 7.0966
6510.0000 13.9132 7.0888
6515.0000 13.9111 7.0808
6520.0000 13.9255 7.0985
6525.0000 13.9345 7.1055
6530.0000 13.9402 7.1085
6535.0000 13.9251 7.0814
6540.0000 13.9468 7.1130
6545.0000 13.9430 7.1034
6550.0000 13.9669 7.1378
6555.0000 13.9666 7.1337
6560.0000 13.9645 7.1261
6565.0000 13.9771 7.1434
6570.0000 13.9868 7.1557
6575.0000 13.9897 7.1575
6580.0000 13.9878 7.1502
6585.0000 13.9926 7.1535
6590.0000 13.9979 7.1578
6595.0000 14.0120 7.1755
6600.0000 14.0126 7.1686
6605.0000 14.0234 7.1785
6610.0000 14.0262 7.1744
6615.0000 14.0329 7.1752
6620.0000 14.0350 7.1734
6625.0000 14.0191 7.1357
6630.0000 14.0194 7.1264
6635.0000 14.0166 7.1098
6640.0000 14.0249 7.1097
6645.0000 14.0206 7.0941
6650.0000 14.0174 7.0758
6655.0000 14.0364 7.0947
6660.0000 14.0524 7.1068
6665.0000 14.0678 7.1207
6670.0000 14.0643 7.1000
6675.0000 14.0484 7.0534
6680.0000 14.0417 7.0260
6685.0000 14.0495 7.0217
6690.0000 14.0541 7.0110
6695.0000 14.0778 7.0353
6700.0000 14.1022 7.0615
6705.0000 14.1002 7.0420
6710.0000 14.1362 7.0859
6715.0000 14.1492 7.0925
6720.0000 14.1492 7.0801
6725.0000 14.1654 7.0927
6730.0000 14.1624 7.0798
6735.0000 14.1604 7.0689
6740.0000 14.1738 7.0832
6745.0000 14.1926 7.1066
6750.0000 14.2017 7.1136
6755.0000 14.2069 7.1161
6760.0000 14.2047 7.1091
6765.0000 14.2033 7.1032
6770.0000 14.2113 7.1154
6775.0000 14.2292 7.1431
6780.0000 14.2169 7.1208
6785.0000 14.2187 7.1224
6790.0000 14.2434 7.1618
6795.0000 14.2477 7.1685
6800.0000 14.2461 7.1642
6805.0000 14.2512 7.1718
6810.0000 14.2454 7.1611
6815.0000 14.2499 7.1640
6820.0000 14.2509 7.1641
6825.0000 14.2593 7.1769
6830.0000 14.2364 7.1369
6835.0000 14.2489 7.1558
6840.0000 14.2431 7.1425
6845.0000 14.2439 7.1408
6850.0000 14.2500 7.1442
6855.0000 14.2344 7.1140
6860.0000 14.2365 7.1127
6865.0000 14.2449 7.1230
6870.0000 14.2475 7.1218
6875.0000 14.2479 7.1167
6880.0000 14.2522 7.1191
6885.0000 14.2640 7.1310
6890.0000 14.2479 7.0949
6895.0000 14.2669 7.1208
6900.0000 14.2678 7.1139
6905.0000 14.2505 7.0786
6910.0000 14.2377 7.0499
6915.0000 14.2547 7.0724
6920.0000 14.2491 7.0591
6925.0000 14.2482 7.0551
6930.0000 14.2465 7.0498
6935.0000 14.2490 7.0493
6940.0000 14.2594 7.0635
6945.0000 14.2591 7.0578
6950.0000 14.2699 7.0731
6955.0000 14.2639 7.0585
6960.0000 14.2778 7.0807
6965.0000 14.2816 7.0844
6970.0000 14.2827 7.0842
6975.0000 14.2807 7.0795
6980.0000 14.2807 7.0779
6985.0000 14.2760 7.0685
6990.0000 14.2831 7.0787
6995.0000 14.2780 7.0675
7000.0000 14.2888 7.0846
7005.0000 14.2943 7.0928
7010.0000 14.2967 7.0959
7015.0000 14.3023 7.1040
7020.0000 14.2948 7.0903
7025.0000 14.2956 7.0910
7030.0000 14.2929 7.0861
7035.0000 14.2921 7.0848
7040.0000 14.2941 7.0877
7045.0000 14.2876 7.0759
7050.0000 14.2988 7.0933
7055.0000 14.2997 7.0932
7060.0000 14.3001 7.0931
7065.0000 14.3009 7.0930
7070.0000 14.3031 7.0926
7075.0000 14.3045 7.0924
7080.0000 14.3065 7.0920
7085.0000 14.3074 7.0919
7090.0000 14.3090 7.0916
7095.0000 14.3143 7.0971
7100.0000 14.3152 7.0950
7105.0000 14.3173 7.0947
7110.0000 14.3248 7.1033
7115.0000 14.3300 7.1089
7120.0000 14.3354 7.1144
7125.0000 14.3394 7.1152
7130.0000 14.3392 7.1123
7135.0000 14.3481 7.1225
7140.0000 14.3558 7.1323
7145.0000 14.3637 7.1403
7150.0000 14.3717 7.1500
7155.0000 14.3551 7.1195
7160.0000 14.3767 7.1514
7165.0000 14.3755 7.1453
7170.0000 14.3740 7.1405
7175.0000 14.3928 7.1701
7180.0000 14.3698 7.1299
7185.0000 14.3707 7.1296
7190.0000 14.3835 7.1504
7195.0000 14.3917 7.1625
7200.0000 14.3908 7.1595
7205.0000 14.3951 7.1660
7210.0000 14.3946 7.1637
7215.0000 14.3998 7.1714
7220.0000 14.4002 7.1714
7225.0000 14.4067 7.1814
7230.0000 14.4069 7.1813
7235.0000 14.4069 7.1813
7240.0000 14.4069 7.1813
7245.0000 14.4069 7.1813
7250.0000 14.4017 7.1722
7255.0000 14.3983 7.1660
7260.0000 14.3990 7.1668
7265.0000 14.4001 7.1686
7270.0000 14.4013 7.1702
7275.0000 14.4014 7.1701
7280.0000 14.4063 7.1783
7285.0000 14.4066 7.1783
7290.0000 14.4068 7.1782
7295.0000 14.4068 7.1782
7300.0000 14.4070 7.1782
7305.0000 14.4075 7.1781
7310.0000 14.4078 7.1781
7315.0000 14.4084 7.1780
7320.0000 14.4091 7.1778
7325.0000 14.4094 7.1778
7330.0000 14.4063 7.1706
7335.0000 14.4050 7.1680
7340.0000 14.4064 7.1686
7345.0000 14.4117 7.1746
7350.0000 14.4131 7.1744
7355.0000 14.4106 7.1648
7360.0000 14.4061 7.1521
7365.0000 14.4066 7.1433
7370.0000 14.4006 7.1260
7375.0000 14.3838 7.0913
7380.0000 14.3935 7.1040
7385.0000 14.3910 7.0965
7390.0000 14.4006 7.1081
7395.0000 14.4001 7.1014
7400.0000 14.4047 7.1014
7405.0000 14.4030 7.0931
7410.0000 14.4035 7.0865
7415.0000 14.4199 7.1056
7420.0000 14.4297 7.1158
7425.0000 14.4119 7.0779
7430.0000 14.4229 7.0926
7435.0000 14.4280 7.0944
7440.0000 14.4298 7.0931
7445.0000 14.4111 7.0539
7450.0000 14.4025 7.0307
7455.0000 14.4121 7.0349
7460.0000 14.4068 7.0180
7465.0000 14.4258 7.0356
7470.0000 14.4230 7.0187
7475.0000 14.4291 7.0198
7480.0000 14.4527 7.0501
7485.0000 14.4550 7.0442
7490.0000 14.4749 7.0701
7495.0000 14.4790 7.0739
7500.0000 14.4805 7.0710
7505.0000 14.4799 7.0634
7510.0000 14.4994 7.0891
7515.0000 14.5043 7.0911
7520.0000 14.5127 7.1004
7525.0000 14.5198 7.1084
7530.0000 14.5231 7.1094
7535.0000 14.5264 7.1068
7540.0000 14.5309 7.1065
7545.0000 14.5390 7.1162
7550.0000 14.5254 7.0897
7555.0000 14.5339 7.0993
7560.0000 14.5452 7.1152
7565.0000 14.5371 7.0986
7570.0000 14.5416 7.1033
7575.0000 14.5424 7.1008
7580.0000 14.5462 7.1018
7585.0000 14.5443 7.0914
7590.0000 14.5542 7.0939
7595.0000 14.5428 7.0647
7600.0000 14.5605 7.0820
7605.0000 14.5599 7.0691
7610.0000 14.5662 7.0648
7615.0000 14.5777 7.0743
7620.0000 14.5816 7.0688
7625.0000 14.5683 7.0331
7630.0000 14.5785 7.0418
7635.0000 14.5722 7.0209
7640.0000 14.5907 7.0449
7645.0000 14.5993 7.0530
7650.0000 14.6081 7.0612
7655.0000 14.6137 7.0635
7660.0000 14.5943 7.0261
7665.0000 14.6048 7.0383
7670.0000 14.5951 7.0172
7675.0000 14.6069 7.0337
7680.0000 14.6274 7.0660
7685.0000 14.6301 7.0681
7690.0000 14.6145 7.0394
7695.0000 14.6361 7.0727
7700.0000 14.6382 7.0729
7705.0000 14.6369 7.0692
7710.0000 14.6383 7.0690
7715.0000 14.6425 7.0741
7720.0000 14.6378 7.0631
7725.0000 14.6396 7.0653
7730.0000 14.6325 7.0516
7735.0000 14.6530 7.0841
7740.0000 14.6509 7.0800
7745.0000 14.6516 7.0804
7750.0000 14.6527 7.0806
7755.0000 14.6562 7.0856
7760.0000 14.6564 7.0856
7765.0000 14.6573 7.0854
7770.0000 14.6577 7.0853
7775.0000 14.6577 7.0853
7780.0000 14.6579 7.0853
7785.0000 14.6584 7.0852
7790.0000 14.6591 7.0851
7795.0000 14.6601 7.0849
7800.0000 14.6532 7.0722
7805.0000 14.6633 7.0847
7810.0000 14.6531 7.0627
7815.0000 14.6539 7.0555
7820.0000 14.6501 7.0422
7825.0000 14.6547 7.0467
7830.0000 14.6266 6.9935
7835.0000 14.6386 7.0075
7840.0000 14.6374 6.9992
7845.0000 14.6543 7.0163
7850.0000 14.6735 7.0385
7855.0000 14.6665 7.0123
7860.0000 14.6430 6.9604
7865.0000 14.6518 6.9610
7870.0000 14.6716 6.9804
7875.0000 14.6875 6.9920
7880.0000 14.7026 7.0044
7885.0000 14.7078 7.0026
7890.0000 14.7127 7.0020
7895.0000 14.7254 7.0108
7900.0000 14.7293 7.0098
7905.0000 14.7381 7.0159
7910.0000 14.7406 7.0122
7915.0000 14.7505 7.0178
7920.0000 14.7652 7.0341
7925.0000 14.7828 7.0585
7930.0000 14.8003 7.0805
7935.0000 14.8115 7.0924
7940.0000 14.8197 7.1021
7945.0000 14.8126 7.0854
7950.0000 14.8116 7.0778
7955.0000 14.8262 7.0977
7960.0000 14.8183 7.0814
7965.0000 14.8189 7.0767
7970.0000 14.8305 7.0938
7975.0000 14.8306 7.0914
7980.0000 14.8324 7.0930
7985.0000 14.8408 7.1059
7990.0000 14.8350 7.0959
7995.0000 14.8374 7.0977
8000.0000 14.8359 7.0935
8005.0000 14.8439 7.1044
8010.0000 14.8409 7.0974
8015.0000 14.8425 7.0972
8020.0000 14.8481 7.1056
8025.0000 14.8294 7.0694
8030.0000 14.8275 7.0627
8035.0000 14.8421 7.0827
8040.0000 14.8341 7.0647
8045.0000 14.8399 7.0681
8050.0000 14.8510 7.0826
8055.0000 14.8466 7.0696
8060.0000 14.8472 7.0643
8065.0000 14.8575 7.0783
8070.0000 14.8541 7.0675
8075.0000 14.8586 7.0668
8080.0000 14.8760 7.0887
8085.0000 14.8603 7.0550
8090.0000 14.8650 7.0566
8095.0000 14.8786 7.0743
8100.0000 14.8936 7.0921
8105.0000 14.8969 7.0926
8110.0000 14.8880 7.0752
8115.0000 14.9044 7.0949
8120.0000 14.9054 7.0894
8125.0000 14.9130 7.0966
8130.0000 14.9173 7.0986
8135.0000 14.9182 7.0985
8140.0000 14.9190 7.0983
8145.0000 14.9202 7.0972
8150.0000 14.9271 7.1072
8155.0000 14.9276 7.1071
8160.0000 14.9284 7.1069
8165.0000 14.9284 7.1069
8170.0000 14.9298 7.1067
8175.0000 14.9309 7.1065
8180.0000 14.9320 7.1063
8185.0000 14.9323 7.1063
8190.0000 14.9328 7.1062
8195.0000 14.9328 7.1062
8200.0000 14.9328 7.1062
8205.0000 14.9331 7.1061
8210.0000 14.9334 7.1061
8215.0000 14.9340 7.1060
8220.0000 14.9346 7.1059
8225.0000 14.9349 7.1058
8230.0000 14.9355 7.1057
8235.0000 14.9355 7.1057
8240.0000 14.9363 7.1056
8245.0000 14.9369 7.1055
8250.0000 14.9371 7.1055
8255.0000 14.9371 7.1055
8260.0000 14.9374 7.1054
8265.0000 14.9377 7.1054
8270.0000 14.9383 7.1053
8275.0000 14.9386 7.1052
8280.0000 14.9331 7.0951
8285.0000 14.9399 7.1047
8290.0000 14.9408 7.1045
8295.0000 14.9423 7.1043
8300.0000 14.9443 7.1039
8305.0000 14.9415 7.0934
8310.0000 14.9285 7.0673
8315.0000 14.9244 7.0573
8320.0000 14.9218 7.0501
8325.0000 14.9294 7.0582
8330.0000 14.9505 7.0879
8335.0000 14.9566 7.0915
8340.0000 14.9592 7.0889
8345.0000 14.9434 7.0575
8350.0000 14.9518 7.0670
8355.0000 14.9472 7.0500
8360.0000 14.9564 7.0577
8365.0000 14.9382 7.0140
8370.0000 14.9546 7.0324
8375.0000 14.9472 7.0104
8380.0000 14.9661 7.0322
8385.0000 14.9641 7.0192
8390.0000 14.9756 7.0304
8395.0000 14.9918 7.0501
8400.0000 14.9957 7.0498
8405.0000 15.0064 7.0616
8410.0000 15.0065 7.0556
8415.0000 15.0002 7.0368
8420.0000 15.0183 7.0581
8425.0000 15.0203 7.0521
8430.0000 15.0202 7.0439
8435.0000 15.0306 7.0538
8440.0000 15.0265 7.0407
8445.0000 15.0376 7.0518
8450.0000 15.0436 7.0550
8455.0000 15.0483 7.0540
8460.0000 15.0362 7.0272
8465.0000 15.0140 6.9832
8470.0000 15.0139 6.9774
8475.0000 15.0163 6.9779
8480.0000 15.0150 6.9719
8485.0000 15.0198 6.9785
8490.0000 15.0301 6.9947
8495.0000 15.0278 6.9880
8500.0000 15.0256 6.9817
8505.0000 15.0243 6.9776
8510.0000 15.0141 6.9587
8515.0000 15.0326 6.9880
8520.0000 15.0472 7.0115
8525.0000 15.0485 7.0128
8530.0000 15.0666 7.0424
8535.0000 15.0660 7.0405
8540.0000 15.0723 7.0506
8545.0000 15.0673 7.0423
8550.0000 15.0634 7.0341
8555.0000 15.0601 7.0272
8560.0000 15.0644 7.0337
8565.0000 15.0683 7.0396
8570.0000 15.0700 7.0420
8575.0000 15.0712 7.0435
8580.0000 15.0708 7.0424
8585.0000 15.0687 7.0389
8590.0000 15.0705 7.0419
8595.0000 15.0707 7.0418
8600.0000 15.0710 7.0418
8605.0000 15.0767 7.0506
8610.0000 15.0713 7.0413
8615.0000 15.0716 7.0419
8620.0000 15.0726 7.0435
8625.0000 15.0774 7.0510
8630.0000 15.0774 7.0510
8635.0000 15.0774 7.0510
8640.0000 15.0774 7.0510
8645.0000 15.0774 7.0510
8650.0000 15.0774 7.0510
8655.0000 15.0774 7.0510
8660.0000 15.0774 7.0510
8665.0000 15.0774 7.0510
8670.0000 15.0776 7.0510
8675.0000 15.0776 7.0510
8680.0000 15.0779 7.0509
8685.0000 15.0779 7.0509
8690.0000 15.0779 7.0509
8695.0000 15.0781 7.0509
8700.0000 15.0787 7.0508
8705.0000 15.0787 7.0508
8710.0000 15.0787 7.0508
8715.0000 15.0787 7.0508
8720.0000 15.0789 7.0508
8725.0000 15.0789 7.0508
8730.0000 15.0789 7.0508
8735.0000 15.0793 7.0507
8740.0000 15.0796 7.0506
8745.0000 15.0802 7.0506
8750.0000 15.0806 7.0505
8755.0000 15.0815 7.0503
8760.0000 15.0817 7.0503
8765.0000 15.0771 7.0412
8770.0000 15.0776 7.0411
8775.0000 15.0744 7.0340
8780.0000 15.0749 7.0331
8785.0000 15.0765 7.0346
8790.0000 15.0775 7.0335
8795.0000 15.0698 7.0153
8800.0000 15.0846 7.0319
8805.0000 15.0664 6.9953
8810.0000 15.0911 7.0314
8815.0000 15.0749 7.0010
8820.0000 15.0807 7.0073
8825.0000 15.0893 7.0185
8830.0000 15.0811 7.0032
8835.0000 15.0861 7.0081
8840.0000 15.0829 6.9988
8845.0000 15.0892 7.0040
8850.0000 15.0877 6.9954
8855.0000 15.0726 6.9650
8860.0000 15.0777 6.9652
8865.0000 15.0905 6.9792
8870.0000 15.0989 6.9841
8875.0000 15.0938 6.9685
8880.0000 15.1122 6.9883
8885.0000 15.1048 6.9656
8890.0000 15.0932 6.9394
8895.0000 15.0955 6.9330
8900.0000 15.1000 6.9313
8905.0000 15.1023 6.9260
8910.0000 15.1169 6.9361
8915.0000 15.1191 6.9262
8920.0000 15.1328 6.9345
8925.0000 15.1407 6.9320
8930.0000 15.1661 6.9592
8935.0000 15.1651 6.9425
8940.0000 15.1614 6.9201
8945.0000 15.1642 6.9067
8950.0000 15.1836 6.9255
8955.0000 15.1611 6.8701
8960.0000 15.1756 6.8777
8965.0000 15.1792 6.8744
8970.0000 15.1938 6.8906
8975.0000 15.1904 6.8754
8980.0000 15.1988 6.8790
8985.0000 15.2162 6.8925
8990.0000 15.2330 6.8985
8995.0000 15.2358 6.8837
9000.0000 15.2370 6.8695
9005.0000 15.2424 6.8600
9010.0000 15.2465 6.8480
9015.0000 15.2895 6.9003
9020.0000 15.2856 6.8734
9025.0000 15.2877 6.8610
9030.0000 15.2905 6.8473
9035.0000 15.2892 6.8294
9040.0000 15.3072 6.8420
9045.0000 15.3255 6.8528
9050.0000 15.3000 6.7939
9055.0000 15.3262 6.8195
9060.0000 15.3323 6.8137
9065.0000 15.3312 6.7897
9070.0000 15.3697 6.8325
9075.0000 15.4123 6.8834
9080.0000 15.4140 6.8673
9085.0000 15.4282 6.8736
9090.0000 15.4445 6.8864
9095.0000 15.4526 6.8871
9100.0000 15.4544 6.8744
9105.0000 15.4773 6.9029
9110.0000 15.4813 6.9020
9115.0000 15.4908 6.9079
9120.0000 15.4982 6.9106
9125.0000 15.5080 6.9128
9130.0000 15.5203 6.9241
9135.0000 15.5313 6.9356
9140.0000 15.5289 6.9290
9145.0000 15.5278 6.9237
9150.0000 15.5312 6.9234
9155.0000 15.5443 6.9395
9160.0000 15.5405 6.9297
9165.0000 15.5261 6.9024
9170.0000 15.5242 6.8926
9175.0000 15.5249 6.8887
9180.0000 15.5196 6.8752
9185.0000 15.5289 6.8838
9190.0000 15.5556 6.9210
9195.0000 15.5558 6.9132
9200.0000 15.5670 6.9244
9205.0000 15.5710 6.9245
9210.0000 15.5806 6.9305
9215.0000 15.5852 6.9295
9220.0000 15.5819 6.9189
9225.0000 15.5888 6.9245
9230.0000 15.5783 6.8988
9235.0000 15.5708 6.8759
9240.0000 15.5766 6.8767
9245.0000 15.5679 6.8525
9250.0000 15.5679 6.8422
9255.0000 15.5774 6.8492
9260.0000 15.5949 6.8697
9265.0000 15.5988 6.8686
9270.0000 15.6013 6.8657
9275.0000 15.5969 6.8521
9280.0000 15.6141 6.8707
9285.0000 15.6275 6.8793
9290.0000 15.6368 6.8866
9295.0000 15.6263 6.8613
9300.0000 15.6386 6.8712
9305.0000 15.6430 6.8700
9310.0000 15.6478 6.8711
9315.0000 15.6607 6.8860
9320.0000 15.6618 6.8813
9325.0000 15.6771 6.8966
9330.0000 15.6678 6.8730
9335.0000 15.6712 6.8727
9340.0000 15.6772 6.8748
9345.0000 15.6584 6.8367
9350.0000 15.6854 6.8773
9355.0000 15.6827 6.8653
9360.0000 15.6857 6.8634
9365.0000 15.6883 6.8579
9370.0000 15.6891 6.8491
9375.0000 15.7019 6.8628
9380.0000 15.6988 6.8499
9385.0000 15.7128 6.8637
9390.0000 15.7241 6.8703
9395.0000 15.7038 6.8249
9400.0000 15.7127 6.8261
9405.0000 15.7082 6.8042
9410.0000 15.7335 6.8322
9415.0000 15.7514 6.8481
9420.0000 15.7702 6.8706
9425.0000 15.7710 6.8620
9430.0000 15.7709 6.8539
9435.0000 15.7840 6.8691
9440.0000 15.7692 6.8404
9445.0000 15.7788 6.8483
9450.0000 15.7553 6.8040
9455.0000 15.7750 6.8315
9460.0000 15.7802 6.8349
9465.0000 15.7845 6.8351
9470.0000 15.7846 6.8303
9475.0000 15.7988 6.8502
9480.0000 15.8026 6.8514
9485.0000 15.8072 6.8566
9490.0000 15.8040 6.8457
9495.0000 15.8115 6.8539
9500.0000 15.8097 6.8461
9505.0000 15.8247 6.8664
9510.0000 15.8217 6.8582
9515.0000 15.8265 6.8651
9520.0000 15.8275 6.8625
9525.0000 15.8290 6.8573
9530.0000 15.8497 6.8866
9535.0000 15.8409 6.8649
9540.0000 15.8239 6.8266
9545.0000 15.8042 6.7852
9550.0000 15.8156 6.7965
9555.0000 15.8058 6.7676
9560.0000 15.8087 6.7616
9565.0000 15.8137 6.7583
9570.0000 15.8204 6.7588
9575.0000 15.8287 6.7639
9580.0000 15.8151 6.7284
9585.0000 15.8063 6.7047
9590.0000 15.8368 6.7389
9595.0000 15.8466 6.7426
9600.0000 15.8694 6.7655
9605.0000 15.8837 6.7757
9610.0000 15.9020 6.7942
9615.0000 15.8947 6.7664
9620.0000 15.9018 6.7670
9625.0000 15.8967 6.7517
9630.0000 15.9158 6.7752
9635.0000 15.9341 6.7989
9640.0000 15.9377 6.7959
9645.0000 15.9610 6.8282
9650.0000 15.9648 6.8291
9655.0000 15.9643 6.8223
9660.0000 15.9796 6.8422
9665.0000 15.9752 6.8301
9670.0000 15.9830 6.8389
9675.0000 15.9836 6.8352
9680.0000 15.9929 6.8448
9685.0000 15.9937 6.8381
9690.0000 15.9992 6.8406
9695.0000 15.9811 6.8056
9700.0000 15.9778 6.7921
9705.0000 15.9816 6.7942
9710.0000 15.9863 6.7928
9715.0000 15.9743 6.7647
9720.0000 15.9812 6.7651
9725.0000 15.9949 6.7783
9730.0000 15.9876 6.7515
9735.0000 15.9940 6.7501
9740.0000 16.0066 6.7558
9745.0000 15.9976 6.7278
9750.0000 16.0181 6.7449
9755.0000 16.0354 6.7581
9760.0000 16.0378 6.7442
9765.0000 16.0354 6.7280
9770.0000 16.0498 6.7369
9775.0000 16.0660 6.7485
9780.0000 16.0857 6.7618
9785.0000 16.0942 6.7581
9790.0000 16.1142 6.7746
9795.0000 16.1232 6.7786
9800.0000 16.1376 6.7890
9805.0000 16.1262 6.7623
9810.0000 16.1202 6.7455
9815.0000 16.1241 6.7461
9820.0000 16.1261 6.7449
9825.0000 16.1346 6.7539
9830.0000 16.1561 6.7849
9835.0000 16.1514 6.7735
9840.0000 16.1552 6.7747
9845.0000 16.1521 6.7650
9850.0000 16.1597 6.7716
9855.0000 16.1657 6.7769
9860.0000 16.1821 6.7975
9865.0000 16.1806 6.7865
9870.0000 16.1737 6.7702
9875.0000 16.1614 6.7443
9880.0000 16.1565 6.7318
9885.0000 16.1617 6.7344
9890.0000 16.1748 6.7493
9895.0000 16.1855 6.7625
9900.0000 16.1862 6.7535
9905.0000 16.1947 6.7588
9910.0000 16.1984 6.7593
9915.0000 16.2014 6.7603
9920.0000 16.2062 6.7655
9925.0000 16.1981 6.7492
9930.0000 16.1954 6.7417
9935.0000 16.2053 6.7544
9940.0000 16.2167 6.7688
9945.0000 16.2237 6.7771
9950.0000 16.2171 6.7622
9955.0000 16.2207 6.7643
9960.0000 16.2221 6.7615
9965.0000 16.2247 6.7611
9970.0000 16.2307 6.7646
9975.0000 16.2302 6.7584
9980.0000 16.2561 6.7960
9985.0000 16.2585 6.7935
9990.0000 16.2549 6.7852
9995.0000 16.2604 6.7920
10000.0000 16.2560 6.7810
10005.0000 16.2510 6.7680
10010.0000 16.2671 6.7899
10015.0000 16.2673 6.7849
10020.0000 16.2706 6.7845
10025.0000 16.2696 6.7796
10030.0000 16.2762 6.7861
10035.0000 16.2709 6.7743
10040.0000 16.2648 6.7615
10045.0000 16.2612 6.7510
10050.0000 16.2668 6.7554
10055.0000 16.2706 6.7574
10060.0000 16.2710 6.7546
10065.0000 16.2448 6.7042
10070.0000 16.2464 6.7001
10075.0000 16.2518 6.7061
10080.0000 16.2590 6.7114
10085.0000 16.2796 6.7381
10090.0000 16.2666 6.7076
10095.0000 16.2727 6.7090
10100.0000 16.2791 6.7065
10105.0000 16.2977 6.7284
10110.0000 16.2941 6.7155
10115.0000 16.3035 6.7235
10120.0000 16.3141 6.7363
10125.0000 16.3324 6.7580
10130.0000 16.3335 6.7506
10135.0000 16.3197 6.7234
10140.0000 16.3214 6.7248
10145.0000 16.3213 6.7174
10150.0000 16.3318 6.7261
10155.0000 16.3527 6.7567
10160.0000 16.3655 6.7733
10165.0000 16.3765 6.7862
10170.0000 16.3671 6.7676
10175.0000 16.3713 6.7728
10180.0000 16.3657 6.7611
10185.0000 16.3718 6.7684
10190.0000 16.3707 6.7657
10195.0000 16.3715 6.7661
10200.0000 16.3696 6.7615
10205.0000 16.3809 6.7769
10210.0000 16.3708 6.7592
10215.0000 16.3844 6.7806
10220.0000 16.3789 6.7701
10225.0000 16.3836 6.7773
10230.0000 16.3844 6.7776
10235.0000 16.3854 6.7786
10240.0000 16.3896 6.7840
10245.0000 16.3872 6.7797
10250.0000 16.3876 6.7797
10255.0000 16.3876 6.7797
10260.0000 16.3880 6.7796
10265.0000 16.3822 6.7675
10270.0000 16.3847 6.7694
10275.0000 16.3867 6.7715
10280.0000 16.3895 6.7755
10285.0000 16.3906 6.7760
10290.0000 16.3947 6.7815
10295.0000 16.4017 6.7911
10300.0000 16.4045 6.7917
10305.0000 16.4081 6.7946
10310.0000 16.4079 6.7924
10315.0000 16.3998 6.7758
10320.0000 16.4079 6.7849
10325.0000 16.4303 6.8165
10330.0000 16.4293 6.8087
10335.0000 16.4424 6.8258
10340.0000 16.4469 6.8289
10345.0000 16.4486 6.8258
10350.0000 16.4405 6.8075
10355.0000 16.4512 6.8168
10360.0000 16.4363 6.7804
10365.0000 16.4204 6.7418
10370.0000 16.4254 6.7329
10375.0000 16.4212 6.7138
10380.0000 16.4178 6.6944
10385.0000 16.4162 6.6772
10390.0000 16.4491 6.7119
10395.0000 16.4137 6.6369
10400.0000 16.4321 6.6532
10405.0000 16.4474 6.6614
10410.0000 16.4475 6.6417
10415.0000 16.4646 6.6456
10420.0000 16.4844 6.6574
10425.0000 16.5006 6.6609
10430.0000 16.5257 6.6829
10435.0000 16.5216 6.6538
10440.0000 16.5414 6.6606
10445.0000 16.5315 6.6191
10450.0000 16.5774 6.6747
10455.0000 16.5835 6.6630
10460.0000 16.5981 6.6715
10465.0000 16.6123 6.6759
10470.0000 16.6171 6.6704
10475.0000 16.6071 6.6444
10480.0000 16.6222 6.6572
10485.0000 16.6309 6.6609
10490.0000 16.6360 6.6583
10495.0000 16.6418 6.6546
10500.0000 16.6546 6.6670
10505.0000 16.6546 6.6562
10510.0000 16.6667 6.6663
10515.0000 16.6728 6.6649
10520.0000 16.6666 6.6423
10525.0000 16.6976 6.6829
10530.0000 16.6819 6.6419
10535.0000 16.6837 6.6350
10540.0000 16.6837 6.6225
10545.0000 16.6896 6.6244
10550.0000 16.7086 6.6389
10555.0000 16.7411 6.6792
10560.0000 16.7498 6.6771
10565.0000 16.7454 6.6546
10570.0000 16.7524 6.6531
10575.0000 16.7438 6.6254
10580.0000 16.7410 6.6090
10585.0000 16.7514 6.6155
10590.0000 16.7579 6.6179
10595.0000 16.7789 6.6408
10600.0000 16.7961 6.6592
10605.0000 16.8029 6.6609
10610.0000 16.8100 6.6584
10615.0000 16.8240 6.6698
10620.0000 16.8203 6.6496
10625.0000 16.8282 6.6523
10630.0000 16.8249 6.6369
10635.0000 16.8388 6.6483
10640.0000 16.8318 6.6271
10645.0000 16.8406 6.6319
10650.0000 16.8556 6.6454
10655.0000 16.8463 6.6221
10660.0000 16.8525 6.6262
10665.0000 16.8668 6.6400
10670.0000 16.8784 6.6520
10675.0000 16.8731 6.6370
10680.0000 16.8897 6.6564
10685.0000 16.8967 6.6627
10690.0000 16.9112 6.6826
10695.0000 16.9151 6.6844
10700.0000 16.9067 6.6680
10705.0000 16.8960 6.6493
10710.0000 16.8924 6.6425
10715.0000 16.9015 6.6554
10720.0000 16.9154 6.6768
10725.0000 16.9203 6.6828
10730.0000 16.9347 6.7042
10735.0000 16.9309 6.6966
10740.0000 16.9350 6.7026
10745.0000 16.9309 6.6941
10750.0000 16.9337 6.6969
10755.0000 16.9363 6.7010
10760.0000 16.9425 6.7106
10765.0000 16.9460 6.7157
10770.0000 16.9530 6.7270
10775.0000 16.9498 6.7204
10780.0000 16.9522 6.7238
10785.0000 16.9510 6.7203
10790.0000 16.9516 6.7210
10795.0000 16.9514 6.7206
10800.0000 16.9536 6.7241
10805.0000 16.9522 6.7219
10810.0000 16.9509 6.7195
10815.0000 16.9532 6.7223
10820.0000 16.9545 6.7239
10825.0000 16.9534 6.7208
10830.0000 16.9546 6.7207
10835.0000 16.9561 6.7220
10840.0000 16.9606 6.7252
10845.0000 16.9594 6.7222
10850.0000 16.9643 6.7280
10855.0000 16.9661 6.7277
10860.0000 16.9627 6.7175
10865.0000 16.9653 6.7171
10870.0000 16.9697 6.7172
10875.0000 16.9628 6.6991
10880.0000 16.9791 6.7181
10885.0000 16.9650 6.6853
10890.0000 16.9563 6.6600
10895.0000 16.9435 6.6286
10900.0000 16.9372 6.6061
10905.0000 16.9556 6.6198
10910.0000 16.9567 6.6096
10915.0000 16.9521 6.5880
10920.0000 16.9655 6.5967
10925.0000 16.9765 6.6014
10930.0000 16.9806 6.5946
10935.0000 16.9906 6.5994
10940.0000 17.0005 6.6055
10945.0000 17.0025 6.5987
10950.0000 16.9922 6.5725
10955.0000 17.0312 6.6247
10960.0000 17.0119 6.5860
10965.0000 17.0252 6.6030
10970.0000 17.0453 6.6252
10975.0000 17.0491 6.6241
10980.0000 17.0438 6.6099
10985.0000 17.0614 6.6343
10990.0000 17.0609 6.6291
10995.0000 17.0734 6.6469
11000.0000 17.0826 6.6606
11005.0000 17.0734 6.6427
11010.0000 17.0795 6.6508
11015.0000 17.0680 6.6311
11020.0000 17.0827 6.6533
11025.0000 17.0937 6.6696
11030.0000 17.0934 6.6682
11035.0000 17.0943 6.6680
11040.0000 17.0936 6.6637
11045.0000 17.0960 6.6670
11050.0000 17.0892 6.6529
11055.0000 17.0977 6.6617
11060.0000 17.1100 6.6785
11065.0000 17.1098 6.6733
11070.0000 17.0933 6.6390
11075.0000 17.1020 6.6394
11080.0000 17.1007 6.6300
11085.0000 17.1141 6.6414
11090.0000 17.1012 6.6082
11095.0000 17.0657 6.5396
11100.0000 17.0858 6.5599
11105.0000 17.1074 6.5783
11110.0000 17.0985 6.5470
11115.0000 17.1248 6.5752
11120.0000 17.1209 6.5492
11125.0000 17.1444 6.5687
11130.0000 17.1465 6.5561
11135.0000 17.1554 6.5519
11140.0000 17.1879 6.5870
11145.0000 17.2182 6.6156
11150.0000 17.1932 6.5594
11155.0000 17.1923 6.5354
11160.0000 17.1957 6.5215
11165.0000 17.2068 6.5210
11170.0000 17.2207 6.5218
11175.0000 17.2362 6.5241
11180.0000 17.2584 6.5388
11185.0000 17.2731 6.5384
11190.0000 17.3051 6.5629
11195.0000 17.2927 6.5242
11200.0000 17.3179 6.5409
11205.0000 17.3322 6.5421
11210.0000 17.3324 6.5224
11215.0000 17.3507 6.5284
11220.0000 17.3688 6.5356
11225.0000 17.3861 6.5414
11230.0000 17.3697 6.4954
11235.0000 17.3693 6.4737
11240.0000 17.3802 6.4756
11245.0000 17.3999 6.4875
11250.0000 17.4168 6.4896
11255.0000 17.4131 6.4646
11260.0000 17.4214 6.4610
11265.0000 17.4328 6.4636
11270.0000 17.4331 6.4490
11275.0000 17.4443 6.4534
11280.0000 17.4456 6.4433
11285.0000 17.4674 6.4640
11290.0000 17.4837 6.4773
11295.0000 17.4850 6.4678
11300.0000 17.5082 6.4946
11305.0000 17.5157 6.4962
11310.0000 17.5516 6.5437
11315.0000 17.5423 6.5208
11320.0000 17.5488 6.5237
11325.0000 17.5485 6.5155
11330.0000 17.5438 6.4971
11335.0000 17.5609 6.5168
11340.0000 17.5678 6.5202
11345.0000 17.5823 6.5377
11350.0000 17.5888 6.5447
11355.0000 17.5872 6.5385
11360.0000 17.5734 6.5119
11365.0000 17.5920 6.5387
11370.0000 17.5969 6.5425
11375.0000 17.5890 6.5250
11380.0000 17.5921 6.5258
11385.0000 17.5917 6.5219
11390.0000 17.5862 6.5061
11395.0000 17.5891 6.5058
11400.0000 17.5893 6.5029
11405.0000 17.5972 6.5124
11410.0000 17.5982 6.5099
11415.0000 17.6078 6.5211
11420.0000 17.6126 6.5248
11425.0000 17.6175 6.5289
11430.0000 17.6223 6.5313
11435.0000 17.6340 6.5480
11440.0000 17.6210 6.5244
11445.0000 17.6273 6.5307
11450.0000 17.6080 6.4969
11455.0000 17.6266 6.5250
11460.0000 17.6277 6.5236
11465.0000 17.6409 6.5418
11470.0000 17.6455 6.5458
11475.0000 17.6509 6.5516
11480.0000 17.6587 6.5631
11485.0000 17.6534 6.5543
11490.0000 17.6590 6.5613
11495.0000 17.6670 6.5735
11500.0000 17.6674 6.5734
11505.0000 17.6735 6.5832
11510.0000 17.6737 6.5832
11515.0000 17.6737 6.5832
11520.0000 17.6737 6.5832
11525.0000 17.6677 6.5735
11530.0000 17.6702 6.5770
11535.0000 17.6709 6.5778
11540.0000 17.6690 6.5735
11545.0000 17.6706 6.5758
11550.0000 17.6707 6.5755
11555.0000 17.6755 6.5828
11560.0000 17.6714 6.5763
11565.0000 17.6667 6.5684
11570.0000 17.6649 6.5645
11575.0000 17.6627 6.5595
11580.0000 17.6568 6.5477
11585.0000 17.6547 6.5405
11590.0000 17.6533 6.5340
11595.0000 17.6605 6.5425
11600.0000 17.6635 6.5419
11605.0000 17.6744 6.5524
11610.0000 17.6697 6.5396
11615.0000 17.6709 6.5317
11620.0000 17.6747 6.5303
11625.0000 17.6800 6.5271
11630.0000 17.6978 6.5435
11635.0000 17.7074 6.5451
11640.0000 17.7186 6.5564
11645.0000 17.7189 6.5481
11650.0000 17.7170 6.5388
11655.0000 17.7227 6.5407
11660.0000 17.7331 6.5534
11665.0000 17.7202 6.5296
11670.0000 17.7363 6.5500
11675.0000 17.7366 6.5470
11680.0000 17.7452 6.5564
11685.0000 17.7395 6.5429
11690.0000 17.7478 6.5522
11695.0000 17.7526 6.5559
11700.0000 17.7448 6.5393
11705.0000 17.7470 6.5377
11710.0000 17.7443 6.5304
11715.0000 17.7538 6.5419
11720.0000 17.7586 6.5479
11725.0000 17.7500 6.5308
11730.0000 17.7530 6.5337
11735.0000 17.7624 6.5434
11740.0000 17.7549 6.5268
11745.0000 17.7557 6.5245
11750.0000 17.7736 6.5485
11755.0000 17.7775 6.5499
11760.0000 17.7856 6.5581
11765.0000 17.7917 6.5618
11770.0000 17.7872 6.5471
11775.0000 17.7956 6.5541
11780.0000 17.8012 6.5564
11785.0000 17.8088 6.5619
11790.0000 17.8072 6.5493
11795.0000 17.8093 6.5465
11800.0000 17.7979 6.5217
11805.0000 17.8210 6.5530
11810.0000 17.8068 6.5254
11815.0000 17.8055 6.5154
11820.0000 17.7918 6.4838
11825.0000 17.7987 6.4867
11830.0000 17.7629 6.4196
11835.0000 17.7531 6.3932
11840.0000 17.7725 6.4136
11845.0000 17.7920 6.4343
11850.0000 17.8270 6.4776
11855.0000 17.8198 6.4587
11860.0000 17.8366 6.4795
11865.0000 17.8494 6.4951
11870.0000 17.8480 6.4851
11875.0000 17.8661 6.5048
11880.0000 17.8641 6.4927
11885.0000 17.8681 6.4885
11890.0000 17.8683 6.4787
11895.0000 17.8835 6.4917
11900.0000 17.8898 6.4929
11905.0000 17.8976 6.4906
11910.0000 17.8733 6.4383
11915.0000 17.8853 6.4421
11920.0000 17.8959 6.4468
11925.0000 17.9135 6.4670
11930.0000 17.9090 6.4503
11935.0000 17.9179 6.4565
11940.0000 17.9330 6.4720
11945.0000 17.9245 6.4534
11950.0000 17.9424 6.4710
11955.0000 17.9391 6.4557
11960.0000 17.9552 6.4721
11965.0000 17.9593 6.4701
11970.0000 17.9664 6.4718
11975.0000 17.9541 6.4417
11980.0000 17.9612 6.4459
11985.0000 17.9620 6.4384
11990.0000 17.9694 6.4402
11995.0000 17.9867 6.4598
12000.0000 17.9747 6.4336
12005.0000 17.9849 6.4369
12010.0000 17.9979 6.4512
12015.0000 18.0080 6.4614
12020.0000 18.0106 6.4596
12025.0000 17.9989 6.4344
12030.0000 18.0221 6.4666
12035.0000 18.0089 6.4436
12040.0000 18.0113 6.4391
12045.0000 18.0184 6.4425
12050.0000 18.0439 6.4758
12055.0000 18.0381 6.4585
12060.0000 18.0429 6.4610
12065.0000 18.0375 6.4480
12070.0000 18.0329 6.4347
12075.0000 18.0460 6.4521
12080.0000 18.0563 6.4648
12085.0000 18.0665 6.4760
12090.0000 18.0634 6.4660
12095.0000 18.0661 6.4638
12100.0000 18.0526 6.4368
12105.0000 18.0586 6.4385
12110.0000 18.0480 6.4120
12115.0000 18.0387 6.3906
12120.0000 18.0426 6.3904
12125.0000 18.0448 6.3863
12130.0000 18.0510 6.3894
12135.0000 18.0484 6.3795
12140.0000 18.0675 6.3999
12145.0000 18.0644 6.3868
12150.0000 18.0772 6.3946
12155.0000 18.1014 6.4222
12160.0000 18.1033 6.4132
12165.0000 18.1040 6.4019
12170.0000 18.1389 6.4476
12175.0000 18.1440 6.4467
12180.0000 18.1493 6.4475
12185.0000 18.1639 6.4649
12190.0000 18.1749 6.4747
12195.0000 18.1878 6.4862
12200.0000 18.1817 6.4651
12205.0000 18.1915 6.4718
12210.0000 18.1954 6.4720
12215.0000 18.1933 6.4586
12220.0000 18.1980 6.4580
12225.0000 18.2072 6.4647
12230.0000 18.2043 6.4502
12235.0000 18.2340 6.4840
12240.0000 18.2189 6.4454
12245.0000 18.2188 6.4319
12250.0000 18.2290 6.4403
12255.0000 18.2025 6.3866
12260.0000 18.2134 6.3897
12265.0000 18.2191 6.3825
12270.0000 18.2189 6.3701
12275.0000 18.2316 6.3797
12280.0000 18.2344 6.3677
12285.0000 18.2403 6.3637
12290.0000 18.2448 6.3556
12295.0000 18.2626 6.3695
12300.0000 18.2853 6.3936
12305.0000 18.2881 6.3834
12310.0000 18.2987 6.3907
12315.0000 18.3154 6.4056
12320.0000 18.3494 6.4494
12325.0000 18.3582 6.4512
12330.0000 18.3654 6.4525
12335.0000 18.3708 6.4497
12340.0000 18.3707 6.4406
12345.0000 18.3704 6.4317
12350.0000 18.3612 6.4085
12355.0000 18.3807 6.4326
12360.0000 18.3915 6.4411
12365.0000 18.3905 6.4332
12370.0000 18.3919 6.4289
12375.0000 18.4073 6.4443
12380.0000 18.4164 6.4543
12385.0000 18.4089 6.4374
12390.0000 18.4188 6.4481
12395.0000 18.4185 6.4405
12400.0000 18.4113 6.4243
12405.0000 18.4221 6.4353
12410.0000 18.4202 6.4278
12415.0000 18.4223 6.4246
12420.0000 18.4195 6.4149
12425.0000 18.4218 6.4139
12430.0000 18.4024 6.3770
12435.0000 18.4164 6.3961
12440.0000 18.4361 6.4240
12445.0000 18.4343 6.4168
12450.0000 18.4326 6.4125
12455.0000 18.4319 6.4080
12460.0000 18.4402 6.4184
12465.0000 18.4580 6.4449
12470.0000 18.4630 6.4507
12475.0000 18.4690 6.4575
12480.0000 18.4652 6.4504
12485.0000 18.4732 6.4606
12490.0000 18.4680 6.4509
12495.0000 18.4794 6.4663
12500.0000 18.4803 6.4662
12505.0000 18.4821 6.4659
12510.0000 18.4832 6.4657
12515.0000 18.4844 6.4655
12520.0000 18.4860 6.4653
12525.0000 18.4867 6.4651
12530.0000 18.4885 6.4649
12535.0000 18.4898 6.4646
12540.0000 18.4912 6.4644
12545.0000 18.4874 6.4544
12550.0000 18.4883 6.4516
12555.0000 18.4891 6.4487
12560.0000 18.4735 6.4192
12565.0000 18.4910 6.4416
12570.0000 18.4881 6.4292
12575.0000 18.4704 6.3933
12580.0000 18.4727 6.3862
12585.0000 18.4730 6.3757
12590.0000 18.4704 6.3600
12595.0000 18.4946 6.3845
12600.0000 18.4836 6.3561
12605.0000 18.5011 6.3713
12610.0000 18.4841 6.3344
12615.0000 18.4915 6.3344
12620.0000 18.4924 6.3251
12625.0000 18.5121 6.3444
12630.0000 18.5132 6.3364
12635.0000 18.5278 6.3459
12640.0000 18.5175 6.3185
12645.0000 18.5236 6.3185
12650.0000 18.5305 6.3180
12655.0000 18.5793 6.3846
12660.0000 18.5570 6.3375
12665.0000 18.5511 6.3109
12670.0000 18.5584 6.3068
12675.0000 18.5529 6.2805
12680.0000 18.5754 6.3007
12685.0000 18.5853 6.2978
12690.0000 18.5729 6.2626
12695.0000 18.5939 6.2860
12700.0000 18.6239 6.3177
12705.0000 18.6283 6.3058
12710.0000 18.6447 6.3183
12715.0000 18.6666 6.3387
12720.0000 18.6695 6.3323
12725.0000 18.6804 6.3358
12730.0000 18.6971 6.3507
12735.0000 18.7236 6.3776
12740.0000 18.7169 6.3569
12745.0000 18.7054 6.3289
12750.0000 18.7116 6.3249
12755.0000 18.7371 6.3500
12760.0000 18.7504 6.3638
12765.0000 18.7704 6.3872
12770.0000 18.7715 6.3817
12775.0000 18.7647 6.3650
12780.0000 18.7772 6.3798
12785.0000 18.7785 6.3752
12790.0000 18.8007 6.4042
12795.0000 18.8125 6.4182
12800.0000 18.7961 6.3845
12805.0000 18.8033 6.3881
12810.0000 18.7914 6.3616
12815.0000 18.7803 6.3367
12820.0000 18.7866 6.3377
12825.0000 18.8008 6.3503
12830.0000 18.7928 6.3346
12835.0000 18.7997 6.3374
12840.0000 18.8141 6.3531
12845.0000 18.8138 6.3447
12850.0000 18.8058 6.3248
12855.0000 18.8236 6.3448
12860.0000 18.8127 6.3189
12865.0000 18.8196 6.3230
12870.0000 18.8141 6.3077
12875.0000 18.8163 6.3042
12880.0000 18.8342 6.3295
12885.0000 18.8450 6.3452
12890.0000 18.8491 6.3478
12895.0000 18.8601 6.3637
12900.0000 18.8679 6.3729
12905.0000 18.8696 6.3725
12910.0000 18.8744 6.3787
12915.0000 18.8750 6.3786
12920.0000 18.8719 6.3717
12925.0000 18.8670 6.3607
12930.0000 18.8666 6.3578
12935.0000 18.8754 6.3707
12940.0000 18.8740 6.3676
12945.0000 18.8745 6.3683
12950.0000 18.8740 6.3670
12955.0000 18.8748 6.3669
12960.0000 18.8815 6.3764
12965.0000 18.8824 6.3762
12970.0000 18.8835 6.3761
12975.0000 18.8840 6.3760
12980.0000 18.8849 6.3758
12985.0000 18.8797 6.3666
12990.0000 18.8782 6.3630
12995.0000 18.8767 6.3594
13000.0000 18.8716 6.3503
13005.0000 18.8807 6.3638
13010.0000 18.8787 6.3587
13015.0000 18.8846 6.3645
13020.0000 18.8895 6.3694
13025.0000 18.8934 6.3725
13030.0000 18.9017 6.3824
13035.0000 18.8990 6.3743
13040.0000 18.9105 6.3886
13045.0000 18.9209 6.4007
13050.0000 18.9372 6.4225
13055.0000 18.9335 6.4125
13060.0000 18.9333 6.4089
13065.0000 18.9303 6.3996
13070.0000 18.9368 6.4051
13075.0000 18.9418 6.4101
13080.0000 18.9424 6.4100
13085.0000 18.9411 6.4040
13090.0000 18.9475 6.4096
13095.0000 18.9401 6.3936
13100.0000 18.9382 6.3865
13105.0000 18.9405 6.3866
13110.0000 18.9302 6.3652
13115.0000 18.9313 6.3629
13120.0000 18.9254 6.3459
13125.0000 18.9018 6.3032
13130.0000 18.9153 6.3159
13135.0000 18.9076 6.2994
13140.0000 18.9140 6.3003
13145.0000 18.9250 6.3105
13150.0000 18.9161 6.2888
13155.0000 18.9324 6.3076
13160.0000 18.9343 6.3044
13165.0000 18.9488 6.3170
13170.0000 18.9502 6.3089
13175.0000 18.9730 6.3364
13180.0000 18.9770 6.3347
13185.0000 19.0028 6.3668
13190.0000 19.0016 6.3560
13195.0000 18.9656 6.2903
13200.0000 18.9801 6.3027
13205.0000 18.9817 6.2926
13210.0000 18.9955 6.3032
13215.0000 19.0226 6.3373
13220.0000 19.0127 6.3136
13225.0000 19.0007 6.2900
13230.0000 19.0170 6.3047
13235.0000 19.0186 6.2978
13240.0000 19.0218 6.2938
13245.0000 19.0338 6.3044
13250.0000 19.0575 6.3307
13255.0000 19.0486 6.3094
13260.0000 19.0618 6.3223
13265.0000 19.0733 6.3340
13270.0000 19.0899 6.3566
13275.0000 19.0835 6.3449
13280.0000 19.0865 6.3450
13285.0000 19.0946 6.3544
13290.0000 19.0975 6.3549
13295.0000 19.0960 6.3487
13300.0000 19.0987 6.3496
13305.0000 19.0948 6.3398
13310.0000 19.1007 6.3491
13315.0000 19.0988 6.3423
13320.0000 19.1019 6.3461
13325.0000 19.1021 6.3439
13330.0000 19.1031 6.3437
13335.0000 19.1093 6.3512
13340.0000 19.1089 6.3486
13345.0000 19.1127 6.3514
13350.0000 19.1125 6.3480
13355.0000 19.0996 6.3227
13360.0000 19.0914 6.3066
13365.0000 19.0943 6.3090
13370.0000 19.1011 6.3139
13375.0000 19.0967 6.2984
13380.0000 19.0864 6.2708
13385.0000 19.0948 6.2758
13390.0000 19.0993 6.2736
13395.0000 19.0923 6.2505
13400.0000 19.0868 6.2296
13405.0000 19.1077 6.2509
13410.0000 19.1135 6.2481
13415.0000 19.1171 6.2424
13420.0000 19.1526 6.2839
13425.0000 19.1432 6.2551
13430.0000 19.1503 6.2553
13435.0000 19.1285 6.2098
13440.0000 19.1287 6.2006
13445.0000 19.1249 6.1856
13450.0000 19.1397 6.1958
13455.0000 19.1421 6.1893
13460.0000 19.1533 6.1963
13465.0000 19.1692 6.2079
13470.0000 19.1757 6.2018
13475.0000 19.1551 6.1579
13480.0000 19.1805 6.1904
13485.0000 19.2032 6.2153
13490.0000 19.2122 6.2191
13495.0000 19.2046 6.1988
13500.0000 19.2091 6.1974
13505.0000 19.2359 6.2324
13510.0000 19.2509 6.2442
13515.0000 19.2588 6.2496
13520.0000 19.2717 6.2648
13525.0000 19.2740 6.2640
13530.0000 19.2828 6.2726
13535.0000 19.2932 6.2834
13540.0000 19.2877 6.2711
13545.0000 19.2985 6.2835
13550.0000 19.2880 6.2636
13555.0000 19.2983 6.2772
13560.0000 19.2974 6.2737
13565.0000 19.3011 6.2728
13570.0000 19.3101 6.2857
13575.0000 19.3096 6.2821
13580.0000 19.3141 6.2870
13585.0000 19.3159 6.2883
13590.0000 19.3194 6.2921
13595.0000 19.3213 6.2924
13600.0000 19.3242 6.2957
13605.0000 19.3211 6.2892
13610.0000 19.3262 6.2958
13615.0000 19.3325 6.3054
13620.0000 19.3300 6.3004
13625.0000 19.3310 6.3011
13630.0000 19.3287 6.2962
13635.0000 19.3350 6.3058
13640.0000 19.3350 6.3058
13645.0000 19.3352 6.3058
13650.0000 19.3357 6.3057
13655.0000 19.3368 6.3055
13660.0000 19.3331 6.2962
13665.0000 19.3373 6.2972
13670.0000 19.3459 6.3090
13675.0000 19.3477 6.3092
13680.0000 19.3477 6.3066
13685.0000 19.3529 6.3112
13690.0000 19.3564 6.3109
13695.0000 19.3605 6.3102
13700.0000 19.3661 6.3091
13705.0000 19.3665 6.3019
13710.0000 19.3703 6.3019
13715.0000 19.3756 6.3015
13720.0000 19.3790 6.2975
13725.0000 19.3863 6.2964
13730.0000 19.3733 6.2612
13735.0000 19.3917 6.2796
13740.0000 19.4022 6.2835
13745.0000 19.4102 6.2850
13750.0000 19.4251 6.2961
13755.0000 19.4255 6.2849
13760.0000 19.4341 6.2917
13765.0000 19.4394 6.2930
13770.0000 19.4299 6.2703
13775.0000 19.4266 6.2577
13780.0000 19.4274 6.2492
13785.0000 19.4193 6.2300
13790.0000 19.4227 6.2305
13795.0000 19.4301 6.2369
13800.0000 19.4335 6.2366
13805.0000 19.4441 6.2501
13810.0000 19.4408 6.2416
13815.0000 19.4428 6.2393
13820.0000 19.4480 6.2452
13825.0000 19.4596 6.2595
13830.0000 19.4626 6.2596
13835.0000 19.4689 6.2662
13840.0000 19.4868 6.2904
13845.0000 19.4771 6.2734
13850.0000 19.4792 6.2735
13855.0000 19.4810 6.2752
13860.0000 19.4811 6.2736
13865.0000 19.4716 6.2580
13870.0000 19.4744 6.2610
13875.0000 19.4651 6.2458
13880.0000 19.4863 6.2779
13885.0000 19.4776 6.2628
13890.0000 19.4683 6.2477
13895.0000 19.4742 6.2564
13900.0000 19.4823 6.2687
13905.0000 19.4802 6.2646
13910.0000 19.4854 6.2713
13915.0000 19.4953 6.2843
13920.0000 19.4956 6.2822
13925.0000 19.4968 6.2822
13930.0000 19.5042 6.2913
13935.0000 19.5118 6.3006
13940.0000 19.5142 6.3004
13945.0000 19.5126 6.2953
13950.0000 19.5186 6.2969
13955.0000 19.5078 6.2747
13960.0000 19.5007 6.2532
13965.0000 19.4930 6.2321
13970.0000 19.5124 6.2558
13975.0000 19.5240 6.2649
13980.0000 19.5191 6.2489
13985.0000 19.5294 6.2595
13990.0000 19.5498 6.2840
13995.0000 19.5659 6.3056
14000.0000 19.5533 6.2812
14005.0000 19.5511 6.2714
14010.0000 19.5525 6.2664
14015.0000 19.5438 6.2453
14020.0000 19.5496 6.2430
14025.0000 19.5418 6.2252
14030.0000 19.5458 6.2198
14035.0000 19.5657 6.2373
14040.0000 19.5888 6.2590
14045.0000 19.5840 6.2407
14050.0000 19.5644 6.1972
14055.0000 19.5826 6.2118
14060.0000 19.5692 6.1767
14065.0000 19.5876 6.1927
14070.0000 19.5918 6.1850
14075.0000 19.5821 6.1564
14080.0000 19.5799 6.1394
14085.0000 19.5832 6.1291
14090.0000 19.5725 6.0997
14095.0000 19.5981 6.1261
14100.0000 19.5801 6.0874
14105.0000 19.6157 6.1303
14110.0000 19.6131 6.1101
14115.0000 19.6272 6.1194
14120.0000 19.6539 6.1497
14125.0000 19.6404 6.1128
14130.0000 19.6642 6.1383
14135.0000 19.6546 6.1122
14140.0000 19.6667 6.1253
14145.0000 19.6811 6.1376
14150.0000 19.6902 6.1452
14155.0000 19.6954 6.1464
14160.0000 19.7273 6.1864
14165.0000 19.7342 6.1903
14170.0000 19.7464 6.1992
14175.0000 19.7616 6.2136
14180.0000 19.7627 6.2050
14185.0000 19.7696 6.2086
14190.0000 19.7732 6.2067
14195.0000 19.7753 6.2047
14200.0000 19.7598 6.1747
14205.0000 19.7724 6.1867
14210.0000 19.7843 6.1973
14215.0000 19.7990 6.2117
14220.0000 19.7993 6.2018
14225.0000 19.8043 6.1988
14230.0000 19.8092 6.1972
14235.0000 19.8153 6.1948
14240.0000 19.8119 6.1803
14245.0000 19.8201 6.1761
14250.0000 19.8360 6.1843
14255.0000 19.8231 6.1495
14260.0000 19.8235 6.1357
14265.0000 19.8336 6.1350
14270.0000 19.8523 6.1462
14275.0000 19.8481 6.1227
14280.0000 19.8456 6.1051
14285.0000 19.8624 6.1154
14290.0000 19.8706 6.1143
14295.0000 19.8863 6.1195
14300.0000 19.8970 6.1241
14305.0000 19.9122 6.1362
14310.0000 19.9270 6.1520
14315.0000 19.9406 6.1575
14320.0000 19.9375 6.1363
14325.0000 19.9303 6.1095
14330.0000 19.9653 6.1450
14335.0000 19.9751 6.1426
14340.0000 19.9592 6.1055
14345.0000 19.9679 6.1085
14350.0000 19.9893 6.1311
14355.0000 20.0003 6.1329
14360.0000 20.0164 6.1446
14365.0000 20.0295 6.1544
14370.0000 20.0237 6.1326
14375.0000 20.0322 6.1354
14380.0000 20.0402 6.1354
14385.0000 20.0504 6.1424
14390.0000 20.0506 6.1334
14395.0000 20.0568 6.1350
14400.0000 20.0532 6.1211
14405.0000 20.0511 6.1128
14410.0000 20.0644 6.1249
14415.0000 20.0702 6.1272
14420.0000 20.0743 6.1252
14425.0000 20.0887 6.1363
14430.0000 20.0964 6.1419
14435.0000 20.1070 6.1530
14440.0000 20.1101 6.1519
14445.0000 20.1091 6.1463
14450.0000 20.1266 6.1693
14455.0000 20.1274 6.1648
14460.0000 20.1298 6.1646
14465.0000 20.1400 6.1779
14470.0000 20.1462 6.1849
14475.0000 20.1383 6.1708
14480.0000 20.1413 6.1750
14485.0000 20.1430 6.1772
14490.0000 20.1409 6.1731
14495.0000 20.1414 6.1730
14500.0000 20.1518 6.1881
14505.0000 20.1581 6.1976
14510.0000 20.1589 6.1975
14515.0000 20.1595 6.1974
14520.0000 20.1595 6.1974
14525.0000 20.1595 6.1974
14530.0000 20.1609 6.1972
14535.0000 20.1611 6.1971
14540.0000 20.1614 6.1971
14545.0000 20.1628 6.1969
14550.0000 20.1631 6.1968
14555.0000 20.1636 6.1967
14560.0000 20.1647 6.1966
14565.0000 20.1605 6.1868
14570.0000 20.1630 6.1869
14575.0000 20.1634 6.1847
14580.0000 20.1604 6.1767
14585.0000 20.1536 6.1629
14590.0000 20.1489 6.1509
14595.0000 20.1437 6.1399
14600.0000 20.1391 6.1282
14605.0000 20.1511 6.1375
14610.0000 20.1769 6.1664
14615.0000 20.1548 6.1208
14620.0000 20.1418 6.0881
14625.0000 20.1674 6.1174
14630.0000 20.1892 6.1428
14635.0000 20.1894 6.1275
14640.0000 20.2009 6.1321
14645.0000 20.2004 6.1156
14650.0000 20.2041 6.1006
14655.0000 20.2041 6.0836
14660.0000 20.2226 6.0945
14665.0000 20.2228 6.0772
14670.0000 20.2324 6.0720
14675.0000 20.2325 6.0545
14680.0000 20.2554 6.0732
14685.0000 20.2584 6.0584
14690.0000 20.2702 6.0620
14695.0000 20.2751 6.0584
14700.0000 20.2799 6.0569
14705.0000 20.3004 6.0778
14710.0000 20.3001 6.0705
14715.0000 20.3167 6.0864
14720.0000 20.3492 6.1248
14725.0000 20.3443 6.1100
14730.0000 20.3600 6.1239
14735.0000 20.3532 6.1054
14740.0000 20.3680 6.1189
14745.0000 20.3743 6.1193
14750.0000 20.3881 6.1343
14755.0000 20.3866 6.1251
14760.0000 20.4052 6.1437
14765.0000 20.4176 6.1523
14770.0000 20.4093 6.1291
14775.0000 20.4219 6.1354
14780.0000 20.4133 6.1109
14785.0000 20.4142 6.1006
14790.0000 20.4254 6.1078
14795.0000 20.4307 6.1078
14800.0000 20.4447 6.1222
14805.0000 20.4391 6.1058
14810.0000 20.4489 6.1157
14815.0000 20.4559 6.1187
14820.0000 20.4434 6.0940
14825.0000 20.4399 6.0863
14830.0000 20.4485 6.0976
14835.0000 20.4589 6.1119
14840.0000 20.4562 6.1064
14845.0000 20.4549 6.1040
14850.0000 20.4655 6.1182
14855.0000 20.4814 6.1421
14860.0000 20.4811 6.1406
14865.0000 20.4850 6.1454
14870.0000 20.4916 6.1546
14875.0000 20.4921 6.1545
14880.0000 20.4931 6.1544
14885.0000 20.5005 6.1636
14890.0000 20.5011 6.1635
14895.0000 20.4891 6.1426
14900.0000 20.4842 6.1331
14905.0000 20.4882 6.1386
14910.0000 20.4970 6.1479
14915.0000 20.4799 6.1159
14920.0000 20.4671 6.0894
14925.0000 20.4745 6.0969
14930.0000 20.4598 6.0671
14935.0000 20.4698 6.0745
14940.0000 20.4774 6.0783
14945.0000 20.4951 6.0976
14950.0000 20.5027 6.1017
14955.0000 20.5042 6.0947
14960.0000 20.5050 6.0907
14965.0000 20.5100 6.0932
14970.0000 20.5206 6.1054
14975.0000 20.5259 6.1105
14980.0000 20.5293 6.1109
14985.0000 20.5401 6.1229
14990.0000 20.5451 6.1274
14995.0000 20.5415 6.1162
15000.0000 20.5464 6.1186
15005.0000 20.5477 6.1182
15010.0000 20.5515 6.1197
15015.0000 20.5662 6.1398
15020.0000 20.5672 6.1366
15025.0000 20.5732 6.1435
15030.0000 20.5737 6.1434
15035.0000 20.5740 6.1434
15040.0000 20.5550 6.1135
15045.0000 20.5539 6.1104
15050.0000 20.5577 6.1148
15055.0000 20.5605 6.1177
15060.0000 20.5665 6.1272
15065.0000 20.5712 6.1328
15070.0000 20.5714 6.1328
15075.0000 20.5723 6.1327
15080.0000 20.5723 6.1327
15085.0000 20.5723 6.1327
15090.0000 20.5668 6.1231
15095.0000 20.5728 6.1326
15100.0000 20.5682 6.1230
15105.0000 20.5669 6.1198
15110.0000 20.5651 6.1149
15115.0000 20.5546 6.0956
15120.0000 20.5469 6.0811
15125.0000 20.5600 6.0963
15130.0000 20.5503 6.0758
15135.0000 20.5512 6.0700
15140.0000 20.5616 6.0805
15145.0000 20.5514 6.0576
15150.0000 20.5481 6.0445
15155.0000 20.5669 6.0655
15160.0000 20.5745 6.0685
15165.0000 20.5899 6.0824
15170.0000 20.6031 6.0933
15175.0000 20.6073 6.0878
15180.0000 20.6231 6.1020
15185.0000 20.6325 6.1074
15190.0000 20.6282 6.0892
15195.0000 20.6052 6.0460
15200.0000 20.5750 5.9881
15205.0000 20.5963 6.0106
15210.0000 20.6436 6.0723
15215.0000 20.6551 6.0772
15220.0000 20.6584 6.0666
15225.0000 20.6705 6.0722
15230.0000 20.6662 6.0536
15235.0000 20.6568 6.0280
15240.0000 20.6646 6.0307
15245.0000 20.6641 6.0178
15250.0000 20.6827 6.0357
15255.0000 20.6902 6.0339
15260.0000 20.7133 6.0555
15265.0000 20.7074 6.0408
15270.0000 20.7139 6.0424
15275.0000 20.7110 6.0279
15280.0000 20.7212 6.0373
15285.0000 20.7337 6.0516
15290.0000 20.7453 6.0666
15295.0000 20.7600 6.0804
15300.0000 20.7622 6.0784
15305.0000 20.7665 6.0822
15310.0000 20.7787 6.0963
15315.0000 20.7631 6.0681
15320.0000 20.7715 6.0781
15325.0000 20.7788 6.0859
15330.0000 20.7721 6.0733
15335.0000 20.7694 6.0674
15340.0000 20.7652 6.0594
15345.0000 20.7707 6.0669
15350.0000 20.7687 6.0627
15355.0000 20.7722 6.0650
15360.0000 20.7591 6.0430
15365.0000 20.7627 6.0473
15370.0000 20.7714 6.0593
15375.0000 20.7748 6.0636
15380.0000 20.7687 6.0527
15385.0000 20.7697 6.0535
15390.0000 20.7743 6.0601
15395.0000 20.7809 6.0685
15400.0000 20.7747 6.0558
15405.0000 20.7816 6.0640
15410.0000 20.7879 6.0703
15415.0000 20.7885 6.0667
15420.0000 20.7864 6.0584
15425.0000 20.7936 6.0635
15430.0000 20.7915 6.0573
15435.0000 20.8030 6.0691
15440.0000 20.7964 6.0501
15445.0000 20.7996 6.0444
15450.0000 20.7749 5.9913
15455.0000 20.7696 5.9785
15460.0000 20.7833 5.9919
15465.0000 20.7718 5.9648
15470.0000 20.7855 5.9744
15475.0000 20.7851 5.9631
15480.0000 20.7999 5.9772
15485.0000 20.7828 5.9395
15490.0000 20.8105 5.9715
15495.0000 20.8202 5.9769
15500.0000 20.8326 5.9880
15505.0000 20.8556 6.0164
15510.0000 20.8497 5.9982
15515.0000 20.8669 6.0195
15520.0000 20.8855 6.0425
15525.0000 20.8977 6.0561
15530.0000 20.8943 6.0454
15535.0000 20.9089 6.0633
15540.0000 20.9124 6.0627
15545.0000 20.9154 6.0646
15550.0000 20.9173 6.0644
15555.0000 20.9286 6.0792
15560.0000 20.9237 6.0696
15565.0000 20.9316 6.0786
15570.0000 20.9270 6.0691
15575.0000 20.9398 6.0876
15580.0000 20.9470 6.0968
15585.0000 20.9486 6.0966
15590.0000 20.9494 6.0965
15595.0000 20.9440 6.0861
15600.0000 20.9466 6.0895
15605.0000 20.9498 6.0940
15610.0000 20.9501 6.0939
15615.0000 20.9476 6.0901
15620.0000 20.9478 6.0900
15625.0000 20.9526 6.0969
15630.0000 20.9527 6.0969
15635.0000 20.9529 6.0968
15640.0000 20.9529 6.0968
15645.0000 20.9529 6.0968
15650.0000 20.9532 6.0968
15655.0000 20.9535 6.0967
15660.0000 20.9535 6.0967
15665.0000 20.9535 6.0967
15670.0000 20.9537 6.0967
15675.0000 20.9428 6.0782
15680.0000 20.9454 6.0816
15685.0000 20.9440 6.0780
15690.0000 20.9466 6.0787
15695.0000 20.9490 6.0808
15700.0000 20.9512 6.0805
15705.0000 20.9576 6.0873
15710.0000 20.9512 6.0724
15715.0000 20.9631 6.0860
15720.0000 20.9522 6.0625
15725.0000 20.9574 6.0681
15730.0000 20.9542 6.0605
15735.0000 20.9434 6.0351
15740.0000 20.9424 6.0268
15745.0000 20.9588 6.0449
15750.0000 20.9529 6.0296
15755.0000 20.9432 6.0075
15760.0000 20.9310 5.9807
15765.0000 20.9592 6.0167
15770.0000 20.9651 6.0166
15775.0000 20.9734 6.0240
15780.0000 20.9820 6.0319
15785.0000 20.9816 6.0241
15790.0000 20.9771 6.0114
15795.0000 20.9780 6.0067
15800.0000 20.9889 6.0195
15805.0000 20.9862 6.0107
15810.0000 20.9919 6.0177
15815.0000 20.9888 6.0078
15820.0000 20.9889 6.0058
15825.0000 20.9923 6.0104
15830.0000 20.9928 6.0078
15835.0000 20.9940 6.0076
15840.0000 20.9943 6.0034
15845.0000 20.9928 5.9977
15850.0000 20.9977 6.0030
15855.0000 21.0059 6.0114
15860.0000 21.0084 6.0111
15865.0000 21.0061 6.0034
15870.0000 21.0072 6.0032
15875.0000 21.0017 5.9870
15880.0000 20.9986 5.9779
15885.0000 20.9969 5.9716
15890.0000 20.9901 5.9579
15895.0000 20.9943 5.9626
15900.0000 20.9995 5.9680
15905.0000 21.0076 5.9780
15910.0000 21.0258 6.0039
15915.0000 21.0121 5.9795
15920.0000 21.0045 5.9658
15925.0000 21.0153 5.9804
15930.0000 21.0030 5.9582
15935.0000 21.0147 5.9739
15940.0000 21.0115 5.9661
15945.0000 21.0313 5.9939
15950.0000 21.0280 5.9856
15955.0000 21.0338 5.9923
15960.0000 21.0343 5.9909
15965.0000 21.0419 5.9999
15970.0000 21.0286 5.9790
15975.0000 21.0369 5.9895
15980.0000 21.0519 6.0114
15985.0000 21.0576 6.0186
15990.0000 21.0578 6.0126
15995.0000 21.0535 6.0048
16000.0000 21.0574 6.0092
16005.0000 21.0544 6.0021
16010.0000 21.0510 5.9948
16015.0000 21.0541 5.9943
16020.0000 21.0532 5.9868
16025.0000 21.0550 5.9849
16030.0000 21.0511 5.9714
16035.0000 21.0735 5.9978
16040.0000 21.0650 5.9766
16045.0000 21.0667 5.9696
16050.0000 21.0786 5.9794
16055.0000 21.0542 5.9296
16060.0000 21.0716 5.9473
16065.0000 21.0701 5.9333
16070.0000 21.0806 5.9406
16075.0000 21.0932 5.9490
16080.0000 21.1128 5.9709
16085.0000 21.1142 5.9606
16090.0000 21.1153 5.9509
16095.0000 21.1397 5.9772
16100.0000 21.1618 6.0009
16105.0000 21.1679 6.0038
16110.0000 21.1927 6.0341
16115.0000 21.1859 6.0172
16120.0000 21.2094 6.0457
16125.0000 21.2056 6.0335
16130.0000 21.1943 6.0103
16135.0000 21.2026 6.0177
16140.0000 21.2197 6.0400
16145.0000 21.2007 6.0063
16150.0000 21.2032 6.0068
16155.0000 21.2017 6.0013
16160.0000 21.2084 6.0094
16165.0000 21.2211 6.0267
16170.0000 21.2193 6.0201
16175.0000 21.2339 6.0407
16180.0000 21.2347 6.0407
16185.0000 21.2394 6.0450
16190.0000 21.2424 6.0470
16195.0000 21.2381 6.0380
16200.0000 21.2484 6.0502
16205.0000 21.2454 6.0426
16210.0000 21.2487 6.0407
16215.0000 21.2510 6.0404
16220.0000 21.2401 6.0217
16225.0000 21.2369 6.0126
16230.0000 21.2418 6.0186
16235.0000 21.2302 6.0001
16240.0000 21.2251 5.9888
16245.0000 21.2283 5.9899
16250.0000 21.2467 6.0144
16255.0000 21.2598 6.0288
16260.0000 21.2485 6.0102
16265.0000 21.2482 6.0074
16270.0000 21.2416 5.9936
16275.0000 21.2515 6.0039
16280.0000 21.2585 6.0125
16285.0000 21.2505 5.9973
16290.0000 21.2571 6.0067
16295.0000 21.2611 6.0117
16300.0000 21.2751 6.0312
16305.0000 21.2737 6.0271
16310.0000 21.2726 6.0217
16315.0000 21.2775 6.0284
16320.0000 21.2825 6.0351
16325.0000 21.2792 6.0293
16330.0000 21.2841 6.0348
16335.0000 21.2886 6.0418
16340.0000 21.2921 6.0464
16345.0000 21.2923 6.0464
16350.0000 21.2878 6.0391
16355.0000 21.2880 6.0391
16360.0000 21.2885 6.0390
16365.0000 21.2887 6.0390
16370.0000 21.2889 6.0389
16375.0000 21.2894 6.0389
16380.0000 21.2900 6.0387
16385.0000 21.2905 6.0387
16390.0000 21.2908 6.0386
16395.0000 21.2916 6.0385
16400.0000 21.2923 6.0384
16405.0000 21.2929 6.0383
16410.0000 21.2939 6.0381
16415.0000 21.2945 6.0381
16420.0000 21.2947 6.0380
16425.0000 21.2949 6.0380
16430.0000 21.2949 6.0380
16435.0000 21.2954 6.0379
16440.0000 21.2959 6.0378
16445.0000 21.2962 6.0378
16450.0000 21.2962 6.0378
16455.0000 21.2967 6.0377
16460.0000 21.2969 6.0377
16465.0000 21.2977 6.0376
16470.0000 21.2977 6.0376
16475.0000 21.2981 6.0375
16480.0000 21.2981 6.0375
16485.0000 21.2981 6.0375
16490.0000 21.2984 6.0374
16495.0000 21.2987 6.0374
16500.0000 21.2990 6.0374
16505.0000 21.2995 6.0373
16510.0000 21.3001 6.0372
16515.0000 21.3015 6.0370
16520.0000 21.3026 6.0368
16525.0000 21.3032 6.0367
16530.0000 21.3046 6.0365
16535.0000 21.3057 6.0363
16540.0000 21.3077 6.0360
16545.0000 21.3097 6.0357
16550.0000 21.3109 6.0355
16555.0000 21.3120 6.0353
16560.0000 21.3148 6.0349
16565.0000 21.3168 6.0346
16570.0000 21.3197 6.0341
16575.0000 21.2980 5.9967
16580.0000 21.3168 6.0224
16585.0000 21.3018 5.9958
16590.0000 21.3052 5.9977
16595.0000 21.2804 5.9540
16600.0000 21.2933 5.9674
16605.0000 21.3034 5.9795
16610.0000 21.2945 5.9611
16615.0000 21.3075 5.9765
16620.0000 21.3133 5.9809
16625.0000 21.3178 5.9837
16630.0000 21.3198 5.9831
16635.0000 21.3165 5.9733
16640.0000 21.3244 5.9818
16645.0000 21.3305 5.9898
16650.0000 21.3344 5.9944
16655.0000 21.3386 5.9989
16660.0000 21.3438 6.0047
16665.0000 21.3485 6.0099
16670.0000 21.3407 5.9951
16675.0000 21.3355 5.9842
16680.0000 21.3396 5.9881
16685.0000 21.3342 5.9776
16690.0000 21.3454 5.9919
16695.0000 21.3381 5.9766
16700.0000 21.3489 5.9907
16705.0000 21.3481 5.9863
16710.0000 21.3407 5.9688
16715.0000 21.3466 5.9744
16720.0000 21.3565 5.9853
16725.0000 21.3670 5.9972
16730.0000 21.3745 6.0052
16735.0000 21.3786 6.0066
16740.0000 21.3741 5.9950
16745.0000 21.3784 5.9967
16750.0000 21.3818 5.9961
16755.0000 21.3816 5.9919
16760.0000 21.3892 6.0001
16765.0000 21.3890 5.9957
16770.0000 21.3838 5.9857
16775.0000 21.3837 5.9835
16780.0000 21.3819 5.9770
16785.0000 21.3898 5.9869
16790.0000 21.3965 5.9937
16795.0000 21.4021 6.0013
16800.0000 21.3968 5.9918
16805.0000 21.3976 5.9917
16810.0000 21.3907 5.9809
16815.0000 21.4086 6.0062
16820.0000 21.4153 6.0148
16825.0000 21.4160 6.0147
16830.0000 21.4164 6.0147
16835.0000 21.4166 6.0146
16840.0000 21.4166 6.0146
16845.0000 21.4166 6.0146
16850.0000 21.4168 6.0146
16855.0000 21.4168 6.0146
16860.0000 21.4172 6.0145
16865.0000 21.4174 6.0145
16870.0000 21.4174 6.0145
16875.0000 21.4177 6.0145
16880.0000 21.4177 6.0145
16885.0000 21.4177 6.0145
16890.0000 21.4179 6.0144
16895.0000 21.4185 6.0143
16900.0000 21.4185 6.0143
16905.0000 21.4187 6.0143
16910.0000 21.4187 6.0143
16915.0000 21.4187 6.0143
16920.0000 21.4189 6.0143
16925.0000 21.4189 6.0143
16930.0000 21.4189 6.0143
16935.0000 21.4189 6.0143
16940.0000 21.4189 6.0143
16945.0000 21.4192 6.0142
16950.0000 21.4134 6.0048
16955.0000 21.4193 6.0135
16960.0000 21.4198 6.0134
16965.0000 21.4198 6.0134
16970.0000 21.4210 6.0133
16975.0000 21.4159 6.0050
16980.0000 21.4167 6.0042
16985.0000 21.4115 5.9947
16990.0000 21.4111 5.9941
16995.0000 21.4137 5.9967
17000.0000 21.4134 5.9938
17005.0000 21.4206 6.0029
17010.0000 21.4218 6.0027
17015.0000 21.4244 6.0023
17020.0000 21.4209 5.9940
17025.0000 21.4226 5.9931
17030.0000 21.4231 5.9878
17035.0000 21.4195 5.9770
17040.0000 21.4244 5.9800
17045.0000 21.4232 5.9710
17050.0000 21.4088 5.9438
17055.0000 21.4231 5.9597
17060.0000 21.4262 5.9520
17065.0000 21.4070 5.9137
17070.0000 21.4247 5.9289
17075.0000 21.4419 5.9444
17080.0000 21.4445 5.9406
17085.0000 21.4410 5.9193
17090.0000 21.4566 5.9299
17095.0000 21.4537 5.9153
17100.0000 21.4613 5.9157
17105.0000 21.4760 5.9293
17110.0000 21.4847 5.9330
17115.0000 21.4834 5.9214
17120.0000 21.4967 5.9328
17125.0000 21.4810 5.8979
17130.0000 21.4921 5.9019
17135.0000 21.4908 5.8894
17140.0000 21.4967 5.8888
17145.0000 21.5101 5.8998
17150.0000 21.5242 5.9153
17155.0000 21.5363 5.9254
17160.0000 21.5364 5.9168
17165.0000 21.5533 5.9341
17170.0000 21.5552 5.9308
17175.0000 21.5450 5.9078
17180.0000 21.5496 5.9079
17185.0000 21.5676 5.9293
17190.0000 21.5616 5.9165
17195.0000 21.5598 5.9091
17200.0000 21.5564 5.8998
17205.0000 21.5548 5.8912
17210.0000 21.5776 5.9216
17215.0000 21.5675 5.8998
17220.0000 21.5703 5.8993
17225.0000 21.5763 5.9031
17230.0000 21.5844 5.9091
17235.0000 21.5788 5.8955
17240.0000 21.5736 5.8830
17245.0000 21.6069 5.9275
17250.0000 21.6018 5.9121
17255.0000 21.5846 5.8776
17260.0000 21.5805 5.8635
17265.0000 21.6062 5.8974
17270.0000 21.6098 5.8937
17275.0000 21.6119 5.8916
17280.0000 21.6303 5.9108
17285.0000 21.6393 5.9174
17290.0000 21.6503 5.9287
17295.0000 21.6623 5.9397
17300.0000 21.6655 5.9348
17305.0000 21.6706 5.9340
17310.0000 21.6807 5.9426
17315.0000 21.6828 5.9423
17320.0000 21.6856 5.9418
17325.0000 21.6871 5.9386
17330.0000 21.6928 5.9415
17335.0000 21.6951 5.9411
17340.0000 21.6964 5.9409
17345.0000 21.6971 5.9408
17350.0000 21.6977 5.9407
17355.0000 21.6984 5.9406
17360.0000 21.6984 5.9406
17365.0000 21.6992 5.9405
17370.0000 21.7003 5.9403
17375.0000 21.7020 5.9400
17380.0000 21.7024 5.9400
17385.0000 21.7034 5.9398
17390.0000 21.7049 5.9396
17395.0000 21.7065 5.9393
17400.0000 21.7074 5.9392
17405.0000 21.7078 5.9391
17410.0000 21.7147 5.9483
17415.0000 21.7165 5.9481
17420.0000 21.7190 5.9476
17425.0000 21.7155 5.9404
17430.0000 21.7101 5.9293
17435.0000 21.7068 5.9211
17440.0000 21.7256 5.9462
17445.0000 21.7165 5.9263
17450.0000 21.7166 5.9202
17455.0000 21.7034 5.8946
17460.0000 21.7041 5.8851
17465.0000 21.7072 5.8839
17470.0000 21.7047 5.8680
17475.0000 21.7165 5.8752
17480.0000 21.7160 5.8633
17485.0000 21.7239 5.8669
17490.0000 21.7491 5.8965
17495.0000 21.7541 5.8928
17500.0000 21.7592 5.8893
17505.0000 21.7731 5.9013
17510.0000 21.7874 5.9125
17515.0000 21.7891 5.9036
17520.0000 21.8061 5.9212
17525.0000 21.8122 5.9263
17530.0000 21.8069 5.9112
17535.0000 21.8173 5.9228
17540.0000 21.8187 5.9200
17545.0000 21.8181 5.9156
17550.0000 21.8103 5.9014
17555.0000 21.7869 5.8627
17560.0000 21.8055 5.8883
17565.0000 21.8069 5.8888
17570.0000 21.8270 5.9155
17575.0000 21.8257 5.9127
17580.0000 21.8143 5.8926
17585.0000 21.8164 5.8944
17590.0000 21.8124 5.8873
17595.0000 21.8046 5.8743
17600.0000 21.8224 5.9001
17605.0000 21.8305 5.9123
17610.0000 21.8348 5.9177
17615.0000 21.8270 5.9053
17620.0000 21.8361 5.9177
17625.0000 21.8343 5.9133
17630.0000 21.8267 5.9013
17635.0000 21.8230 5.8953
17640.0000 21.8299 5.9055
17645.0000 21.8219 5.8927
17650.0000 21.8345 5.9110
17655.0000 21.8349 5.9109
17660.0000 21.8356 5.9108
17665.0000 21.8366 5.9107
17670.0000 21.8372 5.9106
17675.0000 21.8426 5.9176
17680.0000 21.8397 5.9121
17685.0000 21.8460 5.9213
17690.0000 21.8454 5.9173
17695.0000 21.8360 5.8998
17700.0000 21.8266 5.8844
17705.0000 21.8325 5.8919
17710.0000 21.8385 5.8981
17715.0000 21.8335 5.8878
17720.0000 21.8352 5.8872
17725.0000 21.8182 5.8578
17730.0000 21.8222 5.8584
17735.0000 21.8189 5.8514
17740.0000 21.8315 5.8651
17745.0000 21.8474 5.8848
17750.0000 21.8439 5.8771
17755.0000 21.8473 5.8799
17760.0000 21.8624 5.8985
17765.0000 21.8618 5.8948
17770.0000 21.8613 5.8915
17775.0000 21.8535 5.8775
17780.0000 21.8458 5.8639
17785.0000 21.8529 5.8729
17790.0000 21.8562 5.8781
17795.0000 21.8520 5.8705
17800.0000 21.8524 5.8705
17805.0000 21.8582 5.8773
17810.0000 21.8621 5.8821
17815.0000 21.8619 5.8796
17820.0000 21.8681 5.8877
17825.0000 21.8669 5.8849
17830.0000 21.8602 5.8744
17835.0000 21.8663 5.8836
17840.0000 21.8682 5.8850
17845.0000 21.8691 5.8857
17850.0000 21.8748 5.8928
17855.0000 21.8753 5.8918
17860.0000 21.8763 5.8916
17865.0000 21.8773 5.8916
17870.0000 21.8815 5.8951
17875.0000 21.8846 5.8980
17880.0000 21.8755 5.8832
17885.0000 21.8767 5.8841
17890.0000 21.8766 5.8806
17895.0000 21.8830 5.8885
17900.0000 21.8850 5.8869
17905.0000 21.8718 5.8611
17910.0000 21.8848 5.8732
17915.0000 21.8706 5.8482
17920.0000 21.8668 5.8372
17925.0000 21.8743 5.8427
17930.0000 21.8745 5.8386
17935.0000 21.8913 5.8594
17940.0000 21.9003 5.8663
17945.0000 21.8952 5.8468
17950.0000 21.9071 5.8605
17955.0000 21.9255 5.8798
17960.0000 21.9377 5.8892
17965.0000 21.9381 5.8845
17970.0000 21.9422 5.8840
17975.0000 21.9536 5.8918
17980.0000 21.9498 5.8824
17985.0000 21.9449 5.8730
17990.0000 21.9530 5.8814
17995.0000 21.9668 5.8991
18000.0000 21.9686 5.8988
