# time  hit_cache  total_cache  hit_cache/total_cache
233.0000 1 0 Infinity
238.0000 1 1 1.0000
315.0000 1 2 0.5000
315.0000 1 3 0.3333
453.0000 2 3 0.6667
467.0000 2 4 0.5000
620.0000 2 4 0.5000
622.0000 2 5 0.4000
627.0000 2 6 0.3333
631.0000 2 7 0.2857
635.0000 2 8 0.2500
636.0000 2 9 0.2222
638.0000 2 10 0.2000
638.0000 2 11 0.1818
640.0000 2 12 0.1667
640.0000 2 13 0.1538
640.0000 2 14 0.1429
642.0000 2 15 0.1333
645.0000 2 16 0.1250
647.0000 2 17 0.1176
647.0000 2 18 0.1111
649.0000 2 19 0.1053
653.0000 2 20 0.1000
653.0000 2 21 0.0952
653.0000 2 22 0.0909
654.0000 2 23 0.0870
657.0000 2 24 0.0833
657.0000 2 25 0.0800
657.0000 2 26 0.0769
658.0000 2 27 0.0741
659.0000 2 28 0.0714
662.0000 2 29 0.0690
662.0000 2 30 0.0667
665.0000 2 31 0.0645
668.0000 2 32 0.0625
669.0000 2 33 0.0606
670.0000 2 34 0.0588
673.0000 2 35 0.0571
674.0000 2 36 0.0556
678.0000 2 37 0.0541
678.0000 2 38 0.0526
682.0000 2 39 0.0513
685.0000 2 40 0.0500
688.0000 2 41 0.0488
689.0000 2 42 0.0476
689.0000 2 43 0.0465
690.0000 2 44 0.0455
694.0000 2 45 0.0444
694.0000 2 46 0.0435
697.0000 2 47 0.0426
700.0000 2 48 0.0417
700.0000 2 49 0.0408
702.0000 2 50 0.0400
703.0000 2 51 0.0392
704.0000 2 52 0.0385
705.0000 2 53 0.0377
707.0000 2 54 0.0370
707.0000 2 55 0.0364
707.0000 2 56 0.0357
707.0000 2 57 0.0351
708.0000 2 58 0.0345
710.0000 2 59 0.0339
711.0000 2 60 0.0333
712.0000 2 61 0.0328
712.0000 2 62 0.0323
713.0000 2 63 0.0317
713.0000 2 64 0.0313
713.0000 2 65 0.0308
714.0000 2 66 0.0303
714.0000 2 67 0.0299
718.0000 2 68 0.0294
718.0000 2 69 0.0290
719.0000 2 70 0.0286
720.0000 2 71 0.0282
722.0000 2 72 0.0278
725.0000 2 73 0.0274
726.0000 2 74 0.0270
726.0000 2 75 0.0267
729.0000 2 76 0.0263
729.0000 2 77 0.0260
729.0000 2 78 0.0256
730.0000 2 79 0.0253
731.0000 2 80 0.0250
732.0000 2 81 0.0247
733.0000 2 82 0.0244
733.0000 2 83 0.0241
734.0000 2 84 0.0238
735.0000 2 85 0.0235
739.0000 2 86 0.0233
739.0000 2 87 0.0230
742.0000 2 88 0.0227
745.0000 2 89 0.0225
748.0000 2 90 0.0222
751.0000 2 91 0.0220
754.0000 2 92 0.0217
758.0000 2 93 0.0215
760.0000 2 94 0.0213
761.0000 2 95 0.0211
762.0000 2 96 0.0208
763.0000 2 97 0.0206
768.0000 2 98 0.0204
771.0000 2 99 0.0202
778.0000 2 100 0.0200
781.0000 2 101 0.0198
785.0000 2 102 0.0196
793.0000 2 103 0.0194
794.0000 2 104 0.0192
797.0000 2 105 0.0190
808.0000 2 106 0.0189
814.0000 2 107 0.0187
819.0000 3 107 0.0280
827.0000 3 108 0.0278
830.0000 3 109 0.0275
840.0000 3 110 0.0273
850.0000 3 111 0.0270
875.0000 4 111 0.0360
1020.0000 4 112 0.0357
1074.0000 5 112 0.0446
1185.0000 6 112 0.0536
1196.0000 6 113 0.0531
1200.0000 6 114 0.0526
1203.0000 6 115 0.0522
1204.0000 6 116 0.0517
1207.0000 6 117 0.0513
1219.0000 6 118 0.0508
1223.0000 6 119 0.0504
1240.0000 6 120 0.0500
1243.0000 6 121 0.0496
1245.0000 6 122 0.0492
1249.0000 6 123 0.0488
1253.0000 6 124 0.0484
1256.0000 6 125 0.0480
1257.0000 6 125 0.0480
1257.0000 6 126 0.0476
1258.0000 6 127 0.0472
1260.0000 6 128 0.0469
1261.0000 6 129 0.0465
1264.0000 6 130 0.0462
1265.0000 6 131 0.0458
1266.0000 6 132 0.0455
1268.0000 6 133 0.0451
1270.0000 6 134 0.0448
1273.0000 6 135 0.0444
1274.0000 6 136 0.0441
1277.0000 6 137 0.0438
1278.0000 6 138 0.0435
1279.0000 6 139 0.0432
1282.0000 6 140 0.0429
1283.0000 6 141 0.0426
1287.0000 6 142 0.0423
1287.0000 6 143 0.0420
1288.0000 6 144 0.0417
1292.0000 6 145 0.0414
1296.0000 6 146 0.0411
1298.0000 6 147 0.0408
1300.0000 6 148 0.0405
1300.0000 6 149 0.0403
1304.0000 6 150 0.0400
1305.0000 6 151 0.0397
1309.0000 6 152 0.0395
1312.0000 6 152 0.0395
1313.0000 6 153 0.0392
1316.0000 6 154 0.0390
1320.0000 6 155 0.0387
1320.0000 6 156 0.0385
1324.0000 6 157 0.0382
1324.0000 6 158 0.0380
1325.0000 6 159 0.0377
1326.0000 6 160 0.0375
1327.0000 6 161 0.0373
1327.0000 6 162 0.0370
1328.0000 6 163 0.0368
1332.0000 6 164 0.0366
1332.0000 6 165 0.0364
1334.0000 6 166 0.0361
1335.0000 6 167 0.0359
1337.0000 6 168 0.0357
1338.0000 6 169 0.0355
1340.0000 6 170 0.0353
1342.0000 6 171 0.0351
1343.0000 6 172 0.0349
1345.0000 6 173 0.0347
1345.0000 6 174 0.0345
1348.0000 6 175 0.0343
1349.0000 6 176 0.0341
1352.0000 6 177 0.0339
1353.0000 6 178 0.0337
1354.0000 6 179 0.0335
1355.0000 6 180 0.0333
1355.0000 6 181 0.0331
1358.0000 6 182 0.0330
1360.0000 6 183 0.0328
1362.0000 6 184 0.0326
1364.0000 6 185 0.0324
1364.0000 6 186 0.0323
1366.0000 6 187 0.0321
1366.0000 6 188 0.0319
1370.0000 6 189 0.0317
1370.0000 6 190 0.0316
1371.0000 6 191 0.0314
1376.0000 6 192 0.0313
1377.0000 6 193 0.0311
1378.0000 6 194 0.0309
1378.0000 6 195 0.0308
1380.0000 6 196 0.0306
1381.0000 6 197 0.0305
1384.0000 6 198 0.0303
1388.0000 6 199 0.0302
1389.0000 6 200 0.0300
1389.0000 6 201 0.0299
1393.0000 6 202 0.0297
1395.0000 6 203 0.0296
1395.0000 6 204 0.0294
1395.0000 6 205 0.0293
1396.0000 6 206 0.0291
1397.0000 6 207 0.0290
1397.0000 6 208 0.0288
1398.0000 6 209 0.0287
1402.0000 6 210 0.0286
1402.0000 6 211 0.0284
1406.0000 6 212 0.0283
1406.0000 6 213 0.0282
1406.0000 6 214 0.0280
1408.0000 6 215 0.0279
1409.0000 6 216 0.0278
1410.0000 6 217 0.0276
1410.0000 6 218 0.0275
1410.0000 6 219 0.0274
1412.0000 6 220 0.0273
1412.0000 6 221 0.0271
1412.0000 6 222 0.0270
1412.0000 6 223 0.0269
1413.0000 6 224 0.0268
1414.0000 6 225 0.0267
1416.0000 6 226 0.0265
1419.0000 6 227 0.0264
1421.0000 6 228 0.0263
1422.0000 6 229 0.0262
1424.0000 6 230 0.0261
1425.0000 6 231 0.0260
1425.0000 6 232 0.0259
1428.0000 6 233 0.0258
1428.0000 6 234 0.0256
1429.0000 6 235 0.0255
1429.0000 6 236 0.0254
1435.0000 6 237 0.0253
1435.0000 6 238 0.0252
1435.0000 6 239 0.0251
1442.0000 6 240 0.0250
1444.0000 6 241 0.0249
1446.0000 6 242 0.0248
1457.0000 6 243 0.0247
1468.0000 6 244 0.0246
1470.0000 6 245 0.0245
1471.0000 6 246 0.0244
1510.0000 6 247 0.0243
1523.0000 6 248 0.0242
1529.0000 6 249 0.0241
1551.0000 7 249 0.0281
1567.0000 7 250 0.0280
1681.0000 8 250 0.0320
1732.0000 8 250 0.0320
1733.0000 8 251 0.0319
1736.0000 8 252 0.0317
1740.0000 8 253 0.0316
1744.0000 8 254 0.0315
1748.0000 8 255 0.0314
1750.0000 8 256 0.0313
1751.0000 8 257 0.0311
1751.0000 8 258 0.0310
1753.0000 8 259 0.0309
1756.0000 8 260 0.0308
1760.0000 8 261 0.0307
1764.0000 8 262 0.0305
1764.0000 8 263 0.0304
1765.0000 8 264 0.0303
1768.0000 8 265 0.0302
1770.0000 8 266 0.0301
1771.0000 8 267 0.0300
1775.0000 8 268 0.0299
1776.0000 8 269 0.0297
1776.0000 8 270 0.0296
1776.0000 8 271 0.0295
1777.0000 8 272 0.0294
1777.0000 8 273 0.0293
1778.0000 8 274 0.0292
1779.0000 8 275 0.0291
1782.0000 8 276 0.0290
1784.0000 8 277 0.0289
1786.0000 8 278 0.0288
1786.0000 8 279 0.0287
1788.0000 8 280 0.0286
1789.0000 8 281 0.0285
1790.0000 8 282 0.0284
1793.0000 8 283 0.0283
1794.0000 8 284 0.0282
1798.0000 8 285 0.0281
1799.0000 8 286 0.0280
1800.0000 8 287 0.0279
1801.0000 8 288 0.0278
1802.0000 8 289 0.0277
1804.0000 8 290 0.0276
1805.0000 8 291 0.0275
1806.0000 8 292 0.0274
1806.0000 8 293 0.0273
1806.0000 8 294 0.0272
1808.0000 8 295 0.0271
1808.0000 8 296 0.0270
1808.0000 8 297 0.0269
1809.0000 8 298 0.0268
1811.0000 8 299 0.0268
1812.0000 8 300 0.0267
1818.0000 9 300 0.0300
1818.0000 9 301 0.0299
1819.0000 9 302 0.0298
1820.0000 9 303 0.0297
1821.0000 9 304 0.0296
1821.0000 9 305 0.0295
1825.0000 9 306 0.0294
1825.0000 9 307 0.0293
1826.0000 9 308 0.0292
1826.0000 9 309 0.0291
1827.0000 9 310 0.0290
1827.0000 9 311 0.0289
1831.0000 9 312 0.0288
1831.0000 9 313 0.0288
1832.0000 9 314 0.0287
1833.0000 9 315 0.0286
1833.0000 9 316 0.0285
1833.0000 9 317 0.0284
1835.0000 9 318 0.0283
1839.0000 9 319 0.0282
1843.0000 9 320 0.0281
1844.0000 9 321 0.0280
1846.0000 9 322 0.0280
1851.0000 9 323 0.0279
1855.0000 9 324 0.0278
1856.0000 9 325 0.0277
1861.0000 10 325 0.0308
1864.0000 10 326 0.0307
1865.0000 10 327 0.0306
1868.0000 11 327 0.0336
1868.0000 11 328 0.0335
1869.0000 11 329 0.0334
1872.0000 12 329 0.0365
1878.0000 13 329 0.0395
1880.0000 13 330 0.0394
1886.0000 13 331 0.0393
1887.0000 13 332 0.0392
1891.0000 13 333 0.0390
1898.0000 13 334 0.0389
1898.0000 13 335 0.0388
1906.0000 13 336 0.0387
1910.0000 13 337 0.0386
1912.0000 13 338 0.0385
1915.0000 13 339 0.0383
1926.0000 13 340 0.0382
1929.0000 14 340 0.0412
1937.0000 14 341 0.0411
1938.0000 14 342 0.0409
1942.0000 14 343 0.0408
1950.0000 14 344 0.0407
1954.0000 15 344 0.0436
1973.0000 15 345 0.0435
1976.0000 16 345 0.0464
1979.0000 17 345 0.0493
1983.0000 17 346 0.0491
1986.0000 18 346 0.0520
1998.0000 19 346 0.0549
2000.0000 20 346 0.0578
2005.0000 21 346 0.0607
2006.0000 22 346 0.0636
2007.0000 23 346 0.0665
2008.0000 24 346 0.0694
2011.0000 24 347 0.0692
2013.0000 25 347 0.0720
2015.0000 25 348 0.0718
2015.0000 26 348 0.0747
2016.0000 27 348 0.0776
2022.0000 28 348 0.0805
2026.0000 29 348 0.0833
2026.0000 29 349 0.0831
2027.0000 30 349 0.0860
2028.0000 31 349 0.0888
2029.0000 32 349 0.0917
2029.0000 33 349 0.0946
2029.0000 34 349 0.0974
2029.0000 35 349 0.1003
2029.0000 36 349 0.1032
2030.0000 37 349 0.1060
2033.0000 37 350 0.1057
2035.0000 38 350 0.1086
2035.0000 38 351 0.1083
2036.0000 38 352 0.1080
2040.0000 38 353 0.1076
2041.0000 39 353 0.1105
2042.0000 40 353 0.1133
2042.0000 41 353 0.1161
2044.0000 42 353 0.1190
2046.0000 43 353 0.1218
2046.0000 44 353 0.1246
2048.0000 44 354 0.1243
2048.0000 45 354 0.1271
2049.0000 46 354 0.1299
2049.0000 46 355 0.1296
2050.0000 46 356 0.1292
2050.0000 47 356 0.1320
2050.0000 47 357 0.1317
2051.0000 48 357 0.1345
2052.0000 49 357 0.1373
2054.0000 50 357 0.1401
2054.0000 51 357 0.1429
2054.0000 52 357 0.1457
2055.0000 52 358 0.1453
2055.0000 52 359 0.1448
2056.0000 53 359 0.1476
2057.0000 54 359 0.1504
2057.0000 54 360 0.1500
2057.0000 55 360 0.1528
2058.0000 56 360 0.1556
2059.0000 57 360 0.1583
2060.0000 58 360 0.1611
2061.0000 59 360 0.1639
2062.0000 60 360 0.1667
2062.0000 60 361 0.1662
2062.0000 61 361 0.1690
2064.0000 62 361 0.1717
2064.0000 63 361 0.1745
2064.0000 64 361 0.1773
2065.0000 65 361 0.1801
2065.0000 66 361 0.1828
2066.0000 67 361 0.1856
2067.0000 68 361 0.1884
2067.0000 69 361 0.1911
2067.0000 70 361 0.1939
2068.0000 71 361 0.1967
2068.0000 72 361 0.1994
2068.0000 73 361 0.2022
2069.0000 74 361 0.2050
2069.0000 75 361 0.2078
2070.0000 75 362 0.2072
2070.0000 76 362 0.2099
2070.0000 77 362 0.2127
2071.0000 77 363 0.2121
2072.0000 77 364 0.2115
2072.0000 78 364 0.2143
2073.0000 78 365 0.2137
2073.0000 79 365 0.2164
2073.0000 80 365 0.2192
2073.0000 81 365 0.2219
2074.0000 82 365 0.2247
2074.0000 82 366 0.2240
2075.0000 83 366 0.2268
2076.0000 84 366 0.2295
2076.0000 85 366 0.2322
2077.0000 86 366 0.2350
2077.0000 87 366 0.2377
2078.0000 87 367 0.2371
2078.0000 88 367 0.2398
2078.0000 89 367 0.2425
2078.0000 90 367 0.2452
2079.0000 91 367 0.2480
2080.0000 92 367 0.2507
2080.0000 93 367 0.2534
2080.0000 94 367 0.2561
2081.0000 95 367 0.2589
2082.0000 95 368 0.2582
2082.0000 95 369 0.2575
2083.0000 96 369 0.2602
2083.0000 97 369 0.2629
2084.0000 98 369 0.2656
2084.0000 99 369 0.2683
2084.0000 99 370 0.2676
2085.0000 100 370 0.2703
2087.0000 101 370 0.2730
2087.0000 102 370 0.2757
2087.0000 103 370 0.2784
2088.0000 104 370 0.2811
2088.0000 105 370 0.2838
2088.0000 106 370 0.2865
2088.0000 107 370 0.2892
2089.0000 107 371 0.2884
2090.0000 108 371 0.2911
2090.0000 109 371 0.2938
2090.0000 110 371 0.2965
2091.0000 111 371 0.2992
2091.0000 112 371 0.3019
2091.0000 113 371 0.3046
2091.0000 114 371 0.3073
2092.0000 115 371 0.3100
2093.0000 116 371 0.3127
2093.0000 117 371 0.3154
2095.0000 118 371 0.3181
2095.0000 119 371 0.3208
2095.0000 120 371 0.3235
2096.0000 121 371 0.3261
2096.0000 121 372 0.3253
2096.0000 121 373 0.3244
2097.0000 122 373 0.3271
2097.0000 123 373 0.3298
2098.0000 124 373 0.3324
2098.0000 125 373 0.3351
2098.0000 126 373 0.3378
2098.0000 126 374 0.3369
2099.0000 127 374 0.3396
2099.0000 128 374 0.3422
2099.0000 129 374 0.3449
2099.0000 130 374 0.3476
2099.0000 131 374 0.3503
2099.0000 131 375 0.3493
2100.0000 132 375 0.3520
2100.0000 133 375 0.3547
2100.0000 134 375 0.3573
2101.0000 135 375 0.3600
2101.0000 135 376 0.3590
2102.0000 136 376 0.3617
2102.0000 137 376 0.3644
2102.0000 138 376 0.3670
2103.0000 139 376 0.3697
2103.0000 140 376 0.3723
2104.0000 141 376 0.3750
2104.0000 142 376 0.3777
2105.0000 143 376 0.3803
2105.0000 144 376 0.3830
2105.0000 144 377 0.3820
2105.0000 145 377 0.3846
2106.0000 146 377 0.3873
2106.0000 146 378 0.3862
2106.0000 146 379 0.3852
2107.0000 146 380 0.3842
2108.0000 147 380 0.3868
2108.0000 147 381 0.3858
2108.0000 148 381 0.3885
2109.0000 149 381 0.3911
2109.0000 149 382 0.3901
2109.0000 149 383 0.3890
2109.0000 149 384 0.3880
2109.0000 150 384 0.3906
2109.0000 151 384 0.3932
2110.0000 151 385 0.3922
2110.0000 152 385 0.3948
2111.0000 152 386 0.3938
2111.0000 153 386 0.3964
2111.0000 153 387 0.3953
2112.0000 154 387 0.3979
2112.0000 155 387 0.4005
2112.0000 156 387 0.4031
2112.0000 156 388 0.4021
2112.0000 157 388 0.4046
2112.0000 158 388 0.4072
2113.0000 159 388 0.4098
2113.0000 160 388 0.4124
2114.0000 161 388 0.4149
2114.0000 162 388 0.4175
2114.0000 162 389 0.4165
2115.0000 163 389 0.4190
2115.0000 164 389 0.4216
2115.0000 164 390 0.4205
2116.0000 164 391 0.4194
2116.0000 164 392 0.4184
2116.0000 164 393 0.4173
2116.0000 164 394 0.4162
2116.0000 164 395 0.4152
2116.0000 165 395 0.4177
2117.0000 166 395 0.4203
2117.0000 167 395 0.4228
2117.0000 168 395 0.4253
2117.0000 169 395 0.4278
2118.0000 169 396 0.4268
2119.0000 169 397 0.4257
2119.0000 169 398 0.4246
2119.0000 170 398 0.4271
2119.0000 170 399 0.4261
2120.0000 171 399 0.4286
2121.0000 171 400 0.4275
2121.0000 171 401 0.4264
2121.0000 172 401 0.4289
2121.0000 172 402 0.4279
2122.0000 173 402 0.4303
2122.0000 173 403 0.4293
2123.0000 174 403 0.4318
2123.0000 175 403 0.4342
2124.0000 176 403 0.4367
2124.0000 176 404 0.4356
2124.0000 176 405 0.4346
2125.0000 177 405 0.4370
2125.0000 178 405 0.4395
2126.0000 179 405 0.4420
2126.0000 180 405 0.4444
2126.0000 181 405 0.4469
2127.0000 182 405 0.4494
2127.0000 183 405 0.4519
2127.0000 184 405 0.4543
2128.0000 184 406 0.4532
2128.0000 185 406 0.4557
2128.0000 186 406 0.4581
2128.0000 187 406 0.4606
2129.0000 188 406 0.4631
2129.0000 189 406 0.4655
2129.0000 190 406 0.4680
2129.0000 190 407 0.4668
2129.0000 190 408 0.4657
2130.0000 191 408 0.4681
2130.0000 192 408 0.4706
2130.0000 193 408 0.4730
2130.0000 194 408 0.4755
2130.0000 195 408 0.4779
2131.0000 196 408 0.4804
2131.0000 197 408 0.4828
2131.0000 197 409 0.4817
2132.0000 198 409 0.4841
2132.0000 199 409 0.4866
2133.0000 199 410 0.4854
2133.0000 200 410 0.4878
2133.0000 201 410 0.4902
2134.0000 202 410 0.4927
2134.0000 203 410 0.4951
2134.0000 203 411 0.4939
2134.0000 203 412 0.4927
2135.0000 204 412 0.4951
2135.0000 204 413 0.4939
2135.0000 204 414 0.4928
2135.0000 204 415 0.4916
2136.0000 205 415 0.4940
2136.0000 206 415 0.4964
2136.0000 207 415 0.4988
2137.0000 208 415 0.5012
2137.0000 209 415 0.5036
2137.0000 210 415 0.5060
2137.0000 210 416 0.5048
2138.0000 210 417 0.5036
2139.0000 210 418 0.5024
2140.0000 211 418 0.5048
2141.0000 211 419 0.5036
2141.0000 211 420 0.5024
2141.0000 212 420 0.5048
2141.0000 213 420 0.5071
2141.0000 214 420 0.5095
2142.0000 214 421 0.5083
2142.0000 215 421 0.5107
2143.0000 216 421 0.5131
2143.0000 216 422 0.5118
2143.0000 216 423 0.5106
2143.0000 216 424 0.5094
2143.0000 217 424 0.5118
2143.0000 218 424 0.5142
2144.0000 219 424 0.5165
2144.0000 220 424 0.5189
2144.0000 220 425 0.5176
2145.0000 220 426 0.5164
2145.0000 220 427 0.5152
2146.0000 220 428 0.5140
2146.0000 221 428 0.5164
2146.0000 222 428 0.5187
2147.0000 223 428 0.5210
2148.0000 224 428 0.5234
2150.0000 225 428 0.5257
2150.0000 226 428 0.5280
2150.0000 227 428 0.5304
2150.0000 227 429 0.5291
2151.0000 228 429 0.5315
2152.0000 228 430 0.5302
2152.0000 228 431 0.5290
2152.0000 229 431 0.5313
2152.0000 230 431 0.5336
2153.0000 231 431 0.5360
2153.0000 232 431 0.5383
2154.0000 233 431 0.5406
2154.0000 234 431 0.5429
2154.0000 234 432 0.5417
2155.0000 235 432 0.5440
2155.0000 236 432 0.5463
2155.0000 237 432 0.5486
2155.0000 237 433 0.5473
2156.0000 238 433 0.5497
2156.0000 239 433 0.5520
2156.0000 239 434 0.5507
2156.0000 239 435 0.5494
2157.0000 240 435 0.5517
2157.0000 241 435 0.5540
2157.0000 241 436 0.5528
2157.0000 241 437 0.5515
2158.0000 241 438 0.5502
2159.0000 241 439 0.5490
2159.0000 241 440 0.5477
2159.0000 242 440 0.5500
2159.0000 242 441 0.5488
2159.0000 242 442 0.5475
2160.0000 243 442 0.5498
2160.0000 244 442 0.5520
2160.0000 245 442 0.5543
2161.0000 245 443 0.5530
2162.0000 246 443 0.5553
2162.0000 247 443 0.5576
2162.0000 248 443 0.5598
2163.0000 248 444 0.5586
2163.0000 249 444 0.5608
2164.0000 250 444 0.5631
2164.0000 251 444 0.5653
2164.0000 252 444 0.5676
2165.0000 253 444 0.5698
2165.0000 254 444 0.5721
2165.0000 255 444 0.5743
2165.0000 256 444 0.5766
2166.0000 257 444 0.5788
2166.0000 258 444 0.5811
2166.0000 259 444 0.5833
2166.0000 260 444 0.5856
2167.0000 261 444 0.5878
2167.0000 262 444 0.5901
2167.0000 263 444 0.5923
2167.0000 264 444 0.5946
2167.0000 265 444 0.5968
2167.0000 265 445 0.5955
2167.0000 265 446 0.5942
2167.0000 266 446 0.5964
2167.0000 267 446 0.5987
2168.0000 267 447 0.5973
2168.0000 268 447 0.5996
2168.0000 268 448 0.5982
2169.0000 269 448 0.6004
2169.0000 270 448 0.6027
2169.0000 271 448 0.6049
2169.0000 271 449 0.6036
2170.0000 272 449 0.6058
2170.0000 273 449 0.6080
2170.0000 273 450 0.6067
2171.0000 274 450 0.6089
2171.0000 275 450 0.6111
2172.0000 275 451 0.6098
2172.0000 276 451 0.6120
2173.0000 277 451 0.6142
2173.0000 278 451 0.6164
2174.0000 278 452 0.6150
2174.0000 279 452 0.6173
2174.0000 280 452 0.6195
2175.0000 281 452 0.6217
2175.0000 281 453 0.6203
2175.0000 281 454 0.6189
2175.0000 282 454 0.6211
2175.0000 283 454 0.6233
2178.0000 283 455 0.6220
2178.0000 283 456 0.6206
2179.0000 283 457 0.6193
2179.0000 284 457 0.6214
2179.0000 284 458 0.6201
2179.0000 284 459 0.6187
2179.0000 285 459 0.6209
2179.0000 286 459 0.6231
2179.0000 287 459 0.6253
2179.0000 288 459 0.6275
2180.0000 289 459 0.6296
2181.0000 290 459 0.6318
2181.0000 290 460 0.6304
2181.0000 291 460 0.6326
2182.0000 291 461 0.6312
2182.0000 291 462 0.6299
2182.0000 291 463 0.6285
2182.0000 292 463 0.6307
2183.0000 292 464 0.6293
2183.0000 292 465 0.6280
2183.0000 293 465 0.6301
2183.0000 294 465 0.6323
2183.0000 294 466 0.6309
2183.0000 294 467 0.6296
2184.0000 294 468 0.6282
2184.0000 295 468 0.6303
2184.0000 296 468 0.6325
2184.0000 296 469 0.6311
2184.0000 296 470 0.6298
2185.0000 297 470 0.6319
2185.0000 297 471 0.6306
2186.0000 298 471 0.6327
2186.0000 299 471 0.6348
2187.0000 299 472 0.6335
2187.0000 300 472 0.6356
2187.0000 301 472 0.6377
2187.0000 301 473 0.6364
2187.0000 301 474 0.6350
2187.0000 301 475 0.6337
2187.0000 302 475 0.6358
2187.0000 302 476 0.6345
2188.0000 302 477 0.6331
2189.0000 302 478 0.6318
2189.0000 303 478 0.6339
2189.0000 303 479 0.6326
2189.0000 303 480 0.6313
2190.0000 304 480 0.6333
2192.0000 305 480 0.6354
2192.0000 306 480 0.6375
2193.0000 306 481 0.6362
2193.0000 307 481 0.6383
2194.0000 307 482 0.6369
2194.0000 307 483 0.6356
2195.0000 307 484 0.6343
2196.0000 307 485 0.6330
2196.0000 307 486 0.6317
2196.0000 307 487 0.6304
2197.0000 308 487 0.6324
2197.0000 308 488 0.6311
2197.0000 308 489 0.6299
2197.0000 309 489 0.6319
2198.0000 309 490 0.6306
2198.0000 309 491 0.6293
2198.0000 310 491 0.6314
2198.0000 310 492 0.6301
2199.0000 311 492 0.6321
2199.0000 312 492 0.6341
2199.0000 312 493 0.6329
2199.0000 313 493 0.6349
2200.0000 313 494 0.6336
2200.0000 313 495 0.6323
2200.0000 313 496 0.6310
2201.0000 314 496 0.6331
2201.0000 315 496 0.6351
2201.0000 315 497 0.6338
2201.0000 315 498 0.6325
2202.0000 315 499 0.6313
2202.0000 316 499 0.6333
2202.0000 317 499 0.6353
2202.0000 318 499 0.6373
2202.0000 319 499 0.6393
2202.0000 319 500 0.6380
2202.0000 319 501 0.6367
2203.0000 320 501 0.6387
2204.0000 320 502 0.6375
2205.0000 320 503 0.6362
2205.0000 321 503 0.6382
2206.0000 321 504 0.6369
2206.0000 322 504 0.6389
2207.0000 322 505 0.6376
2207.0000 323 505 0.6396
2208.0000 324 505 0.6416
2209.0000 325 505 0.6436
2209.0000 325 506 0.6423
2209.0000 326 506 0.6443
2210.0000 326 507 0.6430
2210.0000 326 508 0.6417
2211.0000 327 508 0.6437
2211.0000 328 508 0.6457
2211.0000 329 508 0.6476
2212.0000 330 508 0.6496
2212.0000 331 508 0.6516
2212.0000 331 509 0.6503
2212.0000 331 510 0.6490
2212.0000 332 510 0.6510
2212.0000 333 510 0.6529
2213.0000 334 510 0.6549
2213.0000 335 510 0.6569
2213.0000 336 510 0.6588
2214.0000 337 510 0.6608
2214.0000 338 510 0.6627
2214.0000 338 511 0.6614
2214.0000 338 512 0.6602
2215.0000 339 512 0.6621
2215.0000 340 512 0.6641
2215.0000 340 513 0.6628
2216.0000 340 514 0.6615
2216.0000 341 514 0.6634
2217.0000 342 514 0.6654
2217.0000 342 515 0.6641
2217.0000 342 516 0.6628
2217.0000 342 517 0.6615
2218.0000 342 518 0.6602
2218.0000 342 519 0.6590
2219.0000 343 519 0.6609
2219.0000 344 519 0.6628
2219.0000 344 520 0.6615
2219.0000 344 521 0.6603
2220.0000 344 522 0.6590
2220.0000 345 522 0.6609
2220.0000 346 522 0.6628
2221.0000 347 522 0.6648
2221.0000 348 522 0.6667
2221.0000 348 523 0.6654
2221.0000 349 523 0.6673
2222.0000 349 524 0.6660
2222.0000 349 525 0.6648
2223.0000 349 526 0.6635
2224.0000 349 527 0.6622
2225.0000 349 528 0.6610
2225.0000 350 528 0.6629
2226.0000 351 528 0.6648
2226.0000 351 529 0.6635
2226.0000 351 530 0.6623
2226.0000 351 531 0.6610
2227.0000 352 531 0.6629
2227.0000 353 531 0.6648
2227.0000 354 531 0.6667
2228.0000 355 531 0.6685
2228.0000 356 531 0.6704
2228.0000 356 532 0.6692
2228.0000 356 533 0.6679
2228.0000 356 534 0.6667
2229.0000 357 534 0.6685
2230.0000 357 535 0.6673
2230.0000 358 535 0.6692
2231.0000 359 535 0.6710
2231.0000 359 536 0.6698
2231.0000 360 536 0.6716
2231.0000 360 537 0.6704
2232.0000 361 537 0.6723
2232.0000 362 537 0.6741
2232.0000 363 537 0.6760
2233.0000 363 538 0.6747
2233.0000 364 538 0.6766
2233.0000 365 538 0.6784
2233.0000 365 539 0.6772
2234.0000 365 540 0.6759
2234.0000 365 541 0.6747
2234.0000 365 542 0.6734
2234.0000 365 543 0.6722
2234.0000 365 544 0.6710
2234.0000 365 545 0.6697
2234.0000 365 546 0.6685
2235.0000 366 546 0.6703
2235.0000 367 546 0.6722
2236.0000 368 546 0.6740
2237.0000 369 546 0.6758
2237.0000 369 547 0.6746
2237.0000 369 548 0.6734
2237.0000 370 548 0.6752
2237.0000 370 549 0.6740
2237.0000 370 550 0.6727
2239.0000 371 550 0.6745
2239.0000 371 551 0.6733
2239.0000 371 552 0.6721
2239.0000 372 552 0.6739
2239.0000 373 552 0.6757
2239.0000 374 552 0.6775
2240.0000 375 552 0.6793
2240.0000 376 552 0.6812
2241.0000 376 553 0.6799
2242.0000 376 554 0.6787
2242.0000 376 555 0.6775
2242.0000 376 556 0.6763
2242.0000 376 557 0.6750
2242.0000 376 558 0.6738
2243.0000 376 559 0.6726
2243.0000 377 559 0.6744
2243.0000 378 559 0.6762
2243.0000 378 560 0.6750
2243.0000 378 561 0.6738
2244.0000 379 561 0.6756
2245.0000 379 562 0.6744
2245.0000 379 563 0.6732
2246.0000 380 563 0.6750
2246.0000 381 563 0.6767
2246.0000 382 563 0.6785
2246.0000 383 563 0.6803
2246.0000 384 563 0.6821
2247.0000 385 563 0.6838
2247.0000 385 564 0.6826
2247.0000 385 565 0.6814
2247.0000 385 566 0.6802
2249.0000 386 566 0.6820
2249.0000 387 566 0.6837
2249.0000 388 566 0.6855
2250.0000 389 566 0.6873
2250.0000 389 567 0.6861
2250.0000 390 567 0.6878
2251.0000 391 567 0.6896
2251.0000 391 568 0.6884
2251.0000 391 569 0.6872
2252.0000 391 570 0.6860
2252.0000 392 570 0.6877
2252.0000 393 570 0.6895
2253.0000 394 570 0.6912
2253.0000 395 570 0.6930
2253.0000 395 571 0.6918
2255.0000 396 571 0.6935
2256.0000 397 571 0.6953
2256.0000 398 571 0.6970
2256.0000 399 571 0.6988
2256.0000 399 572 0.6976
2257.0000 399 573 0.6963
2257.0000 399 574 0.6951
2257.0000 399 575 0.6939
2258.0000 399 576 0.6927
2258.0000 399 577 0.6915
2258.0000 400 577 0.6932
2259.0000 400 578 0.6920
2259.0000 400 579 0.6908
2260.0000 400 580 0.6897
2261.0000 401 580 0.6914
2261.0000 401 581 0.6902
2261.0000 402 581 0.6919
2261.0000 403 581 0.6936
2261.0000 404 581 0.6954
2262.0000 404 582 0.6942
2262.0000 405 582 0.6959
2263.0000 406 582 0.6976
2263.0000 406 583 0.6964
2264.0000 407 583 0.6981
2264.0000 408 583 0.6998
2265.0000 409 583 0.7015
2265.0000 410 583 0.7033
2265.0000 410 584 0.7021
2266.0000 411 584 0.7038
2266.0000 411 585 0.7026
2266.0000 412 585 0.7043
2266.0000 413 585 0.7060
2266.0000 414 585 0.7077
2267.0000 414 586 0.7065
2267.0000 415 586 0.7082
2268.0000 415 587 0.7070
2268.0000 416 587 0.7087
2269.0000 417 587 0.7104
2269.0000 418 587 0.7121
2270.0000 419 587 0.7138
2270.0000 419 588 0.7126
2270.0000 419 589 0.7114
2271.0000 420 589 0.7131
2271.0000 420 590 0.7119
2272.0000 421 590 0.7136
2272.0000 422 590 0.7153
2273.0000 423 590 0.7169
2273.0000 424 590 0.7186
2273.0000 424 591 0.7174
2273.0000 424 592 0.7162
2274.0000 424 593 0.7150
2274.0000 424 594 0.7138
2274.0000 425 594 0.7155
2274.0000 425 595 0.7143
2274.0000 426 595 0.7160
2275.0000 427 595 0.7176
2275.0000 427 596 0.7164
2275.0000 428 596 0.7181
2275.0000 429 596 0.7198
2275.0000 430 596 0.7215
2277.0000 430 597 0.7203
2277.0000 430 598 0.7191
2278.0000 431 598 0.7207
2278.0000 431 599 0.7195
2279.0000 431 600 0.7183
2279.0000 432 600 0.7200
2279.0000 432 601 0.7188
2280.0000 433 601 0.7205
2281.0000 434 601 0.7221
2281.0000 434 602 0.7209
2281.0000 435 602 0.7226
2282.0000 436 602 0.7243
2282.0000 437 602 0.7259
2283.0000 438 602 0.7276
2283.0000 439 602 0.7292
2284.0000 439 603 0.7280
2285.0000 440 603 0.7297
2285.0000 440 604 0.7285
2286.0000 441 604 0.7301
2286.0000 442 604 0.7318
2286.0000 442 605 0.7306
2286.0000 442 606 0.7294
2287.0000 443 606 0.7310
2288.0000 443 607 0.7298
2290.0000 444 607 0.7315
2291.0000 445 607 0.7331
2292.0000 445 608 0.7319
2292.0000 445 609 0.7307
2294.0000 445 610 0.7295
2295.0000 445 611 0.7283
2295.0000 446 611 0.7300
2296.0000 447 611 0.7316
2296.0000 448 611 0.7332
2296.0000 448 612 0.7320
2297.0000 449 612 0.7337
2297.0000 450 612 0.7353
2297.0000 451 612 0.7369
2297.0000 451 613 0.7357
2298.0000 451 614 0.7345
2299.0000 452 614 0.7362
2301.0000 453 614 0.7378
2301.0000 454 614 0.7394
2301.0000 455 614 0.7410
2302.0000 455 615 0.7398
2302.0000 455 616 0.7386
2302.0000 455 617 0.7374
2302.0000 456 617 0.7391
2303.0000 457 617 0.7407
2304.0000 457 618 0.7395
2304.0000 457 619 0.7383
2305.0000 458 619 0.7399
2305.0000 458 620 0.7387
2305.0000 458 621 0.7375
2305.0000 458 622 0.7363
2305.0000 459 622 0.7379
2306.0000 459 623 0.7368
2306.0000 460 623 0.7384
2307.0000 461 623 0.7400
2307.0000 462 623 0.7416
2308.0000 463 623 0.7432
2309.0000 464 623 0.7448
2309.0000 465 623 0.7464
2309.0000 466 623 0.7480
2309.0000 467 623 0.7496
2310.0000 468 623 0.7512
2310.0000 468 624 0.7500
2312.0000 469 624 0.7516
2313.0000 470 624 0.7532
2313.0000 471 624 0.7548
2314.0000 472 624 0.7564
2315.0000 473 624 0.7580
2318.0000 474 624 0.7596
2319.0000 475 624 0.7612
2319.0000 475 625 0.7600
2319.0000 475 626 0.7588
2320.0000 476 626 0.7604
2320.0000 477 626 0.7620
2324.0000 477 627 0.7608
2326.0000 478 627 0.7624
2326.0000 479 627 0.7640
2327.0000 479 628 0.7627
2329.0000 479 629 0.7615
2329.0000 479 630 0.7603
2330.0000 480 630 0.7619
2330.0000 481 630 0.7635
2330.0000 482 630 0.7651
2331.0000 483 630 0.7667
2333.0000 484 630 0.7683
2333.0000 485 630 0.7698
2334.0000 486 630 0.7714
2334.0000 486 631 0.7702
2334.0000 486 632 0.7690
2335.0000 487 632 0.7706
2335.0000 487 633 0.7694
2336.0000 488 633 0.7709
2336.0000 489 633 0.7725
2337.0000 489 634 0.7713
2339.0000 490 634 0.7729
2339.0000 491 634 0.7744
2339.0000 491 635 0.7732
2339.0000 492 635 0.7748
2340.0000 493 635 0.7764
2340.0000 493 636 0.7752
2340.0000 493 637 0.7739
2342.0000 494 637 0.7755
2342.0000 494 638 0.7743
2342.0000 495 638 0.7759
2342.0000 495 639 0.7746
2342.0000 496 639 0.7762
2343.0000 496 640 0.7750
2344.0000 497 640 0.7766
2344.0000 498 640 0.7781
2345.0000 499 640 0.7797
2345.0000 500 640 0.7813
2346.0000 500 641 0.7800
2347.0000 500 642 0.7788
2348.0000 501 642 0.7804
2348.0000 502 642 0.7819
2349.0000 503 642 0.7835
2351.0000 503 643 0.7823
2352.0000 503 644 0.7811
2352.0000 503 645 0.7798
2354.0000 503 646 0.7786
2355.0000 503 647 0.7774
2355.0000 503 648 0.7762
2356.0000 504 648 0.7778
2356.0000 504 649 0.7766
2356.0000 504 650 0.7754
2357.0000 505 650 0.7769
2360.0000 505 651 0.7757
2360.0000 505 652 0.7745
2363.0000 505 653 0.7734
2366.0000 506 653 0.7749
2369.0000 506 654 0.7737
2370.0000 506 655 0.7725
2371.0000 506 656 0.7713
2371.0000 507 656 0.7729
2372.0000 507 657 0.7717
2372.0000 508 657 0.7732
2373.0000 508 658 0.7720
2374.0000 509 658 0.7736
2374.0000 510 658 0.7751
2374.0000 511 658 0.7766
2376.0000 512 658 0.7781
2377.0000 512 659 0.7769
2379.0000 513 659 0.7785
2379.0000 514 659 0.7800
2379.0000 514 660 0.7788
2380.0000 515 660 0.7803
2380.0000 516 660 0.7818
2381.0000 517 660 0.7833
2382.0000 517 661 0.7821
2382.0000 518 661 0.7837
2383.0000 518 662 0.7825
2383.0000 518 663 0.7813
2385.0000 518 664 0.7801
2386.0000 519 664 0.7816
2386.0000 519 665 0.7805
2386.0000 519 666 0.7793
2387.0000 520 666 0.7808
2387.0000 521 666 0.7823
2387.0000 522 666 0.7838
2387.0000 523 666 0.7853
2388.0000 523 667 0.7841
2388.0000 523 668 0.7829
2388.0000 524 668 0.7844
2389.0000 524 669 0.7833
2389.0000 525 669 0.7848
2389.0000 525 670 0.7836
2390.0000 526 670 0.7851
2391.0000 526 671 0.7839
2394.0000 526 672 0.7827
2395.0000 527 672 0.7842
2396.0000 527 673 0.7831
2397.0000 528 673 0.7845
2397.0000 528 674 0.7834
2397.0000 528 675 0.7822
2398.0000 528 676 0.7811
2398.0000 528 677 0.7799
2399.0000 529 677 0.7814
2399.0000 530 677 0.7829
2400.0000 530 678 0.7817
2400.0000 531 678 0.7832
2401.0000 532 678 0.7847
2402.0000 533 678 0.7861
2402.0000 533 679 0.7850
2403.0000 533 680 0.7838
2403.0000 534 680 0.7853
2404.0000 535 680 0.7868
2405.0000 535 681 0.7856
2405.0000 535 682 0.7845
2405.0000 535 683 0.7833
2406.0000 536 683 0.7848
2406.0000 537 683 0.7862
2406.0000 538 683 0.7877
2407.0000 538 684 0.7865
2407.0000 539 684 0.7880
2407.0000 539 685 0.7869
2408.0000 539 686 0.7857
2409.0000 539 687 0.7846
2410.0000 540 687 0.7860
2410.0000 541 687 0.7875
2410.0000 542 687 0.7889
2411.0000 542 688 0.7878
2411.0000 543 688 0.7892
2411.0000 543 689 0.7881
2412.0000 544 689 0.7896
2414.0000 545 689 0.7910
2415.0000 545 690 0.7899
2415.0000 546 690 0.7913
2415.0000 547 690 0.7928
2415.0000 548 690 0.7942
2415.0000 548 691 0.7931
2415.0000 549 691 0.7945
2416.0000 550 691 0.7959
2416.0000 550 692 0.7948
2416.0000 550 693 0.7937
2416.0000 550 694 0.7925
2416.0000 550 695 0.7914
2417.0000 551 695 0.7928
2417.0000 552 695 0.7942
2419.0000 553 695 0.7957
2419.0000 553 696 0.7945
2420.0000 554 696 0.7960
2421.0000 554 697 0.7948
2421.0000 555 697 0.7963
2421.0000 555 698 0.7951
2422.0000 555 699 0.7940
2422.0000 556 699 0.7954
2423.0000 557 699 0.7969
2423.0000 557 700 0.7957
2424.0000 557 701 0.7946
2424.0000 557 702 0.7934
2424.0000 557 703 0.7923
2424.0000 558 703 0.7937
2425.0000 559 703 0.7952
2425.0000 560 703 0.7966
2426.0000 561 703 0.7980
2426.0000 562 703 0.7994
2426.0000 562 704 0.7983
2426.0000 563 704 0.7997
2429.0000 563 705 0.7986
2430.0000 563 706 0.7975
2430.0000 564 706 0.7989
2430.0000 564 707 0.7977
2432.0000 565 707 0.7992
2434.0000 566 707 0.8006
2434.0000 567 707 0.8020
2435.0000 568 707 0.8034
2435.0000 569 707 0.8048
2435.0000 569 708 0.8037
2437.0000 570 708 0.8051
2438.0000 571 708 0.8065
2438.0000 572 708 0.8079
2438.0000 573 708 0.8093
2440.0000 574 708 0.8107
2440.0000 575 708 0.8121
2441.0000 576 708 0.8136
2442.0000 577 708 0.8150
2442.0000 578 708 0.8164
2442.0000 579 708 0.8178
2443.0000 579 709 0.8166
2443.0000 579 710 0.8155
2443.0000 580 710 0.8169
2444.0000 581 710 0.8183
2445.0000 582 710 0.8197
2445.0000 583 710 0.8211
2446.0000 584 710 0.8225
2446.0000 585 710 0.8239
2446.0000 585 711 0.8228
2446.0000 586 711 0.8242
2447.0000 586 712 0.8230
2447.0000 587 712 0.8244
2448.0000 587 713 0.8233
2448.0000 587 714 0.8221
2449.0000 588 714 0.8235
2449.0000 588 715 0.8224
2449.0000 588 716 0.8212
2450.0000 588 717 0.8201
2450.0000 589 717 0.8215
2451.0000 590 717 0.8229
2452.0000 591 717 0.8243
2452.0000 592 717 0.8257
2452.0000 593 717 0.8271
2454.0000 593 718 0.8259
2454.0000 594 718 0.8273
2455.0000 595 718 0.8287
2455.0000 595 719 0.8275
2456.0000 595 720 0.8264
2456.0000 595 721 0.8252
2456.0000 595 722 0.8241
2456.0000 595 723 0.8230
2458.0000 595 724 0.8218
2458.0000 595 725 0.8207
2459.0000 595 726 0.8196
2459.0000 596 726 0.8209
2459.0000 597 726 0.8223
2459.0000 598 726 0.8237
2460.0000 599 726 0.8251
2461.0000 599 727 0.8239
2461.0000 600 727 0.8253
2462.0000 601 727 0.8267
2462.0000 602 727 0.8281
2462.0000 603 727 0.8294
2462.0000 604 727 0.8308
2462.0000 605 727 0.8322
2462.0000 606 727 0.8336
2463.0000 606 728 0.8324
2463.0000 607 728 0.8338
2465.0000 607 729 0.8326
2466.0000 608 729 0.8340
2466.0000 608 730 0.8329
2468.0000 608 731 0.8317
2468.0000 609 731 0.8331
2468.0000 609 732 0.8320
2468.0000 610 732 0.8333
2469.0000 611 732 0.8347
2469.0000 612 732 0.8361
2471.0000 613 732 0.8374
2471.0000 614 732 0.8388
2472.0000 614 733 0.8377
2472.0000 614 734 0.8365
2472.0000 615 734 0.8379
2473.0000 616 734 0.8392
2475.0000 616 735 0.8381
2476.0000 616 736 0.8370
2476.0000 617 736 0.8383
2477.0000 618 736 0.8397
2478.0000 619 736 0.8410
2478.0000 619 737 0.8399
2478.0000 619 738 0.8388
2478.0000 619 739 0.8376
2478.0000 619 740 0.8365
2478.0000 620 740 0.8378
2478.0000 621 740 0.8392
2479.0000 621 741 0.8381
2479.0000 622 741 0.8394
2479.0000 622 742 0.8383
2480.0000 623 742 0.8396
2480.0000 623 743 0.8385
2481.0000 624 743 0.8398
2483.0000 624 744 0.8387
2483.0000 624 745 0.8376
2484.0000 625 745 0.8389
2484.0000 625 746 0.8378
2485.0000 625 747 0.8367
2486.0000 625 748 0.8356
2486.0000 625 749 0.8344
2487.0000 626 749 0.8358
2487.0000 626 750 0.8347
2487.0000 626 751 0.8336
2488.0000 626 752 0.8324
2489.0000 627 752 0.8338
2489.0000 627 753 0.8327
2490.0000 627 754 0.8316
2491.0000 627 755 0.8305
2492.0000 627 756 0.8294
2492.0000 627 757 0.8283
2492.0000 627 758 0.8272
2492.0000 627 759 0.8261
2493.0000 628 759 0.8274
2493.0000 629 759 0.8287
2493.0000 629 760 0.8276
2493.0000 629 761 0.8265
2493.0000 630 761 0.8279
2493.0000 631 761 0.8292
2494.0000 631 762 0.8281
2496.0000 631 763 0.8270
2496.0000 632 763 0.8283
2496.0000 633 763 0.8296
2496.0000 633 764 0.8285
2498.0000 633 765 0.8275
2499.0000 634 765 0.8288
2500.0000 635 765 0.8301
2500.0000 636 765 0.8314
2501.0000 637 765 0.8327
2501.0000 637 766 0.8316
2503.0000 637 767 0.8305
2503.0000 638 767 0.8318
2504.0000 639 767 0.8331
2505.0000 640 767 0.8344
2505.0000 641 767 0.8357
2506.0000 641 768 0.8346
2507.0000 641 769 0.8336
2507.0000 641 770 0.8325
2509.0000 642 770 0.8338
2511.0000 643 770 0.8351
2512.0000 643 771 0.8340
2513.0000 643 772 0.8329
2513.0000 644 772 0.8342
2513.0000 645 772 0.8355
2514.0000 645 773 0.8344
2514.0000 646 773 0.8357
2515.0000 646 774 0.8346
2516.0000 647 774 0.8359
2516.0000 648 774 0.8372
2517.0000 648 775 0.8361
2517.0000 648 776 0.8351
2517.0000 649 776 0.8363
2518.0000 650 776 0.8376
2519.0000 650 777 0.8366
2521.0000 650 778 0.8355
2524.0000 650 779 0.8344
2525.0000 651 779 0.8357
2525.0000 651 780 0.8346
2526.0000 651 781 0.8335
2529.0000 652 781 0.8348
2529.0000 653 781 0.8361
2531.0000 654 781 0.8374
2531.0000 654 782 0.8363
2531.0000 654 783 0.8352
2532.0000 655 783 0.8365
2532.0000 656 783 0.8378
2532.0000 657 783 0.8391
2532.0000 658 783 0.8404
2533.0000 658 784 0.8393
2534.0000 659 784 0.8406
2535.0000 659 785 0.8395
2535.0000 659 786 0.8384
2536.0000 660 786 0.8397
2538.0000 661 786 0.8410
2540.0000 661 787 0.8399
2543.0000 661 788 0.8388
2543.0000 661 789 0.8378
2543.0000 662 789 0.8390
2543.0000 663 789 0.8403
2544.0000 663 790 0.8392
2544.0000 664 790 0.8405
2544.0000 664 791 0.8394
2544.0000 664 792 0.8384
2545.0000 664 793 0.8373
2548.0000 664 794 0.8363
2548.0000 664 795 0.8352
2549.0000 665 795 0.8365
2550.0000 666 795 0.8377
2550.0000 667 795 0.8390
2550.0000 667 796 0.8379
2551.0000 667 797 0.8369
2551.0000 668 797 0.8381
2551.0000 669 797 0.8394
2554.0000 669 798 0.8383
2555.0000 670 798 0.8396
2556.0000 670 799 0.8385
2558.0000 671 799 0.8398
2558.0000 672 799 0.8411
2560.0000 673 799 0.8423
2560.0000 674 799 0.8436
2560.0000 675 799 0.8448
2560.0000 675 800 0.8438
2561.0000 676 800 0.8450
2561.0000 677 800 0.8463
2561.0000 678 800 0.8475
2561.0000 679 800 0.8488
2563.0000 680 800 0.8500
2564.0000 680 801 0.8489
2565.0000 680 802 0.8479
2565.0000 680 803 0.8468
2565.0000 681 803 0.8481
2567.0000 681 804 0.8470
2568.0000 682 804 0.8483
2568.0000 682 805 0.8472
2568.0000 682 806 0.8462
2569.0000 683 806 0.8474
2569.0000 684 806 0.8486
2569.0000 684 807 0.8476
2570.0000 684 808 0.8465
2570.0000 685 808 0.8478
2570.0000 685 809 0.8467
2571.0000 686 809 0.8480
2571.0000 687 809 0.8492
2571.0000 687 810 0.8481
2571.0000 687 811 0.8471
2572.0000 687 812 0.8461
2573.0000 688 812 0.8473
2573.0000 689 812 0.8485
2574.0000 690 812 0.8498
2574.0000 690 813 0.8487
2574.0000 691 813 0.8499
2574.0000 692 813 0.8512
2575.0000 693 813 0.8524
2576.0000 694 813 0.8536
2577.0000 694 814 0.8526
2579.0000 695 814 0.8538
2581.0000 696 814 0.8550
2581.0000 697 814 0.8563
2582.0000 698 814 0.8575
2582.0000 699 814 0.8587
2584.0000 699 815 0.8577
2584.0000 699 816 0.8566
2587.0000 700 816 0.8578
2589.0000 700 817 0.8568
2589.0000 700 818 0.8557
2590.0000 701 818 0.8570
2590.0000 702 818 0.8582
2590.0000 703 818 0.8594
2591.0000 703 819 0.8584
2591.0000 704 819 0.8596
2591.0000 705 819 0.8608
2592.0000 706 819 0.8620
2596.0000 707 819 0.8632
2596.0000 708 819 0.8645
2596.0000 709 819 0.8657
2597.0000 710 819 0.8669
2598.0000 710 820 0.8659
2599.0000 710 821 0.8648
2601.0000 711 821 0.8660
2601.0000 711 822 0.8650
2601.0000 712 822 0.8662
2603.0000 712 823 0.8651
2606.0000 713 823 0.8663
2606.0000 713 824 0.8653
2606.0000 713 825 0.8642
2608.0000 713 826 0.8632
2610.0000 714 826 0.8644
2611.0000 715 826 0.8656
2612.0000 716 826 0.8668
2612.0000 716 827 0.8658
2614.0000 717 827 0.8670
2615.0000 718 827 0.8682
2617.0000 719 827 0.8694
2619.0000 720 827 0.8706
2622.0000 720 828 0.8696
2622.0000 721 828 0.8708
2622.0000 722 828 0.8720
2624.0000 722 829 0.8709
2624.0000 723 829 0.8721
2625.0000 723 830 0.8711
2625.0000 723 831 0.8700
2627.0000 724 831 0.8712
2629.0000 724 832 0.8702
2631.0000 725 832 0.8714
2634.0000 726 832 0.8726
2634.0000 727 832 0.8738
2635.0000 727 833 0.8727
2635.0000 727 834 0.8717
2635.0000 727 835 0.8707
2636.0000 727 836 0.8696
2637.0000 727 837 0.8686
2638.0000 728 837 0.8698
2640.0000 728 838 0.8687
2642.0000 729 838 0.8699
2642.0000 729 839 0.8689
2649.0000 730 839 0.8701
2649.0000 731 839 0.8713
2650.0000 732 839 0.8725
2653.0000 733 839 0.8737
2653.0000 733 840 0.8726
2656.0000 733 841 0.8716
2657.0000 733 842 0.8705
2658.0000 733 843 0.8695
2658.0000 734 843 0.8707
2659.0000 735 843 0.8719
2660.0000 736 843 0.8731
2663.0000 737 843 0.8743
2668.0000 738 843 0.8754
2668.0000 738 844 0.8744
2670.0000 738 845 0.8734
2671.0000 739 845 0.8746
2672.0000 739 846 0.8735
2673.0000 740 846 0.8747
2674.0000 741 846 0.8759
2675.0000 742 846 0.8771
2677.0000 743 846 0.8783
2678.0000 743 847 0.8772
2678.0000 743 848 0.8762
2680.0000 743 849 0.8751
2681.0000 744 849 0.8763
2682.0000 745 849 0.8775
2683.0000 746 849 0.8787
2683.0000 747 849 0.8799
2684.0000 748 849 0.8810
2685.0000 749 849 0.8822
2686.0000 750 849 0.8834
2687.0000 750 850 0.8824
2688.0000 750 851 0.8813
2688.0000 751 851 0.8825
2688.0000 751 852 0.8815
2689.0000 751 853 0.8804
2689.0000 751 854 0.8794
2691.0000 752 854 0.8806
2691.0000 753 854 0.8817
2692.0000 753 855 0.8807
2694.0000 753 856 0.8797
2696.0000 753 857 0.8786
2697.0000 754 857 0.8798
2697.0000 755 857 0.8810
2698.0000 755 858 0.8800
2698.0000 756 858 0.8811
2698.0000 757 858 0.8823
2699.0000 757 859 0.8813
2701.0000 757 860 0.8802
2701.0000 758 860 0.8814
2703.0000 758 861 0.8804
2704.0000 759 861 0.8815
2704.0000 760 861 0.8827
2705.0000 760 862 0.8817
2705.0000 760 863 0.8806
2705.0000 760 864 0.8796
2705.0000 760 865 0.8786
2705.0000 761 865 0.8798
2705.0000 762 865 0.8809
2706.0000 763 865 0.8821
2709.0000 764 865 0.8832
2711.0000 765 865 0.8844
2711.0000 766 865 0.8855
2711.0000 767 865 0.8867
2712.0000 767 866 0.8857
2714.0000 768 866 0.8868
2714.0000 769 866 0.8880
2714.0000 769 867 0.8870
2715.0000 770 867 0.8881
2715.0000 771 867 0.8893
2717.0000 772 867 0.8904
2717.0000 772 868 0.8894
2720.0000 773 868 0.8906
2720.0000 774 868 0.8917
2723.0000 774 869 0.8907
2724.0000 774 870 0.8897
2725.0000 775 870 0.8908
2725.0000 776 870 0.8920
2726.0000 777 870 0.8931
2727.0000 778 870 0.8943
2727.0000 779 870 0.8954
2728.0000 779 871 0.8944
2728.0000 780 871 0.8955
2728.0000 781 871 0.8967
2728.0000 782 871 0.8978
2730.0000 783 871 0.8990
2730.0000 783 872 0.8979
2731.0000 784 872 0.8991
2732.0000 784 873 0.8981
2733.0000 784 874 0.8970
2734.0000 785 874 0.8982
2734.0000 785 875 0.8971
2734.0000 786 875 0.8983
2736.0000 786 876 0.8973
2737.0000 786 877 0.8962
2738.0000 787 877 0.8974
2739.0000 787 878 0.8964
2739.0000 788 878 0.8975
2739.0000 789 878 0.8986
2741.0000 790 878 0.8998
2742.0000 790 879 0.8987
2742.0000 790 880 0.8977
2743.0000 791 880 0.8989
2743.0000 792 880 0.9000
2745.0000 792 881 0.8990
2745.0000 793 881 0.9001
2745.0000 793 882 0.8991
2747.0000 794 882 0.9002
2748.0000 794 883 0.8992
2751.0000 795 883 0.9003
2752.0000 796 883 0.9015
2752.0000 797 883 0.9026
2754.0000 798 883 0.9037
2755.0000 799 883 0.9049
2755.0000 799 884 0.9038
2755.0000 800 884 0.9050
2756.0000 800 885 0.9040
2757.0000 801 885 0.9051
2757.0000 802 885 0.9062
2759.0000 803 885 0.9073
2761.0000 803 886 0.9063
2761.0000 803 887 0.9053
2763.0000 804 887 0.9064
2763.0000 805 887 0.9076
2763.0000 805 888 0.9065
2765.0000 806 888 0.9077
2766.0000 806 889 0.9066
2768.0000 807 889 0.9078
2769.0000 807 890 0.9067
2769.0000 808 890 0.9079
2769.0000 809 890 0.9090
2771.0000 810 890 0.9101
2771.0000 811 890 0.9112
2771.0000 811 891 0.9102
2772.0000 811 892 0.9092
2773.0000 812 892 0.9103
2774.0000 813 892 0.9114
2775.0000 814 892 0.9126
2775.0000 815 892 0.9137
2776.0000 816 892 0.9148
2776.0000 817 892 0.9159
2777.0000 817 893 0.9149
2778.0000 818 893 0.9160
2780.0000 818 894 0.9150
2782.0000 818 895 0.9140
2783.0000 818 896 0.9129
2784.0000 818 897 0.9119
2784.0000 819 897 0.9130
2786.0000 820 897 0.9142
2786.0000 821 897 0.9153
2787.0000 822 897 0.9164
2787.0000 822 898 0.9154
2788.0000 823 898 0.9165
2788.0000 823 899 0.9155
2788.0000 824 899 0.9166
2788.0000 824 900 0.9156
2788.0000 825 900 0.9167
2791.0000 826 900 0.9178
2793.0000 826 901 0.9168
2797.0000 827 901 0.9179
2797.0000 828 901 0.9190
2797.0000 828 902 0.9180
2799.0000 829 902 0.9191
2800.0000 829 903 0.9181
2800.0000 830 903 0.9192
2801.0000 831 903 0.9203
2802.0000 831 904 0.9192
2802.0000 831 905 0.9182
2804.0000 832 905 0.9193
2805.0000 833 905 0.9204
2807.0000 834 905 0.9215
2807.0000 835 905 0.9227
2808.0000 835 906 0.9216
2813.0000 835 907 0.9206
2814.0000 835 908 0.9196
2815.0000 835 909 0.9186
2818.0000 836 909 0.9197
2821.0000 837 909 0.9208
2822.0000 837 910 0.9198
2823.0000 838 910 0.9209
2825.0000 838 911 0.9199
2825.0000 839 911 0.9210
2826.0000 839 912 0.9200
2826.0000 839 913 0.9189
2827.0000 839 914 0.9179
2827.0000 839 915 0.9169
2828.0000 840 915 0.9180
2829.0000 840 916 0.9170
2829.0000 841 916 0.9181
2831.0000 842 916 0.9192
2832.0000 842 917 0.9182
2834.0000 843 917 0.9193
2835.0000 844 917 0.9204
2835.0000 845 917 0.9215
2841.0000 845 918 0.9205
2841.0000 845 919 0.9195
2844.0000 846 919 0.9206
2846.0000 846 920 0.9196
2849.0000 847 920 0.9207
2850.0000 847 921 0.9197
2851.0000 847 922 0.9187
2851.0000 848 922 0.9197
2851.0000 848 923 0.9187
2853.0000 848 924 0.9177
2855.0000 849 924 0.9188
2855.0000 849 925 0.9178
2856.0000 849 926 0.9168
2857.0000 850 926 0.9179
2860.0000 851 926 0.9190
2860.0000 851 927 0.9180
2861.0000 852 927 0.9191
2862.0000 853 927 0.9202
2863.0000 853 928 0.9192
2863.0000 854 928 0.9203
2864.0000 854 929 0.9193
2866.0000 855 929 0.9203
2868.0000 855 930 0.9194
2869.0000 855 931 0.9184
2870.0000 856 931 0.9194
2870.0000 856 932 0.9185
2871.0000 856 933 0.9175
2871.0000 856 934 0.9165
2871.0000 856 935 0.9155
2873.0000 857 935 0.9166
2874.0000 858 935 0.9176
2875.0000 859 935 0.9187
2875.0000 860 935 0.9198
2879.0000 860 936 0.9188
2879.0000 861 936 0.9199
2880.0000 862 936 0.9209
2880.0000 862 937 0.9200
2883.0000 863 937 0.9210
2883.0000 864 937 0.9221
2883.0000 864 938 0.9211
2886.0000 865 938 0.9222
2887.0000 865 939 0.9212
2887.0000 865 940 0.9202
2888.0000 865 941 0.9192
2888.0000 866 941 0.9203
2889.0000 866 942 0.9193
2890.0000 867 942 0.9204
2890.0000 867 943 0.9194
2892.0000 867 944 0.9184
2893.0000 867 945 0.9175
2894.0000 868 945 0.9185
2894.0000 869 945 0.9196
2895.0000 869 946 0.9186
2896.0000 869 947 0.9176
2897.0000 870 947 0.9187
2897.0000 871 947 0.9197
2897.0000 871 948 0.9188
2897.0000 872 948 0.9198
2899.0000 872 949 0.9189
2899.0000 872 950 0.9179
2901.0000 873 950 0.9189
2902.0000 874 950 0.9200
2904.0000 875 950 0.9211
2905.0000 876 950 0.9221
2905.0000 876 951 0.9211
2909.0000 877 951 0.9222
2910.0000 877 952 0.9212
2911.0000 878 952 0.9223
2912.0000 879 952 0.9233
2912.0000 879 953 0.9224
2913.0000 880 953 0.9234
2917.0000 880 954 0.9224
2917.0000 881 954 0.9235
2918.0000 881 955 0.9225
2918.0000 882 955 0.9236
2919.0000 883 955 0.9246
2920.0000 884 955 0.9257
2921.0000 884 956 0.9247
2921.0000 885 956 0.9257
2923.0000 886 956 0.9268
2926.0000 887 956 0.9278
2926.0000 887 957 0.9269
2927.0000 887 958 0.9259
2927.0000 888 958 0.9269
2927.0000 889 958 0.9280
2928.0000 889 959 0.9270
2928.0000 889 960 0.9260
2928.0000 889 961 0.9251
2930.0000 890 961 0.9261
2932.0000 890 962 0.9252
2932.0000 891 962 0.9262
2932.0000 891 963 0.9252
2933.0000 892 963 0.9263
2935.0000 893 963 0.9273
2936.0000 894 963 0.9283
2937.0000 894 964 0.9274
2937.0000 894 965 0.9264
2938.0000 895 965 0.9275
2940.0000 896 965 0.9285
2940.0000 897 965 0.9295
2943.0000 898 965 0.9306
2945.0000 898 966 0.9296
2947.0000 898 967 0.9286
2947.0000 898 968 0.9277
2947.0000 898 969 0.9267
2948.0000 899 969 0.9278
2950.0000 899 970 0.9268
2951.0000 900 970 0.9278
2951.0000 900 971 0.9269
2954.0000 901 971 0.9279
2954.0000 901 972 0.9270
2955.0000 902 972 0.9280
2955.0000 903 972 0.9290
2956.0000 904 972 0.9300
2956.0000 905 972 0.9311
2956.0000 906 972 0.9321
2956.0000 906 973 0.9311
2959.0000 907 973 0.9322
2959.0000 908 973 0.9332
2959.0000 909 973 0.9342
2960.0000 909 974 0.9333
2961.0000 910 974 0.9343
2963.0000 910 975 0.9333
2964.0000 910 976 0.9324
2964.0000 910 977 0.9314
2964.0000 911 977 0.9324
2966.0000 912 977 0.9335
2967.0000 913 977 0.9345
2970.0000 913 978 0.9335
2973.0000 913 979 0.9326
2974.0000 914 979 0.9336
2975.0000 915 979 0.9346
2976.0000 915 980 0.9337
2976.0000 916 980 0.9347
2979.0000 917 980 0.9357
2979.0000 917 981 0.9348
2980.0000 918 981 0.9358
2984.0000 919 981 0.9368
2984.0000 920 981 0.9378
2985.0000 921 981 0.9388
2987.0000 921 982 0.9379
2987.0000 921 983 0.9369
2988.0000 922 983 0.9379
2988.0000 923 983 0.9390
2988.0000 924 983 0.9400
2991.0000 924 984 0.9390
2991.0000 925 984 0.9400
2992.0000 925 985 0.9391
2994.0000 925 986 0.9381
2996.0000 926 986 0.9391
2996.0000 926 987 0.9382
2998.0000 926 988 0.9372
2998.0000 926 989 0.9363
2998.0000 927 989 0.9373
3002.0000 928 989 0.9383
3002.0000 929 989 0.9393
3003.0000 929 990 0.9384
3004.0000 930 990 0.9394
3005.0000 930 991 0.9384
3009.0000 931 991 0.9395
3010.0000 931 992 0.9385
3010.0000 931 993 0.9376
3010.0000 932 993 0.9386
3012.0000 932 994 0.9376
3014.0000 932 995 0.9367
3014.0000 932 996 0.9357
3014.0000 932 997 0.9348
3016.0000 932 998 0.9339
3020.0000 932 999 0.9329
3020.0000 932 1000 0.9320
3022.0000 933 1000 0.9330
3033.0000 934 1000 0.9340
3038.0000 934 1001 0.9331
3038.0000 935 1001 0.9341
3040.0000 935 1002 0.9331
3043.0000 935 1003 0.9322
3044.0000 935 1004 0.9313
3044.0000 935 1005 0.9303
3047.0000 936 1005 0.9313
3052.0000 937 1005 0.9323
3052.0000 938 1005 0.9333
3056.0000 939 1005 0.9343
3061.0000 940 1005 0.9353
3063.0000 941 1005 0.9363
3068.0000 941 1006 0.9354
3068.0000 942 1006 0.9364
3069.0000 942 1007 0.9355
3074.0000 942 1008 0.9345
3075.0000 942 1009 0.9336
3075.0000 943 1009 0.9346
3077.0000 944 1009 0.9356
3081.0000 944 1010 0.9347
3081.0000 945 1010 0.9356
3082.0000 946 1010 0.9366
3082.0000 947 1010 0.9376
3084.0000 948 1010 0.9386
3084.0000 948 1011 0.9377
3086.0000 949 1011 0.9387
3086.0000 950 1011 0.9397
3087.0000 951 1011 0.9407
3090.0000 951 1012 0.9397
3094.0000 952 1012 0.9407
3095.0000 953 1012 0.9417
3097.0000 954 1012 0.9427
3098.0000 954 1013 0.9418
3099.0000 954 1014 0.9408
3103.0000 955 1014 0.9418
3106.0000 956 1014 0.9428
3113.0000 957 1014 0.9438
3114.0000 958 1014 0.9448
3114.0000 959 1014 0.9458
3121.0000 959 1015 0.9448
3125.0000 960 1015 0.9458
3127.0000 961 1015 0.9468
3128.0000 961 1016 0.9459
3129.0000 962 1016 0.9469
3130.0000 962 1017 0.9459
3133.0000 963 1017 0.9469
3135.0000 964 1017 0.9479
3143.0000 964 1018 0.9470
3144.0000 964 1019 0.9460
3146.0000 964 1020 0.9451
3150.0000 964 1021 0.9442
3152.0000 965 1021 0.9452
3153.0000 966 1021 0.9461
3153.0000 967 1021 0.9471
3154.0000 968 1021 0.9481
3154.0000 968 1022 0.9472
3155.0000 968 1023 0.9462
3157.0000 969 1023 0.9472
3157.0000 969 1024 0.9463
3157.0000 970 1024 0.9473
3160.0000 971 1024 0.9482
3163.0000 971 1025 0.9473
3163.0000 972 1025 0.9483
3163.0000 972 1026 0.9474
3166.0000 972 1027 0.9464
3167.0000 973 1027 0.9474
3168.0000 973 1028 0.9465
3170.0000 974 1028 0.9475
3170.0000 975 1028 0.9484
3171.0000 976 1028 0.9494
3174.0000 977 1028 0.9504
3176.0000 977 1029 0.9495
3177.0000 977 1030 0.9485
3178.0000 977 1031 0.9476
3180.0000 978 1031 0.9486
3182.0000 979 1031 0.9496
3182.0000 980 1031 0.9505
3183.0000 981 1031 0.9515
3185.0000 981 1032 0.9506
3185.0000 982 1032 0.9516
3189.0000 982 1033 0.9506
3191.0000 982 1034 0.9497
3191.0000 982 1035 0.9488
3198.0000 982 1036 0.9479
3201.0000 983 1036 0.9488
3201.0000 984 1036 0.9498
3203.0000 985 1036 0.9508
3205.0000 986 1036 0.9517
3206.0000 987 1036 0.9527
3209.0000 987 1037 0.9518
3213.0000 987 1038 0.9509
3214.0000 988 1038 0.9518
3214.0000 988 1039 0.9509
3216.0000 989 1039 0.9519
3217.0000 990 1039 0.9528
3219.0000 990 1040 0.9519
3219.0000 991 1040 0.9529
3219.0000 992 1040 0.9538
3221.0000 993 1040 0.9548
3224.0000 994 1040 0.9558
3227.0000 994 1041 0.9549
3229.0000 995 1041 0.9558
3232.0000 996 1041 0.9568
3234.0000 996 1042 0.9559
3235.0000 997 1042 0.9568
3237.0000 998 1042 0.9578
3238.0000 998 1043 0.9569
3245.0000 999 1043 0.9578
3247.0000 1000 1043 0.9588
3247.0000 1001 1043 0.9597
3251.0000 1002 1043 0.9607
3252.0000 1003 1043 0.9616
3259.0000 1003 1044 0.9607
3260.0000 1004 1044 0.9617
3261.0000 1005 1044 0.9626
3262.0000 1005 1045 0.9617
3263.0000 1005 1046 0.9608
3264.0000 1006 1046 0.9618
3266.0000 1007 1046 0.9627
3266.0000 1008 1046 0.9637
3267.0000 1008 1047 0.9628
3267.0000 1009 1047 0.9637
3269.0000 1010 1047 0.9647
3270.0000 1011 1047 0.9656
3271.0000 1012 1047 0.9666
3272.0000 1012 1048 0.9656
3274.0000 1013 1048 0.9666
3275.0000 1014 1048 0.9676
3278.0000 1014 1049 0.9666
3285.0000 1015 1049 0.9676
3287.0000 1015 1050 0.9667
3295.0000 1016 1050 0.9676
3298.0000 1017 1050 0.9686
3298.0000 1017 1051 0.9676
3300.0000 1018 1051 0.9686
3303.0000 1018 1052 0.9677
3304.0000 1018 1053 0.9668
3317.0000 1019 1053 0.9677
3325.0000 1020 1053 0.9687
3329.0000 1021 1053 0.9696
3336.0000 1022 1053 0.9706
3336.0000 1023 1053 0.9715
3337.0000 1023 1054 0.9706
3343.0000 1023 1055 0.9697
3349.0000 1023 1056 0.9688
3352.0000 1023 1057 0.9678
3360.0000 1023 1058 0.9669
3361.0000 1024 1058 0.9679
3361.0000 1024 1059 0.9669
3364.0000 1025 1059 0.9679
3367.0000 1026 1059 0.9688
3368.0000 1026 1060 0.9679
3369.0000 1026 1061 0.9670
3371.0000 1027 1061 0.9680
3373.0000 1028 1061 0.9689
3376.0000 1028 1062 0.9680
3377.0000 1029 1062 0.9689
3378.0000 1030 1062 0.9699
3382.0000 1031 1062 0.9708
3385.0000 1032 1062 0.9718
3388.0000 1033 1062 0.9727
3394.0000 1034 1062 0.9736
3399.0000 1034 1063 0.9727
3400.0000 1035 1063 0.9737
3404.0000 1035 1064 0.9727
3404.0000 1036 1064 0.9737
3408.0000 1036 1065 0.9728
3409.0000 1037 1065 0.9737
3410.0000 1037 1066 0.9728
3411.0000 1038 1066 0.9737
3412.0000 1039 1066 0.9747
3418.0000 1040 1066 0.9756
3426.0000 1041 1066 0.9765
3434.0000 1042 1066 0.9775
3442.0000 1042 1067 0.9766
3448.0000 1042 1068 0.9757
3454.0000 1043 1068 0.9766
3470.0000 1044 1068 0.9775
3475.0000 1045 1068 0.9785
3479.0000 1045 1069 0.9775
3489.0000 1046 1069 0.9785
3490.0000 1047 1069 0.9794
3491.0000 1047 1070 0.9785
3492.0000 1048 1070 0.9794
3501.0000 1048 1071 0.9785
3505.0000 1049 1071 0.9795
3505.0000 1050 1071 0.9804
3513.0000 1050 1072 0.9795
3517.0000 1051 1072 0.9804
3519.0000 1052 1072 0.9813
3524.0000 1052 1073 0.9804
3524.0000 1053 1073 0.9814
3528.0000 1053 1074 0.9804
3530.0000 1053 1075 0.9795
3531.0000 1054 1075 0.9805
3531.0000 1054 1076 0.9796
3534.0000 1055 1076 0.9805
3542.0000 1055 1077 0.9796
3552.0000 1055 1078 0.9787
3560.0000 1055 1079 0.9778
3560.0000 1055 1080 0.9769
3571.0000 1055 1081 0.9759
3572.0000 1055 1082 0.9750
3576.0000 1056 1082 0.9760
3576.0000 1057 1082 0.9769
3579.0000 1058 1082 0.9778
3579.0000 1059 1082 0.9787
3582.0000 1060 1082 0.9797
3583.0000 1061 1082 0.9806
3586.0000 1062 1082 0.9815
3587.0000 1062 1083 0.9806
3596.0000 1062 1084 0.9797
3599.0000 1063 1084 0.9806
3606.0000 1063 1085 0.9797
3608.0000 1064 1085 0.9806
3612.0000 1064 1086 0.9797
3614.0000 1065 1086 0.9807
3627.0000 1065 1087 0.9798
3630.0000 1066 1087 0.9807
3630.0000 1067 1087 0.9816
3639.0000 1068 1087 0.9825
3639.0000 1069 1087 0.9834
3650.0000 1070 1087 0.9844
3650.0000 1071 1087 0.9853
3656.0000 1071 1088 0.9844
3670.0000 1071 1089 0.9835
3676.0000 1071 1090 0.9826
3680.0000 1072 1090 0.9835
3686.0000 1072 1091 0.9826
3712.0000 1073 1091 0.9835
3716.0000 1073 1092 0.9826
3720.0000 1074 1092 0.9835
3744.0000 1074 1093 0.9826
3747.0000 1075 1093 0.9835
3748.0000 1075 1094 0.9826
3751.0000 1076 1094 0.9835
3760.0000 1076 1095 0.9826
3760.0000 1077 1095 0.9836
3762.0000 1078 1095 0.9845
3763.0000 1079 1095 0.9854
3768.0000 1080 1095 0.9863
3772.0000 1081 1095 0.9872
3779.0000 1082 1095 0.9881
3783.0000 1082 1096 0.9872
3796.0000 1082 1097 0.9863
3827.0000 1083 1097 0.9872
3858.0000 1084 1097 0.9881
3865.0000 1084 1098 0.9872
3872.0000 1085 1098 0.9882
3872.0000 1085 1099 0.9873
3884.0000 1085 1100 0.9864
3903.0000 1085 1101 0.9855
3923.0000 1086 1101 0.9864
3939.0000 1087 1101 0.9873
3946.0000 1088 1101 0.9882
3966.0000 1088 1102 0.9873
3984.0000 1089 1102 0.9882
3985.0000 1089 1103 0.9873
3986.0000 1089 1104 0.9864
4006.0000 1089 1105 0.9855
4014.0000 1089 1106 0.9846
4022.0000 1090 1106 0.9855
4083.0000 1091 1106 0.9864
4115.0000 1091 1107 0.9855
4141.0000 1092 1107 0.9864
4155.0000 1093 1107 0.9874
4171.0000 1093 1108 0.9865
4205.0000 1093 1109 0.9856
4218.0000 1094 1109 0.9865
4226.0000 1095 1109 0.9874
4231.0000 1095 1110 0.9865
4235.0000 1096 1110 0.9874
4245.0000 1097 1110 0.9883
4270.0000 1097 1111 0.9874
4294.0000 1098 1111 0.9883
4322.0000 1098 1112 0.9874
4332.0000 1099 1112 0.9883
4346.0000 1100 1112 0.9892
4350.0000 1101 1112 0.9901
4363.0000 1102 1112 0.9910
4393.0000 1102 1113 0.9901
4407.0000 1102 1114 0.9892
4408.0000 1103 1114 0.9901
4419.0000 1104 1114 0.9910
4454.0000 1104 1115 0.9901
4458.0000 1105 1115 0.9910
4461.0000 1105 1116 0.9901
4471.0000 1106 1116 0.9910
4489.0000 1107 1116 0.9919
4497.0000 1107 1117 0.9910
4504.0000 1108 1117 0.9919
4516.0000 1109 1117 0.9928
4517.0000 1109 1118 0.9919
4561.0000 1110 1118 0.9928
4568.0000 1110 1119 0.9920
4580.0000 1111 1119 0.9929
4623.0000 1111 1120 0.9920
4670.0000 1111 1121 0.9911
4726.0000 1112 1121 0.9920
4803.0000 1112 1122 0.9911
4813.0000 1113 1122 0.9920
4817.0000 1114 1122 0.9929
4886.0000 1114 1123 0.9920
4889.0000 1115 1123 0.9929
4919.0000 1116 1123 0.9938
4934.0000 1116 1124 0.9929
4959.0000 1116 1125 0.9920
4985.0000 1117 1125 0.9929
4997.0000 1118 1125 0.9938
5059.0000 1118 1126 0.9929
5105.0000 1118 1127 0.9920
5107.0000 1119 1127 0.9929
5119.0000 1119 1128 0.9920
5123.0000 1119 1129 0.9911
5129.0000 1119 1130 0.9903
5143.0000 1120 1130 0.9912
5146.0000 1121 1130 0.9920
5192.0000 1121 1131 0.9912
5195.0000 1121 1132 0.9903
5200.0000 1122 1132 0.9912
5209.0000 1123 1132 0.9920
5231.0000 1124 1132 0.9929
5237.0000 1125 1132 0.9938
5242.0000 1126 1132 0.9947
5282.0000 1127 1132 0.9956
5369.0000 1127 1133 0.9947
5389.0000 1127 1134 0.9938
5419.0000 1128 1134 0.9947
5439.0000 1128 1135 0.9938
5463.0000 1128 1136 0.9930
5482.0000 1129 1136 0.9938
5483.0000 1130 1136 0.9947
5608.0000 1130 1137 0.9938
5659.0000 1131 1137 0.9947
5685.0000 1131 1138 0.9938
5702.0000 1132 1138 0.9947
5800.0000 1132 1139 0.9939
5853.0000 1132 1140 0.9930
5867.0000 1133 1140 0.9939
5879.0000 1134 1140 0.9947
5879.0000 1135 1140 0.9956
5921.0000 1136 1140 0.9965
5957.0000 1136 1141 0.9956
5963.0000 1136 1142 0.9947
6077.0000 1136 1143 0.9939
6085.0000 1136 1144 0.9930
6110.0000 1137 1144 0.9939
6147.0000 1137 1145 0.9930
6163.0000 1138 1145 0.9939
6165.0000 1139 1145 0.9948
6187.0000 1139 1146 0.9939
6209.0000 1140 1146 0.9948
6249.0000 1141 1146 0.9956
6250.0000 1142 1146 0.9965
6295.0000 1142 1147 0.9956
6441.0000 1142 1148 0.9948
6453.0000 1143 1148 0.9956
6522.0000 1144 1148 0.9965
6534.0000 1145 1148 0.9974
6539.0000 1145 1149 0.9965
6550.0000 1145 1150 0.9957
6582.0000 1145 1151 0.9948
6599.0000 1145 1152 0.9939
6601.0000 1146 1152 0.9948
6604.0000 1146 1153 0.9939
6625.0000 1147 1153 0.9948
6654.0000 1148 1153 0.9957
6699.0000 1149 1153 0.9965
6753.0000 1150 1153 0.9974
6781.0000 1150 1154 0.9965
6796.0000 1150 1155 0.9957
6813.0000 1151 1155 0.9965
6813.0000 1152 1155 0.9974
6910.0000 1153 1155 0.9983
6911.0000 1154 1155 0.9991
6951.0000 1154 1156 0.9983
7002.0000 1155 1156 0.9991
7002.0000 1156 1156 1.0000
7021.0000 1157 1156 1.0009
7076.0000 1157 1157 1.0000
7177.0000 1157 1158 0.9991
7196.0000 1158 1158 1.0000
7226.0000 1158 1159 0.9991
7242.0000 1159 1159 1.0000
7479.0000 1159 1160 0.9991
7485.0000 1160 1160 1.0000
7576.0000 1160 1161 0.9991
7594.0000 1161 1161 1.0000
7599.0000 1162 1161 1.0009
7599.0000 1163 1161 1.0017
7608.0000 1163 1162 1.0009
7626.0000 1164 1162 1.0017
7633.0000 1165 1162 1.0026
7655.0000 1165 1163 1.0017
7705.0000 1166 1163 1.0026
7730.0000 1166 1164 1.0017
7762.0000 1167 1164 1.0026
7774.0000 1167 1165 1.0017
7782.0000 1168 1165 1.0026
7958.0000 1169 1165 1.0034
8018.0000 1170 1165 1.0043
8125.0000 1171 1165 1.0052
8128.0000 1172 1165 1.0060
8462.0000 1173 1165 1.0069
8681.0000 1174 1165 1.0077
8819.0000 1174 1166 1.0069
8874.0000 1175 1166 1.0077
8885.0000 1176 1166 1.0086
9012.0000 1177 1166 1.0094
9022.0000 1177 1167 1.0086
9022.0000 1178 1167 1.0094
9025.0000 1179 1167 1.0103
9053.0000 1179 1168 1.0094
9343.0000 1180 1168 1.0103
9638.0000 1181 1168 1.0111
9639.0000 1182 1168 1.0120
9658.0000 1183 1168 1.0128
9670.0000 1184 1168 1.0137
9682.0000 1185 1168 1.0146
9776.0000 1186 1168 1.0154
9808.0000 1186 1169 1.0145
10040.0000 1186 1170 1.0137
10043.0000 1186 1171 1.0128
10216.0000 1186 1172 1.0119
10228.0000 1186 1173 1.0111
10281.0000 1186 1174 1.0102
10313.0000 1187 1174 1.0111
10382.0000 1187 1175 1.0102
10439.0000 1188 1175 1.0111
10655.0000 1189 1175 1.0119
10655.0000 1189 1176 1.0111
10694.0000 1189 1177 1.0102
10889.0000 1190 1177 1.0110
10931.0000 1191 1177 1.0119
11124.0000 1192 1177 1.0127
11131.0000 1193 1177 1.0136
11202.0000 1193 1178 1.0127
11253.0000 1194 1178 1.0136
11337.0000 1195 1178 1.0144
11459.0000 1196 1178 1.0153
11517.0000 1196 1179 1.0144
11521.0000 1197 1179 1.0153
11666.0000 1198 1179 1.0161
11898.0000 1199 1179 1.0170
12191.0000 1200 1179 1.0178
12709.0000 1200 1180 1.0169
12776.0000 1200 1181 1.0161
12957.0000 1201 1181 1.0169
12981.0000 1201 1182 1.0161
13164.0000 1202 1182 1.0169
13458.0000 1203 1182 1.0178
13728.0000 1203 1183 1.0169
13763.0000 1204 1183 1.0178
13769.0000 1205 1183 1.0186
13771.0000 1206 1183 1.0194
14014.0000 1207 1183 1.0203
14038.0000 1207 1184 1.0194
14109.0000 1207 1185 1.0186
14143.0000 1208 1185 1.0194
14186.0000 1209 1185 1.0203
14200.0000 1209 1186 1.0194
14247.0000 1210 1186 1.0202
14275.0000 1210 1187 1.0194
14489.0000 1211 1187 1.0202
14508.0000 1212 1187 1.0211
14609.0000 1213 1187 1.0219
14630.0000 1214 1187 1.0227
14937.0000 1215 1187 1.0236
14941.0000 1215 1188 1.0227
15036.0000 1215 1189 1.0219
15083.0000 1216 1189 1.0227
15107.0000 1217 1189 1.0235
15245.0000 1218 1189 1.0244
15370.0000 1219 1189 1.0252
15374.0000 1220 1189 1.0261
15523.0000 1221 1189 1.0269
15535.0000 1221 1190 1.0261
15627.0000 1222 1190 1.0269
15781.0000 1223 1190 1.0277
15876.0000 1224 1190 1.0286
15877.0000 1225 1190 1.0294
15887.0000 1226 1190 1.0303
16058.0000 1226 1191 1.0294
16519.0000 1227 1191 1.0302
17028.0000 1228 1191 1.0311
17109.0000 1228 1192 1.0302
17211.0000 1229 1192 1.0310
17319.0000 1229 1193 1.0302
17338.0000 1230 1193 1.0310
17339.0000 1230 1194 1.0302
17382.0000 1231 1194 1.0310
17564.0000 1232 1194 1.0318
17596.0000 1232 1195 1.0310
17635.0000 1233 1195 1.0318
17646.0000 1234 1195 1.0326
17666.0000 1234 1196 1.0318
17669.0000 1235 1196 1.0326
17674.0000 1236 1196 1.0334
17720.0000 1236 1197 1.0326
17721.0000 1237 1197 1.0334
17730.0000 1238 1197 1.0343
17737.0000 1239 1197 1.0351
17750.0000 1240 1197 1.0359
17753.0000 1241 1197 1.0368
17768.0000 1241 1198 1.0359
17771.0000 1242 1198 1.0367
17772.0000 1242 1199 1.0359
17782.0000 1242 1200 1.0350
17821.0000 1243 1200 1.0358
17845.0000 1244 1200 1.0367
17886.0000 1245 1200 1.0375
17900.0000 1246 1200 1.0383
17930.0000 1246 1201 1.0375
17935.0000 1246 1202 1.0366
17942.0000 1247 1202 1.0374
17943.0000 1247 1203 1.0366
17945.0000 1248 1203 1.0374
17959.0000 1249 1203 1.0382
17976.0000 1250 1203 1.0391
17980.0000 1251 1203 1.0399
done----------------------
18000.0000 1251 1203 1.0399
