# deliveryTime  hopCount
148.0000 8
105.0000 10
183.0000 6
119.0000 6
96.0000 5
136.0000 4
227.0000 7
109.0000 5
840.0000 7
1776.0000 5
1520.0000 10
81.0000 8
1530.0000 11
1844.0000 11
905.0000 8
1628.0000 6
1631.0000 12
1901.0000 12
1650.0000 5
1915.0000 11
152.0000 3
1658.0000 9
1659.0000 6
1660.0000 10
1928.0000 8
1667.0000 11
1668.0000 8
1674.0000 4
1678.0000 8
1049.0000 8
1680.0000 7
1681.0000 9
1944.0000 9
1944.0000 8
1681.0000 9
1944.0000 5
1682.0000 6
1687.0000 6
1693.0000 7
1957.0000 10
1957.0000 7
1959.0000 9
1068.0000 8
1961.0000 6
1292.0000 9
1701.0000 5
1702.0000 10
1966.0000 6
1704.0000 3
1969.0000 9
1706.0000 6
1969.0000 9
1971.0000 8
1972.0000 6
1709.0000 11
1973.0000 7
1081.0000 8
1975.0000 9
1976.0000 5
1977.0000 7
1977.0000 7
1716.0000 10
1979.0000 7
1979.0000 5
1087.0000 8
1980.0000 6
1718.0000 8
1719.0000 5
1018.0000 5
1089.0000 8
1019.0000 9
1720.0000 8
1090.0000 4
1984.0000 12
1984.0000 10
1722.0000 7
1985.0000 11
1724.0000 12
1988.0000 9
1725.0000 7
1725.0000 5
1025.0000 6
1990.0000 8
1728.0000 11
1991.0000 5
1992.0000 5
1729.0000 9
1730.0000 12
1993.0000 6
1993.0000 6
1101.0000 8
1995.0000 11
1995.0000 5
1732.0000 15
1996.0000 6
1998.0000 5
1998.0000 5
1736.0000 11
1999.0000 10
2000.0000 8
1109.0000 7
1739.0000 5
1109.0000 6
2003.0000 8
1740.0000 8
2003.0000 7
1110.0000 8
1742.0000 9
2005.0000 11
1742.0000 10
1113.0000 11
2006.0000 6
1743.0000 12
2006.0000 7
2007.0000 9
1745.0000 3
2008.0000 8
1747.0000 10
2010.0000 8
2010.0000 9
2011.0000 11
2012.0000 10
1749.0000 7
1049.0000 3
1120.0000 9
1120.0000 4
1751.0000 4
1751.0000 12
2014.0000 8
1751.0000 3
2014.0000 9
2015.0000 6
1752.0000 11
2015.0000 9
1753.0000 11
2017.0000 6
1754.0000 12
2017.0000 9
2018.0000 8
1755.0000 9
2019.0000 8
2019.0000 7
1757.0000 12
1127.0000 5
1056.0000 5
2021.0000 9
1059.0000 8
1130.0000 5
2024.0000 8
2024.0000 12
1060.0000 7
1132.0000 6
1763.0000 10
1764.0000 8
2027.0000 8
1764.0000 8
1764.0000 8
2027.0000 6
1135.0000 5
2028.0000 6
1065.0000 6
1766.0000 10
2030.0000 7
1137.0000 9
1768.0000 6
1769.0000 12
2032.0000 11
2032.0000 7
1139.0000 8
2034.0000 9
1142.0000 4
2036.0000 9
1774.0000 11
2038.0000 5
2038.0000 8
1776.0000 10
1777.0000 6
2040.0000 7
1077.0000 7
1148.0000 9
1778.0000 10
1149.0000 5
2042.0000 7
2042.0000 10
2043.0000 11
1079.0000 9
2043.0000 10
1781.0000 13
2044.0000 9
2044.0000 10
2045.0000 9
1782.0000 10
2045.0000 10
1782.0000 12
1782.0000 11
1783.0000 12
1082.0000 7
2047.0000 8
2047.0000 9
1084.0000 10
2048.0000 8
1786.0000 9
1786.0000 11
2050.0000 6
2051.0000 7
2051.0000 11
1087.0000 6
2052.0000 8
2052.0000 7
1088.0000 6
2055.0000 9
1092.0000 8
2056.0000 13
2056.0000 7
1164.0000 3
2058.0000 7
2058.0000 11
1165.0000 3
1166.0000 6
2059.0000 6
1168.0000 6
1097.0000 7
2062.0000 8
1099.0000 5
1172.0000 8
1172.0000 6
1802.0000 9
1803.0000 12
2067.0000 11
1804.0000 14
1104.0000 4
1805.0000 12
1105.0000 8
1806.0000 9
1106.0000 8
1807.0000 11
2070.0000 6
1178.0000 5
1178.0000 8
2072.0000 3
2072.0000 8
2074.0000 11
1111.0000 7
1812.0000 12
1111.0000 4
2077.0000 5
2077.0000 7
1113.0000 5
1114.0000 7
1186.0000 4
1186.0000 5
2079.0000 9
1116.0000 8
1817.0000 11
149.0000 4
1116.0000 6
1188.0000 7
2081.0000 10
1818.0000 5
1117.0000 9
1118.0000 7
1189.0000 12
1118.0000 9
2082.0000 11
1189.0000 6
1189.0000 8
1819.0000 12
1190.0000 5
1821.0000 12
1821.0000 10
1120.0000 8
1121.0000 9
1121.0000 5
1823.0000 10
1823.0000 12
1824.0000 9
2088.0000 7
1195.0000 7
1196.0000 9
2089.0000 11
1126.0000 9
2090.0000 10
1126.0000 7
1201.0000 10
1831.0000 11
1201.0000 7
1130.0000 5
1831.0000 5
2095.0000 11
1132.0000 10
1203.0000 6
2097.0000 8
1205.0000 7
1134.0000 7
2099.0000 12
1135.0000 8
1837.0000 8
2101.0000 10
1137.0000 5
1138.0000 10
2102.0000 11
1138.0000 6
1211.0000 7
1842.0000 8
2107.0000 8
1143.0000 7
1144.0000 5
1219.0000 9
1148.0000 5
2113.0000 10
2114.0000 7
1221.0000 8
2114.0000 10
1223.0000 12
1223.0000 9
2117.0000 8
1153.0000 7
1224.0000 9
1224.0000 6
1154.0000 8
1227.0000 6
2121.0000 9
1229.0000 11
2123.0000 7
1861.0000 11
1160.0000 11
1233.0000 8
2126.0000 8
1162.0000 7
1234.0000 7
2127.0000 6
1864.0000 9
1234.0000 10
2128.0000 8
1865.0000 8
2128.0000 13
1236.0000 8
1866.0000 7
1166.0000 7
1237.0000 5
1167.0000 8
1869.0000 10
1871.0000 10
1170.0000 6
1872.0000 11
1171.0000 10
2136.0000 8
2136.0000 10
1873.0000 6
1877.0000 12
2141.0000 11
1879.0000 10
1879.0000 12
1178.0000 6
1880.0000 14
1880.0000 13
2144.0000 9
1181.0000 6
1883.0000 9
1883.0000 11
1183.0000 9
1183.0000 7
1254.0000 12
1885.0000 11
1885.0000 10
1887.0000 11
1257.0000 10
1187.0000 7
1889.0000 9
2152.0000 7
1261.0000 9
1261.0000 3
1891.0000 10
2154.0000 7
2155.0000 12
2155.0000 7
2158.0000 8
1265.0000 7
1266.0000 6
2161.0000 10
1268.0000 7
1898.0000 11
1898.0000 13
2161.0000 9
1198.0000 6
1901.0000 11
1271.0000 6
1271.0000 10
1902.0000 8
1272.0000 8
1903.0000 13
1274.0000 7
2167.0000 9
1905.0000 8
1905.0000 12
1277.0000 7
2171.0000 10
1908.0000 9
1278.0000 11
2173.0000 9
1283.0000 2
1283.0000 6
1283.0000 12
1283.0000 8
2177.0000 8
2178.0000 10
2179.0000 9
1215.0000 6
1917.0000 12
2180.0000 7
1217.0000 9
2181.0000 13
1918.0000 10
1217.0000 9
1289.0000 6
1920.0000 9
1291.0000 7
1220.0000 10
1292.0000 6
1923.0000 11
1223.0000 9
2187.0000 12
1224.0000 7
1925.0000 10
2189.0000 14
2189.0000 7
1927.0000 11
2190.0000 11
1297.0000 6
1226.0000 7
1930.0000 7
1230.0000 9
1302.0000 9
1933.0000 8
2196.0000 11
1233.0000 7
2197.0000 6
2198.0000 9
1935.0000 12
1236.0000 7
2201.0000 10
1938.0000 10
2202.0000 8
1241.0000 10
2206.0000 13
2210.0000 8
1247.0000 8
2211.0000 15
1949.0000 12
1949.0000 7
1248.0000 8
1321.0000 8
1953.0000 11
2216.0000 10
1252.0000 10
2217.0000 12
1254.0000 6
1957.0000 12
1957.0000 14
1328.0000 10
1258.0000 8
2222.0000 15
1330.0000 9
1260.0000 9
1961.0000 8
1331.0000 10
1260.0000 6
1261.0000 9
1263.0000 12
1965.0000 7
1335.0000 8
2229.0000 6
1337.0000 8
2233.0000 12
1270.0000 6
1271.0000 10
2235.0000 6
1978.0000 7
1277.0000 8
1352.0000 9
2245.0000 8
2245.0000 10
2246.0000 8
2248.0000 8
1985.0000 15
2249.0000 7
1357.0000 5
1988.0000 11
2251.0000 15
1991.0000 13
2254.0000 9
2254.0000 3
2255.0000 11
1293.0000 5
2257.0000 6
2257.0000 8
1295.0000 12
2259.0000 10
1296.0000 8
1997.0000 12
1299.0000 12
1370.0000 4
1371.0000 11
1307.0000 8
1379.0000 5
2018.0000 11
1322.0000 7
2024.0000 14
1396.0000 7
2289.0000 8
1325.0000 11
1327.0000 7
1401.0000 5
2294.0000 8
1402.0000 7
2032.0000 10
1332.0000 7
2297.0000 8
1408.0000 7
1409.0000 9
1338.0000 9
2039.0000 15
2302.0000 9
1410.0000 10
2041.0000 13
2305.0000 17
2310.0000 6
2049.0000 10
2051.0000 10
2051.0000 7
2052.0000 13
2316.0000 9
2054.0000 10
2055.0000 11
2056.0000 12
1428.0000 10
1428.0000 7
1428.0000 6
2059.0000 6
1361.0000 7
1432.0000 6
1361.0000 6
1362.0000 7
2327.0000 8
2066.0000 10
1437.0000 10
2067.0000 10
2067.0000 9
2067.0000 5
2331.0000 6
1439.0000 8
2332.0000 7
1370.0000 6
1371.0000 11
1443.0000 8
2337.0000 8
1374.0000 10
1375.0000 7
2077.0000 13
1447.0000 6
2078.0000 7
1448.0000 5
2341.0000 12
1381.0000 10
1383.0000 8
1385.0000 11
2349.0000 10
2350.0000 7
1386.0000 7
2352.0000 8
1389.0000 7
2090.0000 11
1389.0000 6
1462.0000 13
1391.0000 8
2093.0000 10
1464.0000 8
2357.0000 10
2357.0000 14
2358.0000 8
2096.0000 13
2097.0000 11
1396.0000 7
256.0000 9
1397.0000 6
2361.0000 6
1469.0000 8
2364.0000 7
1401.0000 5
2103.0000 12
1403.0000 12
2104.0000 8
2367.0000 8
1405.0000 11
1477.0000 7
1410.0000 10
1481.0000 10
1481.0000 10
1482.0000 11
1412.0000 6
1413.0000 11
1413.0000 11
152.0000 6
1484.0000 8
2114.0000 14
2114.0000 14
1485.0000 7
1488.0000 9
2120.0000 11
2383.0000 8
1491.0000 7
1491.0000 7
1493.0000 5
1493.0000 8
1494.0000 8
2388.0000 15
1498.0000 9
1428.0000 7
1500.0000 8
1429.0000 7
1500.0000 9
1501.0000 7
2132.0000 7
1503.0000 6
1506.0000 4
1509.0000 7
1511.0000 9
1444.0000 10
2145.0000 10
2145.0000 9
2408.0000 12
1447.0000 8
2148.0000 7
2151.0000 10
2415.0000 12
2415.0000 12
2416.0000 15
1454.0000 7
2156.0000 10
2157.0000 15
1527.0000 9
1531.0000 8
1533.0000 6
2165.0000 7
2165.0000 10
2429.0000 12
2431.0000 9
2431.0000 13
2169.0000 11
2170.0000 11
1476.0000 8
1480.0000 7
2444.0000 8
1553.0000 7
1483.0000 6
1483.0000 10
2184.0000 10
1483.0000 8
2186.0000 7
1487.0000 10
2453.0000 12
1494.0000 9
2458.0000 10
1566.0000 11
1571.0000 7
1572.0000 8
1572.0000 7
2466.0000 6
1502.0000 12
1577.0000 7
1509.0000 7
2473.0000 9
1582.0000 11
1511.0000 6
1511.0000 10
1512.0000 10
1512.0000 6
2213.0000 8
2213.0000 12
1514.0000 7
2217.0000 15
2483.0000 10
1591.0000 9
1591.0000 11
2222.0000 10
2486.0000 15
2486.0000 10
1595.0000 13
1524.0000 11
1525.0000 11
2226.0000 12
2489.0000 15
1526.0000 7
2491.0000 7
2231.0000 11
2233.0000 14
2496.0000 8
2234.0000 7
1604.0000 11
2239.0000 8
1541.0000 8
1541.0000 11
1612.0000 8
2506.0000 12
1613.0000 11
1614.0000 10
2248.0000 8
1547.0000 11
1547.0000 9
1619.0000 9
1552.0000 7
1552.0000 6
2258.0000 15
1632.0000 9
1562.0000 12
1563.0000 8
2266.0000 10
1637.0000 9
2269.0000 12
1641.0000 10
2537.0000 7
1644.0000 11
1575.0000 13
1649.0000 10
2283.0000 12
1585.0000 10
1585.0000 12
2553.0000 9
1593.0000 9
1600.0000 10
1600.0000 10
2565.0000 18
2305.0000 11
2310.0000 14
1610.0000 9
2575.0000 8
2315.0000 9
182.0000 6
2323.0000 9
1624.0000 12
1625.0000 8
2327.0000 11
1699.0000 7
1632.0000 8
2597.0000 9
2598.0000 15
1634.0000 9
1706.0000 12
2337.0000 8
2601.0000 10
1639.0000 6
1713.0000 7
2343.0000 9
1719.0000 8
1648.0000 13
1720.0000 10
2350.0000 8
2353.0000 13
1726.0000 10
2619.0000 7
1656.0000 8
2620.0000 8
2358.0000 11
2361.0000 14
1662.0000 7
1733.0000 7
1733.0000 11
1665.0000 10
2629.0000 7
1737.0000 8
1666.0000 8
1739.0000 11
1742.0000 7
1671.0000 8
2377.0000 10
2377.0000 8
1677.0000 7
2379.0000 10
2379.0000 9
1679.0000 12
1750.0000 11
1750.0000 8
1752.0000 10
1753.0000 11
1685.0000 7
1685.0000 5
1689.0000 9
2391.0000 5
2654.0000 8
1692.0000 9
2395.0000 10
1694.0000 8
1696.0000 9
1769.0000 6
1773.0000 7
2404.0000 13
2404.0000 11
2406.0000 11
2670.0000 16
1706.0000 11
2409.0000 13
1779.0000 13
2411.0000 13
1714.0000 7
1785.0000 4
1787.0000 10
1790.0000 8
2421.0000 12
1791.0000 11
1722.0000 11
1722.0000 9
2688.0000 9
2426.0000 12
2690.0000 9
1797.0000 8
1798.0000 7
1798.0000 11
1800.0000 7
1806.0000 13
2438.0000 6
2438.0000 18
1738.0000 9
1739.0000 7
1810.0000 6
1739.0000 8
1742.0000 8
1748.0000 9
1819.0000 9
1821.0000 10
2452.0000 9
1823.0000 7
2456.0000 13
1756.0000 8
1758.0000 6
1829.0000 6
1840.0000 8
2473.0000 17
1845.0000 8
1847.0000 5
1779.0000 8
1851.0000 7
2483.0000 11
2749.0000 7
1786.0000 6
2750.0000 8
2759.0000 9
2764.0000 8
2503.0000 16
2770.0000 7
1808.0000 9
2512.0000 12
1883.0000 4
1813.0000 8
1814.0000 16
2518.0000 14
1892.0000 8
2525.0000 13
1896.0000 6
1826.0000 12
2790.0000 6
1901.0000 9
1831.0000 12
1905.0000 13
129.0000 6
1908.0000 5
1910.0000 6
2542.0000 9
2546.0000 6
1845.0000 8
1848.0000 6
1848.0000 12
1919.0000 8
2816.0000 7
1924.0000 3
1926.0000 7
1856.0000 9
1860.0000 9
1933.0000 14
1934.0000 5
1935.0000 14
1868.0000 6
2570.0000 12
1870.0000 7
1942.0000 6
1872.0000 11
2575.0000 13
2841.0000 9
2842.0000 9
1949.0000 13
1881.0000 10
2847.0000 7
1955.0000 8
1886.0000 8
1958.0000 8
1960.0000 5
1891.0000 10
2855.0000 7
1965.0000 6
1899.0000 9
1902.0000 6
1976.0000 5
1977.0000 9
1977.0000 6
2871.0000 13
1907.0000 13
1978.0000 13
2874.0000 6
1981.0000 4
2874.0000 6
2613.0000 10
1986.0000 8
2618.0000 9
1918.0000 10
1925.0000 7
2890.0000 17
1927.0000 6
1930.0000 8
1931.0000 10
2006.0000 3
1935.0000 11
2007.0000 13
2640.0000 14
2640.0000 9
1939.0000 8
2906.0000 8
1947.0000 7
1949.0000 10
2024.0000 14
1953.0000 6
2026.0000 8
2924.0000 7
2662.0000 14
1973.0000 7
1984.0000 8
1989.0000 14
2699.0000 13
2003.0000 11
2074.0000 13
2007.0000 9
2083.0000 7
2978.0000 6
2019.0000 10
2026.0000 7
2729.0000 10
2032.0000 11
2734.0000 13
2104.0000 13
2035.0000 13
3001.0000 18
2108.0000 13
3002.0000 7
2746.0000 5
2747.0000 10
2048.0000 8
2755.0000 5
2128.0000 7
2064.0000 10
2065.0000 10
2065.0000 8
2147.0000 5
3042.0000 6
2080.0000 9
110.0000 6
2086.0000 10
2103.0000 6
3068.0000 7
210.0000 8
2176.0000 5
3072.0000 8
2108.0000 6
2182.0000 9
2185.0000 7
2118.0000 7
2192.0000 6
2121.0000 13
2823.0000 13
2826.0000 13
2131.0000 13
2133.0000 10
78.0000 3
2205.0000 8
2207.0000 10
2853.0000 14
2853.0000 9
2225.0000 11
2227.0000 11
2157.0000 8
3129.0000 11
2238.0000 14
3132.0000 18
3134.0000 8
2170.0000 14
2873.0000 10
2246.0000 10
3144.0000 8
3147.0000 8
2257.0000 6
214.0000 6
2196.0000 7
2269.0000 9
3162.0000 10
2202.0000 6
2904.0000 10
2211.0000 14
3176.0000 8
2215.0000 10
2288.0000 6
3181.0000 7
2289.0000 10
2220.0000 5
2221.0000 14
2222.0000 12
2296.0000 10
2297.0000 5
2307.0000 6
2947.0000 9
3213.0000 8
2251.0000 7
2339.0000 8
2977.0000 11
2280.0000 7
2988.0000 9
3251.0000 7
3013.0000 10
2315.0000 8
3019.0000 10
2393.0000 5
3025.0000 11
2399.0000 5
2400.0000 6
2404.0000 10
2407.0000 11
3303.0000 6
2416.0000 6
2422.0000 5
3319.0000 8
3324.0000 6
3063.0000 5
3064.0000 7
3070.0000 17
2448.0000 5
3349.0000 6
2476.0000 11
2492.0000 10
3390.0000 7
2511.0000 9
2512.0000 12
3144.0000 5
3157.0000 9
2456.0000 7
2539.0000 10
2541.0000 11
169.0000 4
3183.0000 9
3186.0000 13
2598.0000 4
2527.0000 7
2601.0000 14
2530.0000 6
3234.0000 9
2605.0000 14
2608.0000 12
3514.0000 7
2630.0000 6
3529.0000 9
25.0000 4
3545.0000 6
3291.0000 10
2661.0000 3
3302.0000 8
2601.0000 7
2631.0000 7
3627.0000 7
2671.0000 7
2769.0000 6
2773.0000 4
3675.0000 7
2784.0000 6
2785.0000 5
2790.0000 6
3424.0000 6
2730.0000 11
2849.0000 6
2809.0000 7
3524.0000 8
3838.0000 6
2890.0000 7
3861.0000 10
298.0000 5
2973.0000 6
3034.0000 8
3163.0000 6
244.0000 8
3870.0000 4
4141.0000 6
3186.0000 6
3267.0000 7
3245.0000 6
3354.0000 6
3368.0000 10
3372.0000 6
591.0000 9
4323.0000 6
4071.0000 7
4110.0000 9
4123.0000 9
4404.0000 8
4419.0000 8
4168.0000 10
4476.0000 6
4232.0000 11
3677.0000 8
4728.0000 6
636.0000 11
528.0000 8
4571.0000 8
3936.0000 6
1013.0000 12
5022.0000 7
4094.0000 7
4798.0000 13
4151.0000 7
4231.0000 7
4253.0000 5
4889.0000 5
4193.0000 6
5197.0000 6
5071.0000 10
4504.0000 6
591.0000 5
592.0000 5
4724.0000 6
5782.0000 6
4901.0000 7
4901.0000 5
434.0000 7
6025.0000 7
6078.0000 6
553.0000 10
6124.0000 8
5200.0000 8
6165.0000 7
6368.0000 8
5473.0000 6
6449.0000 7
5623.0000 6
521.0000 8
5605.0000 6
6614.0000 7
5775.0000 8
6728.0000 6
6728.0000 7
507.0000 12
5933.0000 7
756.0000 8
599.0000 12
6043.0000 7
660.0000 10
6193.0000 6
7137.0000 5
6616.0000 6
6621.0000 6
810.0000 10
7278.0000 9
6584.0000 7
6727.0000 5
6713.0000 6
7697.0000 8
7610.0000 9
7670.0000 11
7147.0000 7
7079.0000 6
8114.0000 10
746.0000 11
8526.0000 10
8537.0000 9
8664.0000 9
697.0000 10
8047.0000 4
37.0000 2
803.0000 7
8661.0000 6
8609.0000 8
610.0000 9
761.0000 6
611.0000 9
9264.0000 7
9461.0000 5
697.0000 10
10804.0000 7
9882.0000 7
578.0000 8
933.0000 10
868.0000 10
10288.0000 8
11111.0000 9
10472.0000 6
1821.0000 7
10849.0000 9
1121.0000 9
917.0000 6
1460.0000 16
13110.0000 10
655.0000 9
844.0000 11
13686.0000 9
12965.0000 8
1848.0000 13
1487.0000 13
13198.0000 7
280.0000 4
488.0000 8
14261.0000 11
13581.0000 7
13959.0000 7
207.0000 5
14759.0000 9
14196.0000 8
2943.0000 9
822.0000 7
129.0000 6
1339.0000 12
14732.0000 9
2507.0000 25
191.0000 2
201.0000 2
16171.0000 9
85.0000 5
16162.0000 10
16990.0000 10
270.0000 3
16515.0000 8
17287.0000 10
17561.0000 8
17584.0000 7
16625.0000 7
17636.0000 8
17645.0000 8
17652.0000 8
17402.0000 10
16775.0000 8
17686.0000 8
17473.0000 10
16796.0000 6
16908.0000 6
16922.0000 7
17857.0000 9
16896.0000 7
16981.0000 7
16998.0000 7
16931.0000 8
averageTime:2487.314148681055  averageHopCount:8.593125499600319
