5.0000 0.0000 0.0000
10.0000 0.0000 0.0000
15.0000 0.0000 0.0000
20.0000 0.0000 0.0000
25.0000 0.0000 0.0000
30.0000 0.0000 0.0000
35.0000 0.0000 0.0000
40.0000 0.0000 0.0000
45.0000 0.0000 0.0000
50.0000 0.0000 0.0000
55.0000 0.0000 0.0000
60.0000 0.0000 0.0000
65.0000 0.0000 0.0000
70.0000 0.0000 0.0000
75.0000 0.0000 0.0000
80.0000 0.0000 0.0000
85.0000 0.0002 0.0000
90.0000 0.0004 0.0000
95.0000 0.0009 0.0000
100.0000 0.0011 0.0000
105.0000 0.0011 0.0000
110.0000 0.0011 0.0000
115.0000 0.0011 0.0000
120.0000 0.0011 0.0000
125.0000 0.0013 0.0000
130.0000 0.0014 0.0000
135.0000 0.0014 0.0000
140.0000 0.0014 0.0000
145.0000 0.0018 0.0000
150.0000 0.0023 0.0000
155.0000 0.0029 0.0000
160.0000 0.0032 0.0000
165.0000 0.0034 0.0000
170.0000 0.0038 0.0000
175.0000 0.0050 0.0000
180.0000 0.0065 0.0000
185.0000 0.0092 0.0000
190.0000 0.0113 0.0000
195.0000 0.0131 0.0000
200.0000 0.0165 0.0000
205.0000 0.0226 0.0000
210.0000 0.0397 0.0002
215.0000 0.0532 0.0003
220.0000 0.0564 0.0003
225.0000 0.0658 0.0004
230.0000 0.0715 0.0004
235.0000 0.0776 0.0005
240.0000 0.0878 0.0005
245.0000 0.0894 0.0005
250.0000 0.0942 0.0006
255.0000 0.1029 0.0006
260.0000 0.1118 0.0007
265.0000 0.1237 0.0008
270.0000 0.1356 0.0009
275.0000 0.1357 0.0009
280.0000 0.1399 0.0009
285.0000 0.1447 0.0010
290.0000 0.1463 0.0010
295.0000 0.1471 0.0010
300.0000 0.1472 0.0010
305.0000 0.1478 0.0010
310.0000 0.1589 0.0011
315.0000 0.1601 0.0011
320.0000 0.1602 0.0011
325.0000 0.1602 0.0011
330.0000 0.1606 0.0011
335.0000 0.1611 0.0011
340.0000 0.1613 0.0011
345.0000 0.1615 0.0011
350.0000 0.1617 0.0011
355.0000 0.1623 0.0011
360.0000 0.1624 0.0010
365.0000 0.1624 0.0010
370.0000 0.1626 0.0010
375.0000 0.1630 0.0010
380.0000 0.1634 0.0010
385.0000 0.1678 0.0012
390.0000 0.1682 0.0012
395.0000 0.1684 0.0012
400.0000 0.1694 0.0012
405.0000 0.1742 0.0013
410.0000 0.1750 0.0013
415.0000 0.1753 0.0013
420.0000 0.1759 0.0013
425.0000 0.1806 0.0014
430.0000 0.1906 0.0017
435.0000 0.1928 0.0017
440.0000 0.2065 0.0020
445.0000 0.2191 0.0024
450.0000 0.2402 0.0030
455.0000 0.2440 0.0030
460.0000 0.2535 0.0033
465.0000 0.2709 0.0037
470.0000 0.2789 0.0038
475.0000 0.2899 0.0041
480.0000 0.2930 0.0040
485.0000 0.2977 0.0040
490.0000 0.2996 0.0040
495.0000 0.3018 0.0040
500.0000 0.3110 0.0042
505.0000 0.3116 0.0042
510.0000 0.3139 0.0042
515.0000 0.3155 0.0042
520.0000 0.3165 0.0042
525.0000 0.3184 0.0042
530.0000 0.3234 0.0043
535.0000 0.3321 0.0045
540.0000 0.3331 0.0045
545.0000 0.3337 0.0045
550.0000 0.3348 0.0045
555.0000 0.3352 0.0045
560.0000 0.3356 0.0045
565.0000 0.3358 0.0045
570.0000 0.3360 0.0045
575.0000 0.3364 0.0045
580.0000 0.3366 0.0045
585.0000 0.3368 0.0045
590.0000 0.3368 0.0045
595.0000 0.3368 0.0045
600.0000 0.3368 0.0045
605.0000 0.3372 0.0045
610.0000 0.3372 0.0045
615.0000 0.3374 0.0045
620.0000 0.3434 0.0049
625.0000 0.3498 0.0053
630.0000 0.3689 0.0064
635.0000 0.3771 0.0068
640.0000 0.3854 0.0070
645.0000 0.3917 0.0072
650.0000 0.4067 0.0080
655.0000 0.4153 0.0082
660.0000 0.4299 0.0089
665.0000 0.4591 0.0105
670.0000 0.4613 0.0105
675.0000 0.4694 0.0107
680.0000 0.4737 0.0107
685.0000 0.4939 0.0121
690.0000 0.5095 0.0129
695.0000 0.5204 0.0133
700.0000 0.5374 0.0143
705.0000 0.5695 0.0160
710.0000 0.5815 0.0163
715.0000 0.6192 0.0189
720.0000 0.6309 0.0194
725.0000 0.6377 0.0193
730.0000 0.6451 0.0193
735.0000 0.6618 0.0200
740.0000 0.6760 0.0203
745.0000 0.7111 0.0224
750.0000 0.7378 0.0242
755.0000 0.7518 0.0251
760.0000 0.7609 0.0255
765.0000 0.7664 0.0255
770.0000 0.7746 0.0258
775.0000 0.7919 0.0270
780.0000 0.8140 0.0292
785.0000 0.8325 0.0310
790.0000 0.8439 0.0318
795.0000 0.8514 0.0322
800.0000 0.8625 0.0331
805.0000 0.8655 0.0331
810.0000 0.8738 0.0334
815.0000 0.8816 0.0338
820.0000 0.8855 0.0338
825.0000 0.8983 0.0346
830.0000 0.9012 0.0346
835.0000 0.9053 0.0345
840.0000 0.9167 0.0354
845.0000 0.9322 0.0366
850.0000 0.9354 0.0366
855.0000 0.9377 0.0366
860.0000 0.9443 0.0370
865.0000 0.9502 0.0374
870.0000 0.9569 0.0378
875.0000 0.9589 0.0377
880.0000 0.9647 0.0382
885.0000 0.9664 0.0381
890.0000 0.9682 0.0381
895.0000 0.9684 0.0381
900.0000 0.9693 0.0381
905.0000 0.9701 0.0381
910.0000 0.9711 0.0381
915.0000 0.9718 0.0381
920.0000 0.9724 0.0381
925.0000 0.9734 0.0380
930.0000 0.9744 0.0380
935.0000 0.9744 0.0380
940.0000 0.9788 0.0385
945.0000 0.9827 0.0389
950.0000 0.9829 0.0389
955.0000 0.9829 0.0389
960.0000 0.9829 0.0389
965.0000 0.9838 0.0389
970.0000 0.9840 0.0389
975.0000 0.9840 0.0389
980.0000 0.9842 0.0389
985.0000 0.9847 0.0389
990.0000 0.9953 0.0403
995.0000 1.0070 0.0416
1000.0000 1.0111 0.0421
1005.0000 1.0153 0.0426
1010.0000 1.0261 0.0439
1015.0000 1.0268 0.0439
1020.0000 1.0315 0.0444
1025.0000 1.0396 0.0453
1030.0000 1.0441 0.0457
1035.0000 1.0460 0.0457
1040.0000 1.0484 0.0457
1045.0000 1.0494 0.0457
1050.0000 1.0614 0.0470
1055.0000 1.0701 0.0479
1060.0000 1.0732 0.0479
1065.0000 1.0788 0.0483
1070.0000 1.0859 0.0487
1075.0000 1.1029 0.0505
1080.0000 1.1150 0.0519
1085.0000 1.1213 0.0523
1090.0000 1.1230 0.0523
1095.0000 1.1327 0.0532
1100.0000 1.1406 0.0536
1105.0000 1.1532 0.0549
1110.0000 1.1564 0.0549
1115.0000 1.1594 0.0548
1120.0000 1.1679 0.0557
1125.0000 1.1709 0.0557
1130.0000 1.1805 0.0566
1135.0000 1.1829 0.0565
1140.0000 1.1857 0.0565
1145.0000 1.1938 0.0574
1150.0000 1.2079 0.0592
1155.0000 1.2270 0.0620
1160.0000 1.2466 0.0648
1165.0000 1.2612 0.0666
1170.0000 1.2643 0.0666
1175.0000 1.2724 0.0675
1180.0000 1.2839 0.0683
1185.0000 1.2876 0.0682
1190.0000 1.2911 0.0682
1195.0000 1.3011 0.0693
1200.0000 1.3354 0.0747
1205.0000 1.3460 0.0755
1210.0000 1.3516 0.0754
1215.0000 1.3567 0.0754
1220.0000 1.3839 0.0795
1225.0000 1.4005 0.0816
1230.0000 1.4088 0.0824
1235.0000 1.4237 0.0842
1240.0000 1.4335 0.0850
1245.0000 1.4622 0.0891
1250.0000 1.4734 0.0902
1255.0000 1.4775 0.0902
1260.0000 1.4866 0.0913
1265.0000 1.4947 0.0924
1270.0000 1.4984 0.0924
1275.0000 1.5014 0.0923
1280.0000 1.5062 0.0922
1285.0000 1.5086 0.0922
1290.0000 1.5127 0.0921
1295.0000 1.5161 0.0920
1300.0000 1.5297 0.0944
1305.0000 1.5327 0.0943
1310.0000 1.5345 0.0943
1315.0000 1.5379 0.0942
1320.0000 1.5433 0.0941
1325.0000 1.5602 0.0966
1330.0000 1.5695 0.0977
1335.0000 1.5729 0.0976
1340.0000 1.5823 0.0988
1345.0000 1.5876 0.0986
1350.0000 1.6152 0.1035
1355.0000 1.6500 0.1095
1360.0000 1.6666 0.1120
1365.0000 1.6831 0.1147
1370.0000 1.6879 0.1146
1375.0000 1.7088 0.1181
1380.0000 1.7614 0.1283
1385.0000 1.7843 0.1316
1390.0000 1.7999 0.1336
1395.0000 1.8258 0.1373
1400.0000 1.8480 0.1409
1405.0000 1.8709 0.1451
1410.0000 1.9027 0.1517
1415.0000 1.9284 0.1560
1420.0000 1.9437 0.1582
1425.0000 1.9489 0.1580
1430.0000 1.9540 0.1579
1435.0000 1.9670 0.1601
1440.0000 1.9759 0.1614
1445.0000 1.9820 0.1613
1450.0000 1.9858 0.1612
1455.0000 1.9953 0.1629
1460.0000 2.0159 0.1674
1465.0000 2.0349 0.1715
1470.0000 2.0378 0.1714
1475.0000 2.0433 0.1722
1480.0000 2.0531 0.1740
1485.0000 2.0631 0.1757
1490.0000 2.0681 0.1766
1495.0000 2.0695 0.1766
1500.0000 2.0729 0.1765
1505.0000 2.0827 0.1782
1510.0000 2.0860 0.1781
1515.0000 2.0874 0.1781
1520.0000 2.0973 0.1798
1525.0000 2.0994 0.1798
1530.0000 2.1022 0.1797
1535.0000 2.1039 0.1796
1540.0000 2.1046 0.1796
1545.0000 2.1050 0.1796
1550.0000 2.1055 0.1796
1555.0000 2.1063 0.1796
1560.0000 2.1070 0.1796
1565.0000 2.1073 0.1796
1570.0000 2.1084 0.1795
1575.0000 2.1090 0.1795
1580.0000 2.1090 0.1795
1585.0000 2.1100 0.1795
1590.0000 2.1104 0.1795
1595.0000 2.1111 0.1794
1600.0000 2.1119 0.1794
1605.0000 2.1126 0.1794
1610.0000 2.1135 0.1794
1615.0000 2.1146 0.1794
1620.0000 2.1157 0.1793
1625.0000 2.1173 0.1793
1630.0000 2.1180 0.1793
1635.0000 2.1223 0.1801
1640.0000 2.1269 0.1809
1645.0000 2.1285 0.1809
1650.0000 2.1333 0.1817
1655.0000 2.1357 0.1816
1660.0000 2.1376 0.1816
1665.0000 2.1476 0.1843
1670.0000 2.1560 0.1859
1675.0000 2.1766 0.1910
1680.0000 2.1852 0.1927
1685.0000 2.1932 0.1943
1690.0000 2.1956 0.1943
1695.0000 2.2064 0.1968
1700.0000 2.2174 0.1993
1705.0000 2.2196 0.1992
1710.0000 2.2233 0.2001
1715.0000 2.2283 0.2009
1720.0000 2.2322 0.2017
1725.0000 2.2392 0.2034
1730.0000 2.2400 0.2034
1735.0000 2.2412 0.2033
1740.0000 2.2494 0.2051
1745.0000 2.2513 0.2051
1750.0000 2.2570 0.2058
1755.0000 2.2662 0.2076
1760.0000 2.2752 0.2094
1765.0000 2.2779 0.2093
1770.0000 2.2802 0.2092
1775.0000 2.3028 0.2146
1780.0000 2.3207 0.2181
1785.0000 2.3375 0.2216
1790.0000 2.3543 0.2252
1795.0000 2.3645 0.2269
1800.0000 2.3763 0.2285
1805.0000 2.3892 0.2302
1810.0000 2.4235 0.2392
1815.0000 2.4295 0.2390
1820.0000 2.4458 0.2425
1825.0000 2.4677 0.2481
1830.0000 2.4724 0.2479
1835.0000 2.4955 0.2532
1840.0000 2.5046 0.2549
1845.0000 2.5077 0.2548
1850.0000 2.5099 0.2547
1855.0000 2.5139 0.2546
1860.0000 2.5213 0.2564
1865.0000 2.5255 0.2563
1870.0000 2.5289 0.2561
1875.0000 2.5326 0.2560
1880.0000 2.5355 0.2559
1885.0000 2.5399 0.2558
1890.0000 2.5553 0.2598
1895.0000 2.5617 0.2611
1900.0000 2.5736 0.2637
1905.0000 2.5900 0.2676
1910.0000 2.6016 0.2704
1915.0000 2.6191 0.2743
1920.0000 2.6257 0.2756
1925.0000 2.6340 0.2768
1930.0000 2.6489 0.2808
1935.0000 2.6520 0.2807
1940.0000 2.6571 0.2820
1945.0000 2.6641 0.2833
1950.0000 2.6752 0.2859
1955.0000 2.6821 0.2876
1960.0000 2.6830 0.2876
1965.0000 2.6859 0.2875
1970.0000 2.6921 0.2888
1975.0000 2.6946 0.2887
1980.0000 2.6969 0.2886
1985.0000 2.6998 0.2885
1990.0000 2.7015 0.2885
1995.0000 2.7042 0.2884
2000.0000 2.7166 0.2914
2005.0000 2.7193 0.2913
2010.0000 2.7305 0.2944
2015.0000 2.7335 0.2943
2020.0000 2.7422 0.2960
2025.0000 2.7545 0.2991
2030.0000 2.7634 0.3003
2035.0000 2.8034 0.3123
2040.0000 2.8348 0.3211
2045.0000 2.8682 0.3315
2050.0000 2.8711 0.3314
2055.0000 2.8782 0.3331
2060.0000 2.8808 0.3330
2065.0000 2.8838 0.3329
2070.0000 2.8863 0.3328
2075.0000 2.8899 0.3327
2080.0000 2.8973 0.3344
2085.0000 2.9054 0.3361
2090.0000 2.9084 0.3360
2095.0000 2.9159 0.3377
2100.0000 2.9235 0.3394
2105.0000 2.9297 0.3407
2110.0000 2.9431 0.3442
2115.0000 2.9489 0.3454
2120.0000 2.9569 0.3471
2125.0000 2.9592 0.3470
2130.0000 2.9700 0.3501
2135.0000 2.9937 0.3583
2140.0000 3.0002 0.3595
2145.0000 3.0126 0.3636
2150.0000 3.0222 0.3662
2155.0000 3.0242 0.3661
2160.0000 3.0296 0.3674
2165.0000 3.0317 0.3674
2170.0000 3.0408 0.3700
2175.0000 3.0526 0.3741
2180.0000 3.0583 0.3754
2185.0000 3.0747 0.3809
2190.0000 3.0832 0.3836
2195.0000 3.0881 0.3849
2200.0000 3.0924 0.3862
2205.0000 3.0969 0.3877
2210.0000 3.1020 0.3891
2215.0000 3.1028 0.3891
2220.0000 3.1195 0.3952
2225.0000 3.1243 0.3966
2230.0000 3.1321 0.3996
2235.0000 3.1409 0.4025
2240.0000 3.1460 0.4040
2245.0000 3.1509 0.4054
2250.0000 3.1512 0.4054
2255.0000 3.1560 0.4069
2260.0000 3.1575 0.4068
2265.0000 3.1583 0.4068
2270.0000 3.1640 0.4082
2275.0000 3.1709 0.4096
2280.0000 3.1897 0.4162
2285.0000 3.1992 0.4191
2290.0000 3.2015 0.4190
2295.0000 3.2132 0.4231
2300.0000 3.2458 0.4347
2305.0000 3.2635 0.4396
2310.0000 3.2872 0.4457
2315.0000 3.3132 0.4546
2320.0000 3.3185 0.4544
2325.0000 3.3282 0.4557
2330.0000 3.3465 0.4603
2335.0000 3.3809 0.4708
2340.0000 3.4069 0.4777
2345.0000 3.4204 0.4789
2350.0000 3.4729 0.4977
2355.0000 3.5073 0.5083
2360.0000 3.5468 0.5225
2365.0000 3.5648 0.5267
2370.0000 3.5737 0.5263
2375.0000 3.5865 0.5288
2380.0000 3.6018 0.5334
2385.0000 3.6266 0.5409
2390.0000 3.6461 0.5460
2395.0000 3.6764 0.5561
2400.0000 3.6927 0.5602
2405.0000 3.7048 0.5630
2410.0000 3.7175 0.5656
2415.0000 3.7517 0.5788
2420.0000 3.7803 0.5890
2425.0000 3.8126 0.6006
2430.0000 3.8255 0.6032
2435.0000 3.8438 0.6089
2440.0000 3.8558 0.6116
2445.0000 3.8705 0.6141
2450.0000 3.8749 0.6139
2455.0000 3.8855 0.6167
2460.0000 3.8908 0.6164
2465.0000 3.8971 0.6161
2470.0000 3.9018 0.6159
2475.0000 3.9052 0.6157
2480.0000 3.9090 0.6155
2485.0000 3.9187 0.6181
2490.0000 3.9294 0.6207
2495.0000 3.9450 0.6261
2500.0000 3.9697 0.6363
2505.0000 3.9771 0.6386
2510.0000 3.9830 0.6409
2515.0000 3.9989 0.6481
2520.0000 4.0056 0.6504
2525.0000 4.0087 0.6502
2530.0000 4.0107 0.6501
2535.0000 4.0135 0.6500
2540.0000 4.0146 0.6499
2545.0000 4.0160 0.6498
2550.0000 4.0178 0.6497
2555.0000 4.0187 0.6497
2560.0000 4.0196 0.6496
2565.0000 4.0207 0.6496
2570.0000 4.0218 0.6495
2575.0000 4.0223 0.6495
2580.0000 4.0234 0.6494
2585.0000 4.0242 0.6494
2590.0000 4.0250 0.6494
2595.0000 4.0255 0.6493
2600.0000 4.0263 0.6493
2605.0000 4.0270 0.6493
2610.0000 4.0280 0.6492
2615.0000 4.0295 0.6491
2620.0000 4.0305 0.6491
2625.0000 4.0323 0.6490
2630.0000 4.0340 0.6489
2635.0000 4.0355 0.6488
2640.0000 4.0372 0.6487
2645.0000 4.0404 0.6486
2650.0000 4.0503 0.6509
2655.0000 4.0703 0.6585
2660.0000 4.0933 0.6687
2665.0000 4.1275 0.6841
2670.0000 4.1520 0.6942
2675.0000 4.1671 0.6991
2680.0000 4.1775 0.7014
2685.0000 4.2060 0.7142
2690.0000 4.2184 0.7192
2695.0000 4.2214 0.7190
2700.0000 4.2241 0.7189
2705.0000 4.2358 0.7240
2710.0000 4.2373 0.7239
2715.0000 4.2393 0.7238
2720.0000 4.2400 0.7237
2725.0000 4.2408 0.7237
2730.0000 4.2408 0.7237
2735.0000 4.2410 0.7237
2740.0000 4.2413 0.7237
2745.0000 4.2415 0.7237
2750.0000 4.2418 0.7237
2755.0000 4.2422 0.7236
2760.0000 4.2426 0.7236
2765.0000 4.2433 0.7236
2770.0000 4.2443 0.7235
2775.0000 4.2494 0.7257
2780.0000 4.2502 0.7256
2785.0000 4.2513 0.7256
2790.0000 4.2562 0.7277
2795.0000 4.2612 0.7299
2800.0000 4.2664 0.7320
2805.0000 4.2729 0.7341
2810.0000 4.2843 0.7383
2815.0000 4.3114 0.7514
2820.0000 4.3178 0.7535
2825.0000 4.3410 0.7643
2830.0000 4.3570 0.7707
2835.0000 4.3594 0.7705
2840.0000 4.3700 0.7748
2845.0000 4.3776 0.7768
2850.0000 4.3931 0.7832
2855.0000 4.3997 0.7853
2860.0000 4.4021 0.7851
2865.0000 4.4075 0.7872
2870.0000 4.4085 0.7872
2875.0000 4.4095 0.7871
2880.0000 4.4109 0.7870
2885.0000 4.4125 0.7870
2890.0000 4.4141 0.7869
2895.0000 4.4151 0.7868
2900.0000 4.4163 0.7867
2905.0000 4.4171 0.7867
2910.0000 4.4180 0.7866
2915.0000 4.4184 0.7866
2920.0000 4.4196 0.7866
2925.0000 4.4205 0.7865
2930.0000 4.4217 0.7864
2935.0000 4.4223 0.7864
2940.0000 4.4237 0.7863
2945.0000 4.4245 0.7863
2950.0000 4.4249 0.7863
2955.0000 4.4257 0.7862
2960.0000 4.4270 0.7861
2965.0000 4.4281 0.7861
2970.0000 4.4294 0.7860
2975.0000 4.4318 0.7859
2980.0000 4.4344 0.7857
2985.0000 4.4364 0.7856
2990.0000 4.4385 0.7855
2995.0000 4.4422 0.7853
3000.0000 4.4473 0.7850
3005.0000 4.4514 0.7848
3010.0000 4.4609 0.7869
3015.0000 4.4689 0.7892
3020.0000 4.4748 0.7889
3025.0000 4.4837 0.7911
3030.0000 4.5065 0.8003
3035.0000 4.5305 0.8109
3040.0000 4.5527 0.8191
3045.0000 4.5804 0.8294
3050.0000 4.6054 0.8387
3055.0000 4.6289 0.8479
3060.0000 4.6447 0.8539
3065.0000 4.6664 0.8621
3070.0000 4.6917 0.8738
3075.0000 4.7093 0.8808
3080.0000 4.7227 0.8840
3085.0000 4.7367 0.8872
3090.0000 4.7592 0.8965
3095.0000 4.7736 0.9023
3100.0000 4.8280 0.9311
3105.0000 4.8381 0.9332
3110.0000 4.8664 0.9446
3115.0000 4.8923 0.9576
3120.0000 4.9126 0.9656
3125.0000 4.9171 0.9653
3130.0000 4.9411 0.9768
3135.0000 4.9711 0.9937
3140.0000 4.9885 1.0017
3145.0000 5.0032 1.0087
3150.0000 5.0192 1.0168
3155.0000 5.0219 1.0166
3160.0000 5.0258 1.0164
3165.0000 5.0319 1.0188
3170.0000 5.0386 1.0209
3175.0000 5.0428 1.0206
3180.0000 5.0451 1.0205
3185.0000 5.0485 1.0203
3190.0000 5.0586 1.0250
3195.0000 5.0625 1.0247
3200.0000 5.0684 1.0271
3205.0000 5.0793 1.0317
3210.0000 5.1078 1.0487
3215.0000 5.1294 1.0609
3220.0000 5.1321 1.0608
3225.0000 5.1369 1.0605
3230.0000 5.1557 1.0702
3235.0000 5.1676 1.0750
3240.0000 5.1763 1.0771
3245.0000 5.1810 1.0768
3250.0000 5.1957 1.0832
3255.0000 5.2185 1.0953
3260.0000 5.2241 1.0949
3265.0000 5.2503 1.1095
3270.0000 5.3080 1.1448
3275.0000 5.3456 1.1677
3280.0000 5.3696 1.1797
3285.0000 5.3814 1.1834
3290.0000 5.3999 1.1912
3295.0000 5.4055 1.1908
3300.0000 5.4238 1.1986
3305.0000 5.4329 1.2025
3310.0000 5.4374 1.2022
3315.0000 5.4500 1.2059
3320.0000 5.4553 1.2055
3325.0000 5.4655 1.2093
3330.0000 5.4766 1.2131
3335.0000 5.4851 1.2170
3340.0000 5.4873 1.2168
3345.0000 5.4889 1.2167
3350.0000 5.4910 1.2166
3355.0000 5.4915 1.2165
3360.0000 5.4927 1.2165
3365.0000 5.4940 1.2164
3370.0000 5.4953 1.2163
3375.0000 5.4962 1.2162
3380.0000 5.4974 1.2161
3385.0000 5.4987 1.2160
3390.0000 5.5001 1.2159
3395.0000 5.5009 1.2159
3400.0000 5.5060 1.2187
3405.0000 5.5068 1.2186
3410.0000 5.5079 1.2185
3415.0000 5.5170 1.2241
3420.0000 5.5260 1.2297
3425.0000 5.5434 1.2410
3430.0000 5.5571 1.2494
3435.0000 5.5580 1.2493
3440.0000 5.5630 1.2521
3445.0000 5.5687 1.2548
3450.0000 5.5703 1.2547
3455.0000 5.5713 1.2546
3460.0000 5.5769 1.2574
3465.0000 5.5777 1.2573
3470.0000 5.5791 1.2572
3475.0000 5.5884 1.2628
3480.0000 5.5897 1.2627
3485.0000 5.6000 1.2682
3490.0000 5.6098 1.2737
3495.0000 5.6202 1.2792
3500.0000 5.6306 1.2847
3505.0000 5.6322 1.2846
3510.0000 5.6386 1.2873
3515.0000 5.6446 1.2900
3520.0000 5.6465 1.2898
3525.0000 5.6477 1.2897
3530.0000 5.6507 1.2895
3535.0000 5.6537 1.2893
3540.0000 5.6567 1.2891
3545.0000 5.6630 1.2917
3550.0000 5.6636 1.2917
3555.0000 5.6644 1.2916
3560.0000 5.6654 1.2916
3565.0000 5.6704 1.2943
3570.0000 5.6756 1.2971
3575.0000 5.6764 1.2970
3580.0000 5.6766 1.2970
3585.0000 5.6778 1.2969
3590.0000 5.6788 1.2968
3595.0000 5.6790 1.2968
3600.0000 5.6794 1.2968
3605.0000 5.6800 1.2968
3610.0000 5.6809 1.2967
3615.0000 5.6818 1.2966
3620.0000 5.6956 1.3041
3625.0000 5.7064 1.3105
3630.0000 5.7098 1.3103
3635.0000 5.7170 1.3148
3640.0000 5.7237 1.3179
3645.0000 5.7323 1.3222
3650.0000 5.7355 1.3220
3655.0000 5.7742 1.3477
3660.0000 5.7993 1.3608
3665.0000 5.8231 1.3738
3670.0000 5.8519 1.3918
3675.0000 5.8776 1.4051
3680.0000 5.9095 1.4228
3685.0000 5.9220 1.4268
3690.0000 5.9648 1.4542
3695.0000 5.9726 1.4537
3700.0000 5.9991 1.4672
3705.0000 6.0121 1.4714
3710.0000 6.0296 1.4805
3715.0000 6.0411 1.4825
3720.0000 6.0563 1.4867
3725.0000 6.0687 1.4909
3730.0000 6.0798 1.4930
3735.0000 6.0937 1.4979
3740.0000 6.1057 1.4999
3745.0000 6.1134 1.4993
3750.0000 6.1250 1.5035
3755.0000 6.1365 1.5079
3760.0000 6.1518 1.5137
3765.0000 6.1709 1.5212
3770.0000 6.1972 1.5347
3775.0000 6.2184 1.5467
3780.0000 6.2408 1.5604
3785.0000 6.2707 1.5800
3790.0000 6.2808 1.5845
3795.0000 6.3001 1.5968
3800.0000 6.3125 1.6042
3805.0000 6.3190 1.6069
3810.0000 6.3214 1.6067
3815.0000 6.3294 1.6095
3820.0000 6.3391 1.6153
3825.0000 6.3528 1.6226
3830.0000 6.3666 1.6316
3835.0000 6.3765 1.6375
3840.0000 6.3876 1.6450
3845.0000 6.3941 1.6477
3850.0000 6.4050 1.6534
3855.0000 6.4156 1.6590
3860.0000 6.4185 1.6588
3865.0000 6.4275 1.6624
3870.0000 6.4492 1.6759
3875.0000 6.4549 1.6754
3880.0000 6.4744 1.6869
3885.0000 6.4943 1.6980
3890.0000 6.5176 1.7122
3895.0000 6.5257 1.7157
3900.0000 6.5440 1.7260
3905.0000 6.5583 1.7333
3910.0000 6.5719 1.7406
3915.0000 6.5873 1.7473
3920.0000 6.5971 1.7507
3925.0000 6.6196 1.7652
3930.0000 6.6369 1.7760
3935.0000 6.6523 1.7868
3940.0000 6.6565 1.7864
3945.0000 6.6715 1.7957
3950.0000 6.6854 1.8058
3955.0000 6.6986 1.8124
3960.0000 6.7100 1.8185
3965.0000 6.7136 1.8182
3970.0000 6.7158 1.8180
3975.0000 6.7266 1.8241
3980.0000 6.7370 1.8302
3985.0000 6.7408 1.8299
3990.0000 6.7588 1.8423
3995.0000 6.7647 1.8453
4000.0000 6.7821 1.8579
4005.0000 6.7914 1.8606
4010.0000 6.7943 1.8604
4015.0000 6.8002 1.8634
4020.0000 6.8081 1.8663
4025.0000 6.8125 1.8659
4030.0000 6.8200 1.8688
4035.0000 6.8237 1.8684
4040.0000 6.8271 1.8681
4045.0000 6.8314 1.8678
4050.0000 6.8371 1.8673
4055.0000 6.8509 1.8753
4060.0000 6.8689 1.8864
4065.0000 6.8891 1.8984
4070.0000 6.9033 1.9065
4075.0000 6.9317 1.9267
4080.0000 6.9446 1.9302
4085.0000 6.9604 1.9379
4090.0000 6.9690 1.9371
4095.0000 6.9982 1.9559
4100.0000 7.0212 1.9693
4105.0000 7.0359 1.9741
4110.0000 7.0870 2.0119
4115.0000 7.1258 2.0387
4120.0000 7.1618 2.0627
4125.0000 7.1725 2.0663
4130.0000 7.1789 2.0657
4135.0000 7.2080 2.0869
4140.0000 7.2292 2.1018
4145.0000 7.2385 2.1055
4150.0000 7.2421 2.1051
4155.0000 7.2554 2.1148
4160.0000 7.2709 2.1253
4165.0000 7.2901 2.1393
4170.0000 7.2927 2.1391
4175.0000 7.2949 2.1389
4180.0000 7.3076 2.1482
4185.0000 7.3088 2.1481
4190.0000 7.3107 2.1480
4195.0000 7.3123 2.1478
4200.0000 7.3137 2.1477
4205.0000 7.3154 2.1475
4210.0000 7.3164 2.1474
4215.0000 7.3171 2.1474
4220.0000 7.3174 2.1473
4225.0000 7.3180 2.1473
4230.0000 7.3186 2.1472
4235.0000 7.3188 2.1472
4240.0000 7.3200 2.1471
4245.0000 7.3211 2.1470
4250.0000 7.3214 2.1470
4255.0000 7.3217 2.1469
4260.0000 7.3225 2.1469
4265.0000 7.3236 2.1467
4270.0000 7.3248 2.1466
4275.0000 7.3266 2.1465
4280.0000 7.3278 2.1464
4285.0000 7.3304 2.1461
4290.0000 7.3379 2.1516
4295.0000 7.3578 2.1681
4300.0000 7.3652 2.1737
4305.0000 7.3738 2.1790
4310.0000 7.3771 2.1787
4315.0000 7.3914 2.1899
4320.0000 7.4140 2.2063
4325.0000 7.4425 2.2285
4330.0000 7.4645 2.2452
4335.0000 7.4889 2.2612
4340.0000 7.5131 2.2778
4345.0000 7.5193 2.2772
4350.0000 7.5371 2.2885
4355.0000 7.5605 2.3050
4360.0000 7.5783 2.3164
4365.0000 7.5926 2.3211
4370.0000 7.6050 2.3266
4375.0000 7.6227 2.3377
4380.0000 7.6339 2.3431
4385.0000 7.6440 2.3482
4390.0000 7.6603 2.3594
4395.0000 7.6902 2.3828
4400.0000 7.7133 2.3995
4405.0000 7.7348 2.4105
4410.0000 7.7612 2.4275
4415.0000 7.7811 2.4385
4420.0000 7.8120 2.4622
4425.0000 7.8181 2.4616
4430.0000 7.8471 2.4788
4435.0000 7.8765 2.4963
4440.0000 7.9050 2.5140
4445.0000 7.9380 2.5369
4450.0000 7.9829 2.5732
4455.0000 8.0038 2.5846
4460.0000 8.0295 2.6021
4465.0000 8.0574 2.6201
4470.0000 8.0915 2.6441
4475.0000 8.1217 2.6616
4480.0000 8.1384 2.6669
4485.0000 8.1583 2.6782
4490.0000 8.1907 2.7029
4495.0000 8.2233 2.7282
4500.0000 8.2574 2.7516
4505.0000 8.2784 2.7632
4510.0000 8.3104 2.7845
4515.0000 8.3244 2.7900
4520.0000 8.3371 2.7955
4525.0000 8.3523 2.8050
4530.0000 8.3635 2.8109
4535.0000 8.3703 2.8102
4540.0000 8.3898 2.8232
4545.0000 8.4235 2.8521
4550.0000 8.4403 2.8628
4555.0000 8.4706 2.8899
4560.0000 8.5094 2.9249
4565.0000 8.5344 2.9452
4570.0000 8.5567 2.9635
4575.0000 8.5985 3.0030
4580.0000 8.6168 3.0153
4585.0000 8.6409 3.0310
4590.0000 8.6922 3.0746
4595.0000 8.7282 3.1012
4600.0000 8.7687 3.1324
4605.0000 8.8166 3.1737
4610.0000 8.8457 3.1918
4615.0000 8.8761 3.2165
4620.0000 8.8969 3.2279
4625.0000 8.9143 3.2329
4630.0000 8.9255 3.2383
4635.0000 8.9390 3.2443
4640.0000 8.9508 3.2472
4645.0000 8.9636 3.2526
4650.0000 8.9770 3.2580
4655.0000 8.9871 3.2638
4660.0000 8.9934 3.2630
4665.0000 8.9977 3.2625
4670.0000 9.0012 3.2621
4675.0000 9.0043 3.2618
4680.0000 9.0067 3.2615
4685.0000 9.0153 3.2674
4690.0000 9.0309 3.2800
4695.0000 9.0395 3.2865
4700.0000 9.0476 3.2922
4705.0000 9.0566 3.2987
4710.0000 9.0584 3.2985
4715.0000 9.0602 3.2983
4720.0000 9.0605 3.2982
4725.0000 9.0624 3.2980
4730.0000 9.0638 3.2979
4735.0000 9.0647 3.2978
4740.0000 9.0665 3.2975
4745.0000 9.0741 3.3040
4750.0000 9.0811 3.3101
4755.0000 9.0818 3.3100
4760.0000 9.0821 3.3099
4765.0000 9.0829 3.3098
4770.0000 9.0833 3.3098
4775.0000 9.0838 3.3097
4780.0000 9.0843 3.3097
4785.0000 9.0855 3.3095
4790.0000 9.0860 3.3095
4795.0000 9.0864 3.3094
4800.0000 9.0999 3.3234
4805.0000 9.1119 3.3343
4810.0000 9.1178 3.3382
4815.0000 9.1231 3.3422
4820.0000 9.1356 3.3531
4825.0000 9.1619 3.3791
4830.0000 9.1787 3.3940
4835.0000 9.1885 3.4006
4840.0000 9.1985 3.4072
4845.0000 9.2071 3.4108
4850.0000 9.2120 3.4102
4855.0000 9.2367 3.4353
4860.0000 9.2558 3.4499
4865.0000 9.2735 3.4636
4870.0000 9.2918 3.4772
4875.0000 9.3058 3.4835
4880.0000 9.3280 3.5028
4885.0000 9.3607 3.5321
4890.0000 9.3781 3.5425
4895.0000 9.4060 3.5691
4900.0000 9.4197 3.5800
4905.0000 9.4312 3.5865
4910.0000 9.4362 3.5859
4915.0000 9.4535 3.6024
4920.0000 9.4576 3.6019
4925.0000 9.4646 3.6057
4930.0000 9.4807 3.6211
4935.0000 9.4848 3.6206
4940.0000 9.4855 3.6205
4945.0000 9.4998 3.6349
4950.0000 9.5011 3.6347
4955.0000 9.5025 3.6346
4960.0000 9.5046 3.6343
4965.0000 9.5058 3.6342
4970.0000 9.5069 3.6340
4975.0000 9.5078 3.6339
4980.0000 9.5093 3.6337
4985.0000 9.5111 3.6335
4990.0000 9.5130 3.6333
4995.0000 9.5139 3.6332
5000.0000 9.5146 3.6331
5005.0000 9.5161 3.6329
5010.0000 9.5187 3.6326
5015.0000 9.5202 3.6324
5020.0000 9.5213 3.6323
5025.0000 9.5262 3.6364
5030.0000 9.5322 3.6402
5035.0000 9.5339 3.6400
5040.0000 9.5355 3.6398
5045.0000 9.5382 3.6395
5050.0000 9.5514 3.6516
5055.0000 9.5581 3.6554
5060.0000 9.5715 3.6675
5065.0000 9.5806 3.6756
5070.0000 9.5939 3.6879
5075.0000 9.5992 3.6918
5080.0000 9.6059 3.6955
5085.0000 9.6091 3.6952
5090.0000 9.6226 3.7079
5095.0000 9.6362 3.7203
5100.0000 9.6453 3.7288
5105.0000 9.6530 3.7324
5110.0000 9.6659 3.7450
5115.0000 9.6783 3.7577
5120.0000 9.6908 3.7702
5125.0000 9.7004 3.7784
5130.0000 9.7056 3.7826
5135.0000 9.7081 3.7823
5140.0000 9.7195 3.7906
5145.0000 9.7470 3.8186
5150.0000 9.7563 3.8221
5155.0000 9.7616 3.8214
5160.0000 9.7726 3.8249
5165.0000 9.7915 3.8406
5170.0000 9.8464 3.8989
5175.0000 9.8892 3.9416
5180.0000 9.9311 3.9800
5185.0000 9.9532 3.9905
5190.0000 9.9857 4.0172
5195.0000 10.0115 4.0361
5200.0000 10.0531 4.0734
5205.0000 10.0918 4.1028
5210.0000 10.1234 4.1238
5215.0000 10.1445 4.1377
5220.0000 10.1809 4.1722
5225.0000 10.2106 4.1990
5230.0000 10.2316 4.2137
5235.0000 10.2569 4.2363
5240.0000 10.2729 4.2478
5245.0000 10.2831 4.2551
5250.0000 10.2932 4.2624
5255.0000 10.3020 4.2698
5260.0000 10.3112 4.2772
5265.0000 10.3264 4.2924
5270.0000 10.3471 4.3155
5275.0000 10.3514 4.3149
5280.0000 10.3537 4.3146
5285.0000 10.3553 4.3144
5290.0000 10.3581 4.3140
5295.0000 10.3674 4.3216
5300.0000 10.3690 4.3214
5305.0000 10.3763 4.3288
5310.0000 10.3837 4.3364
5315.0000 10.3853 4.3362
5320.0000 10.3922 4.3437
5325.0000 10.4048 4.3589
5330.0000 10.4134 4.3661
5335.0000 10.4325 4.3890
5340.0000 10.4411 4.3963
5345.0000 10.4546 4.4117
5350.0000 10.4636 4.4189
5355.0000 10.4777 4.4340
5360.0000 10.4928 4.4490
5365.0000 10.5020 4.4566
5370.0000 10.5128 4.4636
5375.0000 10.5239 4.4705
5380.0000 10.5423 4.4850
5385.0000 10.5849 4.5318
5390.0000 10.6055 4.5473
5395.0000 10.6253 4.5623
5400.0000 10.6563 4.5924
5405.0000 10.6855 4.6160
5410.0000 10.7298 4.6649
5415.0000 10.7751 4.7140
5420.0000 10.8341 4.7788
5425.0000 10.8725 4.8198
5430.0000 10.8954 4.8350
5435.0000 10.9160 4.8507
5440.0000 10.9402 4.8657
5445.0000 10.9885 4.9149
5450.0000 11.0385 4.9640
5455.0000 11.0705 4.9875
5460.0000 11.1229 5.0461
5465.0000 11.1659 5.0870
5470.0000 11.2138 5.1366
5475.0000 11.2677 5.1960
5480.0000 11.2833 5.2033
5485.0000 11.3170 5.2369
5490.0000 11.3319 5.2442
5495.0000 11.3471 5.2515
5500.0000 11.3555 5.2503
5505.0000 11.3785 5.2678
5510.0000 11.3875 5.2664
5515.0000 11.4091 5.2798
5520.0000 11.4193 5.2783
5525.0000 11.4408 5.2985
5530.0000 11.4524 5.3037
5535.0000 11.4616 5.3023
5540.0000 11.4765 5.3165
5545.0000 11.4926 5.3280
5550.0000 11.4969 5.3274
5555.0000 11.5007 5.3268
5560.0000 11.5149 5.3385
5565.0000 11.5279 5.3504
5570.0000 11.5447 5.3685
5575.0000 11.5662 5.3930
5580.0000 11.5743 5.3986
5585.0000 11.5805 5.4047
5590.0000 11.5967 5.4232
5595.0000 11.6032 5.4293
5600.0000 11.6056 5.4289
5605.0000 11.6134 5.4346
5610.0000 11.6191 5.4406
5615.0000 11.6212 5.4403
5620.0000 11.6227 5.4401
5625.0000 11.6247 5.4398
5630.0000 11.6262 5.4396
5635.0000 11.6279 5.4393
5640.0000 11.6356 5.4451
5645.0000 11.6383 5.4447
5650.0000 11.6403 5.4444
5655.0000 11.6427 5.4440
5660.0000 11.6463 5.4435
5665.0000 11.6494 5.4430
5670.0000 11.6525 5.4426
5675.0000 11.6625 5.4510
5680.0000 11.6770 5.4654
5685.0000 11.6811 5.4648
5690.0000 11.6920 5.4731
5695.0000 11.7064 5.4908
5700.0000 11.7301 5.5173
5705.0000 11.7420 5.5255
5710.0000 11.7756 5.5670
5715.0000 11.7973 5.5906
5720.0000 11.8032 5.5897
5725.0000 11.8211 5.6105
5730.0000 11.8469 5.6366
5735.0000 11.8730 5.6629
5740.0000 11.9065 5.7013
5745.0000 11.9191 5.7131
5750.0000 11.9353 5.7275
5755.0000 11.9441 5.7330
5760.0000 11.9610 5.7506
5765.0000 11.9748 5.7622
5770.0000 11.9862 5.7706
5775.0000 11.9926 5.7696
5780.0000 11.9959 5.7691
5785.0000 12.0142 5.7903
5790.0000 12.0222 5.7958
5795.0000 12.0493 5.8316
5800.0000 12.0616 5.8434
5805.0000 12.0775 5.8616
5810.0000 12.0860 5.8673
5815.0000 12.0889 5.8668
5820.0000 12.0992 5.8790
5825.0000 12.1074 5.8848
5830.0000 12.1101 5.8844
5835.0000 12.1297 5.9092
5840.0000 12.1399 5.9146
5845.0000 12.1574 5.9326
5850.0000 12.1727 5.9512
5855.0000 12.1856 5.9631
5860.0000 12.2001 5.9749
5865.0000 12.2091 5.9805
5870.0000 12.2139 5.9798
5875.0000 12.2269 5.9917
5880.0000 12.2363 5.9972
5885.0000 12.2506 6.0125
5890.0000 12.2766 6.0400
5895.0000 12.2959 6.0547
5900.0000 12.3153 6.0695
5905.0000 12.3319 6.0773
5910.0000 12.3599 6.1045
5915.0000 12.3835 6.1226
5920.0000 12.4064 6.1401
5925.0000 12.4570 6.2030
5930.0000 12.5112 6.2647
5935.0000 12.5403 6.2917
5940.0000 12.5662 6.3156
5945.0000 12.6160 6.3721
5950.0000 12.6546 6.4086
5955.0000 12.6979 6.4515
5960.0000 12.7248 6.4793
5965.0000 12.7589 6.5173
5970.0000 12.7882 6.5457
5975.0000 12.8123 6.5740
5980.0000 12.8269 6.5827
5985.0000 12.8652 6.6302
5990.0000 12.9136 6.6969
5995.0000 12.9386 6.7253
6000.0000 12.9619 6.7543
6005.0000 12.9771 6.7738
6010.0000 13.0001 6.8027
6015.0000 13.0175 6.8217
6020.0000 13.0294 6.8309
6025.0000 13.0469 6.8503
6030.0000 13.0590 6.8592
6035.0000 13.0893 6.8982
6040.0000 13.1196 6.9377
6045.0000 13.1567 6.9855
6050.0000 13.1824 7.0145
6055.0000 13.2005 7.0335
6060.0000 13.1966 7.0147
6065.0000 13.2211 7.0359
6070.0000 13.2461 7.0593
6075.0000 13.2586 7.0643
6080.0000 13.2756 7.0728
6085.0000 13.2974 7.0949
6090.0000 13.3201 7.1137
6095.0000 13.3331 7.1203
6100.0000 13.3603 7.1498
6105.0000 13.3809 7.1664
6110.0000 13.4191 7.2111
6115.0000 13.4383 7.2214
6120.0000 13.4545 7.2269
6125.0000 13.4923 7.2652
6130.0000 13.5012 7.2553
6135.0000 13.5303 7.2853
6140.0000 13.5215 7.2456
6145.0000 13.5364 7.2498
6150.0000 13.5535 7.2552
6155.0000 13.5744 7.2685
6160.0000 13.5793 7.2554
6165.0000 13.5636 7.2071
6170.0000 13.5959 7.2392
6175.0000 13.5903 7.2042
6180.0000 13.6128 7.2154
6185.0000 13.6387 7.2378
6190.0000 13.6408 7.2198
6195.0000 13.6229 7.1671
6200.0000 13.6378 7.1699
6205.0000 13.6417 7.1522
6210.0000 13.6589 7.1543
6215.0000 13.6508 7.1228
6220.0000 13.6569 7.1117
6225.0000 13.6585 7.0983
6230.0000 13.6489 7.0608
6235.0000 13.6546 7.0514
6240.0000 13.6824 7.0799
6245.0000 13.6884 7.0754
6250.0000 13.6851 7.0488
6255.0000 13.7208 7.0938
6260.0000 13.7310 7.0982
6265.0000 13.7355 7.0896
6270.0000 13.7639 7.1246
6275.0000 13.7617 7.1093
6280.0000 13.7861 7.1308
6285.0000 13.7866 7.1184
6290.0000 13.7767 7.0861
6295.0000 13.7933 7.1045
6300.0000 13.7980 7.1040
6305.0000 13.7892 7.0784
6310.0000 13.7908 7.0711
6315.0000 13.7727 7.0297
6320.0000 13.7804 7.0348
6325.0000 13.7780 7.0235
6330.0000 13.7841 7.0251
6335.0000 13.7868 7.0178
6340.0000 13.7952 7.0159
6345.0000 13.7972 7.0085
6350.0000 13.8119 7.0188
6355.0000 13.8097 7.0021
6360.0000 13.8320 7.0285
6365.0000 13.8506 7.0465
6370.0000 13.8661 7.0570
6375.0000 13.8803 7.0677
6380.0000 13.8904 7.0713
6385.0000 13.9087 7.0845
6390.0000 13.9343 7.1159
6395.0000 13.9474 7.1198
6400.0000 13.9503 7.1106
6405.0000 13.9651 7.1251
6410.0000 13.9636 7.1055
6415.0000 13.9752 7.1097
6420.0000 13.9812 7.1037
6425.0000 13.9861 7.0960
6430.0000 13.9817 7.0768
6435.0000 13.9876 7.0751
6440.0000 13.9875 7.0619
6445.0000 13.9901 7.0576
6450.0000 14.0089 7.0768
6455.0000 14.0175 7.0821
6460.0000 14.0329 7.0984
6465.0000 14.0459 7.1108
6470.0000 14.0547 7.1136
6475.0000 14.0548 7.1046
6480.0000 14.0654 7.1099
6485.0000 14.0696 7.1087
6490.0000 14.0866 7.1259
6495.0000 14.0972 7.1375
6500.0000 14.0923 7.1222
6505.0000 14.1048 7.1387
6510.0000 14.1104 7.1421
6515.0000 14.1087 7.1332
6520.0000 14.1152 7.1373
6525.0000 14.1242 7.1479
6530.0000 14.1217 7.1391
6535.0000 14.1177 7.1306
6540.0000 14.1200 7.1302
6545.0000 14.1220 7.1299
6550.0000 14.1245 7.1295
6555.0000 14.1254 7.1293
6560.0000 14.1273 7.1290
6565.0000 14.1288 7.1287
6570.0000 14.1306 7.1284
6575.0000 14.1317 7.1282
6580.0000 14.1337 7.1279
6585.0000 14.1365 7.1274
6590.0000 14.1390 7.1270
6595.0000 14.1421 7.1265
6600.0000 14.1463 7.1258
6605.0000 14.1443 7.1142
6610.0000 14.1423 7.1027
6615.0000 14.1442 7.0956
6620.0000 14.1584 7.1139
6625.0000 14.1519 7.0910
6630.0000 14.1463 7.0721
6635.0000 14.1433 7.0553
6640.0000 14.1584 7.0635
6645.0000 14.1513 7.0425
6650.0000 14.1705 7.0617
6655.0000 14.1729 7.0503
6660.0000 14.1720 7.0319
6665.0000 14.1684 7.0113
6670.0000 14.1761 7.0127
6675.0000 14.1858 7.0133
6680.0000 14.1973 7.0189
6685.0000 14.2226 7.0463
6690.0000 14.2250 7.0319
6695.0000 14.2375 7.0355
6700.0000 14.2460 7.0384
6705.0000 14.2644 7.0511
6710.0000 14.2943 7.0867
6715.0000 14.2938 7.0725
6720.0000 14.2999 7.0717
6725.0000 14.3037 7.0685
6730.0000 14.3009 7.0550
6735.0000 14.3129 7.0671
6740.0000 14.3183 7.0695
6745.0000 14.3279 7.0766
6750.0000 14.3313 7.0736
6755.0000 14.3438 7.0864
6760.0000 14.3336 7.0637
6765.0000 14.3444 7.0776
6770.0000 14.3414 7.0711
6775.0000 14.3472 7.0772
6780.0000 14.3480 7.0768
6785.0000 14.3575 7.0911
6790.0000 14.3616 7.0946
6795.0000 14.3624 7.0953
6800.0000 14.3619 7.0930
6805.0000 14.3688 7.1029
6810.0000 14.3614 7.0894
6815.0000 14.3575 7.0786
6820.0000 14.3605 7.0805
6825.0000 14.3582 7.0756
6830.0000 14.3497 7.0578
6835.0000 14.3621 7.0765
6840.0000 14.3649 7.0765
6845.0000 14.3752 7.0890
6850.0000 14.3808 7.0922
6855.0000 14.3706 7.0710
6860.0000 14.3767 7.0770
6865.0000 14.3808 7.0797
6870.0000 14.3854 7.0822
6875.0000 14.3958 7.0939
6880.0000 14.4109 7.1129
6885.0000 14.4148 7.1122
6890.0000 14.4261 7.1207
6895.0000 14.4292 7.1202
6900.0000 14.4283 7.1125
6905.0000 14.4289 7.1088
6910.0000 14.4321 7.1079
6915.0000 14.4376 7.1119
6920.0000 14.4396 7.1116
6925.0000 14.4407 7.1114
6930.0000 14.4424 7.1111
6935.0000 14.4452 7.1106
6940.0000 14.4484 7.1134
6945.0000 14.4508 7.1122
6950.0000 14.4588 7.1220
6955.0000 14.4570 7.1153
6960.0000 14.4571 7.1145
6965.0000 14.4643 7.1244
6970.0000 14.4614 7.1176
6975.0000 14.4555 7.1060
6980.0000 14.4539 7.1018
6985.0000 14.4552 7.1024
6990.0000 14.4598 7.1084
6995.0000 14.4451 7.0812
7000.0000 14.4518 7.0914
7005.0000 14.4524 7.0913
7010.0000 14.4590 7.1013
7015.0000 14.4598 7.1012
7020.0000 14.4605 7.1011
7025.0000 14.4606 7.1011
7030.0000 14.4569 7.0943
7035.0000 14.4581 7.0963
7040.0000 14.4583 7.0963
7045.0000 14.4588 7.0962
7050.0000 14.4595 7.0961
7055.0000 14.4604 7.0959
7060.0000 14.4607 7.0959
7065.0000 14.4616 7.0957
7070.0000 14.4636 7.0954
7075.0000 14.4650 7.0952
7080.0000 14.4670 7.0948
7085.0000 14.4679 7.0947
7090.0000 14.4694 7.0944
7095.0000 14.4648 7.0831
7100.0000 14.4535 7.0608
7105.0000 14.4637 7.0740
7110.0000 14.4656 7.0736
7115.0000 14.4708 7.0792
7120.0000 14.4669 7.0697
7125.0000 14.4623 7.0565
7130.0000 14.4702 7.0670
7135.0000 14.4678 7.0571
7140.0000 14.4982 7.1046
7145.0000 14.5008 7.1042
7150.0000 14.5017 7.1013
7155.0000 14.5002 7.0959
7160.0000 14.5025 7.0955
7165.0000 14.5002 7.0885
7170.0000 14.4944 7.0764
7175.0000 14.4987 7.0816
7180.0000 14.4974 7.0778
7185.0000 14.5019 7.0835
7190.0000 14.5025 7.0834
7195.0000 14.5032 7.0833
7200.0000 14.5040 7.0831
7205.0000 14.5044 7.0830
7210.0000 14.5053 7.0829
7215.0000 14.5058 7.0828
7220.0000 14.5061 7.0828
7225.0000 14.5066 7.0827
7230.0000 14.5068 7.0826
7235.0000 14.5068 7.0826
7240.0000 14.5068 7.0826
7245.0000 14.5068 7.0826
7250.0000 14.5070 7.0826
7255.0000 14.5073 7.0825
7260.0000 14.5075 7.0825
7265.0000 14.5075 7.0825
7270.0000 14.5077 7.0825
7275.0000 14.5079 7.0825
7280.0000 14.5079 7.0825
7285.0000 14.5082 7.0824
7290.0000 14.5083 7.0824
7295.0000 14.5083 7.0824
7300.0000 14.5086 7.0823
7305.0000 14.5088 7.0823
7310.0000 14.5090 7.0823
7315.0000 14.5097 7.0822
7320.0000 14.5104 7.0820
7325.0000 14.5106 7.0820
7330.0000 14.5117 7.0818
7335.0000 14.5165 7.0893
7340.0000 14.5174 7.0892
7345.0000 14.5190 7.0889
7350.0000 14.5204 7.0887
7355.0000 14.5134 7.0716
7360.0000 14.5168 7.0726
7365.0000 14.5181 7.0653
7370.0000 14.5048 7.0354
7375.0000 14.4960 7.0144
7380.0000 14.4933 7.0049
7385.0000 14.4845 6.9869
7390.0000 14.4920 6.9955
7395.0000 14.4937 6.9921
7400.0000 14.4916 6.9814
7405.0000 14.4921 6.9785
7410.0000 14.4938 6.9754
7415.0000 14.5017 6.9824
7420.0000 14.5047 6.9819
7425.0000 14.5070 6.9815
7430.0000 14.5086 6.9812
7435.0000 14.5084 6.9785
7440.0000 14.5084 6.9785
7445.0000 14.5058 6.9721
7450.0000 14.5021 6.9619
7455.0000 14.4984 6.9529
7460.0000 14.5028 6.9578
7465.0000 14.5051 6.9574
7470.0000 14.5060 6.9573
7475.0000 14.5065 6.9572
7480.0000 14.5067 6.9572
7485.0000 14.5069 6.9571
7490.0000 14.5069 6.9571
7495.0000 14.5074 6.9571
7500.0000 14.5074 6.9571
7505.0000 14.5078 6.9570
7510.0000 14.5082 6.9569
7515.0000 14.5087 6.9568
7520.0000 14.5089 6.9568
7525.0000 14.5089 6.9568
7530.0000 14.5089 6.9568
7535.0000 14.5089 6.9568
7540.0000 14.5089 6.9568
7545.0000 14.5089 6.9568
7550.0000 14.5089 6.9568
7555.0000 14.5089 6.9568
7560.0000 14.5089 6.9568
7565.0000 14.5089 6.9568
7570.0000 14.5089 6.9568
7575.0000 14.5089 6.9568
7580.0000 14.5089 6.9568
7585.0000 14.5089 6.9568
7590.0000 14.5089 6.9568
7595.0000 14.5089 6.9568
7600.0000 14.5089 6.9568
7605.0000 14.5089 6.9568
7610.0000 14.5089 6.9568
7615.0000 14.5089 6.9568
7620.0000 14.5089 6.9568
7625.0000 14.5089 6.9568
7630.0000 14.5089 6.9568
7635.0000 14.5089 6.9568
7640.0000 14.5089 6.9568
7645.0000 14.5052 6.9506
7650.0000 14.5052 6.9506
7655.0000 14.5052 6.9506
7660.0000 14.5052 6.9506
7665.0000 14.5052 6.9506
7670.0000 14.5052 6.9506
7675.0000 14.5052 6.9506
7680.0000 14.5015 6.9445
7685.0000 14.5015 6.9445
7690.0000 14.5015 6.9445
7695.0000 14.5015 6.9445
7700.0000 14.5015 6.9445
7705.0000 14.5015 6.9445
7710.0000 14.5015 6.9445
7715.0000 14.5015 6.9445
7720.0000 14.5015 6.9445
7725.0000 14.5015 6.9445
7730.0000 14.5015 6.9445
7735.0000 14.5015 6.9445
7740.0000 14.5015 6.9445
7745.0000 14.5015 6.9445
7750.0000 14.5018 6.9444
7755.0000 14.5018 6.9444
7760.0000 14.5018 6.9444
7765.0000 14.5018 6.9444
7770.0000 14.5018 6.9444
7775.0000 14.5018 6.9444
7780.0000 14.5018 6.9444
7785.0000 14.5020 6.9444
7790.0000 14.5022 6.9444
7795.0000 14.5031 6.9442
7800.0000 14.5033 6.9442
7805.0000 14.5124 6.9584
7810.0000 14.5177 6.9654
7815.0000 14.5313 6.9868
7820.0000 14.5244 6.9726
7825.0000 14.5246 6.9726
7830.0000 14.5178 6.9583
7835.0000 14.5361 6.9863
7840.0000 14.5518 7.0060
7845.0000 14.5730 7.0325
7850.0000 14.5775 7.0318
7855.0000 14.5745 7.0168
7860.0000 14.5778 7.0137
7865.0000 14.5869 7.0190
7870.0000 14.5844 7.0042
7875.0000 14.5906 7.0025
7880.0000 14.5967 7.0025
7885.0000 14.6186 7.0271
7890.0000 14.6258 7.0241
7895.0000 14.6119 6.9892
7900.0000 14.6045 6.9600
7905.0000 14.6200 6.9642
7910.0000 14.6198 6.9479
7915.0000 14.6258 6.9406
7920.0000 14.6355 6.9360
7925.0000 14.6434 6.9316
7930.0000 14.6656 6.9483
7935.0000 14.6892 6.9629
7940.0000 14.6953 6.9585
7945.0000 14.6854 6.9232
7950.0000 14.7047 6.9421
7955.0000 14.7164 6.9449
7960.0000 14.7295 6.9538
7965.0000 14.7311 6.9468
7970.0000 14.7320 6.9405
7975.0000 14.7446 6.9530
7980.0000 14.7444 6.9429
7985.0000 14.7501 6.9444
7990.0000 14.7430 6.9270
7995.0000 14.7517 6.9369
8000.0000 14.7542 6.9368
8005.0000 14.7674 6.9549
8010.0000 14.7697 6.9546
8015.0000 14.7693 6.9480
8020.0000 14.7659 6.9408
8025.0000 14.7553 6.9188
8030.0000 14.7711 6.9377
8035.0000 14.7873 6.9597
8040.0000 14.7921 6.9589
8045.0000 14.7959 6.9574
8050.0000 14.7981 6.9570
8055.0000 14.7938 6.9426
8060.0000 14.7927 6.9356
8065.0000 14.7837 6.9166
8070.0000 14.7879 6.9173
8075.0000 14.7899 6.9121
8080.0000 14.7823 6.8934
8085.0000 14.7748 6.8749
8090.0000 14.7737 6.8665
8095.0000 14.7755 6.8654
8100.0000 14.7809 6.8673
8105.0000 14.7903 6.8766
8110.0000 14.7890 6.8704
8115.0000 14.7936 6.8709
8120.0000 14.7995 6.8736
8125.0000 14.8029 6.8730
8130.0000 14.8076 6.8758
8135.0000 14.8028 6.8656
8140.0000 14.7976 6.8555
8145.0000 14.7992 6.8552
8150.0000 14.8001 6.8551
8155.0000 14.8006 6.8550
8160.0000 14.8015 6.8549
8165.0000 14.8015 6.8549
8170.0000 14.8028 6.8546
8175.0000 14.8040 6.8544
8180.0000 14.8051 6.8543
8185.0000 14.8053 6.8542
8190.0000 14.8122 6.8640
8195.0000 14.8122 6.8640
8200.0000 14.8122 6.8640
8205.0000 14.8125 6.8640
8210.0000 14.8128 6.8639
8215.0000 14.8134 6.8638
8220.0000 14.8139 6.8638
8225.0000 14.8142 6.8637
8230.0000 14.8148 6.8636
8235.0000 14.8148 6.8636
8240.0000 14.8157 6.8635
8245.0000 14.8163 6.8634
8250.0000 14.8165 6.8633
8255.0000 14.8165 6.8633
8260.0000 14.8168 6.8633
8265.0000 14.8171 6.8632
8270.0000 14.8177 6.8631
8275.0000 14.8180 6.8631
8280.0000 14.8186 6.8630
8285.0000 14.8254 6.8726
8290.0000 14.8262 6.8725
8295.0000 14.8277 6.8722
8300.0000 14.8298 6.8719
8305.0000 14.8330 6.8714
8310.0000 14.8413 6.8809
8315.0000 14.8551 6.9002
8320.0000 14.8684 6.9198
8325.0000 14.8771 6.9292
8330.0000 14.8853 6.9388
8335.0000 14.8890 6.9382
8340.0000 14.8927 6.9375
8345.0000 14.9017 6.9469
8350.0000 14.9223 6.9758
8355.0000 14.9271 6.9750
8360.0000 14.9359 6.9820
8365.0000 14.9535 6.9982
8370.0000 14.9699 7.0170
8375.0000 14.9665 7.0007
8380.0000 14.9840 7.0211
8385.0000 14.9908 7.0233
8390.0000 14.9927 7.0191
8395.0000 15.0050 7.0322
8400.0000 15.0011 7.0183
8405.0000 15.0049 7.0177
8410.0000 15.0081 7.0178
8415.0000 15.0198 7.0286
8420.0000 15.0255 7.0276
8425.0000 15.0356 7.0351
8430.0000 15.0330 7.0234
8435.0000 15.0320 7.0152
8440.0000 15.0346 7.0123
8445.0000 15.0410 7.0156
8450.0000 15.0286 6.9880
8455.0000 15.0193 6.9646
8460.0000 15.0017 6.9296
8465.0000 14.9937 6.9085
8470.0000 14.9958 6.9058
8475.0000 14.9794 6.8760
8480.0000 14.9600 6.8396
8485.0000 14.9573 6.8337
8490.0000 14.9553 6.8294
8495.0000 14.9577 6.8310
8500.0000 14.9500 6.8156
8505.0000 14.9470 6.8078
8510.0000 14.9455 6.8035
8515.0000 14.9462 6.8034
8520.0000 14.9466 6.8033
8525.0000 14.9471 6.8033
8530.0000 14.9473 6.8032
8535.0000 14.9481 6.8031
8540.0000 14.9529 6.8107
8545.0000 14.9529 6.8107
8550.0000 14.9539 6.8106
8555.0000 14.9549 6.8104
8560.0000 14.9551 6.8104
8565.0000 14.9554 6.8103
8570.0000 14.9556 6.8103
8575.0000 14.9559 6.8102
8580.0000 14.9561 6.8102
8585.0000 14.9561 6.8102
8590.0000 14.9561 6.8102
8595.0000 14.9563 6.8102
8600.0000 14.9566 6.8101
8605.0000 14.9568 6.8101
8610.0000 14.9571 6.8100
8615.0000 14.9574 6.8100
8620.0000 14.9574 6.8100
8625.0000 14.9576 6.8099
8630.0000 14.9576 6.8099
8635.0000 14.9576 6.8099
8640.0000 14.9576 6.8099
8645.0000 14.9576 6.8099
8650.0000 14.9576 6.8099
8655.0000 14.9576 6.8099
8660.0000 14.9576 6.8099
8665.0000 14.9576 6.8099
8670.0000 14.9578 6.8099
8675.0000 14.9578 6.8099
8680.0000 14.9582 6.8098
8685.0000 14.9582 6.8098
8690.0000 14.9582 6.8098
8695.0000 14.9584 6.8098
8700.0000 14.9590 6.8097
8705.0000 14.9590 6.8097
8710.0000 14.9590 6.8097
8715.0000 14.9590 6.8097
8720.0000 14.9591 6.8097
8725.0000 14.9591 6.8097
8730.0000 14.9591 6.8097
8735.0000 14.9595 6.8096
8740.0000 14.9599 6.8096
8745.0000 14.9605 6.8095
8750.0000 14.9609 6.8094
8755.0000 14.9618 6.8092
8760.0000 14.9620 6.8092
8765.0000 14.9627 6.8091
8770.0000 14.9675 6.8153
8775.0000 14.9681 6.8152
8780.0000 14.9730 6.8214
8785.0000 14.9777 6.8276
8790.0000 14.9840 6.8334
8795.0000 14.9978 6.8520
8800.0000 15.0136 6.8702
8805.0000 15.0327 6.8947
8810.0000 15.0467 6.9131
8815.0000 15.0636 6.9380
8820.0000 15.0733 6.9502
8825.0000 15.0748 6.9499
8830.0000 15.0799 6.9560
8835.0000 15.0853 6.9620
8840.0000 15.0873 6.9616
8845.0000 15.0973 6.9737
8850.0000 15.0847 6.9462
8855.0000 15.0937 6.9549
8860.0000 15.0980 6.9529
8865.0000 15.1024 6.9528
8870.0000 15.1041 6.9463
8875.0000 15.0990 6.9266
8880.0000 15.1051 6.9265
8885.0000 15.0930 6.8944
8890.0000 15.1063 6.9085
8895.0000 15.0955 6.8831
8900.0000 15.0824 6.8533
8905.0000 15.0831 6.8454
8910.0000 15.0924 6.8449
8915.0000 15.0943 6.8351
8920.0000 15.1096 6.8457
8925.0000 15.1156 6.8425
8930.0000 15.1121 6.8238
8935.0000 15.1082 6.8055
8940.0000 15.1154 6.8048
8945.0000 15.1384 6.8293
8950.0000 15.1537 6.8458
8955.0000 15.1363 6.8052
8960.0000 15.1252 6.7749
8965.0000 15.1315 6.7764
8970.0000 15.1588 6.8152
8975.0000 15.1567 6.8031
8980.0000 15.1717 6.8180
8985.0000 15.2062 6.8638
8990.0000 15.2300 6.8903
8995.0000 15.2310 6.8823
9000.0000 15.2412 6.8910
9005.0000 15.2579 6.9089
9010.0000 15.2682 6.9176
9015.0000 15.2797 6.9261
9020.0000 15.2864 6.9250
9025.0000 15.3075 6.9520
9030.0000 15.3237 6.9691
9035.0000 15.3392 6.9867
9040.0000 15.3502 6.9953
9045.0000 15.3555 6.9944
9050.0000 15.3614 6.9956
9055.0000 15.3721 7.0040
9060.0000 15.3717 6.9963
9065.0000 15.3840 7.0075
9070.0000 15.3873 7.0069
9075.0000 15.4016 7.0253
9080.0000 15.4054 7.0247
9085.0000 15.4158 7.0362
9090.0000 15.4301 7.0544
9095.0000 15.4324 7.0540
9100.0000 15.4352 7.0535
9105.0000 15.4365 7.0533
9110.0000 15.4374 7.0532
9115.0000 15.4385 7.0530
9120.0000 15.4371 7.0457
9125.0000 15.4404 7.0451
9130.0000 15.4482 7.0549
9135.0000 15.4512 7.0544
9140.0000 15.4500 7.0472
9145.0000 15.4421 7.0258
9150.0000 15.4276 6.9931
9155.0000 15.4175 6.9685
9160.0000 15.4330 6.9846
9165.0000 15.4142 6.9425
9170.0000 15.4197 6.9415
9175.0000 15.4317 6.9470
9180.0000 15.4368 6.9426
9185.0000 15.4795 7.0019
9190.0000 15.4787 6.9838
9195.0000 15.4770 6.9656
9200.0000 15.4851 6.9645
9205.0000 15.4989 6.9732
9210.0000 15.4951 6.9505
9215.0000 15.4961 6.9348
9220.0000 15.4885 6.9073
9225.0000 15.5216 6.9457
9230.0000 15.5238 6.9340
9235.0000 15.5170 6.9024
9240.0000 15.5405 6.9252
9245.0000 15.5398 6.9093
9250.0000 15.5423 6.8974
9255.0000 15.5617 6.9099
9260.0000 15.5578 6.8871
9265.0000 15.5779 6.9097
9270.0000 15.5856 6.9102
9275.0000 15.5763 6.8808
9280.0000 15.5940 6.8892
9285.0000 15.6116 6.8958
9290.0000 15.6078 6.8743
9295.0000 15.6219 6.8803
9300.0000 15.6396 6.8967
9305.0000 15.6395 6.8854
9310.0000 15.6520 6.8941
9315.0000 15.6667 6.9024
9320.0000 15.6732 6.9014
9325.0000 15.6868 6.9099
9330.0000 15.6936 6.9087
9335.0000 15.7095 6.9278
9340.0000 15.7145 6.9270
9345.0000 15.7136 6.9167
9350.0000 15.7297 6.9358
9355.0000 15.7410 6.9447
9360.0000 15.7516 6.9540
9365.0000 15.7517 6.9438
9370.0000 15.7507 6.9339
9375.0000 15.7543 6.9333
9380.0000 15.7521 6.9236
9385.0000 15.7503 6.9129
9390.0000 15.7548 6.9121
9395.0000 15.7330 6.8646
9400.0000 15.7334 6.8544
9405.0000 15.7320 6.8433
9410.0000 15.7508 6.8628
9415.0000 15.7569 6.8618
9420.0000 15.7622 6.8609
9425.0000 15.7710 6.8699
9430.0000 15.7767 6.8689
9435.0000 15.7734 6.8585
9440.0000 15.7701 6.8486
9445.0000 15.7678 6.8389
9450.0000 15.7871 6.8681
9455.0000 15.7893 6.8678
9460.0000 15.7911 6.8675
9465.0000 15.7917 6.8674
9470.0000 15.7929 6.8672
9475.0000 15.7877 6.8570
9480.0000 15.7883 6.8569
9485.0000 15.7892 6.8568
9490.0000 15.7898 6.8567
9495.0000 15.7907 6.8565
9500.0000 15.7915 6.8564
9505.0000 15.7923 6.8562
9510.0000 15.7927 6.8562
9515.0000 15.7929 6.8562
9520.0000 15.7931 6.8561
9525.0000 15.7942 6.8559
9530.0000 15.7947 6.8559
9535.0000 15.7942 6.8539
9540.0000 15.7871 6.8399
9545.0000 15.7880 6.8391
9550.0000 15.7938 6.8466
9555.0000 15.7804 6.8215
9560.0000 15.7851 6.8271
9565.0000 15.7836 6.8216
9570.0000 15.7943 6.8360
9575.0000 15.7957 6.8358
9580.0000 15.7980 6.8354
9585.0000 15.8004 6.8324
9590.0000 15.8078 6.8379
9595.0000 15.8157 6.8430
9600.0000 15.8315 6.8592
9605.0000 15.8304 6.8484
9610.0000 15.8372 6.8557
9615.0000 15.8411 6.8551
9620.0000 15.8425 6.8523
9625.0000 15.8322 6.8320
9630.0000 15.8375 6.8369
9635.0000 15.8387 6.8350
9640.0000 15.8454 6.8423
9645.0000 15.8406 6.8327
9650.0000 15.8466 6.8401
9655.0000 15.8542 6.8492
9660.0000 15.8561 6.8489
9665.0000 15.8668 6.8640
9670.0000 15.8679 6.8638
9675.0000 15.8693 6.8635
9680.0000 15.8751 6.8710
9685.0000 15.8765 6.8708
9690.0000 15.8770 6.8707
9695.0000 15.8719 6.8606
9700.0000 15.8719 6.8606
9705.0000 15.8719 6.8606
9710.0000 15.8726 6.8605
9715.0000 15.8726 6.8605
9720.0000 15.8711 6.8581
9725.0000 15.8714 6.8581
9730.0000 15.8714 6.8581
9735.0000 15.8653 6.8481
9740.0000 15.8653 6.8481
9745.0000 15.8655 6.8481
9750.0000 15.8660 6.8480
9755.0000 15.8604 6.8380
9760.0000 15.8609 6.8379
9765.0000 15.8616 6.8378
9770.0000 15.8629 6.8376
9775.0000 15.8639 6.8374
9780.0000 15.8642 6.8374
9785.0000 15.8649 6.8372
9790.0000 15.8651 6.8372
9795.0000 15.8653 6.8372
9800.0000 15.8646 6.8347
9805.0000 15.8646 6.8347
9810.0000 15.8655 6.8345
9815.0000 15.8667 6.8343
9820.0000 15.8556 6.8148
9825.0000 15.8556 6.8129
9830.0000 15.8479 6.7994
9835.0000 15.8430 6.7892
9840.0000 15.8453 6.7889
9845.0000 15.8474 6.7885
9850.0000 15.8543 6.7957
9855.0000 15.8564 6.7954
9860.0000 15.8524 6.7851
9865.0000 15.8533 6.7803
9870.0000 15.8560 6.7793
9875.0000 15.8514 6.7665
9880.0000 15.8559 6.7688
9885.0000 15.8575 6.7639
9890.0000 15.8637 6.7662
9895.0000 15.8744 6.7805
9900.0000 15.8816 6.7850
9905.0000 15.8841 6.7846
9910.0000 15.8803 6.7743
9915.0000 15.8753 6.7642
9920.0000 15.8901 6.7867
9925.0000 15.8859 6.7765
9930.0000 15.8884 6.7761
9935.0000 15.8909 6.7757
9940.0000 15.8879 6.7652
9945.0000 15.8827 6.7535
9950.0000 15.8759 6.7390
9955.0000 15.8639 6.7141
9960.0000 15.9003 6.7676
9965.0000 15.9025 6.7613
9970.0000 15.9273 6.7878
9975.0000 15.9397 6.7969
9980.0000 15.9460 6.7957
9985.0000 15.9631 6.8095
9990.0000 15.9649 6.7979
9995.0000 15.9687 6.7949
10000.0000 15.9723 6.7888
10005.0000 15.9823 6.7928
10010.0000 15.9870 6.7920
10015.0000 15.9977 6.7985
10020.0000 16.0066 6.8026
10025.0000 16.0083 6.7969
10030.0000 16.0117 6.7935
10035.0000 16.0206 6.7994
10040.0000 16.0076 6.7694
10045.0000 16.0361 6.8054
10050.0000 16.0384 6.7995
10055.0000 16.0599 6.8270
10060.0000 16.0608 6.8206
10065.0000 16.0816 6.8440
10070.0000 16.0829 6.8373
10075.0000 16.0679 6.8037
10080.0000 16.0806 6.8145
10085.0000 16.0907 6.8218
10090.0000 16.0980 6.8194
10095.0000 16.0981 6.8025
10100.0000 16.0807 6.7556
10105.0000 16.0889 6.7543
10110.0000 16.0782 6.7252
10115.0000 16.0897 6.7311
10120.0000 16.0809 6.7032
10125.0000 16.0723 6.6766
10130.0000 16.0974 6.7032
10135.0000 16.0771 6.6557
10140.0000 16.0750 6.6428
10145.0000 16.0774 6.6293
10150.0000 16.0901 6.6335
10155.0000 16.1059 6.6460
10160.0000 16.1243 6.6633
10165.0000 16.1152 6.6373
10170.0000 16.1041 6.6061
10175.0000 16.1042 6.5942
10180.0000 16.1120 6.5969
10185.0000 16.1116 6.5890
10190.0000 16.1177 6.5942
10195.0000 16.1336 6.6099
10200.0000 16.1366 6.6094
10205.0000 16.1414 6.6086
10210.0000 16.1433 6.5987
10215.0000 16.1534 6.6079
10220.0000 16.1759 6.6367
10225.0000 16.1999 6.6664
10230.0000 16.2179 6.6827
10235.0000 16.2171 6.6732
10240.0000 16.2094 6.6528
10245.0000 16.2210 6.6606
10250.0000 16.2327 6.6694
10255.0000 16.2513 6.6880
10260.0000 16.2407 6.6617
10265.0000 16.2509 6.6708
10270.0000 16.2716 6.6955
10275.0000 16.2947 6.7241
10280.0000 16.3025 6.7297
10285.0000 16.3048 6.7293
10290.0000 16.3046 6.7254
10295.0000 16.3058 6.7177
10300.0000 16.3214 6.7328
10305.0000 16.3388 6.7541
10310.0000 16.3265 6.7314
10315.0000 16.3496 6.7630
10320.0000 16.3545 6.7614
10325.0000 16.3753 6.7876
10330.0000 16.3621 6.7598
10335.0000 16.3637 6.7572
10340.0000 16.3503 6.7263
10345.0000 16.3296 6.6824
10350.0000 16.3374 6.6848
10355.0000 16.3289 6.6605
10360.0000 16.3335 6.6553
10365.0000 16.3414 6.6549
10370.0000 16.3731 6.6824
10375.0000 16.3612 6.6524
10380.0000 16.3899 6.6898
10385.0000 16.3911 6.6788
10390.0000 16.3873 6.6579
10395.0000 16.4017 6.6663
10400.0000 16.4043 6.6584
10405.0000 16.4072 6.6500
10410.0000 16.4275 6.6684
10415.0000 16.4424 6.6768
10420.0000 16.4437 6.6642
10425.0000 16.4424 6.6471
10430.0000 16.4555 6.6558
10435.0000 16.4528 6.6377
10440.0000 16.4611 6.6363
10445.0000 16.4689 6.6319
10450.0000 16.4680 6.6191
10455.0000 16.4877 6.6375
10460.0000 16.4911 6.6348
10465.0000 16.4972 6.6338
10470.0000 16.5013 6.6300
10475.0000 16.5086 6.6316
10480.0000 16.5279 6.6501
10485.0000 16.5483 6.6675
10490.0000 16.5510 6.6594
10495.0000 16.5448 6.6336
10500.0000 16.5554 6.6368
10505.0000 16.5669 6.6416
10510.0000 16.5900 6.6675
10515.0000 16.6003 6.6739
10520.0000 16.5988 6.6605
10525.0000 16.6150 6.6752
10530.0000 16.6153 6.6654
10535.0000 16.6066 6.6436
10540.0000 16.6267 6.6669
10545.0000 16.6209 6.6505
10550.0000 16.6379 6.6694
10555.0000 16.6536 6.6880
10560.0000 16.6495 6.6744
10565.0000 16.6562 6.6769
10570.0000 16.6563 6.6716
10575.0000 16.6489 6.6506
10580.0000 16.6613 6.6641
10585.0000 16.6575 6.6507
10590.0000 16.6643 6.6549
10595.0000 16.6787 6.6720
10600.0000 16.7009 6.6990
10605.0000 16.7115 6.7080
10610.0000 16.7213 6.7146
10615.0000 16.7256 6.7139
10620.0000 16.7319 6.7129
10625.0000 16.7474 6.7305
10630.0000 16.7458 6.7198
10635.0000 16.7510 6.7163
10640.0000 16.7590 6.7203
10645.0000 16.7686 6.7256
10650.0000 16.7756 6.7284
10655.0000 16.7786 6.7279
10660.0000 16.7820 6.7274
10665.0000 16.7868 6.7266
10670.0000 16.7768 6.7038
10675.0000 16.7859 6.7121
10680.0000 16.7930 6.7182
10685.0000 16.7995 6.7245
10690.0000 16.8016 6.7242
10695.0000 16.8039 6.7238
10700.0000 16.8055 6.7236
10705.0000 16.8048 6.7209
10710.0000 16.8050 6.7209
10715.0000 16.8058 6.7207
10720.0000 16.8062 6.7206
10725.0000 16.8066 6.7206
10730.0000 16.8073 6.7205
10735.0000 16.8079 6.7204
10740.0000 16.8124 6.7270
10745.0000 16.8041 6.7115
10750.0000 16.8047 6.7114
10755.0000 16.8093 6.7179
10760.0000 16.8095 6.7179
10765.0000 16.8097 6.7178
10770.0000 16.8097 6.7178
10775.0000 16.8106 6.7177
10780.0000 16.8108 6.7177
10785.0000 16.8114 6.7176
10790.0000 16.8114 6.7176
10795.0000 16.8114 6.7176
10800.0000 16.8114 6.7176
10805.0000 16.8114 6.7176
10810.0000 16.8116 6.7175
10815.0000 16.8120 6.7174
10820.0000 16.8124 6.7174
10825.0000 16.8131 6.7173
10830.0000 16.8143 6.7171
10835.0000 16.8149 6.7170
10840.0000 16.8171 6.7166
10845.0000 16.8177 6.7165
10850.0000 16.8186 6.7164
10855.0000 16.8198 6.7162
10860.0000 16.8214 6.7159
10865.0000 16.8220 6.7158
10870.0000 16.8183 6.7057
10875.0000 16.8116 6.6900
10880.0000 16.8210 6.6991
10885.0000 16.8142 6.6827
10890.0000 16.8069 6.6639
10895.0000 16.7949 6.6370
10900.0000 16.7940 6.6252
10905.0000 16.8068 6.6349
10910.0000 16.8231 6.6524
10915.0000 16.8138 6.6262
10920.0000 16.8265 6.6335
10925.0000 16.8453 6.6566
10930.0000 16.8538 6.6599
10935.0000 16.8580 6.6564
10940.0000 16.8456 6.6261
10945.0000 16.8489 6.6209
10950.0000 16.8601 6.6346
10955.0000 16.8521 6.6151
10960.0000 16.8430 6.5950
10965.0000 16.8360 6.5778
10970.0000 16.8367 6.5678
10975.0000 16.8455 6.5755
10980.0000 16.8494 6.5749
10985.0000 16.8512 6.5670
10990.0000 16.8420 6.5445
10995.0000 16.8541 6.5566
11000.0000 16.8528 6.5460
11005.0000 16.8650 6.5548
11010.0000 16.8865 6.5805
11015.0000 16.8920 6.5796
11020.0000 16.8980 6.5786
11025.0000 16.9020 6.5780
11030.0000 16.9050 6.5775
11035.0000 16.9059 6.5773
11040.0000 16.9077 6.5770
11045.0000 16.9041 6.5701
11050.0000 16.9101 6.5767
11055.0000 16.9129 6.5762
11060.0000 16.9132 6.5762
11065.0000 16.9141 6.5760
11070.0000 16.9042 6.5568
11075.0000 16.8750 6.5078
11080.0000 16.8901 6.5269
11085.0000 16.9234 6.5752
11090.0000 16.9351 6.5840
11095.0000 16.9473 6.5959
11100.0000 16.9579 6.6049
11105.0000 16.9698 6.6106
11110.0000 16.9681 6.5941
11115.0000 16.9730 6.5941
11120.0000 16.9670 6.5751
11125.0000 16.9747 6.5738
11130.0000 16.9794 6.5731
11135.0000 16.9862 6.5719
11140.0000 16.9978 6.5808
11145.0000 16.9982 6.5700
11150.0000 17.0048 6.5691
11155.0000 17.0071 6.5606
11160.0000 17.0181 6.5668
11165.0000 17.0248 6.5658
11170.0000 17.0285 6.5563
11175.0000 17.0376 6.5543
11180.0000 17.0443 6.5514
11185.0000 17.0503 6.5473
11190.0000 17.0544 6.5431
11195.0000 17.0664 6.5553
11200.0000 17.0746 6.5563
11205.0000 17.0698 6.5384
11210.0000 17.0904 6.5563
11215.0000 17.0772 6.5192
11220.0000 17.0819 6.5172
11225.0000 17.0990 6.5316
11230.0000 17.1173 6.5488
11235.0000 17.1227 6.5479
11240.0000 17.1242 6.5410
11245.0000 17.1373 6.5529
11250.0000 17.1497 6.5644
11255.0000 17.1541 6.5659
11260.0000 17.1520 6.5561
11265.0000 17.1527 6.5506
11270.0000 17.1539 6.5442
11275.0000 17.1569 6.5437
11280.0000 17.1457 6.5186
11285.0000 17.1492 6.5180
11290.0000 17.1574 6.5274
11295.0000 17.1658 6.5368
11300.0000 17.1676 6.5365
11305.0000 17.1635 6.5264
11310.0000 17.1640 6.5252
11315.0000 17.1767 6.5434
11320.0000 17.1781 6.5431
11325.0000 17.1792 6.5429
11330.0000 17.1813 6.5426
11335.0000 17.1880 6.5511
11340.0000 17.1887 6.5510
11345.0000 17.1899 6.5508
11350.0000 17.1907 6.5507
11355.0000 17.1919 6.5505
11360.0000 17.1927 6.5491
11365.0000 17.1999 6.5585
11370.0000 17.2067 6.5685
11375.0000 17.1955 6.5471
11380.0000 17.2053 6.5592
11385.0000 17.2109 6.5644
11390.0000 17.2198 6.5740
11395.0000 17.2321 6.5888
11400.0000 17.2322 6.5855
11405.0000 17.2305 6.5806
11410.0000 17.2279 6.5724
11415.0000 17.2269 6.5675
11420.0000 17.2309 6.5719
11425.0000 17.2450 6.5906
11430.0000 17.2430 6.5808
11435.0000 17.2501 6.5852
11440.0000 17.2607 6.5943
11445.0000 17.2819 6.6177
11450.0000 17.2947 6.6265
11455.0000 17.2996 6.6258
11460.0000 17.3053 6.6242
11465.0000 17.2846 6.5791
11470.0000 17.2919 6.5779
11475.0000 17.3064 6.5896
11480.0000 17.3194 6.5984
11485.0000 17.3209 6.5928
11490.0000 17.3055 6.5562
11495.0000 17.3068 6.5497
11500.0000 17.3146 6.5560
11505.0000 17.3007 6.5266
11510.0000 17.3011 6.5229
11515.0000 17.2838 6.4914
11520.0000 17.2850 6.4911
11525.0000 17.2922 6.5009
11530.0000 17.2932 6.5006
11535.0000 17.2989 6.5069
11540.0000 17.3008 6.5066
11545.0000 17.2980 6.4995
11550.0000 17.3001 6.4992
11555.0000 17.2929 6.4846
11560.0000 17.2932 6.4846
11565.0000 17.2938 6.4845
11570.0000 17.2944 6.4844
11575.0000 17.2953 6.4842
11580.0000 17.2970 6.4840
11585.0000 17.2985 6.4837
11590.0000 17.3006 6.4834
11595.0000 17.3038 6.4829
11600.0000 17.3067 6.4824
11605.0000 17.3096 6.4819
11610.0000 17.3120 6.4815
11615.0000 17.3156 6.4810
11620.0000 17.3241 6.4903
11625.0000 17.3179 6.4744
11630.0000 17.3267 6.4837
11635.0000 17.3432 6.5022
11640.0000 17.3568 6.5214
11645.0000 17.3529 6.5087
11650.0000 17.3488 6.4951
11655.0000 17.3564 6.4967
11660.0000 17.3558 6.4886
11665.0000 17.3484 6.4701
11670.0000 17.3553 6.4753
11675.0000 17.3535 6.4649
11680.0000 17.3580 6.4642
11685.0000 17.3611 6.4637
11690.0000 17.3695 6.4731
11695.0000 17.3777 6.4825
11700.0000 17.3805 6.4821
11705.0000 17.3958 6.5011
11710.0000 17.3975 6.5008
11715.0000 17.4057 6.5101
11720.0000 17.4075 6.5099
11725.0000 17.4091 6.5096
11730.0000 17.4169 6.5190
11735.0000 17.4193 6.5186
11740.0000 17.4215 6.5183
11745.0000 17.4226 6.5181
11750.0000 17.4234 6.5180
11755.0000 17.4248 6.5177
11760.0000 17.4265 6.5175
11765.0000 17.4287 6.5171
11770.0000 17.4304 6.5168
11775.0000 17.4326 6.5165
11780.0000 17.4342 6.5162
11785.0000 17.4370 6.5158
11790.0000 17.4396 6.5154
11795.0000 17.4396 6.5138
11800.0000 17.4328 6.4995
11805.0000 17.4400 6.5067
11810.0000 17.4411 6.5050
11815.0000 17.4387 6.4972
11820.0000 17.4381 6.4936
11825.0000 17.4409 6.4958
11830.0000 17.4488 6.5048
11835.0000 17.4478 6.5003
11840.0000 17.4502 6.4999
11845.0000 17.4520 6.4996
11850.0000 17.4437 6.4837
11855.0000 17.4381 6.4741
11860.0000 17.4573 6.5020
11865.0000 17.4617 6.5045
11870.0000 17.4571 6.4930
11875.0000 17.4604 6.4924
11880.0000 17.4602 6.4850
11885.0000 17.4591 6.4776
11890.0000 17.4530 6.4621
11895.0000 17.4481 6.4479
11900.0000 17.4575 6.4570
11905.0000 17.4575 6.4463
11910.0000 17.4608 6.4424
11915.0000 17.4683 6.4442
11920.0000 17.4646 6.4295
11925.0000 17.4789 6.4454
11930.0000 17.4886 6.4514
11935.0000 17.4875 6.4409
11940.0000 17.4941 6.4398
11945.0000 17.5033 6.4459
11950.0000 17.5005 6.4357
11955.0000 17.5039 6.4352
11960.0000 17.4968 6.4159
11965.0000 17.4940 6.4057
11970.0000 17.5023 6.4123
11975.0000 17.5117 6.4184
11980.0000 17.5178 6.4217
11985.0000 17.5257 6.4281
11990.0000 17.5273 6.4232
11995.0000 17.5333 6.4283
12000.0000 17.5545 6.4552
12005.0000 17.5713 6.4753
12010.0000 17.5777 6.4820
12015.0000 17.5806 6.4815
12020.0000 17.5875 6.4879
12025.0000 17.5910 6.4874
12030.0000 17.5917 6.4842
12035.0000 17.5972 6.4910
12040.0000 17.6071 6.5000
12045.0000 17.6115 6.4993
12050.0000 17.6091 6.4891
12055.0000 17.6135 6.4885
12060.0000 17.6217 6.4947
12065.0000 17.6040 6.4581
12070.0000 17.6161 6.4667
12075.0000 17.6301 6.4826
12080.0000 17.6465 6.5014
12085.0000 17.6391 6.4821
12090.0000 17.6616 6.5106
12095.0000 17.6515 6.4834
12100.0000 17.6551 6.4809
12105.0000 17.6459 6.4527
12110.0000 17.6730 6.4793
12115.0000 17.6923 6.4967
12120.0000 17.7055 6.5053
12125.0000 17.7177 6.5107
12130.0000 17.7194 6.5010
12135.0000 17.7133 6.4838
12140.0000 17.7269 6.4924
12145.0000 17.7328 6.4905
12150.0000 17.7345 6.4795
12155.0000 17.7548 6.4976
12160.0000 17.7621 6.4962
12165.0000 17.7684 6.4954
12170.0000 17.7797 6.5041
12175.0000 17.7842 6.5034
12180.0000 17.7825 6.4931
12185.0000 17.7934 6.5019
12190.0000 17.7951 6.4940
12195.0000 17.7949 6.4853
12200.0000 17.7995 6.4845
12205.0000 17.8081 6.4929
12210.0000 17.8108 6.4924
12215.0000 17.8093 6.4820
12220.0000 17.8188 6.4902
12225.0000 17.8218 6.4897
12230.0000 17.8251 6.4892
12235.0000 17.8238 6.4797
12240.0000 17.8039 6.4422
12245.0000 17.8138 6.4515
12250.0000 17.8242 6.4611
12255.0000 17.7856 6.3941
12260.0000 17.8085 6.4241
12265.0000 17.8226 6.4406
12270.0000 17.8496 6.4791
12275.0000 17.8420 6.4576
12280.0000 17.8587 6.4751
12285.0000 17.8682 6.4833
12290.0000 17.8652 6.4732
12295.0000 17.8748 6.4823
12300.0000 17.8722 6.4721
12305.0000 17.8703 6.4629
12310.0000 17.8757 6.4645
12315.0000 17.8889 6.4796
12320.0000 17.9018 6.4926
12325.0000 17.8982 6.4784
12330.0000 17.9026 6.4777
12335.0000 17.9076 6.4769
12340.0000 17.9190 6.4884
12345.0000 17.9194 6.4835
12350.0000 17.9186 6.4759
12355.0000 17.9212 6.4755
12360.0000 17.9249 6.4749
12365.0000 17.9284 6.4743
12370.0000 17.9301 6.4703
12375.0000 17.9378 6.4756
12380.0000 17.9376 6.4717
12385.0000 17.9436 6.4774
12390.0000 17.9461 6.4770
12395.0000 17.9495 6.4764
12400.0000 17.9713 6.5088
12405.0000 17.9818 6.5203
12410.0000 17.9881 6.5260
12415.0000 17.9920 6.5254
12420.0000 17.9961 6.5273
12425.0000 17.9960 6.5217
12430.0000 18.0105 6.5393
12435.0000 18.0146 6.5426
12440.0000 18.0168 6.5423
12445.0000 18.0132 6.5321
12450.0000 18.0203 6.5417
12455.0000 18.0215 6.5415
12460.0000 18.0232 6.5412
12465.0000 18.0185 6.5322
12470.0000 18.0199 6.5323
12475.0000 18.0224 6.5335
12480.0000 18.0277 6.5408
12485.0000 18.0232 6.5311
12490.0000 18.0255 6.5333
12495.0000 18.0317 6.5405
12500.0000 18.0326 6.5403
12505.0000 18.0344 6.5400
12510.0000 18.0310 6.5327
12515.0000 18.0322 6.5325
12520.0000 18.0385 6.5397
12525.0000 18.0347 6.5324
12530.0000 18.0306 6.5227
12535.0000 18.0264 6.5136
12540.0000 18.0268 6.5119
12545.0000 18.0292 6.5118
12550.0000 18.0292 6.5074
12555.0000 18.0389 6.5192
12560.0000 18.0309 6.5018
12565.0000 18.0402 6.5135
12570.0000 18.0336 6.4968
12575.0000 18.0260 6.4802
12580.0000 18.0373 6.4894
12585.0000 18.0398 6.4863
12590.0000 18.0467 6.4908
12595.0000 18.0589 6.5050
12600.0000 18.0652 6.5119
12605.0000 18.0568 6.4945
12610.0000 18.0515 6.4820
12615.0000 18.0510 6.4769
12620.0000 18.0532 6.4765
12625.0000 18.0610 6.4832
12630.0000 18.0397 6.4440
12635.0000 18.0631 6.4760
12640.0000 18.0678 6.4783
12645.0000 18.0778 6.4876
12650.0000 18.0777 6.4794
12655.0000 18.0864 6.4860
12660.0000 18.0853 6.4755
12665.0000 18.0872 6.4649
12670.0000 18.0987 6.4738
12675.0000 18.0968 6.4621
12680.0000 18.0931 6.4481
12685.0000 18.0936 6.4432
12690.0000 18.1072 6.4533
12695.0000 18.1068 6.4428
12700.0000 18.1175 6.4492
12705.0000 18.1253 6.4480
12710.0000 18.1366 6.4512
12715.0000 18.1499 6.4597
12720.0000 18.1496 6.4532
12725.0000 18.1693 6.4712
12730.0000 18.1680 6.4553
12735.0000 18.1779 6.4577
12740.0000 18.1766 6.4418
12745.0000 18.1836 6.4419
12750.0000 18.1836 6.4312
12755.0000 18.1876 6.4240
12760.0000 18.1957 6.4278
12765.0000 18.2117 6.4465
12770.0000 18.2153 6.4459
12775.0000 18.2151 6.4393
12780.0000 18.2189 6.4387
12785.0000 18.2234 6.4380
12790.0000 18.2266 6.4375
12795.0000 18.2293 6.4370
12800.0000 18.2305 6.4302
12805.0000 18.2277 6.4195
12810.0000 18.2324 6.4182
12815.0000 18.2364 6.4169
12820.0000 18.2370 6.4102
12825.0000 18.2343 6.3963
12830.0000 18.2435 6.4043
12835.0000 18.2329 6.3781
12840.0000 18.2350 6.3700
12845.0000 18.2505 6.3828
12850.0000 18.2624 6.3944
12855.0000 18.2681 6.3954
12860.0000 18.2779 6.3975
12865.0000 18.2927 6.4089
12870.0000 18.3062 6.4174
12875.0000 18.3178 6.4258
12880.0000 18.3338 6.4441
12885.0000 18.3316 6.4339
12890.0000 18.3150 6.3990
12895.0000 18.3407 6.4316
12900.0000 18.3362 6.4150
12905.0000 18.3476 6.4239
12910.0000 18.3551 6.4222
12915.0000 18.3659 6.4311
12920.0000 18.3895 6.4593
12925.0000 18.4075 6.4777
12930.0000 18.4146 6.4766
12935.0000 18.4263 6.4855
12940.0000 18.4435 6.5041
12945.0000 18.4459 6.5037
12950.0000 18.4486 6.5033
12955.0000 18.4519 6.5027
12960.0000 18.4544 6.5023
12965.0000 18.4571 6.5019
12970.0000 18.4595 6.5015
12975.0000 18.4616 6.5011
12980.0000 18.4631 6.5009
12985.0000 18.4582 6.4911
12990.0000 18.4570 6.4872
12995.0000 18.4513 6.4747
13000.0000 18.4402 6.4545
13005.0000 18.4347 6.4434
13010.0000 18.4316 6.4359
13015.0000 18.4453 6.4536
13020.0000 18.4415 6.4442
13025.0000 18.4355 6.4306
13030.0000 18.4416 6.4363
13035.0000 18.4370 6.4264
13040.0000 18.4383 6.4262
13045.0000 18.4376 6.4197
13050.0000 18.4477 6.4314
13055.0000 18.4382 6.4117
13060.0000 18.4381 6.4076
13065.0000 18.4446 6.4133
13070.0000 18.4412 6.4031
13075.0000 18.4469 6.4089
13080.0000 18.4475 6.4088
13085.0000 18.4500 6.4084
13090.0000 18.4465 6.3982
13095.0000 18.4404 6.3847
13100.0000 18.4375 6.3757
13105.0000 18.4425 6.3783
13110.0000 18.4436 6.3754
13115.0000 18.4498 6.3810
13120.0000 18.4417 6.3611
13125.0000 18.4430 6.3581
13130.0000 18.4481 6.3584
13135.0000 18.4438 6.3458
13140.0000 18.4542 6.3548
13145.0000 18.4483 6.3364
13150.0000 18.4587 6.3453
13155.0000 18.4591 6.3362
13160.0000 18.4680 6.3424
13165.0000 18.4749 6.3413
13170.0000 18.4892 6.3496
13175.0000 18.4856 6.3302
13180.0000 18.4942 6.3315
13185.0000 18.5117 6.3470
13190.0000 18.5051 6.3195
13195.0000 18.5050 6.3030
13200.0000 18.5110 6.2988
13205.0000 18.5257 6.3022
13210.0000 18.5413 6.3078
13215.0000 18.5610 6.3172
13220.0000 18.5667 6.3066
13225.0000 18.5513 6.2687
13230.0000 18.5624 6.2687
13235.0000 18.5969 6.3034
13240.0000 18.6230 6.3292
13245.0000 18.6315 6.3263
13250.0000 18.6278 6.3030
13255.0000 18.6494 6.3256
13260.0000 18.6554 6.3246
13265.0000 18.6543 6.3150
13270.0000 18.6580 6.3144
13275.0000 18.6646 6.3211
13280.0000 18.6679 6.3205
13285.0000 18.6710 6.3200
13290.0000 18.6788 6.3266
13295.0000 18.6776 6.3194
13300.0000 18.6832 6.3235
13305.0000 18.6857 6.3231
13310.0000 18.6863 6.3230
13315.0000 18.6880 6.3228
13320.0000 18.6850 6.3159
13325.0000 18.6993 6.3347
13330.0000 18.7144 6.3547
13335.0000 18.7022 6.3295
13340.0000 18.6999 6.3208
13345.0000 18.6869 6.2920
13350.0000 18.7092 6.3201
13355.0000 18.7141 6.3173
13360.0000 18.7136 6.3053
13365.0000 18.7346 6.3283
13370.0000 18.7291 6.3090
13375.0000 18.7478 6.3257
13380.0000 18.7281 6.2803
13385.0000 18.7452 6.2945
13390.0000 18.7359 6.2656
13395.0000 18.7577 6.2816
13400.0000 18.7783 6.2992
13405.0000 18.7858 6.2955
13410.0000 18.7912 6.2913
13415.0000 18.8224 6.3275
13420.0000 18.8437 6.3401
13425.0000 18.8538 6.3439
13430.0000 18.8667 6.3510
13435.0000 18.8785 6.3572
13440.0000 18.8867 6.3624
13445.0000 18.9010 6.3773
13450.0000 18.9056 6.3766
13455.0000 18.9110 6.3757
13460.0000 18.9085 6.3655
13465.0000 18.9135 6.3632
13470.0000 18.9238 6.3696
13475.0000 18.9283 6.3696
13480.0000 18.9298 6.3681
13485.0000 18.9279 6.3579
13490.0000 18.9178 6.3359
13495.0000 18.9322 6.3548
13500.0000 18.9398 6.3615
13505.0000 18.9455 6.3660
13510.0000 18.9529 6.3728
13515.0000 18.9599 6.3797
13520.0000 18.9622 6.3794
13525.0000 18.9647 6.3790
13530.0000 18.9674 6.3785
13535.0000 18.9697 6.3782
13540.0000 18.9760 6.3850
13545.0000 18.9779 6.3848
13550.0000 18.9781 6.3847
13555.0000 18.9790 6.3846
13560.0000 18.9848 6.3917
13565.0000 18.9877 6.3913
13570.0000 18.9877 6.3913
13575.0000 18.9890 6.3910
13580.0000 18.9907 6.3908
13585.0000 18.9915 6.3906
13590.0000 18.9922 6.3905
13595.0000 18.9929 6.3904
13600.0000 18.9933 6.3903
13605.0000 18.9936 6.3903
13610.0000 18.9936 6.3903
13615.0000 18.9939 6.3903
13620.0000 18.9941 6.3902
13625.0000 18.9943 6.3902
13630.0000 18.9943 6.3902
13635.0000 18.9945 6.3901
13640.0000 18.9945 6.3901
13645.0000 18.9948 6.3901
13650.0000 18.9950 6.3901
13655.0000 18.9958 6.3899
13660.0000 18.9979 6.3896
13665.0000 18.9848 6.3635
13670.0000 18.9860 6.3634
13675.0000 18.9817 6.3538
13680.0000 18.9835 6.3536
13685.0000 18.9856 6.3532
13690.0000 18.9832 6.3430
13695.0000 18.9940 6.3519
13700.0000 19.0000 6.3509
13705.0000 18.9922 6.3312
13710.0000 18.9857 6.3143
13715.0000 18.9745 6.2875
13720.0000 18.9975 6.3160
13725.0000 19.0048 6.3151
13730.0000 19.0186 6.3248
13735.0000 19.0252 6.3239
13740.0000 19.0205 6.3024
13745.0000 19.0221 6.2952
13750.0000 19.0339 6.3022
13755.0000 19.0500 6.3148
13760.0000 19.0475 6.3046
13765.0000 19.0681 6.3272
13770.0000 19.0881 6.3500
13775.0000 19.0845 6.3370
13780.0000 19.0895 6.3367
13785.0000 19.0981 6.3429
13790.0000 19.1031 6.3468
13795.0000 19.1050 6.3440
13800.0000 19.1103 6.3462
13805.0000 19.1074 6.3383
13810.0000 19.1075 6.3354
13815.0000 19.1094 6.3351
13820.0000 19.1108 6.3349
13825.0000 19.1132 6.3347
13830.0000 19.1152 6.3339
13835.0000 19.1136 6.3268
13840.0000 19.1093 6.3166
13845.0000 19.1044 6.3073
13850.0000 19.1001 6.2973
13855.0000 19.1096 6.3111
13860.0000 19.1106 6.3109
13865.0000 19.1093 6.3082
13870.0000 19.1083 6.3052
13875.0000 19.1090 6.3051
13880.0000 19.1034 6.2954
13885.0000 19.1018 6.2927
13890.0000 19.1083 6.3023
13895.0000 19.1144 6.3119
13900.0000 19.1146 6.3119
13905.0000 19.1148 6.3119
13910.0000 19.1151 6.3118
13915.0000 19.1160 6.3117
13920.0000 19.1162 6.3116
13925.0000 19.1165 6.3116
13930.0000 19.1228 6.3212
13935.0000 19.1231 6.3212
13940.0000 19.1233 6.3211
13945.0000 19.1233 6.3211
13950.0000 19.1237 6.3211
13955.0000 19.1239 6.3211
13960.0000 19.1239 6.3211
13965.0000 19.1239 6.3211
13970.0000 19.1239 6.3211
13975.0000 19.1239 6.3211
13980.0000 19.1239 6.3211
13985.0000 19.1239 6.3211
13990.0000 19.1239 6.3211
13995.0000 19.1239 6.3211
14000.0000 19.1239 6.3211
14005.0000 19.1239 6.3211
14010.0000 19.1239 6.3211
14015.0000 19.1239 6.3211
14020.0000 19.1248 6.3209
14025.0000 19.1260 6.3207
14030.0000 19.1271 6.3205
14035.0000 19.1295 6.3202
14040.0000 19.1318 6.3198
14045.0000 19.1345 6.3194
14050.0000 19.1209 6.2926
14055.0000 19.1203 6.2848
14060.0000 19.1200 6.2764
14065.0000 19.1264 6.2782
14070.0000 19.1190 6.2611
14075.0000 19.1486 6.2985
14080.0000 19.1432 6.2816
14085.0000 19.1433 6.2705
14090.0000 19.1501 6.2725
14095.0000 19.1479 6.2591
14100.0000 19.1268 6.2169
14105.0000 19.1318 6.2185
14110.0000 19.1436 6.2277
14115.0000 19.1368 6.2106
14120.0000 19.1405 6.2124
14125.0000 19.1425 6.2116
14130.0000 19.1507 6.2207
14135.0000 19.1534 6.2203
14140.0000 19.1549 6.2201
14145.0000 19.1639 6.2291
14150.0000 19.1605 6.2217
14155.0000 19.1671 6.2258
14160.0000 19.1589 6.2085
14165.0000 19.1574 6.2026
14170.0000 19.1665 6.2116
14175.0000 19.1695 6.2111
14180.0000 19.1783 6.2204
14185.0000 19.1874 6.2294
14190.0000 19.1895 6.2290
14195.0000 19.1916 6.2293
14200.0000 19.1853 6.2141
14205.0000 19.1852 6.2091
14210.0000 19.1743 6.1867
14215.0000 19.1920 6.2073
14220.0000 19.2002 6.2102
14225.0000 19.1993 6.2004
14230.0000 19.2086 6.2094
14235.0000 19.2140 6.2070
14240.0000 19.2225 6.2101
14245.0000 19.2252 6.1998
14250.0000 19.2399 6.2079
14255.0000 19.2552 6.2159
14260.0000 19.2605 6.2110
14265.0000 19.2690 6.2065
14270.0000 19.2896 6.2235
14275.0000 19.3044 6.2304
14280.0000 19.3292 6.2529
14285.0000 19.3533 6.2792
14290.0000 19.3682 6.2884
14295.0000 19.3629 6.2604
14300.0000 19.3554 6.2384
14305.0000 19.3705 6.2484
14310.0000 19.3720 6.2405
14315.0000 19.3770 6.2343
14320.0000 19.3881 6.2362
14325.0000 19.3812 6.2114
14330.0000 19.4051 6.2284
14335.0000 19.4075 6.2148
14340.0000 19.4173 6.2169
14345.0000 19.4355 6.2342
14350.0000 19.4523 6.2497
14355.0000 19.4775 6.2743
14360.0000 19.4844 6.2731
14365.0000 19.4937 6.2765
14370.0000 19.4982 6.2709
14375.0000 19.5041 6.2695
14380.0000 19.5105 6.2684
14385.0000 19.5127 6.2616
14390.0000 19.5180 6.2605
14395.0000 19.5111 6.2404
14400.0000 19.5137 6.2368
14405.0000 19.5088 6.2234
14410.0000 19.5209 6.2317
14415.0000 19.5296 6.2394
14420.0000 19.5337 6.2392
14425.0000 19.5334 6.2286
14430.0000 19.5527 6.2525
14435.0000 19.5440 6.2330
14440.0000 19.5471 6.2325
14445.0000 19.5490 6.2322
14450.0000 19.5514 6.2318
14455.0000 19.5531 6.2315
14460.0000 19.5505 6.2239
14465.0000 19.5522 6.2236
14470.0000 19.5537 6.2234
14475.0000 19.5548 6.2232
14480.0000 19.5553 6.2231
14485.0000 19.5555 6.2231
14490.0000 19.5561 6.2230
14495.0000 19.5563 6.2230
14500.0000 19.5572 6.2228
14505.0000 19.5574 6.2228
14510.0000 19.5583 6.2227
14515.0000 19.5588 6.2226
14520.0000 19.5588 6.2226
14525.0000 19.5588 6.2226
14530.0000 19.5599 6.2224
14535.0000 19.5602 6.2224
14540.0000 19.5602 6.2224
14545.0000 19.5612 6.2222
14550.0000 19.5615 6.2221
14555.0000 19.5620 6.2221
14560.0000 19.5625 6.2220
14565.0000 19.5578 6.2133
14570.0000 19.5518 6.2017
14575.0000 19.5516 6.2007
14580.0000 19.5531 6.2015
14585.0000 19.5482 6.1923
14590.0000 19.5554 6.2005
14595.0000 19.5646 6.2120
14600.0000 19.5688 6.2151
14605.0000 19.5693 6.2118
14610.0000 19.5594 6.1899
14615.0000 19.5551 6.1741
14620.0000 19.5624 6.1791
14625.0000 19.5729 6.1857
14630.0000 19.5816 6.1926
14635.0000 19.5886 6.1915
14640.0000 19.5746 6.1598
14645.0000 19.5752 6.1514
14650.0000 19.5949 6.1685
14655.0000 19.5928 6.1558
14660.0000 19.6184 6.1847
14665.0000 19.6041 6.1486
14670.0000 19.5998 6.1283
14675.0000 19.6298 6.1620
14680.0000 19.6307 6.1483
14685.0000 19.6323 6.1325
14690.0000 19.6487 6.1472
14695.0000 19.6538 6.1464
14700.0000 19.6473 6.1298
14705.0000 19.6503 6.1293
14710.0000 19.6446 6.1131
14715.0000 19.6639 6.1343
14720.0000 19.6853 6.1590
14725.0000 19.6797 6.1411
14730.0000 19.6902 6.1458
14735.0000 19.6987 6.1519
14740.0000 19.7046 6.1505
14745.0000 19.7155 6.1573
14750.0000 19.7160 6.1454
14755.0000 19.7176 6.1395
14760.0000 19.7504 6.1796
14765.0000 19.7617 6.1903
14770.0000 19.7708 6.1978
14775.0000 19.7774 6.2028
14780.0000 19.7841 6.2087
14785.0000 19.7842 6.2021
14790.0000 19.7817 6.1942
14795.0000 19.7854 6.1958
14800.0000 19.7870 6.1938
14805.0000 19.7890 6.1935
14810.0000 19.7898 6.1934
14815.0000 19.7913 6.1931
14820.0000 19.7861 6.1835
14825.0000 19.7869 6.1834
14830.0000 19.7833 6.1774
14835.0000 19.7828 6.1757
14840.0000 19.7831 6.1757
14845.0000 19.7831 6.1757
14850.0000 19.7844 6.1755
14855.0000 19.7849 6.1754
14860.0000 19.7849 6.1754
14865.0000 19.7855 6.1753
14870.0000 19.7857 6.1753
14875.0000 19.7865 6.1752
14880.0000 19.7871 6.1751
14885.0000 19.7876 6.1750
14890.0000 19.7882 6.1749
14895.0000 19.7835 6.1653
14900.0000 19.7864 6.1677
14905.0000 19.7930 6.1763
14910.0000 19.7929 6.1720
14915.0000 19.7995 6.1784
14920.0000 19.8092 6.1864
14925.0000 19.8147 6.1899
14930.0000 19.8011 6.1614
14935.0000 19.8089 6.1676
14940.0000 19.8120 6.1659
14945.0000 19.8148 6.1619
14950.0000 19.8144 6.1537
14955.0000 19.8224 6.1566
14960.0000 19.8259 6.1561
14965.0000 19.8383 6.1707
14970.0000 19.8413 6.1702
14975.0000 19.8480 6.1788
14980.0000 19.8505 6.1784
14985.0000 19.8701 6.2041
14990.0000 19.8662 6.1944
14995.0000 19.8756 6.2032
15000.0000 19.8794 6.2039
15005.0000 19.8818 6.2035
15010.0000 19.8901 6.2118
15015.0000 19.8978 6.2201
15020.0000 19.9009 6.2197
15025.0000 19.9038 6.2192
15030.0000 19.9056 6.2189
15035.0000 19.8991 6.2051
15040.0000 19.9004 6.2016
15045.0000 19.9137 6.2193
15050.0000 19.9033 6.1969
15055.0000 19.9135 6.2056
15060.0000 19.9284 6.2228
15065.0000 19.9337 6.2220
15070.0000 19.9347 6.2110
15075.0000 19.9385 6.2061
15080.0000 19.9488 6.2149
15085.0000 19.9562 6.2207
15090.0000 19.9619 6.2198
15095.0000 19.9658 6.2191
15100.0000 19.9712 6.2214
15105.0000 19.9614 6.1976
15110.0000 19.9523 6.1783
15115.0000 19.9630 6.1866
15120.0000 19.9514 6.1601
15125.0000 19.9598 6.1645
15130.0000 19.9601 6.1565
15135.0000 19.9565 6.1400
15140.0000 19.9639 6.1435
15145.0000 19.9555 6.1211
15150.0000 19.9633 6.1229
15155.0000 19.9712 6.1251
15160.0000 19.9773 6.1255
15165.0000 19.9935 6.1403
15170.0000 19.9941 6.1300
15175.0000 20.0018 6.1299
15180.0000 20.0009 6.1196
15185.0000 20.0106 6.1286
15190.0000 20.0133 6.1282
15195.0000 20.0167 6.1276
15200.0000 20.0058 6.1054
15205.0000 20.0123 6.1113
15210.0000 20.0089 6.1016
15215.0000 20.0104 6.1013
15220.0000 20.0117 6.1011
15225.0000 20.0096 6.0936
15230.0000 20.0108 6.0934
15235.0000 20.0086 6.0864
15240.0000 20.0162 6.0956
15245.0000 20.0174 6.0954
15250.0000 20.0189 6.0952
15255.0000 20.0201 6.0950
15260.0000 20.0221 6.0959
15265.0000 20.0181 6.0885
15270.0000 20.0402 6.1192
15275.0000 20.0597 6.1439
15280.0000 20.0491 6.1200
15285.0000 20.0531 6.1183
15290.0000 20.0563 6.1165
15295.0000 20.0545 6.1064
15300.0000 20.0571 6.1018
15305.0000 20.0621 6.1022
15310.0000 20.0781 6.1205
15315.0000 20.0799 6.1148
15320.0000 20.0793 6.1046
15325.0000 20.0835 6.1039
15330.0000 20.0773 6.0853
15335.0000 20.0777 6.0742
15340.0000 20.0900 6.0866
15345.0000 20.0800 6.0675
15350.0000 20.1000 6.0954
15355.0000 20.1085 6.1044
15360.0000 20.1112 6.1040
15365.0000 20.1142 6.1035
15370.0000 20.1173 6.1030
15375.0000 20.1179 6.1029
15380.0000 20.1124 6.0934
15385.0000 20.1136 6.0932
15390.0000 20.1209 6.1025
15395.0000 20.1223 6.1022
15400.0000 20.1270 6.1071
15405.0000 20.1164 6.0880
15410.0000 20.1188 6.0898
15415.0000 20.1287 6.1007
15420.0000 20.1210 6.0880
15425.0000 20.1229 6.0877
15430.0000 20.1266 6.0928
15435.0000 20.1371 6.1082
15440.0000 20.1415 6.1131
15445.0000 20.1370 6.1046
15450.0000 20.1413 6.1097
15455.0000 20.1458 6.1156
15460.0000 20.1466 6.1155
15465.0000 20.1488 6.1151
15470.0000 20.1499 6.1150
15475.0000 20.1547 6.1199
15480.0000 20.1462 6.1037
15485.0000 20.1397 6.0889
15490.0000 20.1400 6.0841
15495.0000 20.1264 6.0602
15500.0000 20.1155 6.0393
15505.0000 20.1208 6.0445
15510.0000 20.1276 6.0502
15515.0000 20.1289 6.0500
15520.0000 20.1378 6.0599
15525.0000 20.1395 6.0597
15530.0000 20.1417 6.0602
15535.0000 20.1433 6.0600
15540.0000 20.1443 6.0598
15545.0000 20.1483 6.0649
15550.0000 20.1491 6.0648
15555.0000 20.1498 6.0647
15560.0000 20.1504 6.0646
15565.0000 20.1527 6.0643
15570.0000 20.1546 6.0640
15575.0000 20.1619 6.0731
15580.0000 20.1683 6.0825
15585.0000 20.1698 6.0822
15590.0000 20.1780 6.0912
15595.0000 20.1809 6.0908
15600.0000 20.1802 6.0856
15605.0000 20.1727 6.0691
15610.0000 20.1758 6.0697
15615.0000 20.1642 6.0461
15620.0000 20.1657 6.0457
15625.0000 20.1817 6.0665
15630.0000 20.1733 6.0471
15635.0000 20.2055 6.0918
15640.0000 20.2025 6.0819
15645.0000 20.2067 6.0813
15650.0000 20.2086 6.0752
15655.0000 20.2177 6.0841
15660.0000 20.2235 6.0863
15665.0000 20.2262 6.0858
15670.0000 20.2252 6.0807
15675.0000 20.2264 6.0805
15680.0000 20.2260 6.0752
15685.0000 20.2282 6.0749
15690.0000 20.2325 6.0742
15695.0000 20.2391 6.0782
15700.0000 20.2457 6.0823
15705.0000 20.2490 6.0818
15710.0000 20.2587 6.0906
15715.0000 20.2711 6.0991
15720.0000 20.2760 6.0983
15725.0000 20.2771 6.0927
15730.0000 20.2711 6.0794
15735.0000 20.2838 6.0877
15740.0000 20.2918 6.0877
15745.0000 20.2829 6.0630
15750.0000 20.3124 6.1010
15755.0000 20.3300 6.1149
15760.0000 20.3180 6.0838
15765.0000 20.3359 6.1016
15770.0000 20.3459 6.1104
15775.0000 20.3445 6.1020
15780.0000 20.3307 6.0768
15785.0000 20.3419 6.0854
15790.0000 20.3321 6.0653
15795.0000 20.3269 6.0500
15800.0000 20.3235 6.0401
15805.0000 20.3193 6.0304
15810.0000 20.3208 6.0302
15815.0000 20.3229 6.0299
15820.0000 20.3296 6.0392
15825.0000 20.3305 6.0390
15830.0000 20.3323 6.0388
15835.0000 20.3335 6.0386
15840.0000 20.3347 6.0384
15845.0000 20.3354 6.0383
15850.0000 20.3357 6.0382
15855.0000 20.3360 6.0382
15860.0000 20.3363 6.0381
15865.0000 20.3366 6.0381
15870.0000 20.3366 6.0381
15875.0000 20.3381 6.0379
15880.0000 20.3362 6.0329
15885.0000 20.3425 6.0423
15890.0000 20.3365 6.0328
15895.0000 20.3368 6.0328
15900.0000 20.3371 6.0328
15905.0000 20.3371 6.0328
15910.0000 20.3371 6.0328
15915.0000 20.3371 6.0328
15920.0000 20.3371 6.0328
15925.0000 20.3371 6.0328
15930.0000 20.3337 6.0275
15935.0000 20.3337 6.0275
15940.0000 20.3398 6.0369
15945.0000 20.3398 6.0369
15950.0000 20.3398 6.0369
15955.0000 20.3401 6.0368
15960.0000 20.3402 6.0368
15965.0000 20.3438 6.0423
15970.0000 20.3419 6.0384
15975.0000 20.3388 6.0330
15980.0000 20.3387 6.0318
15985.0000 20.3331 6.0224
15990.0000 20.3340 6.0223
15995.0000 20.3416 6.0335
16000.0000 20.3419 6.0335
16005.0000 20.3424 6.0334
16010.0000 20.3498 6.0445
16015.0000 20.3446 6.0353
16020.0000 20.3361 6.0204
16025.0000 20.3436 6.0302
16030.0000 20.3420 6.0262
16035.0000 20.3459 6.0318
16040.0000 20.3506 6.0372
16045.0000 20.3563 6.0425
16050.0000 20.3583 6.0422
16055.0000 20.3666 6.0513
16060.0000 20.3563 6.0297
16065.0000 20.3679 6.0405
16070.0000 20.3944 6.0774
16075.0000 20.3983 6.0755
16080.0000 20.3976 6.0684
16085.0000 20.4112 6.0827
16090.0000 20.4146 6.0787
16095.0000 20.4111 6.0633
16100.0000 20.4229 6.0745
16105.0000 20.4347 6.0834
16110.0000 20.4484 6.0920
16115.0000 20.4305 6.0542
16120.0000 20.4488 6.0723
16125.0000 20.4509 6.0662
16130.0000 20.4527 6.0557
16135.0000 20.4703 6.0735
16140.0000 20.4839 6.0817
16145.0000 20.4900 6.0807
16150.0000 20.4879 6.0707
16155.0000 20.4908 6.0702
16160.0000 20.4873 6.0604
16165.0000 20.4871 6.0546
16170.0000 20.4775 6.0356
16175.0000 20.4866 6.0444
16180.0000 20.4882 6.0442
16185.0000 20.4905 6.0438
16190.0000 20.4861 6.0342
16195.0000 20.4938 6.0433
16200.0000 20.4952 6.0431
16205.0000 20.4961 6.0429
16210.0000 20.4932 6.0376
16215.0000 20.4938 6.0375
16220.0000 20.4904 6.0323
16225.0000 20.4905 6.0299
16230.0000 20.4934 6.0344
16235.0000 20.4940 6.0343
16240.0000 20.4849 6.0196
16245.0000 20.4853 6.0195
16250.0000 20.4860 6.0194
16255.0000 20.4864 6.0193
16260.0000 20.4864 6.0193
16265.0000 20.4872 6.0192
16270.0000 20.4872 6.0192
16275.0000 20.4872 6.0192
16280.0000 20.4872 6.0192
16285.0000 20.4829 6.0125
16290.0000 20.4829 6.0125
16295.0000 20.4829 6.0125
16300.0000 20.4832 6.0125
16305.0000 20.4832 6.0125
16310.0000 20.4832 6.0125
16315.0000 20.4832 6.0125
16320.0000 20.4832 6.0125
16325.0000 20.4835 6.0124
16330.0000 20.4835 6.0124
16335.0000 20.4835 6.0124
16340.0000 20.4835 6.0124
16345.0000 20.4835 6.0126
16350.0000 20.4835 6.0126
16355.0000 20.4853 6.0153
16360.0000 20.4853 6.0153
16365.0000 20.4853 6.0153
16370.0000 20.4853 6.0153
16375.0000 20.4810 6.0086
16380.0000 20.4815 6.0094
16385.0000 20.4815 6.0094
16390.0000 20.4878 6.0189
16395.0000 20.4939 6.0283
16400.0000 20.4939 6.0283
16405.0000 20.4939 6.0283
16410.0000 20.4939 6.0283
16415.0000 20.4896 6.0216
16420.0000 20.4896 6.0216
16425.0000 20.4896 6.0216
16430.0000 20.4896 6.0216
16435.0000 20.4896 6.0216
16440.0000 20.4896 6.0216
16445.0000 20.4896 6.0216
16450.0000 20.4896 6.0216
16455.0000 20.4896 6.0216
16460.0000 20.4896 6.0216
16465.0000 20.4896 6.0216
16470.0000 20.4859 6.0157
16475.0000 20.4742 5.9977
16480.0000 20.4687 5.9891
16485.0000 20.4687 5.9891
16490.0000 20.4687 5.9891
16495.0000 20.4687 5.9891
16500.0000 20.4687 5.9891
16505.0000 20.4687 5.9891
16510.0000 20.4687 5.9891
16515.0000 20.4687 5.9891
16520.0000 20.4687 5.9891
16525.0000 20.4687 5.9891
16530.0000 20.4687 5.9891
16535.0000 20.4687 5.9891
16540.0000 20.4687 5.9891
16545.0000 20.4687 5.9891
16550.0000 20.4687 5.9891
16555.0000 20.4687 5.9891
16560.0000 20.4687 5.9891
16565.0000 20.4687 5.9891
16570.0000 20.4687 5.9891
16575.0000 20.4687 5.9891
16580.0000 20.4687 5.9891
16585.0000 20.4687 5.9891
16590.0000 20.4687 5.9891
16595.0000 20.4644 5.9824
16600.0000 20.4644 5.9824
16605.0000 20.4644 5.9824
16610.0000 20.4644 5.9824
16615.0000 20.4644 5.9824
16620.0000 20.4644 5.9824
16625.0000 20.4644 5.9824
16630.0000 20.4644 5.9824
16635.0000 20.4708 5.9917
16640.0000 20.4708 5.9917
16645.0000 20.4768 6.0011
16650.0000 20.4829 6.0106
16655.0000 20.4829 6.0106
16660.0000 20.4833 6.0106
16665.0000 20.4837 6.0105
16670.0000 20.4800 6.0034
16675.0000 20.4810 6.0033
16680.0000 20.4739 5.9904
16685.0000 20.4752 5.9902
16690.0000 20.4800 5.9961
16695.0000 20.4896 6.0076
16700.0000 20.5106 6.0370
16705.0000 20.5107 6.0342
16710.0000 20.5178 6.0396
16715.0000 20.5179 6.0359
16720.0000 20.5312 6.0534
16725.0000 20.5415 6.0650
16730.0000 20.5477 6.0705
16735.0000 20.5510 6.0700
16740.0000 20.5518 6.0661
16745.0000 20.5582 6.0717
16750.0000 20.5606 6.0713
16755.0000 20.5629 6.0709
16760.0000 20.5650 6.0706
16765.0000 20.5710 6.0762
16770.0000 20.5684 6.0701
16775.0000 20.5695 6.0700
16780.0000 20.5684 6.0643
16785.0000 20.5714 6.0669
16790.0000 20.5683 6.0579
16795.0000 20.5698 6.0577
16800.0000 20.5637 6.0449
16805.0000 20.5592 6.0341
16810.0000 20.5724 6.0516
16815.0000 20.5778 6.0573
16820.0000 20.5748 6.0505
16825.0000 20.5760 6.0503
16830.0000 20.5713 6.0407
16835.0000 20.5727 6.0405
16840.0000 20.5678 6.0309
16845.0000 20.5754 6.0401
16850.0000 20.5734 6.0331
16855.0000 20.5718 6.0275
16860.0000 20.5816 6.0393
16865.0000 20.5747 6.0242
16870.0000 20.5840 6.0304
16875.0000 20.5903 6.0333
16880.0000 20.5978 6.0382
16885.0000 20.5934 6.0221
16890.0000 20.6103 6.0403
16895.0000 20.6315 6.0680
16900.0000 20.6417 6.0776
16905.0000 20.6280 6.0479
16910.0000 20.6394 6.0602
16915.0000 20.6378 6.0531
16920.0000 20.6367 6.0459
16925.0000 20.6287 6.0315
16930.0000 20.6263 6.0260
16935.0000 20.6262 6.0233
16940.0000 20.6292 6.0229
16945.0000 20.6307 6.0226
16950.0000 20.6278 6.0137
16955.0000 20.6291 6.0128
16960.0000 20.6306 6.0126
16965.0000 20.6330 6.0122
16970.0000 20.6348 6.0120
16975.0000 20.6305 6.0031
16980.0000 20.6338 6.0059
16985.0000 20.6249 5.9902
16990.0000 20.6260 5.9917
16995.0000 20.6277 5.9915
17000.0000 20.6295 5.9912
17005.0000 20.6306 5.9910
17010.0000 20.6327 5.9907
17015.0000 20.6362 5.9901
17020.0000 20.6346 5.9826
17025.0000 20.6438 5.9907
17030.0000 20.6431 5.9806
17035.0000 20.6522 5.9890
17040.0000 20.6610 5.9965
17045.0000 20.6611 5.9892
17050.0000 20.6671 5.9923
17055.0000 20.7007 6.0349
17060.0000 20.7023 6.0251
17065.0000 20.6974 6.0091
17070.0000 20.7102 6.0158
17075.0000 20.7227 6.0241
17080.0000 20.7403 6.0440
17085.0000 20.7322 6.0174
17090.0000 20.7209 5.9879
17095.0000 20.7123 5.9631
17100.0000 20.7314 5.9821
17105.0000 20.7395 5.9852
17110.0000 20.7468 5.9871
17115.0000 20.7557 5.9898
17120.0000 20.7594 5.9839
17125.0000 20.7571 5.9685
17130.0000 20.7550 5.9532
17135.0000 20.7795 5.9809
17140.0000 20.7972 5.9987
17145.0000 20.7977 5.9892
17150.0000 20.8032 5.9915
17155.0000 20.8090 5.9916
17160.0000 20.8190 5.9977
17165.0000 20.8285 6.0029
17170.0000 20.8201 5.9833
17175.0000 20.8223 5.9800
17180.0000 20.8333 5.9901
17185.0000 20.8558 6.0167
17190.0000 20.8536 6.0073
17195.0000 20.8738 6.0313
17200.0000 20.8722 6.0240
17205.0000 20.8862 6.0387
17210.0000 20.8822 6.0248
17215.0000 20.8932 6.0335
17220.0000 20.8876 6.0177
17225.0000 20.8953 6.0219
17230.0000 20.9061 6.0278
17235.0000 20.9194 6.0403
17240.0000 20.9209 6.0323
17245.0000 20.9149 6.0089
17250.0000 20.9165 5.9969
17255.0000 20.9155 5.9836
17260.0000 20.9135 5.9674
17265.0000 20.9542 6.0205
17270.0000 20.9424 5.9886
17275.0000 20.9636 6.0077
17280.0000 20.9650 5.9981
17285.0000 20.9717 5.9974
17290.0000 20.9798 5.9963
17295.0000 20.9946 6.0047
17300.0000 21.0073 6.0106
17305.0000 21.0148 6.0094
17310.0000 21.0281 6.0176
17315.0000 21.0355 6.0189
17320.0000 21.0402 6.0182
17325.0000 21.0528 6.0266
17330.0000 21.0598 6.0255
17335.0000 21.0629 6.0250
17340.0000 21.0671 6.0243
17345.0000 21.0700 6.0239
17350.0000 21.0718 6.0236
17355.0000 21.0735 6.0233
17360.0000 21.0742 6.0232
17365.0000 21.0754 6.0230
17370.0000 21.0732 6.0169
17375.0000 21.0649 6.0004
17380.0000 21.0659 6.0007
17385.0000 21.0664 6.0007
17390.0000 21.0645 5.9968
17395.0000 21.0594 5.9872
17400.0000 21.0548 5.9801
17405.0000 21.0551 5.9801
17410.0000 21.0554 5.9800
17415.0000 21.0556 5.9800
17420.0000 21.0560 5.9799
17425.0000 21.0566 5.9804
17430.0000 21.0569 5.9803
17435.0000 21.0511 5.9709
17440.0000 21.0578 5.9802
17445.0000 21.0550 5.9708
17450.0000 21.0407 5.9435
17455.0000 21.0623 5.9726
17460.0000 21.0716 5.9768
17465.0000 21.0717 5.9697
17470.0000 21.0771 5.9687
17475.0000 21.0779 5.9622
17480.0000 21.0856 5.9670
17485.0000 21.0919 5.9684
17490.0000 21.0965 5.9677
17495.0000 21.0973 5.9597
17500.0000 21.1088 5.9683
17505.0000 21.1130 5.9681
17510.0000 21.1259 5.9804
17515.0000 21.1426 5.9978
17520.0000 21.1351 5.9816
17525.0000 21.1369 5.9813
17530.0000 21.1558 6.0022
17535.0000 21.1650 6.0137
17540.0000 21.1611 6.0046
17545.0000 21.1534 5.9891
17550.0000 21.1505 5.9832
17555.0000 21.1568 5.9919
17560.0000 21.1536 5.9849
17565.0000 21.1605 5.9940
17570.0000 21.1621 5.9943
17575.0000 21.1621 5.9943
17580.0000 21.1581 5.9868
17585.0000 21.1584 5.9867
17590.0000 21.1527 5.9775
17595.0000 21.1593 5.9866
17600.0000 21.1536 5.9777
17605.0000 21.1536 5.9777
17610.0000 21.1539 5.9771
17615.0000 21.1603 5.9864
17620.0000 21.1611 5.9863
17625.0000 21.1614 5.9863
17630.0000 21.1614 5.9863
17635.0000 21.1556 5.9774
17640.0000 21.1617 5.9866
17645.0000 21.1518 5.9715
17650.0000 21.1531 5.9734
17655.0000 21.1531 5.9734
17660.0000 21.1531 5.9734
17665.0000 21.1531 5.9734
17670.0000 21.1531 5.9734
17675.0000 21.1493 5.9675
17680.0000 21.1449 5.9607
17685.0000 21.1449 5.9607
17690.0000 21.1449 5.9607
17695.0000 21.1449 5.9607
17700.0000 21.1396 5.9527
17705.0000 21.1396 5.9527
17710.0000 21.1396 5.9527
17715.0000 21.1396 5.9527
17720.0000 21.1396 5.9527
17725.0000 21.1339 5.9440
17730.0000 21.1129 5.9107
17735.0000 21.1211 5.9196
17740.0000 21.1200 5.9134
17745.0000 21.1206 5.9133
17750.0000 21.1282 5.9224
17755.0000 21.1315 5.9219
17760.0000 21.1262 5.9060
17765.0000 21.1200 5.8923
17770.0000 21.1202 5.8858
17775.0000 21.1273 5.8885
17780.0000 21.1367 5.8977
17785.0000 21.1409 5.8971
17790.0000 21.1406 5.8894
17795.0000 21.1460 5.8885
17800.0000 21.1727 5.9229
17805.0000 21.1715 5.9128
17810.0000 21.1812 5.9216
17815.0000 21.1849 5.9210
17820.0000 21.1900 5.9202
17825.0000 21.1985 5.9291
17830.0000 21.1960 5.9207
17835.0000 21.1938 5.9137
17840.0000 21.1910 5.9078
17845.0000 21.1967 5.9147
17850.0000 21.1945 5.9082
17855.0000 21.1982 5.9102
17860.0000 21.2066 5.9190
17865.0000 21.2084 5.9187
17870.0000 21.2099 5.9185
17875.0000 21.2117 5.9182
17880.0000 21.2121 5.9173
17885.0000 21.2133 5.9181
17890.0000 21.2138 5.9169
17895.0000 21.2260 5.9341
17900.0000 21.2244 5.9261
17905.0000 21.2204 5.9166
17910.0000 21.2194 5.9088
17915.0000 21.2122 5.8928
17920.0000 21.2213 5.9034
17925.0000 21.2081 5.8784
17930.0000 21.2235 5.8971
17935.0000 21.2325 5.9050
17940.0000 21.2420 5.9112
17945.0000 21.2470 5.9105
17950.0000 21.2429 5.9009
17955.0000 21.2597 5.9177
17960.0000 21.2661 5.9167
17965.0000 21.2701 5.9161
17970.0000 21.2607 5.8948
17975.0000 21.2773 5.9117
17980.0000 21.2796 5.9114
17985.0000 21.2643 5.8856
17990.0000 21.2773 5.9030
17995.0000 21.2897 5.9187
18000.0000 21.2912 5.9185
