5.0000 0.0000 0.0000
10.0000 0.0000 0.0000
15.0000 0.0000 0.0000
20.0000 0.0000 0.0000
25.0000 0.0000 0.0000
30.0000 0.0000 0.0000
35.0000 0.0000 0.0000
40.0000 0.0000 0.0000
45.0000 0.0000 0.0000
50.0000 0.0000 0.0000
55.0000 0.0000 0.0000
60.0000 0.0000 0.0000
65.0000 0.0000 0.0000
70.0000 0.0000 0.0000
75.0000 0.0000 0.0000
80.0000 0.0000 0.0000
85.0000 0.0036 0.0000
90.0000 0.0072 0.0001
95.0000 0.0180 0.0002
100.0000 0.0216 0.0003
105.0000 0.0216 0.0003
110.0000 0.0216 0.0003
115.0000 0.0216 0.0003
120.0000 0.0216 0.0003
125.0000 0.0252 0.0003
130.0000 0.0288 0.0003
135.0000 0.0288 0.0003
140.0000 0.0288 0.0003
145.0000 0.0359 0.0004
150.0000 0.0467 0.0005
155.0000 0.0575 0.0006
160.0000 0.0647 0.0007
165.0000 0.0683 0.0008
170.0000 0.0755 0.0008
175.0000 0.1006 0.0011
180.0000 0.1294 0.0014
185.0000 0.1833 0.0018
190.0000 0.2264 0.0022
195.0000 0.2624 0.0024
200.0000 0.3306 0.0028
205.0000 0.3846 0.0031
210.0000 0.4528 0.0033
215.0000 0.5175 0.0035
220.0000 0.5822 0.0035
225.0000 0.6325 0.0035
230.0000 0.6793 0.0034
235.0000 0.7321 0.0034
240.0000 0.7992 0.0033
245.0000 0.8316 0.0032
250.0000 0.8603 0.0030
255.0000 0.8962 0.0028
260.0000 0.9394 0.0026
265.0000 0.9717 0.0023
270.0000 1.0041 0.0021
275.0000 1.0077 0.0020
280.0000 1.0220 0.0019
285.0000 1.0508 0.0017
290.0000 1.0831 0.0014
295.0000 1.0975 0.0012
300.0000 1.1011 0.0012
305.0000 1.1119 0.0011
310.0000 1.1299 0.0009
315.0000 1.1528 0.0010
320.0000 1.1564 0.0010
325.0000 1.1564 0.0010
330.0000 1.1635 0.0009
335.0000 1.1743 0.0008
340.0000 1.1779 0.0007
345.0000 1.1815 0.0007
350.0000 1.1854 0.0007
355.0000 1.1967 0.0008
360.0000 1.2003 0.0007
365.0000 1.2003 0.0007
370.0000 1.2042 0.0008
375.0000 1.2117 0.0008
380.0000 1.2191 0.0008
385.0000 1.2343 0.0009
390.0000 1.2421 0.0010
395.0000 1.2459 0.0010
400.0000 1.2653 0.0012
405.0000 1.2882 0.0014
410.0000 1.3037 0.0016
415.0000 1.3112 0.0016
420.0000 1.3228 0.0017
425.0000 1.3422 0.0019
430.0000 1.3963 0.0024
435.0000 1.4389 0.0027
440.0000 1.4931 0.0031
445.0000 1.5241 0.0033
450.0000 1.5783 0.0037
455.0000 1.6540 0.0041
460.0000 1.6966 0.0042
465.0000 1.7508 0.0045
470.0000 1.8381 0.0047
475.0000 1.9117 0.0047
480.0000 1.9736 0.0046
485.0000 2.0665 0.0042
490.0000 2.1052 0.0040
495.0000 2.1478 0.0038
500.0000 2.1865 0.0035
505.0000 2.1981 0.0034
510.0000 2.2446 0.0031
515.0000 2.2755 0.0028
520.0000 2.2949 0.0026
525.0000 2.3336 0.0022
530.0000 2.3607 0.0019
535.0000 2.3878 0.0016
540.0000 2.4071 0.0014
545.0000 2.4188 0.0013
550.0000 2.4420 0.0010
555.0000 2.4497 0.0009
560.0000 2.4575 0.0008
565.0000 2.4613 0.0008
570.0000 2.4652 0.0007
575.0000 2.4729 0.0006
580.0000 2.4768 0.0007
585.0000 2.4807 0.0007
590.0000 2.4807 0.0007
595.0000 2.4807 0.0007
600.0000 2.4807 0.0007
605.0000 2.4884 0.0006
610.0000 2.4884 0.0006
615.0000 2.4923 0.0005
620.0000 2.4984 0.0006
625.0000 2.5105 0.0009
630.0000 2.5468 0.0015
635.0000 2.5953 0.0024
640.0000 2.6770 0.0040
645.0000 2.7179 0.0046
650.0000 2.7874 0.0055
655.0000 2.8736 0.0065
660.0000 2.9355 0.0071
665.0000 3.0035 0.0077
670.0000 3.0473 0.0081
675.0000 3.1242 0.0086
680.0000 3.2104 0.0098
685.0000 3.3293 0.0120
690.0000 3.4123 0.0133
695.0000 3.5146 0.0140
700.0000 3.6245 0.0152
705.0000 3.7499 0.0157
710.0000 3.8754 0.0164
715.0000 4.0577 0.0178
720.0000 4.1771 0.0186
725.0000 4.3128 0.0190
730.0000 4.4607 0.0184
735.0000 4.6246 0.0172
740.0000 4.7931 0.0167
745.0000 4.9554 0.0153
750.0000 5.0632 0.0146
755.0000 5.1429 0.0142
760.0000 5.2091 0.0138
765.0000 5.3195 0.0126
770.0000 5.3972 0.0115
775.0000 5.5000 0.0110
780.0000 5.5751 0.0108
785.0000 5.6515 0.0111
790.0000 5.7321 0.0111
795.0000 5.8081 0.0106
800.0000 5.8846 0.0105
805.0000 5.9430 0.0104
810.0000 6.0368 0.0098
815.0000 6.1188 0.0099
820.0000 6.1969 0.0096
825.0000 6.3052 0.0090
830.0000 6.3633 0.0081
835.0000 6.4457 0.0082
840.0000 6.5259 0.0078
845.0000 6.6167 0.0071
850.0000 6.6797 0.0064
855.0000 6.7261 0.0060
860.0000 6.7847 0.0057
865.0000 6.8301 0.0055
870.0000 6.8893 0.0049
875.0000 6.9302 0.0045
880.0000 6.9717 0.0038
885.0000 7.0071 0.0034
890.0000 7.0419 0.0031
895.0000 7.0458 0.0031
900.0000 7.0651 0.0029
905.0000 7.0806 0.0028
910.0000 7.0999 0.0026
915.0000 7.1154 0.0024
920.0000 7.1270 0.0023
925.0000 7.1463 0.0019
930.0000 7.1663 0.0017
935.0000 7.1663 0.0017
940.0000 7.1817 0.0015
945.0000 7.1856 0.0015
950.0000 7.1895 0.0014
955.0000 7.1895 0.0014
960.0000 7.1895 0.0014
965.0000 7.2077 0.0007
970.0000 7.2116 0.0006
975.0000 7.2116 0.0006
980.0000 7.2150 0.0007
985.0000 7.2253 0.0008
990.0000 7.2425 0.0010
995.0000 7.2807 0.0013
1000.0000 7.2978 0.0015
1005.0000 7.3150 0.0016
1010.0000 7.3356 0.0018
1015.0000 7.3493 0.0019
1020.0000 7.3794 0.0022
1025.0000 7.4103 0.0025
1030.0000 7.4352 0.0025
1035.0000 7.4733 0.0027
1040.0000 7.5214 0.0030
1045.0000 7.5420 0.0031
1050.0000 7.5855 0.0035
1055.0000 7.6290 0.0037
1060.0000 7.6921 0.0039
1065.0000 7.7391 0.0043
1070.0000 7.8148 0.0045
1075.0000 7.9148 0.0052
1080.0000 7.9817 0.0060
1085.0000 8.0414 0.0062
1090.0000 8.0770 0.0063
1095.0000 8.1400 0.0063
1100.0000 8.2329 0.0061
1105.0000 8.3099 0.0062
1110.0000 8.3731 0.0068
1115.0000 8.4330 0.0070
1120.0000 8.4941 0.0075
1125.0000 8.5529 0.0077
1130.0000 8.6350 0.0086
1135.0000 8.6824 0.0090
1140.0000 8.7403 0.0098
1145.0000 8.7912 0.0100
1150.0000 8.8536 0.0103
1155.0000 8.9044 0.0106
1160.0000 8.9668 0.0107
1165.0000 9.0398 0.0111
1170.0000 9.1011 0.0113
1175.0000 9.1532 0.0115
1180.0000 9.2736 0.0114
1185.0000 9.3478 0.0111
1190.0000 9.4160 0.0109
1195.0000 9.5008 0.0108
1200.0000 9.6214 0.0113
1205.0000 9.7241 0.0111
1210.0000 9.8352 0.0111
1215.0000 9.9376 0.0103
1220.0000 10.0322 0.0107
1225.0000 10.1383 0.0107
1230.0000 10.1950 0.0106
1235.0000 10.2719 0.0106
1240.0000 10.3585 0.0107
1245.0000 10.4831 0.0105
1250.0000 10.5903 0.0107
1255.0000 10.6733 0.0102
1260.0000 10.7397 0.0107
1265.0000 10.7876 0.0107
1270.0000 10.8603 0.0116
1275.0000 10.9209 0.0120
1280.0000 11.0171 0.0122
1285.0000 11.0651 0.0118
1290.0000 11.1473 0.0118
1295.0000 11.2137 0.0117
1300.0000 11.2561 0.0118
1305.0000 11.3167 0.0117
1310.0000 11.3531 0.0117
1315.0000 11.4195 0.0113
1320.0000 11.5286 0.0113
1325.0000 11.6351 0.0113
1330.0000 11.7079 0.0112
1335.0000 11.7745 0.0118
1340.0000 11.8470 0.0115
1345.0000 11.9536 0.0113
1350.0000 12.0445 0.0117
1355.0000 12.1657 0.0121
1360.0000 12.2662 0.0122
1365.0000 12.3668 0.0127
1370.0000 12.4637 0.0137
1375.0000 12.5832 0.0142
1380.0000 12.7611 0.0145
1385.0000 12.9208 0.0149
1390.0000 13.0501 0.0151
1395.0000 13.2240 0.0145
1400.0000 13.3691 0.0141
1405.0000 13.4817 0.0145
1410.0000 13.5894 0.0145
1415.0000 13.7380 0.0140
1420.0000 13.8613 0.0134
1425.0000 13.9654 0.0125
1430.0000 14.0680 0.0120
1435.0000 14.1439 0.0112
1440.0000 14.2077 0.0106
1445.0000 14.3287 0.0102
1450.0000 14.4063 0.0102
1455.0000 14.4611 0.0101
1460.0000 14.5337 0.0099
1465.0000 14.5967 0.0099
1470.0000 14.6554 0.0092
1475.0000 14.6975 0.0083
1480.0000 14.7573 0.0077
1485.0000 14.8227 0.0074
1490.0000 14.8547 0.0074
1495.0000 14.8832 0.0074
1500.0000 14.9512 0.0059
1505.0000 15.0131 0.0052
1510.0000 15.0775 0.0046
1515.0000 15.1059 0.0045
1520.0000 15.1700 0.0041
1525.0000 15.2116 0.0036
1530.0000 15.2664 0.0028
1535.0000 15.3009 0.0023
1540.0000 15.3151 0.0022
1545.0000 15.3222 0.0021
1550.0000 15.3329 0.0022
1555.0000 15.3496 0.0021
1560.0000 15.3628 0.0021
1565.0000 15.3699 0.0020
1570.0000 15.3902 0.0016
1575.0000 15.4035 0.0016
1580.0000 15.4035 0.0016
1585.0000 15.4222 0.0019
1590.0000 15.4320 0.0019
1595.0000 15.4449 0.0018
1600.0000 15.4613 0.0019
1605.0000 15.4742 0.0019
1610.0000 15.4938 0.0020
1615.0000 15.5155 0.0023
1620.0000 15.5373 0.0025
1625.0000 15.5684 0.0028
1630.0000 15.5840 0.0029
1635.0000 15.6093 0.0030
1640.0000 15.6436 0.0033
1645.0000 15.6747 0.0035
1650.0000 15.7124 0.0035
1655.0000 15.7596 0.0035
1660.0000 15.7978 0.0036
1665.0000 15.8196 0.0037
1670.0000 15.8693 0.0038
1675.0000 15.9284 0.0039
1680.0000 15.9818 0.0039
1685.0000 16.0221 0.0040
1690.0000 16.0718 0.0039
1695.0000 16.1092 0.0038
1700.0000 16.1527 0.0036
1705.0000 16.1963 0.0034
1710.0000 16.2118 0.0034
1715.0000 16.2523 0.0031
1720.0000 16.2710 0.0030
1725.0000 16.2927 0.0029
1730.0000 16.3083 0.0026
1735.0000 16.3330 0.0026
1740.0000 16.3821 0.0030
1745.0000 16.4188 0.0034
1750.0000 16.4737 0.0042
1755.0000 16.5436 0.0052
1760.0000 16.6077 0.0059
1765.0000 16.6624 0.0067
1770.0000 16.7082 0.0068
1775.0000 16.8146 0.0081
1780.0000 16.9423 0.0090
1785.0000 17.0485 0.0100
1790.0000 17.1546 0.0107
1795.0000 17.2436 0.0115
1800.0000 17.3628 0.0119
1805.0000 17.5063 0.0121
1810.0000 17.6176 0.0121
1815.0000 17.7368 0.0117
1820.0000 17.8322 0.0112
1825.0000 17.9243 0.0105
1830.0000 18.0193 0.0096
1835.0000 18.1356 0.0083
1840.0000 18.2025 0.0075
1845.0000 18.2653 0.0068
1850.0000 18.3081 0.0069
1855.0000 18.3887 0.0070
1860.0000 18.4214 0.0072
1865.0000 18.5051 0.0073
1870.0000 18.5726 0.0075
1875.0000 18.6462 0.0076
1880.0000 18.7053 0.0077
1885.0000 18.7935 0.0080
1890.0000 18.8673 0.0077
1895.0000 18.9166 0.0078
1900.0000 18.9986 0.0078
1905.0000 19.0932 0.0078
1910.0000 19.1679 0.0077
1915.0000 19.2833 0.0070
1920.0000 19.3377 0.0066
1925.0000 19.4256 0.0069
1930.0000 19.4902 0.0066
1935.0000 19.5506 0.0063
1940.0000 19.5751 0.0060
1945.0000 19.6374 0.0057
1950.0000 19.7029 0.0056
1955.0000 19.7447 0.0057
1960.0000 19.7621 0.0056
1965.0000 19.8203 0.0056
1970.0000 19.8662 0.0060
1975.0000 19.9162 0.0061
1980.0000 19.9618 0.0066
1985.0000 20.0197 0.0070
1990.0000 20.0542 0.0073
1995.0000 20.1090 0.0077
2000.0000 20.1811 0.0080
2005.0000 20.2359 0.0083
2010.0000 20.2856 0.0086
2015.0000 20.3464 0.0089
2020.0000 20.4245 0.0093
2025.0000 20.4961 0.0092
2030.0000 20.5955 0.0091
2035.0000 20.7392 0.0089
2040.0000 20.8859 0.0082
2045.0000 20.9949 0.0080
2050.0000 21.0527 0.0079
2055.0000 21.0996 0.0080
2060.0000 21.1502 0.0081
2065.0000 21.2101 0.0080
2070.0000 21.2600 0.0079
2075.0000 21.3328 0.0079
2080.0000 21.3847 0.0078
2085.0000 21.4510 0.0077
2090.0000 21.5107 0.0078
2095.0000 21.5647 0.0077
2100.0000 21.6196 0.0070
2105.0000 21.6751 0.0066
2110.0000 21.7506 0.0063
2115.0000 21.7996 0.0060
2120.0000 21.8629 0.0058
2125.0000 21.9096 0.0061
2130.0000 21.9613 0.0061
2135.0000 22.0262 0.0060
2140.0000 22.0876 0.0061
2145.0000 22.1315 0.0057
2150.0000 22.1867 0.0056
2155.0000 22.2262 0.0055
2160.0000 22.2657 0.0053
2165.0000 22.3087 0.0052
2170.0000 22.3533 0.0048
2175.0000 22.3855 0.0047
2180.0000 22.4322 0.0044
2185.0000 22.4860 0.0041
2190.0000 22.5199 0.0037
2195.0000 22.5502 0.0032
2200.0000 22.5683 0.0032
2205.0000 22.5863 0.0031
2210.0000 22.6194 0.0032
2215.0000 22.6343 0.0034
2220.0000 22.6861 0.0040
2225.0000 22.7117 0.0039
2230.0000 22.7265 0.0040
2235.0000 22.7599 0.0044
2240.0000 22.7930 0.0045
2245.0000 22.8188 0.0045
2250.0000 22.8262 0.0046
2255.0000 22.8518 0.0045
2260.0000 22.8814 0.0047
2265.0000 22.8963 0.0048
2270.0000 22.9408 0.0049
2275.0000 23.0085 0.0047
2280.0000 23.0824 0.0056
2285.0000 23.1317 0.0060
2290.0000 23.1772 0.0063
2295.0000 23.2252 0.0069
2300.0000 23.3462 0.0087
2305.0000 23.4709 0.0097
2310.0000 23.6423 0.0107
2315.0000 23.7463 0.0114
2320.0000 23.8528 0.0125
2325.0000 23.9766 0.0138
2330.0000 24.1305 0.0145
2335.0000 24.3322 0.0161
2340.0000 24.5292 0.0165
2345.0000 24.7301 0.0181
2350.0000 24.9470 0.0196
2355.0000 25.1753 0.0222
2360.0000 25.3652 0.0256
2365.0000 25.5401 0.0263
2370.0000 25.7188 0.0278
2375.0000 25.8599 0.0294
2380.0000 25.9791 0.0301
2385.0000 26.1531 0.0302
2390.0000 26.3123 0.0297
2395.0000 26.5034 0.0303
2400.0000 26.6443 0.0296
2405.0000 26.7719 0.0303
2410.0000 26.9105 0.0289
2415.0000 27.0634 0.0283
2420.0000 27.2213 0.0287
2425.0000 27.4057 0.0301
2430.0000 27.5491 0.0301
2435.0000 27.6850 0.0305
2440.0000 27.8087 0.0308
2445.0000 27.9882 0.0302
2450.0000 28.0755 0.0300
2455.0000 28.1737 0.0303
2460.0000 28.2794 0.0283
2465.0000 28.4044 0.0268
2470.0000 28.4991 0.0259
2475.0000 28.5683 0.0244
2480.0000 28.6435 0.0230
2485.0000 28.7225 0.0220
2490.0000 28.8220 0.0194
2495.0000 28.9021 0.0176
2500.0000 28.9811 0.0156
2505.0000 29.0370 0.0142
2510.0000 29.0625 0.0140
2515.0000 29.1038 0.0132
2520.0000 29.1439 0.0122
2525.0000 29.2071 0.0104
2530.0000 29.2459 0.0095
2535.0000 29.3030 0.0078
2540.0000 29.3248 0.0075
2545.0000 29.3528 0.0070
2550.0000 29.3892 0.0062
2555.0000 29.4062 0.0059
2560.0000 29.4244 0.0056
2565.0000 29.4475 0.0047
2570.0000 29.4683 0.0041
2575.0000 29.4781 0.0041
2580.0000 29.5012 0.0036
2585.0000 29.5172 0.0039
2590.0000 29.5332 0.0039
2595.0000 29.5431 0.0041
2600.0000 29.5580 0.0043
2605.0000 29.5728 0.0045
2610.0000 29.5926 0.0049
2615.0000 29.6224 0.0053
2620.0000 29.6422 0.0056
2625.0000 29.6780 0.0059
2630.0000 29.7127 0.0061
2635.0000 29.7424 0.0064
2640.0000 29.7771 0.0070
2645.0000 29.8415 0.0076
2650.0000 29.9455 0.0084
2655.0000 30.0617 0.0087
2660.0000 30.1459 0.0088
2665.0000 30.2648 0.0089
2670.0000 30.3788 0.0090
2675.0000 30.4927 0.0088
2680.0000 30.6067 0.0083
2685.0000 30.7057 0.0076
2690.0000 30.7652 0.0071
2695.0000 30.8247 0.0066
2700.0000 30.8791 0.0058
2705.0000 30.9248 0.0049
2710.0000 30.9546 0.0045
2715.0000 30.9941 0.0038
2720.0000 31.0090 0.0036
2725.0000 31.0238 0.0034
2730.0000 31.0238 0.0034
2735.0000 31.0288 0.0034
2740.0000 31.0338 0.0033
2745.0000 31.0387 0.0032
2750.0000 31.0437 0.0032
2755.0000 31.0526 0.0032
2760.0000 31.0616 0.0032
2765.0000 31.0755 0.0031
2770.0000 31.0945 0.0032
2775.0000 31.1195 0.0034
2780.0000 31.1375 0.0035
2785.0000 31.1584 0.0038
2790.0000 31.1794 0.0037
2795.0000 31.2044 0.0038
2800.0000 31.2325 0.0041
2805.0000 31.2865 0.0044
2810.0000 31.3626 0.0054
2815.0000 31.4467 0.0061
2820.0000 31.4988 0.0063
2825.0000 31.5809 0.0065
2830.0000 31.6731 0.0066
2835.0000 31.7211 0.0068
2840.0000 31.7813 0.0069
2845.0000 31.8574 0.0069
2850.0000 31.9385 0.0064
2855.0000 31.9946 0.0061
2860.0000 32.0427 0.0059
2865.0000 32.0748 0.0058
2870.0000 32.0948 0.0058
2875.0000 32.1149 0.0057
2880.0000 32.1429 0.0055
2885.0000 32.1750 0.0052
2890.0000 32.2070 0.0050
2895.0000 32.2271 0.0049
2900.0000 32.2511 0.0046
2905.0000 32.2672 0.0045
2910.0000 32.2832 0.0043
2915.0000 32.2912 0.0042
2920.0000 32.3153 0.0040
2925.0000 32.3333 0.0040
2930.0000 32.3574 0.0036
2935.0000 32.3694 0.0035
2940.0000 32.3975 0.0031
2945.0000 32.4138 0.0030
2950.0000 32.4223 0.0032
2955.0000 32.4391 0.0033
2960.0000 32.4643 0.0033
2965.0000 32.4856 0.0036
2970.0000 32.5125 0.0036
2975.0000 32.5605 0.0039
2980.0000 32.6129 0.0049
2985.0000 32.6531 0.0053
2990.0000 32.6949 0.0059
2995.0000 32.7686 0.0065
3000.0000 32.8697 0.0077
3005.0000 32.9518 0.0085
3010.0000 33.0612 0.0093
3015.0000 33.1392 0.0103
3020.0000 33.2586 0.0115
3025.0000 33.3553 0.0129
3030.0000 33.4982 0.0149
3035.0000 33.6198 0.0167
3040.0000 33.7864 0.0174
3045.0000 33.9827 0.0192
3050.0000 34.1578 0.0209
3055.0000 34.3165 0.0230
3060.0000 34.4360 0.0234
3065.0000 34.6030 0.0233
3070.0000 34.7361 0.0239
3075.0000 34.8586 0.0241
3080.0000 35.0101 0.0241
3085.0000 35.1764 0.0244
3090.0000 35.3325 0.0245
3095.0000 35.4242 0.0242
3100.0000 35.5980 0.0225
3105.0000 35.7177 0.0223
3110.0000 35.9018 0.0205
3115.0000 36.0109 0.0203
3120.0000 36.1509 0.0181
3125.0000 36.2392 0.0172
3130.0000 36.3563 0.0161
3135.0000 36.4184 0.0157
3140.0000 36.5101 0.0151
3145.0000 36.5810 0.0152
3150.0000 36.6454 0.0142
3155.0000 36.6985 0.0130
3160.0000 36.7758 0.0126
3165.0000 36.8253 0.0125
3170.0000 36.8898 0.0119
3175.0000 36.9735 0.0105
3180.0000 37.0182 0.0098
3185.0000 37.0865 0.0087
3190.0000 37.1444 0.0083
3195.0000 37.2273 0.0076
3200.0000 37.2724 0.0068
3205.0000 37.3468 0.0070
3210.0000 37.4116 0.0069
3215.0000 37.4988 0.0079
3220.0000 37.5476 0.0085
3225.0000 37.6375 0.0099
3230.0000 37.7273 0.0110
3235.0000 37.8149 0.0117
3240.0000 37.9305 0.0132
3245.0000 38.0196 0.0146
3250.0000 38.1130 0.0161
3255.0000 38.2277 0.0176
3260.0000 38.3396 0.0183
3265.0000 38.4386 0.0190
3270.0000 38.5869 0.0196
3275.0000 38.6909 0.0203
3280.0000 38.8246 0.0212
3285.0000 38.9461 0.0211
3290.0000 39.0859 0.0209
3295.0000 39.1976 0.0207
3300.0000 39.3322 0.0191
3305.0000 39.4031 0.0178
3310.0000 39.4943 0.0166
3315.0000 39.6309 0.0154
3320.0000 39.7393 0.0144
3325.0000 39.8280 0.0133
3330.0000 39.9387 0.0120
3335.0000 39.9949 0.0107
3340.0000 40.0389 0.0095
3345.0000 40.0708 0.0087
3350.0000 40.1126 0.0077
3355.0000 40.1227 0.0077
3360.0000 40.1465 0.0072
3365.0000 40.1726 0.0068
3370.0000 40.1988 0.0066
3375.0000 40.2166 0.0064
3380.0000 40.2403 0.0063
3385.0000 40.2665 0.0058
3390.0000 40.2944 0.0055
3395.0000 40.3141 0.0051
3400.0000 40.3399 0.0053
3405.0000 40.3559 0.0056
3410.0000 40.3778 0.0054
3415.0000 40.4078 0.0055
3420.0000 40.4358 0.0060
3425.0000 40.4798 0.0065
3430.0000 40.5260 0.0064
3435.0000 40.5441 0.0063
3440.0000 40.5681 0.0066
3445.0000 40.6061 0.0067
3450.0000 40.6381 0.0070
3455.0000 40.6581 0.0071
3460.0000 40.6942 0.0072
3465.0000 40.7102 0.0073
3470.0000 40.7382 0.0075
3475.0000 40.7722 0.0077
3480.0000 40.7983 0.0075
3485.0000 40.8523 0.0076
3490.0000 40.8963 0.0076
3495.0000 40.9523 0.0077
3500.0000 41.0083 0.0080
3505.0000 41.0403 0.0078
3510.0000 41.0924 0.0077
3515.0000 41.1364 0.0078
3520.0000 41.1744 0.0073
3525.0000 41.1984 0.0074
3530.0000 41.2584 0.0069
3535.0000 41.3184 0.0066
3540.0000 41.3784 0.0064
3545.0000 41.4285 0.0055
3550.0000 41.4405 0.0054
3555.0000 41.4565 0.0052
3560.0000 41.4765 0.0048
3565.0000 41.5005 0.0046
3570.0000 41.5285 0.0043
3575.0000 41.5445 0.0041
3580.0000 41.5485 0.0040
3585.0000 41.5725 0.0038
3590.0000 41.5925 0.0036
3595.0000 41.5965 0.0035
3600.0000 41.6045 0.0034
3605.0000 41.6169 0.0034
3610.0000 41.6334 0.0033
3615.0000 41.6527 0.0037
3620.0000 41.7284 0.0048
3625.0000 41.7756 0.0054
3630.0000 41.8441 0.0062
3635.0000 41.8740 0.0068
3640.0000 41.9236 0.0075
3645.0000 41.9805 0.0084
3650.0000 42.0484 0.0097
3655.0000 42.1630 0.0118
3660.0000 42.3181 0.0139
3665.0000 42.4493 0.0153
3670.0000 42.5806 0.0182
3675.0000 42.7591 0.0223
3680.0000 42.9352 0.0250
3685.0000 43.0935 0.0288
3690.0000 43.2881 0.0323
3695.0000 43.4489 0.0356
3700.0000 43.6287 0.0381
3705.0000 43.8068 0.0432
3710.0000 43.9832 0.0465
3715.0000 44.1928 0.0462
3720.0000 44.3770 0.0471
3725.0000 44.5244 0.0469
3730.0000 44.6840 0.0459
3735.0000 44.8762 0.0437
3740.0000 45.0576 0.0435
3745.0000 45.2076 0.0409
3750.0000 45.3287 0.0396
3755.0000 45.4976 0.0375
3760.0000 45.6670 0.0355
3765.0000 45.8522 0.0330
3770.0000 46.0367 0.0317
3775.0000 46.1800 0.0295
3780.0000 46.3097 0.0279
3785.0000 46.4344 0.0246
3790.0000 46.6005 0.0219
3795.0000 46.7316 0.0200
3800.0000 46.8355 0.0190
3805.0000 46.9216 0.0184
3810.0000 46.9947 0.0181
3815.0000 47.0951 0.0181
3820.0000 47.1530 0.0181
3825.0000 47.2462 0.0164
3830.0000 47.3035 0.0162
3835.0000 47.3596 0.0163
3840.0000 47.4006 0.0163
3845.0000 47.4779 0.0167
3850.0000 47.5604 0.0167
3855.0000 47.6386 0.0169
3860.0000 47.6954 0.0176
3865.0000 47.7827 0.0175
3870.0000 47.8742 0.0184
3875.0000 47.9474 0.0185
3880.0000 48.0756 0.0191
3885.0000 48.2165 0.0201
3890.0000 48.3624 0.0198
3895.0000 48.4580 0.0199
3900.0000 48.6071 0.0192
3905.0000 48.7476 0.0205
3910.0000 48.8809 0.0215
3915.0000 49.0697 0.0223
3920.0000 49.1874 0.0222
3925.0000 49.3444 0.0226
3930.0000 49.4825 0.0230
3935.0000 49.5867 0.0238
3940.0000 49.7641 0.0230
3945.0000 49.8943 0.0227
3950.0000 50.0190 0.0243
3955.0000 50.2277 0.0248
3960.0000 50.3884 0.0264
3965.0000 50.5258 0.0257
3970.0000 50.6428 0.0265
3975.0000 50.7651 0.0272
3980.0000 50.9100 0.0285
3985.0000 51.0268 0.0295
3990.0000 51.1531 0.0294
3995.0000 51.2606 0.0289
4000.0000 51.4082 0.0291
4005.0000 51.5722 0.0301
4010.0000 51.6655 0.0295
4015.0000 51.7670 0.0302
4020.0000 51.8855 0.0292
4025.0000 52.0092 0.0286
4030.0000 52.1560 0.0267
4035.0000 52.3016 0.0245
4040.0000 52.4101 0.0240
4045.0000 52.5178 0.0232
4050.0000 52.6389 0.0215
4055.0000 52.7463 0.0215
4060.0000 52.8774 0.0213
4065.0000 52.9779 0.0206
4070.0000 53.0931 0.0209
4075.0000 53.2128 0.0203
4080.0000 53.3274 0.0196
4085.0000 53.4474 0.0186
4090.0000 53.5694 0.0173
4095.0000 53.6719 0.0175
4100.0000 53.7662 0.0166
4105.0000 53.8592 0.0157
4110.0000 53.9118 0.0153
4115.0000 53.9641 0.0149
4120.0000 54.0156 0.0133
4125.0000 54.0567 0.0125
4130.0000 54.1010 0.0119
4135.0000 54.1485 0.0116
4140.0000 54.1723 0.0113
4145.0000 54.2103 0.0111
4150.0000 54.2449 0.0104
4155.0000 54.2639 0.0101
4160.0000 54.2819 0.0099
4165.0000 54.3009 0.0098
4170.0000 54.3046 0.0095
4175.0000 54.3202 0.0094
4180.0000 54.3452 0.0086
4185.0000 54.3644 0.0086
4190.0000 54.3787 0.0083
4195.0000 54.3872 0.0082
4200.0000 54.4052 0.0076
4205.0000 54.4194 0.0071
4210.0000 54.4352 0.0072
4215.0000 54.4352 0.0072
4220.0000 54.4352 0.0072
4225.0000 54.4352 0.0072
4230.0000 54.4411 0.0070
4235.0000 54.4411 0.0070
4240.0000 54.4577 0.0073
4245.0000 54.4696 0.0074
4250.0000 54.4756 0.0075
4255.0000 54.4815 0.0075
4260.0000 54.4971 0.0074
4265.0000 54.5197 0.0075
4270.0000 54.5423 0.0078
4275.0000 54.5660 0.0082
4280.0000 54.5899 0.0085
4285.0000 54.6436 0.0096
4290.0000 54.6793 0.0102
4295.0000 54.7387 0.0110
4300.0000 54.7743 0.0120
4305.0000 54.8337 0.0134
4310.0000 54.8991 0.0144
4315.0000 54.9525 0.0151
4320.0000 55.0654 0.0162
4325.0000 55.1843 0.0164
4330.0000 55.2853 0.0175
4335.0000 55.4338 0.0177
4340.0000 55.5645 0.0176
4345.0000 55.6596 0.0172
4350.0000 55.7368 0.0163
4355.0000 55.8140 0.0159
4360.0000 55.8556 0.0155
4365.0000 55.9384 0.0146
4370.0000 55.9860 0.0138
4375.0000 56.0455 0.0130
4380.0000 56.1110 0.0124
4385.0000 56.1407 0.0120
4390.0000 56.1645 0.0120
4395.0000 56.2065 0.0122
4400.0000 56.2724 0.0122
4405.0000 56.3327 0.0129
4410.0000 56.3808 0.0133
4415.0000 56.4409 0.0137
4420.0000 56.4954 0.0150
4425.0000 56.5615 0.0156
4430.0000 56.7007 0.0173
4435.0000 56.8582 0.0200
4440.0000 57.0157 0.0210
4445.0000 57.1729 0.0219
4450.0000 57.3482 0.0237
4455.0000 57.4995 0.0252
4460.0000 57.6265 0.0250
4465.0000 57.8203 0.0257
4470.0000 58.0177 0.0269
4475.0000 58.2514 0.0284
4480.0000 58.4342 0.0300
4485.0000 58.5961 0.0300
4490.0000 58.7545 0.0308
4495.0000 58.9199 0.0312
4500.0000 59.1174 0.0292
4505.0000 59.3011 0.0278
4510.0000 59.5040 0.0273
4515.0000 59.6645 0.0267
4520.0000 59.8088 0.0246
4525.0000 59.9334 0.0217
4530.0000 60.0419 0.0205
4535.0000 60.1750 0.0186
4540.0000 60.3283 0.0178
4545.0000 60.4996 0.0173
4550.0000 60.6669 0.0173
4555.0000 60.8218 0.0184
4560.0000 61.0202 0.0197
4565.0000 61.1655 0.0218
4570.0000 61.3209 0.0246
4575.0000 61.5032 0.0280
4580.0000 61.6784 0.0318
4585.0000 61.9666 0.0372
4590.0000 62.2687 0.0417
4595.0000 62.5835 0.0491
4600.0000 62.9271 0.0574
4605.0000 63.2492 0.0619
4610.0000 63.5533 0.0656
4615.0000 63.8108 0.0668
4620.0000 64.0982 0.0696
4625.0000 64.4209 0.0682
4630.0000 64.6497 0.0668
4635.0000 64.8914 0.0656
4640.0000 65.1329 0.0644
4645.0000 65.3182 0.0600
4650.0000 65.4981 0.0572
4655.0000 65.6442 0.0546
4660.0000 65.8029 0.0517
4665.0000 65.9524 0.0494
4670.0000 66.1005 0.0454
4675.0000 66.2046 0.0432
4680.0000 66.3082 0.0417
4685.0000 66.3992 0.0406
4690.0000 66.5110 0.0357
4695.0000 66.6160 0.0320
4700.0000 66.7111 0.0286
4705.0000 66.7990 0.0250
4710.0000 66.8663 0.0227
4715.0000 66.9072 0.0216
4720.0000 66.9295 0.0210
4725.0000 66.9898 0.0197
4730.0000 67.0368 0.0179
4735.0000 67.0768 0.0169
4740.0000 67.1274 0.0158
4745.0000 67.1775 0.0141
4750.0000 67.2149 0.0128
4755.0000 67.2468 0.0124
4760.0000 67.2585 0.0121
4765.0000 67.2768 0.0116
4770.0000 67.2996 0.0117
4775.0000 67.3103 0.0116
4780.0000 67.3265 0.0117
4785.0000 67.3504 0.0115
4790.0000 67.3667 0.0114
4795.0000 67.3738 0.0114
4800.0000 67.4133 0.0118
4805.0000 67.4711 0.0107
4810.0000 67.5202 0.0111
4815.0000 67.5598 0.0119
4820.0000 67.6271 0.0117
4825.0000 67.7194 0.0126
4830.0000 67.8056 0.0133
4835.0000 67.8862 0.0135
4840.0000 67.9703 0.0145
4845.0000 68.0744 0.0160
4850.0000 68.1783 0.0163
4855.0000 68.2628 0.0174
4860.0000 68.3931 0.0184
4865.0000 68.5218 0.0195
4870.0000 68.6569 0.0201
4875.0000 68.8205 0.0201
4880.0000 68.9481 0.0209
4885.0000 69.1202 0.0212
4890.0000 69.2863 0.0221
4895.0000 69.4092 0.0227
4900.0000 69.5008 0.0220
4905.0000 69.6156 0.0204
4910.0000 69.7181 0.0208
4915.0000 69.7935 0.0200
4920.0000 69.8755 0.0196
4925.0000 69.9490 0.0199
4930.0000 70.0188 0.0185
4935.0000 70.0982 0.0171
4940.0000 70.1139 0.0165
4945.0000 70.1694 0.0153
4950.0000 70.1945 0.0150
4955.0000 70.2268 0.0141
4960.0000 70.2677 0.0138
4965.0000 70.2895 0.0134
4970.0000 70.3112 0.0133
4975.0000 70.3278 0.0130
4980.0000 70.3589 0.0124
4985.0000 70.3944 0.0123
4990.0000 70.4336 0.0121
4995.0000 70.4500 0.0121
5000.0000 70.4639 0.0122
5005.0000 70.4942 0.0122
5010.0000 70.5505 0.0113
5015.0000 70.5760 0.0109
5020.0000 70.6054 0.0104
5025.0000 70.6366 0.0102
5030.0000 70.6901 0.0098
5035.0000 70.7271 0.0102
5040.0000 70.7580 0.0106
5045.0000 70.8097 0.0106
5050.0000 70.8820 0.0110
5055.0000 70.9448 0.0107
5060.0000 71.0170 0.0108
5065.0000 71.0678 0.0112
5070.0000 71.1368 0.0114
5075.0000 71.1783 0.0113
5080.0000 71.2479 0.0111
5085.0000 71.3108 0.0117
5090.0000 71.3796 0.0118
5095.0000 71.4493 0.0121
5100.0000 71.4948 0.0120
5105.0000 71.5871 0.0122
5110.0000 71.6397 0.0124
5115.0000 71.6888 0.0124
5120.0000 71.7449 0.0124
5125.0000 71.8065 0.0126
5130.0000 71.8415 0.0134
5135.0000 71.8913 0.0141
5140.0000 71.9842 0.0156
5145.0000 72.1017 0.0175
5150.0000 72.2230 0.0198
5155.0000 72.3274 0.0209
5160.0000 72.4802 0.0217
5165.0000 72.6066 0.0231
5170.0000 72.8102 0.0255
5175.0000 73.0037 0.0274
5180.0000 73.2499 0.0314
5185.0000 73.5085 0.0347
5190.0000 73.7450 0.0378
5195.0000 73.9625 0.0400
5200.0000 74.2107 0.0434
5205.0000 74.5313 0.0478
5210.0000 74.8180 0.0475
5215.0000 75.0153 0.0468
5220.0000 75.2098 0.0461
5225.0000 75.3887 0.0455
5230.0000 75.5773 0.0430
5235.0000 75.7382 0.0413
5240.0000 75.8748 0.0375
5245.0000 75.9704 0.0349
5250.0000 76.0573 0.0325
5255.0000 76.1166 0.0308
5260.0000 76.1867 0.0289
5265.0000 76.2580 0.0263
5270.0000 76.3294 0.0250
5275.0000 76.4117 0.0213
5280.0000 76.4586 0.0202
5285.0000 76.4924 0.0194
5290.0000 76.5453 0.0181
5295.0000 76.6164 0.0161
5300.0000 76.6478 0.0146
5305.0000 76.6847 0.0137
5310.0000 76.7238 0.0133
5315.0000 76.7543 0.0133
5320.0000 76.7835 0.0138
5325.0000 76.8187 0.0140
5330.0000 76.8726 0.0141
5335.0000 76.9249 0.0148
5340.0000 76.9862 0.0156
5345.0000 77.0387 0.0158
5350.0000 77.1086 0.0160
5355.0000 77.1721 0.0168
5360.0000 77.2529 0.0172
5365.0000 77.3225 0.0173
5370.0000 77.4287 0.0183
5375.0000 77.5404 0.0190
5380.0000 77.6906 0.0202
5385.0000 77.8667 0.0207
5390.0000 78.0497 0.0219
5395.0000 78.2200 0.0235
5400.0000 78.3966 0.0251
5405.0000 78.6345 0.0267
5410.0000 78.8319 0.0264
5415.0000 79.0508 0.0296
5420.0000 79.3091 0.0292
5425.0000 79.5016 0.0317
5430.0000 79.7302 0.0327
5435.0000 79.9103 0.0352
5440.0000 80.1637 0.0399
5445.0000 80.4456 0.0433
5450.0000 80.7599 0.0482
5455.0000 81.0433 0.0503
5460.0000 81.2962 0.0534
5465.0000 81.5868 0.0549
5470.0000 81.8650 0.0562
5475.0000 82.1481 0.0546
5480.0000 82.3527 0.0500
5485.0000 82.5703 0.0472
5490.0000 82.7608 0.0461
5495.0000 82.9431 0.0462
5500.0000 83.1057 0.0435
5505.0000 83.3266 0.0433
5510.0000 83.4997 0.0429
5515.0000 83.7284 0.0423
5520.0000 83.9289 0.0392
5525.0000 84.0887 0.0365
5530.0000 84.2404 0.0343
5535.0000 84.4224 0.0313
5540.0000 84.5277 0.0288
5545.0000 84.6794 0.0273
5550.0000 84.7639 0.0263
5555.0000 84.8389 0.0250
5560.0000 84.9593 0.0251
5565.0000 85.0565 0.0248
5570.0000 85.1476 0.0242
5575.0000 85.2543 0.0222
5580.0000 85.3265 0.0200
5585.0000 85.3729 0.0193
5590.0000 85.4615 0.0188
5595.0000 85.5269 0.0187
5600.0000 85.5776 0.0184
5605.0000 85.6576 0.0173
5610.0000 85.7015 0.0175
5615.0000 85.7450 0.0161
5620.0000 85.7862 0.0155
5625.0000 85.8422 0.0151
5630.0000 85.9068 0.0151
5635.0000 85.9463 0.0154
5640.0000 86.0351 0.0158
5645.0000 86.1250 0.0167
5650.0000 86.2210 0.0178
5655.0000 86.2944 0.0194
5660.0000 86.4206 0.0200
5665.0000 86.5020 0.0205
5670.0000 86.6182 0.0213
5675.0000 86.7340 0.0232
5680.0000 86.8868 0.0246
5685.0000 87.0530 0.0269
5690.0000 87.2228 0.0293
5695.0000 87.3504 0.0309
5700.0000 87.5144 0.0330
5705.0000 87.7130 0.0373
5710.0000 87.9012 0.0403
5715.0000 88.1038 0.0401
5720.0000 88.3122 0.0391
5725.0000 88.5026 0.0395
5730.0000 88.7194 0.0413
5735.0000 88.9605 0.0424
5740.0000 89.1835 0.0431
5745.0000 89.3620 0.0448
5750.0000 89.5748 0.0462
5755.0000 89.7328 0.0450
5760.0000 89.9095 0.0428
5765.0000 90.0778 0.0401
5770.0000 90.2174 0.0385
5775.0000 90.3612 0.0364
5780.0000 90.4768 0.0349
5785.0000 90.5864 0.0338
5790.0000 90.7078 0.0295
5795.0000 90.8071 0.0275
5800.0000 90.9088 0.0256
5805.0000 91.0088 0.0252
5810.0000 91.0986 0.0233
5815.0000 91.2126 0.0205
5820.0000 91.2822 0.0200
5825.0000 91.3682 0.0202
5830.0000 91.4318 0.0204
5835.0000 91.5177 0.0204
5840.0000 91.6568 0.0194
5845.0000 91.7798 0.0188
5850.0000 91.8718 0.0185
5855.0000 91.9926 0.0187
5860.0000 92.1239 0.0196
5865.0000 92.2436 0.0224
5870.0000 92.3556 0.0244
5875.0000 92.4840 0.0251
5880.0000 92.6405 0.0270
5885.0000 92.7828 0.0265
5890.0000 93.0364 0.0299
5895.0000 93.2596 0.0326
5900.0000 93.4763 0.0338
5905.0000 93.7208 0.0367
5910.0000 93.9496 0.0392
5915.0000 94.2511 0.0430
5920.0000 94.5199 0.0452
5925.0000 94.7967 0.0490
5930.0000 95.0649 0.0502
5935.0000 95.4053 0.0557
5940.0000 95.6664 0.0571
5945.0000 95.9574 0.0585
5950.0000 96.2728 0.0568
5955.0000 96.5200 0.0561
5960.0000 96.7083 0.0525
5965.0000 96.8415 0.0498
5970.0000 97.0372 0.0478
5975.0000 97.1833 0.0443
5980.0000 97.2360 0.0398
5985.0000 97.3998 0.0385
5990.0000 97.4813 0.0356
5995.0000 97.6093 0.0324
6000.0000 97.7114 0.0311
6005.0000 97.8326 0.0304
6010.0000 97.9481 0.0273
6015.0000 98.0284 0.0267
6020.0000 98.0761 0.0260
6025.0000 98.1151 0.0258
6030.0000 98.1142 0.0256
6035.0000 98.1511 0.0245
6040.0000 98.2139 0.0236
6045.0000 98.2074 0.0229
6050.0000 98.3301 0.0198
6055.0000 98.3605 0.0193
6060.0000 98.3394 0.0187
6065.0000 98.4174 0.0177
6070.0000 98.4702 0.0158
6075.0000 98.4873 0.0149
6080.0000 98.5282 0.0141
6085.0000 98.5328 0.0133
6090.0000 98.5529 0.0131
6095.0000 98.5618 0.0128
6100.0000 98.6277 0.0120
6105.0000 98.5648 0.0124
6110.0000 98.6199 0.0110
6115.0000 98.5694 0.0121
6120.0000 98.6123 0.0107
6125.0000 98.6034 0.0104
6130.0000 98.6017 0.0108
6135.0000 98.5650 0.0112
6140.0000 98.5201 0.0106
6145.0000 98.4798 0.0114
6150.0000 98.4856 0.0114
6155.0000 98.4270 0.0119
6160.0000 98.4371 0.0115
6165.0000 98.4205 0.0106
6170.0000 98.3421 0.0108
6175.0000 98.3372 0.0110
6180.0000 98.3250 0.0110
6185.0000 98.3292 0.0112
6190.0000 98.2527 0.0119
6195.0000 98.1871 0.0110
6200.0000 98.1262 0.0106
6205.0000 98.1480 0.0107
6210.0000 98.1466 0.0106
6215.0000 98.1024 0.0107
6220.0000 98.1250 0.0102
6225.0000 98.0118 0.0106
6230.0000 98.0576 0.0103
6235.0000 98.0032 0.0101
6240.0000 97.9996 0.0101
6245.0000 97.9740 0.0100
6250.0000 97.9848 0.0098
6255.0000 97.9544 0.0104
6260.0000 98.0245 0.0097
6265.0000 97.9859 0.0105
6270.0000 98.0015 0.0102
6275.0000 97.9661 0.0098
6280.0000 97.9811 0.0106
6285.0000 97.9776 0.0100
6290.0000 97.9995 0.0101
6295.0000 97.9334 0.0093
6300.0000 97.9183 0.0098
6305.0000 97.9707 0.0097
6310.0000 97.9838 0.0101
6315.0000 97.9736 0.0099
6320.0000 97.8858 0.0102
6325.0000 97.9235 0.0105
6330.0000 97.9568 0.0105
6335.0000 97.9450 0.0104
6340.0000 97.9223 0.0097
6345.0000 97.9950 0.0101
6350.0000 97.9340 0.0098
6355.0000 97.9471 0.0102
6360.0000 97.9858 0.0091
6365.0000 98.0190 0.0096
6370.0000 97.9971 0.0098
6375.0000 98.0605 0.0098
6380.0000 98.0117 0.0099
6385.0000 98.0671 0.0099
6390.0000 98.0941 0.0096
6395.0000 98.0679 0.0096
6400.0000 98.0397 0.0101
6405.0000 98.0588 0.0101
6410.0000 98.0433 0.0104
6415.0000 98.0292 0.0100
6420.0000 98.0450 0.0104
6425.0000 98.0178 0.0108
6430.0000 98.0154 0.0108
6435.0000 98.0092 0.0105
6440.0000 98.0976 0.0101
6445.0000 98.1170 0.0103
6450.0000 98.0241 0.0110
6455.0000 98.0444 0.0103
6460.0000 98.0713 0.0104
6465.0000 98.1014 0.0102
6470.0000 98.1217 0.0104
6475.0000 98.0952 0.0105
6480.0000 98.1658 0.0110
6485.0000 98.1768 0.0103
6490.0000 98.1416 0.0115
6495.0000 98.1328 0.0114
6500.0000 98.1424 0.0111
6505.0000 98.0855 0.0112
6510.0000 98.0987 0.0107
6515.0000 98.0926 0.0113
6520.0000 98.1126 0.0104
6525.0000 98.0910 0.0103
6530.0000 98.0864 0.0105
6535.0000 98.1204 0.0108
6540.0000 98.0787 0.0115
6545.0000 98.0081 0.0111
6550.0000 98.0266 0.0115
6555.0000 98.0320 0.0116
6560.0000 98.0172 0.0123
6565.0000 98.0410 0.0119
6570.0000 98.0492 0.0111
6575.0000 98.0268 0.0115
6580.0000 98.0225 0.0108
6585.0000 97.9306 0.0104
6590.0000 97.9863 0.0105
6595.0000 98.0124 0.0108
6600.0000 97.9824 0.0106
6605.0000 98.0024 0.0113
6610.0000 97.9862 0.0111
6615.0000 98.0448 0.0114
6620.0000 98.0494 0.0118
6625.0000 98.1095 0.0116
6630.0000 98.1114 0.0107
6635.0000 98.0761 0.0106
6640.0000 98.0603 0.0105
6645.0000 98.0606 0.0101
6650.0000 98.0789 0.0107
6655.0000 98.1220 0.0101
6660.0000 98.0801 0.0106
6665.0000 98.0088 0.0109
6670.0000 97.9505 0.0105
6675.0000 98.0007 0.0103
6680.0000 97.9791 0.0109
6685.0000 98.0054 0.0110
6690.0000 98.0133 0.0109
6695.0000 98.0067 0.0106
6700.0000 98.0439 0.0109
6705.0000 98.0245 0.0104
6710.0000 98.0405 0.0106
6715.0000 98.1199 0.0099
6720.0000 98.0595 0.0105
6725.0000 98.0380 0.0099
6730.0000 98.0780 0.0111
6735.0000 98.1010 0.0112
6740.0000 98.1601 0.0111
6745.0000 98.0917 0.0114
6750.0000 98.1587 0.0112
6755.0000 98.1576 0.0127
6760.0000 98.2000 0.0123
6765.0000 98.2403 0.0121
6770.0000 98.2007 0.0120
6775.0000 98.1526 0.0110
6780.0000 98.1452 0.0114
6785.0000 98.1246 0.0114
6790.0000 98.1159 0.0112
6795.0000 98.1605 0.0115
6800.0000 98.1966 0.0111
6805.0000 98.2309 0.0107
6810.0000 98.2191 0.0107
6815.0000 98.2574 0.0113
6820.0000 98.2777 0.0110
6825.0000 98.2143 0.0107
6830.0000 98.2347 0.0113
6835.0000 98.2369 0.0111
6840.0000 98.2501 0.0118
6845.0000 98.2482 0.0124
6850.0000 98.2688 0.0124
6855.0000 98.2951 0.0123
6860.0000 98.2993 0.0123
6865.0000 98.3147 0.0118
6870.0000 98.3708 0.0112
6875.0000 98.3812 0.0118
6880.0000 98.3744 0.0120
6885.0000 98.3931 0.0122
6890.0000 98.4185 0.0110
6895.0000 98.4354 0.0111
6900.0000 98.4945 0.0106
6905.0000 98.5181 0.0110
6910.0000 98.4943 0.0109
6915.0000 98.5290 0.0107
6920.0000 98.5461 0.0106
6925.0000 98.5634 0.0108
6930.0000 98.5919 0.0107
6935.0000 98.6167 0.0103
6940.0000 98.6034 0.0106
6945.0000 98.6374 0.0099
6950.0000 98.6197 0.0100
6955.0000 98.6073 0.0105
6960.0000 98.5585 0.0109
6965.0000 98.5491 0.0104
6970.0000 98.5303 0.0107
6975.0000 98.5173 0.0108
6980.0000 98.4878 0.0108
6985.0000 98.5393 0.0110
6990.0000 98.5492 0.0110
6995.0000 98.5762 0.0111
7000.0000 98.5165 0.0112
7005.0000 98.5204 0.0114
7010.0000 98.5565 0.0106
7015.0000 98.5029 0.0116
7020.0000 98.5471 0.0109
7025.0000 98.5368 0.0116
7030.0000 98.5802 0.0108
7035.0000 98.6024 0.0100
7040.0000 98.5397 0.0107
7045.0000 98.5195 0.0116
7050.0000 98.5849 0.0103
7055.0000 98.6154 0.0094
7060.0000 98.6093 0.0097
7065.0000 98.5455 0.0106
7070.0000 98.5788 0.0101
7075.0000 98.6186 0.0101
7080.0000 98.5968 0.0106
7085.0000 98.6176 0.0100
7090.0000 98.5952 0.0098
7095.0000 98.5943 0.0099
7100.0000 98.5995 0.0102
7105.0000 98.6271 0.0097
7110.0000 98.6388 0.0098
7115.0000 98.6607 0.0093
7120.0000 98.6047 0.0097
7125.0000 98.5589 0.0097
7130.0000 98.5526 0.0098
7135.0000 98.4766 0.0097
7140.0000 98.4580 0.0095
7145.0000 98.4304 0.0095
7150.0000 98.4251 0.0098
7155.0000 98.4287 0.0098
7160.0000 98.3957 0.0104
7165.0000 98.4153 0.0103
7170.0000 98.3921 0.0102
7175.0000 98.4310 0.0102
7180.0000 98.4373 0.0104
7185.0000 98.4000 0.0106
7190.0000 98.4180 0.0103
7195.0000 98.4237 0.0112
7200.0000 98.3935 0.0107
7205.0000 98.3810 0.0115
7210.0000 98.3684 0.0115
7215.0000 98.3539 0.0115
7220.0000 98.2909 0.0113
7225.0000 98.3331 0.0105
7230.0000 98.3186 0.0107
7235.0000 98.3521 0.0109
7240.0000 98.3466 0.0107
7245.0000 98.3939 0.0112
7250.0000 98.3528 0.0111
7255.0000 98.3847 0.0112
7260.0000 98.4438 0.0109
7265.0000 98.4563 0.0114
7270.0000 98.4993 0.0104
7275.0000 98.4820 0.0108
7280.0000 98.5319 0.0098
7285.0000 98.5271 0.0097
7290.0000 98.5227 0.0102
7295.0000 98.5088 0.0101
7300.0000 98.5363 0.0101
7305.0000 98.5467 0.0098
7310.0000 98.5333 0.0098
7315.0000 98.5618 0.0091
7320.0000 98.5504 0.0098
7325.0000 98.5411 0.0090
7330.0000 98.5329 0.0096
7335.0000 98.6074 0.0092
7340.0000 98.5970 0.0098
7345.0000 98.5591 0.0098
7350.0000 98.5577 0.0099
7355.0000 98.5762 0.0091
7360.0000 98.5657 0.0097
7365.0000 98.5778 0.0098
7370.0000 98.5494 0.0103
7375.0000 98.5816 0.0097
7380.0000 98.5997 0.0091
7385.0000 98.5923 0.0094
7390.0000 98.5085 0.0105
7395.0000 98.5247 0.0100
7400.0000 98.4521 0.0110
7405.0000 98.4855 0.0110
7410.0000 98.5110 0.0100
7415.0000 98.4558 0.0102
7420.0000 98.4223 0.0101
7425.0000 98.4186 0.0097
7430.0000 98.3881 0.0098
7435.0000 98.4513 0.0093
7440.0000 98.4117 0.0094
7445.0000 98.4431 0.0093
7450.0000 98.4477 0.0094
7455.0000 98.4362 0.0102
7460.0000 98.4550 0.0103
7465.0000 98.3717 0.0110
7470.0000 98.4018 0.0111
7475.0000 98.4102 0.0107
7480.0000 98.5095 0.0095
7485.0000 98.4869 0.0102
7490.0000 98.5414 0.0092
7495.0000 98.5986 0.0083
7500.0000 98.5818 0.0088
7505.0000 98.5984 0.0083
7510.0000 98.6134 0.0083
7515.0000 98.5873 0.0092
7520.0000 98.6087 0.0085
7525.0000 98.6769 0.0075
7530.0000 98.6570 0.0080
7535.0000 98.6499 0.0086
7540.0000 98.6886 0.0080
7545.0000 98.6542 0.0086
7550.0000 98.7027 0.0079
7555.0000 98.7485 0.0073
7560.0000 98.7815 0.0068
7565.0000 98.7787 0.0071
7570.0000 98.7948 0.0067
7575.0000 98.7928 0.0067
7580.0000 98.7793 0.0069
7585.0000 98.7906 0.0073
7590.0000 98.7817 0.0072
7595.0000 98.7880 0.0072
7600.0000 98.8053 0.0072
7605.0000 98.7877 0.0072
7610.0000 98.7835 0.0073
7615.0000 98.7758 0.0075
7620.0000 98.7524 0.0077
7625.0000 98.7275 0.0082
7630.0000 98.7738 0.0073
7635.0000 98.7728 0.0070
7640.0000 98.7758 0.0069
7645.0000 98.7939 0.0065
7650.0000 98.7730 0.0069
7655.0000 98.7663 0.0075
7660.0000 98.7989 0.0072
7665.0000 98.8046 0.0070
7670.0000 98.7652 0.0075
7675.0000 98.7871 0.0071
7680.0000 98.7822 0.0074
7685.0000 98.7369 0.0077
7690.0000 98.7283 0.0076
7695.0000 98.7389 0.0072
7700.0000 98.7185 0.0077
7705.0000 98.7209 0.0077
7710.0000 98.7146 0.0079
7715.0000 98.7245 0.0076
7720.0000 98.6565 0.0089
7725.0000 98.6309 0.0086
7730.0000 98.6737 0.0084
7735.0000 98.6694 0.0086
7740.0000 98.6729 0.0090
7745.0000 98.6988 0.0084
7750.0000 98.7166 0.0082
7755.0000 98.7336 0.0080
7760.0000 98.7265 0.0079
7765.0000 98.7406 0.0072
7770.0000 98.7453 0.0076
7775.0000 98.6916 0.0083
7780.0000 98.6807 0.0085
7785.0000 98.7011 0.0083
7790.0000 98.7176 0.0081
7795.0000 98.7090 0.0079
7800.0000 98.6829 0.0084
7805.0000 98.6711 0.0084
7810.0000 98.6762 0.0083
7815.0000 98.6830 0.0080
7820.0000 98.6693 0.0084
7825.0000 98.6810 0.0082
7830.0000 98.6940 0.0079
7835.0000 98.6644 0.0083
7840.0000 98.6783 0.0080
7845.0000 98.6892 0.0080
7850.0000 98.6706 0.0080
7855.0000 98.6644 0.0083
7860.0000 98.6343 0.0082
7865.0000 98.6274 0.0080
7870.0000 98.6283 0.0081
7875.0000 98.5928 0.0085
7880.0000 98.5788 0.0087
7885.0000 98.5940 0.0085
7890.0000 98.5612 0.0092
7895.0000 98.5292 0.0091
7900.0000 98.5367 0.0086
7905.0000 98.5484 0.0084
7910.0000 98.5808 0.0079
7915.0000 98.6357 0.0075
7920.0000 98.6519 0.0082
7925.0000 98.6833 0.0080
7930.0000 98.6494 0.0084
7935.0000 98.6559 0.0084
7940.0000 98.6566 0.0088
7945.0000 98.7221 0.0077
7950.0000 98.6847 0.0086
7955.0000 98.7527 0.0083
7960.0000 98.7741 0.0081
7965.0000 98.8150 0.0073
7970.0000 98.8205 0.0077
7975.0000 98.8466 0.0068
7980.0000 98.8353 0.0069
7985.0000 98.8292 0.0075
7990.0000 98.8220 0.0072
7995.0000 98.7857 0.0077
8000.0000 98.7677 0.0080
8005.0000 98.6537 0.0094
8010.0000 98.6219 0.0098
8015.0000 98.6530 0.0088
8020.0000 98.6079 0.0097
8025.0000 98.5722 0.0102
8030.0000 98.5649 0.0095
8035.0000 98.5053 0.0104
8040.0000 98.4920 0.0104
8045.0000 98.4314 0.0104
8050.0000 98.4037 0.0109
8055.0000 98.4313 0.0107
8060.0000 98.4339 0.0110
8065.0000 98.3386 0.0114
8070.0000 98.3772 0.0104
8075.0000 98.3589 0.0106
8080.0000 98.3905 0.0103
8085.0000 98.3505 0.0105
8090.0000 98.4551 0.0105
8095.0000 98.4119 0.0108
8100.0000 98.4302 0.0109
8105.0000 98.4349 0.0112
8110.0000 98.4093 0.0115
8115.0000 98.3438 0.0113
8120.0000 98.3444 0.0120
8125.0000 98.3109 0.0111
8130.0000 98.3390 0.0112
8135.0000 98.3381 0.0108
8140.0000 98.3481 0.0112
8145.0000 98.4238 0.0107
8150.0000 98.4718 0.0100
8155.0000 98.4496 0.0111
8160.0000 98.5410 0.0100
8165.0000 98.4979 0.0107
8170.0000 98.5248 0.0105
8175.0000 98.5225 0.0103
8180.0000 98.5995 0.0097
8185.0000 98.6226 0.0097
8190.0000 98.6184 0.0097
8195.0000 98.6623 0.0091
8200.0000 98.7086 0.0085
8205.0000 98.7148 0.0087
8210.0000 98.7274 0.0086
8215.0000 98.7254 0.0082
8220.0000 98.7792 0.0075
8225.0000 98.7720 0.0079
8230.0000 98.7729 0.0072
8235.0000 98.7651 0.0079
8240.0000 98.7960 0.0074
8245.0000 98.8188 0.0070
8250.0000 98.8142 0.0075
8255.0000 98.8118 0.0072
8260.0000 98.8662 0.0064
8265.0000 98.8869 0.0062
8270.0000 98.8652 0.0063
8275.0000 98.8773 0.0062
8280.0000 98.8667 0.0065
8285.0000 98.8849 0.0061
8290.0000 98.8753 0.0064
8295.0000 98.8413 0.0071
8300.0000 98.8309 0.0072
8305.0000 98.8049 0.0078
8310.0000 98.8091 0.0074
8315.0000 98.7888 0.0072
8320.0000 98.7483 0.0078
8325.0000 98.7332 0.0085
8330.0000 98.7317 0.0084
8335.0000 98.7390 0.0085
8340.0000 98.6899 0.0092
8345.0000 98.7098 0.0096
8350.0000 98.6737 0.0095
8355.0000 98.6480 0.0094
8360.0000 98.5973 0.0102
8365.0000 98.6100 0.0100
8370.0000 98.6679 0.0086
8375.0000 98.6115 0.0093
8380.0000 98.5807 0.0096
8385.0000 98.6132 0.0095
8390.0000 98.5733 0.0092
8395.0000 98.5620 0.0100
8400.0000 98.5502 0.0103
8405.0000 98.5705 0.0098
8410.0000 98.5418 0.0105
8415.0000 98.4806 0.0116
8420.0000 98.5000 0.0117
8425.0000 98.5020 0.0113
8430.0000 98.5368 0.0107
8435.0000 98.5364 0.0108
8440.0000 98.5341 0.0109
8445.0000 98.5768 0.0110
8450.0000 98.4584 0.0110
8455.0000 98.4622 0.0106
8460.0000 98.5180 0.0109
8465.0000 98.5216 0.0104
8470.0000 98.4949 0.0112
8475.0000 98.5240 0.0107
8480.0000 98.5337 0.0111
8485.0000 98.5062 0.0114
8490.0000 98.4994 0.0111
8495.0000 98.4790 0.0114
8500.0000 98.4807 0.0113
8505.0000 98.5894 0.0108
8510.0000 98.5732 0.0109
8515.0000 98.6230 0.0103
8520.0000 98.6846 0.0096
8525.0000 98.6461 0.0100
8530.0000 98.6846 0.0096
8535.0000 98.6332 0.0107
8540.0000 98.7381 0.0086
8545.0000 98.7948 0.0082
8550.0000 98.8049 0.0082
8555.0000 98.8045 0.0081
8560.0000 98.8210 0.0083
8565.0000 98.8311 0.0086
8570.0000 98.8474 0.0079
8575.0000 98.8719 0.0074
8580.0000 98.8927 0.0074
8585.0000 98.8574 0.0080
8590.0000 98.8733 0.0075
8595.0000 98.8778 0.0074
8600.0000 98.9143 0.0063
8605.0000 98.8941 0.0066
8610.0000 98.8758 0.0074
8615.0000 98.8791 0.0072
8620.0000 98.9030 0.0065
8625.0000 98.9396 0.0058
8630.0000 98.9454 0.0061
8635.0000 98.9468 0.0058
8640.0000 98.9374 0.0060
8645.0000 98.9386 0.0060
8650.0000 98.9434 0.0060
8655.0000 98.9488 0.0057
8660.0000 98.9414 0.0059
8665.0000 98.9574 0.0058
8670.0000 98.9582 0.0059
8675.0000 98.9508 0.0058
8680.0000 98.9449 0.0059
8685.0000 98.9501 0.0058
8690.0000 98.9304 0.0061
8695.0000 98.9289 0.0060
8700.0000 98.9570 0.0055
8705.0000 98.9714 0.0052
8710.0000 98.9814 0.0052
8715.0000 98.9913 0.0050
8720.0000 98.9801 0.0053
8725.0000 98.9711 0.0055
8730.0000 98.9836 0.0052
8735.0000 98.9768 0.0052
8740.0000 98.9805 0.0053
8745.0000 98.9644 0.0054
8750.0000 98.9587 0.0052
8755.0000 98.9659 0.0051
8760.0000 98.9605 0.0052
8765.0000 98.9361 0.0056
8770.0000 98.9380 0.0055
8775.0000 98.9208 0.0057
8780.0000 98.9091 0.0061
8785.0000 98.9107 0.0060
8790.0000 98.9217 0.0056
8795.0000 98.8642 0.0064
8800.0000 98.8312 0.0069
8805.0000 98.7789 0.0076
8810.0000 98.7787 0.0076
8815.0000 98.7411 0.0081
8820.0000 98.7265 0.0083
8825.0000 98.7184 0.0079
8830.0000 98.6792 0.0084
8835.0000 98.6882 0.0081
8840.0000 98.6725 0.0081
8845.0000 98.6773 0.0083
8850.0000 98.6547 0.0087
8855.0000 98.6524 0.0088
8860.0000 98.6763 0.0084
8865.0000 98.6703 0.0080
8870.0000 98.6741 0.0087
8875.0000 98.7192 0.0085
8880.0000 98.7663 0.0076
8885.0000 98.7889 0.0071
8890.0000 98.7540 0.0079
8895.0000 98.7515 0.0076
8900.0000 98.7539 0.0075
8905.0000 98.7389 0.0077
8910.0000 98.7197 0.0070
8915.0000 98.7077 0.0073
8920.0000 98.7088 0.0075
8925.0000 98.6896 0.0084
8930.0000 98.6688 0.0086
8935.0000 98.6835 0.0082
8940.0000 98.6490 0.0095
8945.0000 98.6054 0.0098
8950.0000 98.5594 0.0098
8955.0000 98.5892 0.0094
8960.0000 98.5804 0.0096
8965.0000 98.5544 0.0095
8970.0000 98.5148 0.0101
8975.0000 98.5154 0.0096
8980.0000 98.5074 0.0101
8985.0000 98.4964 0.0095
8990.0000 98.5008 0.0100
8995.0000 98.4692 0.0108
9000.0000 98.4877 0.0106
9005.0000 98.4805 0.0105
9010.0000 98.4632 0.0108
9015.0000 98.4825 0.0103
9020.0000 98.4584 0.0099
9025.0000 98.3392 0.0101
9030.0000 98.3695 0.0107
9035.0000 98.3668 0.0110
9040.0000 98.3205 0.0111
9045.0000 98.2898 0.0118
9050.0000 98.2630 0.0115
9055.0000 98.2258 0.0110
9060.0000 98.2417 0.0107
9065.0000 98.2190 0.0114
9070.0000 98.2564 0.0109
9075.0000 98.2872 0.0112
9080.0000 98.2282 0.0124
9085.0000 98.1861 0.0119
9090.0000 98.2212 0.0117
9095.0000 98.2563 0.0117
9100.0000 98.3476 0.0106
9105.0000 98.3193 0.0103
9110.0000 98.2989 0.0109
9115.0000 98.2936 0.0103
9120.0000 98.2741 0.0107
9125.0000 98.2004 0.0110
9130.0000 98.2125 0.0116
9135.0000 98.2819 0.0105
9140.0000 98.3157 0.0109
9145.0000 98.2349 0.0112
9150.0000 98.2553 0.0107
9155.0000 98.2951 0.0104
9160.0000 98.3652 0.0098
9165.0000 98.3625 0.0100
9170.0000 98.3520 0.0101
9175.0000 98.4291 0.0099
9180.0000 98.4082 0.0100
9185.0000 98.4307 0.0103
9190.0000 98.4513 0.0098
9195.0000 98.4825 0.0092
9200.0000 98.4911 0.0093
9205.0000 98.5036 0.0096
9210.0000 98.4634 0.0101
9215.0000 98.4876 0.0095
9220.0000 98.4835 0.0095
9225.0000 98.5243 0.0096
9230.0000 98.5360 0.0096
9235.0000 98.5207 0.0095
9240.0000 98.5266 0.0098
9245.0000 98.5249 0.0094
9250.0000 98.4265 0.0100
9255.0000 98.4511 0.0095
9260.0000 98.4936 0.0094
9265.0000 98.4376 0.0102
9270.0000 98.4374 0.0107
9275.0000 98.4504 0.0105
9280.0000 98.4200 0.0112
9285.0000 98.4019 0.0116
9290.0000 98.4606 0.0108
9295.0000 98.4642 0.0098
9300.0000 98.3965 0.0106
9305.0000 98.4347 0.0101
9310.0000 98.4363 0.0102
9315.0000 98.4318 0.0110
9320.0000 98.4333 0.0109
9325.0000 98.3882 0.0106
9330.0000 98.3833 0.0105
9335.0000 98.3897 0.0101
9340.0000 98.3294 0.0110
9345.0000 98.3626 0.0097
9350.0000 98.3804 0.0093
9355.0000 98.4045 0.0095
9360.0000 98.3867 0.0096
9365.0000 98.3600 0.0098
9370.0000 98.3413 0.0103
9375.0000 98.4125 0.0096
9380.0000 98.3966 0.0101
9385.0000 98.3971 0.0100
9390.0000 98.4687 0.0098
9395.0000 98.4439 0.0102
9400.0000 98.4774 0.0094
9405.0000 98.4957 0.0095
9410.0000 98.4842 0.0096
9415.0000 98.4937 0.0098
9420.0000 98.5023 0.0104
9425.0000 98.5291 0.0094
9430.0000 98.5339 0.0098
9435.0000 98.5031 0.0104
9440.0000 98.5003 0.0104
9445.0000 98.4663 0.0108
9450.0000 98.4320 0.0112
9455.0000 98.4394 0.0115
9460.0000 98.4162 0.0114
9465.0000 98.4141 0.0107
9470.0000 98.4481 0.0100
9475.0000 98.4113 0.0109
9480.0000 98.3987 0.0113
9485.0000 98.4104 0.0109
9490.0000 98.3899 0.0112
9495.0000 98.4303 0.0113
9500.0000 98.4427 0.0116
9505.0000 98.4547 0.0114
9510.0000 98.5368 0.0102
9515.0000 98.5258 0.0108
9520.0000 98.6413 0.0097
9525.0000 98.5631 0.0101
9530.0000 98.5614 0.0098
9535.0000 98.6211 0.0098
9540.0000 98.5752 0.0107
9545.0000 98.6303 0.0099
9550.0000 98.6800 0.0091
9555.0000 98.6535 0.0098
9560.0000 98.6400 0.0097
9565.0000 98.6291 0.0101
9570.0000 98.6351 0.0095
9575.0000 98.6670 0.0096
9580.0000 98.6906 0.0091
9585.0000 98.7075 0.0089
9590.0000 98.7063 0.0091
9595.0000 98.6691 0.0093
9600.0000 98.6500 0.0091
9605.0000 98.6608 0.0092
9610.0000 98.6235 0.0094
9615.0000 98.6282 0.0093
9620.0000 98.6396 0.0096
9625.0000 98.6430 0.0095
9630.0000 98.6217 0.0096
9635.0000 98.6403 0.0092
9640.0000 98.6551 0.0091
9645.0000 98.6231 0.0096
9650.0000 98.5790 0.0103
9655.0000 98.5720 0.0098
9660.0000 98.5462 0.0098
9665.0000 98.5108 0.0100
9670.0000 98.5583 0.0092
9675.0000 98.4786 0.0104
9680.0000 98.4654 0.0101
9685.0000 98.4210 0.0103
9690.0000 98.4259 0.0111
9695.0000 98.4356 0.0104
9700.0000 98.4904 0.0100
9705.0000 98.4873 0.0107
9710.0000 98.4719 0.0109
9715.0000 98.5116 0.0105
9720.0000 98.4965 0.0103
9725.0000 98.5476 0.0101
9730.0000 98.5550 0.0095
9735.0000 98.5493 0.0104
9740.0000 98.5491 0.0100
9745.0000 98.5984 0.0098
9750.0000 98.5742 0.0102
9755.0000 98.5618 0.0107
9760.0000 98.5987 0.0101
9765.0000 98.5844 0.0102
9770.0000 98.5739 0.0107
9775.0000 98.5645 0.0106
9780.0000 98.6210 0.0100
9785.0000 98.6921 0.0088
9790.0000 98.7194 0.0084
9795.0000 98.7141 0.0085
9800.0000 98.7242 0.0083
9805.0000 98.7444 0.0084
9810.0000 98.7203 0.0081
9815.0000 98.6956 0.0082
9820.0000 98.7418 0.0077
9825.0000 98.7208 0.0082
9830.0000 98.7382 0.0077
9835.0000 98.7193 0.0083
9840.0000 98.7777 0.0079
9845.0000 98.7918 0.0075
9850.0000 98.8046 0.0071
9855.0000 98.7969 0.0069
9860.0000 98.8165 0.0069
9865.0000 98.8051 0.0075
9870.0000 98.7667 0.0077
9875.0000 98.7385 0.0076
9880.0000 98.7091 0.0082
9885.0000 98.6716 0.0087
9890.0000 98.6464 0.0087
9895.0000 98.6121 0.0091
9900.0000 98.6011 0.0093
9905.0000 98.6125 0.0093
9910.0000 98.6117 0.0095
9915.0000 98.5945 0.0100
9920.0000 98.6155 0.0095
9925.0000 98.6120 0.0097
9930.0000 98.5610 0.0103
9935.0000 98.5777 0.0101
9940.0000 98.6293 0.0094
9945.0000 98.6550 0.0088
9950.0000 98.6374 0.0092
9955.0000 98.6419 0.0091
9960.0000 98.6127 0.0097
9965.0000 98.5947 0.0096
9970.0000 98.5845 0.0096
9975.0000 98.6050 0.0099
9980.0000 98.6499 0.0096
9985.0000 98.6867 0.0088
9990.0000 98.6622 0.0094
9995.0000 98.6749 0.0092
10000.0000 98.6366 0.0094
10005.0000 98.6021 0.0095
10010.0000 98.5983 0.0096
10015.0000 98.5891 0.0096
10020.0000 98.6120 0.0101
10025.0000 98.5800 0.0106
10030.0000 98.5536 0.0109
10035.0000 98.5189 0.0108
10040.0000 98.5402 0.0102
10045.0000 98.4706 0.0102
10050.0000 98.5103 0.0103
10055.0000 98.4729 0.0113
10060.0000 98.5299 0.0101
10065.0000 98.4474 0.0111
10070.0000 98.4385 0.0111
10075.0000 98.4042 0.0110
10080.0000 98.4217 0.0108
10085.0000 98.3498 0.0111
10090.0000 98.3885 0.0102
10095.0000 98.3959 0.0104
10100.0000 98.4532 0.0108
10105.0000 98.4315 0.0104
10110.0000 98.3622 0.0112
10115.0000 98.3515 0.0108
10120.0000 98.4010 0.0105
10125.0000 98.4130 0.0104
10130.0000 98.3871 0.0112
10135.0000 98.4353 0.0103
10140.0000 98.4364 0.0108
10145.0000 98.4253 0.0112
10150.0000 98.3972 0.0107
10155.0000 98.4132 0.0101
10160.0000 98.4011 0.0102
10165.0000 98.3273 0.0114
10170.0000 98.2924 0.0111
10175.0000 98.2685 0.0111
10180.0000 98.3069 0.0115
10185.0000 98.3008 0.0114
10190.0000 98.2875 0.0111
10195.0000 98.3101 0.0105
10200.0000 98.3391 0.0105
10205.0000 98.3666 0.0110
10210.0000 98.3339 0.0117
10215.0000 98.3808 0.0117
10220.0000 98.3710 0.0113
10225.0000 98.3557 0.0110
10230.0000 98.3626 0.0117
10235.0000 98.3786 0.0109
10240.0000 98.4572 0.0116
10245.0000 98.4530 0.0113
10250.0000 98.4805 0.0109
10255.0000 98.4644 0.0111
10260.0000 98.4729 0.0109
10265.0000 98.4942 0.0106
10270.0000 98.4985 0.0106
10275.0000 98.5502 0.0103
10280.0000 98.5830 0.0103
10285.0000 98.5190 0.0109
10290.0000 98.5301 0.0112
10295.0000 98.5596 0.0104
10300.0000 98.5846 0.0097
10305.0000 98.6348 0.0089
10310.0000 98.6058 0.0091
10315.0000 98.6094 0.0094
10320.0000 98.6193 0.0096
10325.0000 98.6286 0.0093
10330.0000 98.6264 0.0092
10335.0000 98.5865 0.0092
10340.0000 98.6028 0.0089
10345.0000 98.6198 0.0092
10350.0000 98.6032 0.0093
10355.0000 98.5982 0.0100
10360.0000 98.5801 0.0100
10365.0000 98.5439 0.0110
10370.0000 98.5772 0.0105
10375.0000 98.5843 0.0105
10380.0000 98.5804 0.0104
10385.0000 98.6016 0.0099
10390.0000 98.6239 0.0099
10395.0000 98.6323 0.0098
10400.0000 98.6478 0.0102
10405.0000 98.7057 0.0093
10410.0000 98.7152 0.0086
10415.0000 98.7198 0.0091
10420.0000 98.7340 0.0088
10425.0000 98.6825 0.0093
10430.0000 98.7176 0.0092
10435.0000 98.6676 0.0096
10440.0000 98.7078 0.0092
10445.0000 98.7606 0.0081
10450.0000 98.7723 0.0078
10455.0000 98.7682 0.0075
10460.0000 98.7948 0.0073
10465.0000 98.7835 0.0078
10470.0000 98.7805 0.0078
10475.0000 98.7740 0.0080
10480.0000 98.8167 0.0074
10485.0000 98.8076 0.0072
10490.0000 98.8102 0.0073
10495.0000 98.8064 0.0073
10500.0000 98.7785 0.0080
10505.0000 98.7689 0.0083
10510.0000 98.7949 0.0075
10515.0000 98.7988 0.0075
10520.0000 98.7936 0.0077
10525.0000 98.8107 0.0071
10530.0000 98.8289 0.0071
10535.0000 98.8418 0.0067
10540.0000 98.8152 0.0074
10545.0000 98.7844 0.0080
10550.0000 98.7995 0.0071
10555.0000 98.7917 0.0073
10560.0000 98.7770 0.0075
10565.0000 98.7766 0.0075
10570.0000 98.7882 0.0078
10575.0000 98.7870 0.0076
10580.0000 98.7657 0.0075
10585.0000 98.7098 0.0085
10590.0000 98.6889 0.0085
10595.0000 98.6941 0.0083
10600.0000 98.6877 0.0081
10605.0000 98.6981 0.0082
10610.0000 98.6886 0.0080
10615.0000 98.7041 0.0082
10620.0000 98.6435 0.0089
10625.0000 98.5775 0.0099
10630.0000 98.6155 0.0090
10635.0000 98.6200 0.0090
10640.0000 98.6020 0.0097
10645.0000 98.6092 0.0092
10650.0000 98.6211 0.0091
10655.0000 98.6434 0.0091
10660.0000 98.6140 0.0090
10665.0000 98.5567 0.0098
10670.0000 98.5563 0.0104
10675.0000 98.4929 0.0107
10680.0000 98.5281 0.0101
10685.0000 98.5225 0.0093
10690.0000 98.5377 0.0096
10695.0000 98.5591 0.0096
10700.0000 98.5669 0.0092
10705.0000 98.5497 0.0095
10710.0000 98.5442 0.0094
10715.0000 98.5734 0.0090
10720.0000 98.6113 0.0086
10725.0000 98.6296 0.0088
10730.0000 98.6530 0.0083
10735.0000 98.6504 0.0082
10740.0000 98.6218 0.0087
10745.0000 98.6172 0.0082
10750.0000 98.6223 0.0084
10755.0000 98.6468 0.0082
10760.0000 98.6816 0.0083
10765.0000 98.6914 0.0082
10770.0000 98.6713 0.0081
10775.0000 98.6500 0.0081
10780.0000 98.6578 0.0080
10785.0000 98.7054 0.0074
10790.0000 98.7256 0.0072
10795.0000 98.7378 0.0075
10800.0000 98.7469 0.0073
10805.0000 98.7073 0.0081
10810.0000 98.7524 0.0078
10815.0000 98.7571 0.0078
10820.0000 98.7584 0.0078
10825.0000 98.7904 0.0075
10830.0000 98.7981 0.0071
10835.0000 98.8140 0.0072
10840.0000 98.7937 0.0078
10845.0000 98.8049 0.0074
10850.0000 98.8099 0.0075
10855.0000 98.7369 0.0084
10860.0000 98.7076 0.0088
10865.0000 98.7114 0.0083
10870.0000 98.6886 0.0090
10875.0000 98.6708 0.0095
10880.0000 98.6953 0.0088
10885.0000 98.6731 0.0093
10890.0000 98.6770 0.0089
10895.0000 98.6762 0.0089
10900.0000 98.6171 0.0094
10905.0000 98.6037 0.0095
10910.0000 98.5030 0.0104
10915.0000 98.4737 0.0112
10920.0000 98.4448 0.0103
10925.0000 98.4714 0.0108
10930.0000 98.4986 0.0107
10935.0000 98.5380 0.0100
10940.0000 98.5415 0.0098
10945.0000 98.5606 0.0098
10950.0000 98.5561 0.0103
10955.0000 98.5158 0.0108
10960.0000 98.5797 0.0100
10965.0000 98.5666 0.0098
10970.0000 98.4957 0.0115
10975.0000 98.4607 0.0110
10980.0000 98.4564 0.0106
10985.0000 98.4799 0.0099
10990.0000 98.5265 0.0100
10995.0000 98.5394 0.0104
11000.0000 98.5458 0.0095
11005.0000 98.5072 0.0105
11010.0000 98.4541 0.0112
11015.0000 98.4657 0.0115
11020.0000 98.4776 0.0110
11025.0000 98.4751 0.0108
11030.0000 98.4744 0.0113
11035.0000 98.4876 0.0107
11040.0000 98.5057 0.0107
11045.0000 98.4684 0.0103
11050.0000 98.5059 0.0108
11055.0000 98.5484 0.0099
11060.0000 98.5211 0.0096
11065.0000 98.4881 0.0106
11070.0000 98.5207 0.0103
11075.0000 98.5621 0.0098
11080.0000 98.6240 0.0089
11085.0000 98.5958 0.0094
11090.0000 98.5842 0.0095
11095.0000 98.6314 0.0098
11100.0000 98.6834 0.0091
11105.0000 98.7036 0.0092
11110.0000 98.6913 0.0086
11115.0000 98.6900 0.0086
11120.0000 98.6575 0.0088
11125.0000 98.6760 0.0086
11130.0000 98.6659 0.0085
11135.0000 98.6139 0.0092
11140.0000 98.5893 0.0092
11145.0000 98.6092 0.0090
11150.0000 98.5996 0.0090
11155.0000 98.5655 0.0090
11160.0000 98.5573 0.0091
11165.0000 98.5360 0.0091
11170.0000 98.5501 0.0097
11175.0000 98.5380 0.0095
11180.0000 98.5436 0.0096
11185.0000 98.5357 0.0095
11190.0000 98.6257 0.0087
11195.0000 98.5511 0.0097
11200.0000 98.5899 0.0092
11205.0000 98.5765 0.0097
11210.0000 98.5905 0.0095
11215.0000 98.5370 0.0098
11220.0000 98.5680 0.0096
11225.0000 98.5777 0.0097
11230.0000 98.5765 0.0101
11235.0000 98.5206 0.0104
11240.0000 98.5173 0.0105
11245.0000 98.5017 0.0107
11250.0000 98.4443 0.0108
11255.0000 98.4768 0.0104
11260.0000 98.5186 0.0098
11265.0000 98.4964 0.0094
11270.0000 98.5136 0.0101
11275.0000 98.5196 0.0101
11280.0000 98.4600 0.0102
11285.0000 98.4931 0.0104
11290.0000 98.4681 0.0113
11295.0000 98.5408 0.0104
11300.0000 98.5452 0.0104
11305.0000 98.5649 0.0098
11310.0000 98.5612 0.0097
11315.0000 98.5731 0.0100
11320.0000 98.5529 0.0106
11325.0000 98.5760 0.0110
11330.0000 98.6030 0.0100
11335.0000 98.5050 0.0110
11340.0000 98.5140 0.0114
11345.0000 98.5908 0.0101
11350.0000 98.6100 0.0104
11355.0000 98.5577 0.0108
11360.0000 98.5204 0.0112
11365.0000 98.5509 0.0113
11370.0000 98.5301 0.0112
11375.0000 98.5449 0.0108
11380.0000 98.5500 0.0105
11385.0000 98.5736 0.0100
11390.0000 98.5881 0.0100
11395.0000 98.6097 0.0097
11400.0000 98.5902 0.0098
11405.0000 98.5551 0.0100
11410.0000 98.5913 0.0096
11415.0000 98.5820 0.0100
11420.0000 98.5466 0.0101
11425.0000 98.5902 0.0095
11430.0000 98.6347 0.0093
11435.0000 98.5817 0.0093
11440.0000 98.5634 0.0094
11445.0000 98.5768 0.0092
11450.0000 98.5328 0.0108
11455.0000 98.5647 0.0103
11460.0000 98.5390 0.0103
11465.0000 98.5372 0.0109
11470.0000 98.5684 0.0100
11475.0000 98.5576 0.0107
11480.0000 98.5535 0.0116
11485.0000 98.5763 0.0114
11490.0000 98.6043 0.0098
11495.0000 98.5254 0.0105
11500.0000 98.5124 0.0105
11505.0000 98.6126 0.0101
11510.0000 98.6300 0.0094
11515.0000 98.6478 0.0094
11520.0000 98.6914 0.0089
11525.0000 98.6646 0.0091
11530.0000 98.6838 0.0086
11535.0000 98.6890 0.0085
11540.0000 98.6807 0.0090
11545.0000 98.6882 0.0085
11550.0000 98.7201 0.0078
11555.0000 98.7484 0.0076
11560.0000 98.7459 0.0076
11565.0000 98.7471 0.0074
11570.0000 98.7282 0.0076
11575.0000 98.7567 0.0071
11580.0000 98.7320 0.0077
11585.0000 98.7481 0.0076
11590.0000 98.7260 0.0083
11595.0000 98.6788 0.0086
11600.0000 98.6447 0.0089
11605.0000 98.6323 0.0086
11610.0000 98.6271 0.0091
11615.0000 98.5501 0.0099
11620.0000 98.5440 0.0103
11625.0000 98.4533 0.0111
11630.0000 98.4746 0.0112
11635.0000 98.4285 0.0111
11640.0000 98.4530 0.0108
11645.0000 98.4901 0.0108
11650.0000 98.4267 0.0110
11655.0000 98.4515 0.0109
11660.0000 98.4626 0.0113
11665.0000 98.5447 0.0105
11670.0000 98.5676 0.0099
11675.0000 98.5772 0.0099
11680.0000 98.5607 0.0100
11685.0000 98.6128 0.0094
11690.0000 98.5941 0.0094
11695.0000 98.6565 0.0091
11700.0000 98.6495 0.0095
11705.0000 98.7046 0.0091
11710.0000 98.6909 0.0090
11715.0000 98.6879 0.0090
11720.0000 98.7358 0.0086
11725.0000 98.7161 0.0086
11730.0000 98.7142 0.0083
11735.0000 98.7067 0.0083
11740.0000 98.7383 0.0077
11745.0000 98.7488 0.0075
11750.0000 98.7197 0.0081
11755.0000 98.7283 0.0077
11760.0000 98.7246 0.0079
11765.0000 98.7645 0.0074
11770.0000 98.7347 0.0088
11775.0000 98.7812 0.0075
11780.0000 98.7706 0.0072
11785.0000 98.7838 0.0077
11790.0000 98.7653 0.0081
11795.0000 98.7456 0.0082
11800.0000 98.7470 0.0081
11805.0000 98.7149 0.0085
11810.0000 98.6859 0.0083
11815.0000 98.6720 0.0083
11820.0000 98.6744 0.0083
11825.0000 98.6331 0.0090
11830.0000 98.6226 0.0090
11835.0000 98.6631 0.0087
11840.0000 98.6273 0.0094
11845.0000 98.6460 0.0088
11850.0000 98.6291 0.0097
11855.0000 98.6620 0.0090
11860.0000 98.5959 0.0098
11865.0000 98.6076 0.0100
11870.0000 98.5533 0.0099
11875.0000 98.5810 0.0093
11880.0000 98.6435 0.0089
11885.0000 98.6211 0.0093
11890.0000 98.6145 0.0088
11895.0000 98.5807 0.0096
11900.0000 98.5635 0.0092
11905.0000 98.5383 0.0101
11910.0000 98.5249 0.0098
11915.0000 98.5031 0.0101
11920.0000 98.5064 0.0102
11925.0000 98.5154 0.0102
11930.0000 98.5542 0.0097
11935.0000 98.4712 0.0102
11940.0000 98.5706 0.0092
11945.0000 98.5705 0.0093
11950.0000 98.5577 0.0093
11955.0000 98.5005 0.0098
11960.0000 98.5048 0.0095
11965.0000 98.5250 0.0095
11970.0000 98.5518 0.0101
11975.0000 98.5606 0.0095
11980.0000 98.5422 0.0096
11985.0000 98.5520 0.0096
11990.0000 98.5843 0.0096
11995.0000 98.5731 0.0094
12000.0000 98.5711 0.0101
12005.0000 98.6323 0.0096
12010.0000 98.6321 0.0085
12015.0000 98.6084 0.0089
12020.0000 98.5842 0.0095
12025.0000 98.5946 0.0094
12030.0000 98.6463 0.0086
12035.0000 98.6402 0.0090
12040.0000 98.6524 0.0087
12045.0000 98.6477 0.0085
12050.0000 98.6696 0.0085
12055.0000 98.6898 0.0085
12060.0000 98.6899 0.0089
12065.0000 98.6119 0.0097
12070.0000 98.6432 0.0094
12075.0000 98.6735 0.0088
12080.0000 98.6678 0.0089
12085.0000 98.6920 0.0087
12090.0000 98.7270 0.0079
12095.0000 98.7048 0.0081
12100.0000 98.6897 0.0085
12105.0000 98.6682 0.0086
12110.0000 98.6918 0.0083
12115.0000 98.6578 0.0088
12120.0000 98.6642 0.0084
12125.0000 98.6507 0.0082
12130.0000 98.6789 0.0084
12135.0000 98.6686 0.0088
12140.0000 98.6696 0.0087
12145.0000 98.6534 0.0092
12150.0000 98.6344 0.0089
12155.0000 98.5937 0.0084
12160.0000 98.5675 0.0094
12165.0000 98.5865 0.0095
12170.0000 98.6288 0.0089
12175.0000 98.6149 0.0093
12180.0000 98.6952 0.0086
12185.0000 98.6625 0.0089
12190.0000 98.6799 0.0099
12195.0000 98.7138 0.0095
12200.0000 98.7702 0.0086
12205.0000 98.7511 0.0096
12210.0000 98.6917 0.0105
12215.0000 98.6629 0.0106
12220.0000 98.6737 0.0104
12225.0000 98.6925 0.0099
12230.0000 98.6936 0.0100
12235.0000 98.7592 0.0082
12240.0000 98.7218 0.0089
12245.0000 98.7136 0.0086
12250.0000 98.7133 0.0085
12255.0000 98.7476 0.0080
12260.0000 98.7606 0.0086
12265.0000 98.7842 0.0084
12270.0000 98.8185 0.0081
12275.0000 98.8439 0.0082
12280.0000 98.8353 0.0086
12285.0000 98.7928 0.0091
12290.0000 98.8213 0.0087
12295.0000 98.7924 0.0084
12300.0000 98.7747 0.0084
12305.0000 98.8147 0.0077
12310.0000 98.8239 0.0076
12315.0000 98.8330 0.0078
12320.0000 98.8291 0.0076
12325.0000 98.8317 0.0077
12330.0000 98.8567 0.0074
12335.0000 98.8618 0.0068
12340.0000 98.8582 0.0071
12345.0000 98.8506 0.0066
12350.0000 98.8626 0.0068
12355.0000 98.9000 0.0065
12360.0000 98.9032 0.0060
12365.0000 98.8478 0.0072
12370.0000 98.8353 0.0073
12375.0000 98.8021 0.0081
12380.0000 98.8212 0.0077
12385.0000 98.7731 0.0088
12390.0000 98.7740 0.0086
12395.0000 98.7700 0.0081
12400.0000 98.7788 0.0083
12405.0000 98.7885 0.0081
12410.0000 98.7385 0.0084
12415.0000 98.7497 0.0087
12420.0000 98.7063 0.0089
12425.0000 98.6487 0.0099
12430.0000 98.7001 0.0092
12435.0000 98.6851 0.0094
12440.0000 98.6878 0.0096
12445.0000 98.6942 0.0098
12450.0000 98.7617 0.0086
12455.0000 98.7688 0.0093
12460.0000 98.7964 0.0085
12465.0000 98.7904 0.0086
12470.0000 98.7439 0.0094
12475.0000 98.7453 0.0091
12480.0000 98.7586 0.0088
12485.0000 98.7801 0.0083
12490.0000 98.7892 0.0080
12495.0000 98.8260 0.0076
12500.0000 98.7874 0.0085
12505.0000 98.8153 0.0080
12510.0000 98.7955 0.0083
12515.0000 98.8269 0.0082
12520.0000 98.8346 0.0077
12525.0000 98.8212 0.0079
12530.0000 98.8429 0.0078
12535.0000 98.8450 0.0080
12540.0000 98.8618 0.0082
12545.0000 98.8801 0.0074
12550.0000 98.8676 0.0075
12555.0000 98.8529 0.0077
12560.0000 98.8459 0.0072
12565.0000 98.8522 0.0071
12570.0000 98.8291 0.0076
12575.0000 98.8154 0.0075
12580.0000 98.8295 0.0079
12585.0000 98.8296 0.0078
12590.0000 98.8022 0.0082
12595.0000 98.8037 0.0082
12600.0000 98.7849 0.0081
12605.0000 98.8194 0.0071
12610.0000 98.7978 0.0074
12615.0000 98.7858 0.0077
12620.0000 98.7544 0.0079
12625.0000 98.7559 0.0083
12630.0000 98.7035 0.0093
12635.0000 98.6777 0.0098
12640.0000 98.6810 0.0095
12645.0000 98.6758 0.0097
12650.0000 98.6320 0.0099
12655.0000 98.6575 0.0099
12660.0000 98.7195 0.0092
12665.0000 98.6759 0.0099
12670.0000 98.6945 0.0089
12675.0000 98.6770 0.0089
12680.0000 98.6946 0.0085
12685.0000 98.6926 0.0082
12690.0000 98.7182 0.0082
12695.0000 98.6919 0.0081
12700.0000 98.6626 0.0085
12705.0000 98.6889 0.0082
12710.0000 98.6660 0.0082
12715.0000 98.6871 0.0087
12720.0000 98.7260 0.0081
12725.0000 98.7456 0.0078
12730.0000 98.8069 0.0072
12735.0000 98.8159 0.0069
12740.0000 98.8421 0.0070
12745.0000 98.8598 0.0069
12750.0000 98.8205 0.0072
12755.0000 98.8519 0.0065
12760.0000 98.8152 0.0070
12765.0000 98.8069 0.0073
12770.0000 98.8161 0.0070
12775.0000 98.7971 0.0071
12780.0000 98.7697 0.0076
12785.0000 98.7416 0.0078
12790.0000 98.7608 0.0078
12795.0000 98.7693 0.0074
12800.0000 98.7468 0.0072
12805.0000 98.7631 0.0068
12810.0000 98.7604 0.0071
12815.0000 98.7474 0.0071
12820.0000 98.7458 0.0072
12825.0000 98.7178 0.0075
12830.0000 98.7470 0.0072
12835.0000 98.7513 0.0070
12840.0000 98.6994 0.0078
12845.0000 98.7385 0.0076
12850.0000 98.7091 0.0078
12855.0000 98.7204 0.0076
12860.0000 98.6808 0.0090
12865.0000 98.6848 0.0089
12870.0000 98.6186 0.0093
12875.0000 98.6202 0.0090
12880.0000 98.6286 0.0088
12885.0000 98.6013 0.0096
12890.0000 98.5573 0.0099
12895.0000 98.5947 0.0091
12900.0000 98.5769 0.0097
12905.0000 98.5880 0.0099
12910.0000 98.5854 0.0099
12915.0000 98.5787 0.0106
12920.0000 98.6063 0.0102
12925.0000 98.5617 0.0106
12930.0000 98.6039 0.0100
12935.0000 98.6165 0.0099
12940.0000 98.6425 0.0100
12945.0000 98.6602 0.0094
12950.0000 98.6950 0.0095
12955.0000 98.7202 0.0094
12960.0000 98.7311 0.0092
12965.0000 98.7284 0.0088
12970.0000 98.7304 0.0094
12975.0000 98.7414 0.0086
12980.0000 98.7735 0.0088
12985.0000 98.7629 0.0083
12990.0000 98.8116 0.0075
12995.0000 98.8078 0.0081
13000.0000 98.7899 0.0087
13005.0000 98.7852 0.0086
13010.0000 98.7991 0.0079
13015.0000 98.7719 0.0083
13020.0000 98.7567 0.0087
13025.0000 98.7797 0.0085
13030.0000 98.7853 0.0084
13035.0000 98.7688 0.0087
13040.0000 98.6813 0.0095
13045.0000 98.6881 0.0090
13050.0000 98.6701 0.0098
13055.0000 98.6660 0.0096
13060.0000 98.6464 0.0096
13065.0000 98.6426 0.0098
13070.0000 98.6784 0.0091
13075.0000 98.6010 0.0103
13080.0000 98.6080 0.0103
13085.0000 98.5645 0.0109
13090.0000 98.5492 0.0107
13095.0000 98.5182 0.0107
13100.0000 98.4653 0.0110
13105.0000 98.4860 0.0106
13110.0000 98.5265 0.0104
13115.0000 98.4798 0.0106
13120.0000 98.4492 0.0104
13125.0000 98.4811 0.0103
13130.0000 98.4371 0.0102
13135.0000 98.4664 0.0095
13140.0000 98.4767 0.0098
13145.0000 98.4242 0.0102
13150.0000 98.4223 0.0107
13155.0000 98.4585 0.0101
13160.0000 98.4949 0.0100
13165.0000 98.4611 0.0106
13170.0000 98.4669 0.0111
13175.0000 98.4842 0.0101
13180.0000 98.5585 0.0102
13185.0000 98.5236 0.0102
13190.0000 98.4803 0.0106
13195.0000 98.4916 0.0109
13200.0000 98.5080 0.0104
13205.0000 98.5247 0.0102
13210.0000 98.5371 0.0098
13215.0000 98.5237 0.0099
13220.0000 98.5819 0.0091
13225.0000 98.5610 0.0092
13230.0000 98.5163 0.0107
13235.0000 98.4600 0.0106
13240.0000 98.4797 0.0108
13245.0000 98.4718 0.0105
13250.0000 98.4898 0.0106
13255.0000 98.4284 0.0110
13260.0000 98.4798 0.0103
13265.0000 98.4610 0.0102
13270.0000 98.4823 0.0101
13275.0000 98.5041 0.0103
13280.0000 98.5269 0.0100
13285.0000 98.4691 0.0107
13290.0000 98.4929 0.0103
13295.0000 98.5055 0.0106
13300.0000 98.5284 0.0092
13305.0000 98.5680 0.0091
13310.0000 98.5088 0.0101
13315.0000 98.5369 0.0094
13320.0000 98.5293 0.0094
13325.0000 98.5422 0.0091
13330.0000 98.5226 0.0100
13335.0000 98.5306 0.0097
13340.0000 98.5252 0.0095
13345.0000 98.5511 0.0089
13350.0000 98.5443 0.0095
13355.0000 98.5523 0.0097
13360.0000 98.5942 0.0086
13365.0000 98.5874 0.0089
13370.0000 98.5962 0.0090
13375.0000 98.6015 0.0089
13380.0000 98.5771 0.0094
13385.0000 98.5899 0.0091
13390.0000 98.5850 0.0090
13395.0000 98.5991 0.0086
13400.0000 98.5410 0.0090
13405.0000 98.5477 0.0094
13410.0000 98.4993 0.0088
13415.0000 98.5237 0.0089
13420.0000 98.4273 0.0099
13425.0000 98.4650 0.0096
13430.0000 98.4020 0.0102
13435.0000 98.3932 0.0101
13440.0000 98.4009 0.0100
13445.0000 98.3911 0.0100
13450.0000 98.4472 0.0096
13455.0000 98.4700 0.0095
13460.0000 98.4653 0.0096
13465.0000 98.4787 0.0100
13470.0000 98.4509 0.0104
13475.0000 98.4738 0.0096
13480.0000 98.4655 0.0098
13485.0000 98.5042 0.0096
13490.0000 98.4476 0.0103
13495.0000 98.4326 0.0105
13500.0000 98.4463 0.0100
13505.0000 98.4284 0.0099
13510.0000 98.4178 0.0105
13515.0000 98.4111 0.0100
13520.0000 98.4173 0.0103
13525.0000 98.4642 0.0100
13530.0000 98.5107 0.0101
13535.0000 98.5176 0.0104
13540.0000 98.5045 0.0104
13545.0000 98.5121 0.0105
13550.0000 98.5719 0.0103
13555.0000 98.5315 0.0108
13560.0000 98.6102 0.0094
13565.0000 98.5786 0.0102
13570.0000 98.6097 0.0096
13575.0000 98.6183 0.0093
13580.0000 98.6343 0.0090
13585.0000 98.6354 0.0087
13590.0000 98.6541 0.0085
13595.0000 98.6056 0.0094
13600.0000 98.6109 0.0091
13605.0000 98.6655 0.0088
13610.0000 98.6834 0.0089
13615.0000 98.7002 0.0080
13620.0000 98.7213 0.0087
13625.0000 98.7294 0.0088
13630.0000 98.7610 0.0084
13635.0000 98.7499 0.0081
13640.0000 98.7595 0.0083
13645.0000 98.7314 0.0090
13650.0000 98.7685 0.0074
13655.0000 98.8166 0.0073
13660.0000 98.7967 0.0080
13665.0000 98.7908 0.0081
13670.0000 98.7567 0.0084
13675.0000 98.7819 0.0076
13680.0000 98.7423 0.0080
13685.0000 98.7441 0.0081
13690.0000 98.7471 0.0080
13695.0000 98.7724 0.0081
13700.0000 98.8249 0.0067
13705.0000 98.7632 0.0077
13710.0000 98.8043 0.0072
13715.0000 98.7846 0.0073
13720.0000 98.7860 0.0070
13725.0000 98.8116 0.0068
13730.0000 98.7979 0.0071
13735.0000 98.8322 0.0065
13740.0000 98.8239 0.0069
13745.0000 98.8554 0.0064
13750.0000 98.8251 0.0070
13755.0000 98.8173 0.0075
13760.0000 98.7858 0.0075
13765.0000 98.7956 0.0076
13770.0000 98.7989 0.0075
13775.0000 98.7843 0.0079
13780.0000 98.7784 0.0078
13785.0000 98.7329 0.0080
13790.0000 98.7574 0.0078
13795.0000 98.7696 0.0079
13800.0000 98.7610 0.0085
13805.0000 98.7500 0.0086
13810.0000 98.7607 0.0075
13815.0000 98.7998 0.0071
13820.0000 98.7852 0.0073
13825.0000 98.8009 0.0074
13830.0000 98.7897 0.0076
13835.0000 98.7564 0.0072
13840.0000 98.7720 0.0075
13845.0000 98.7635 0.0081
13850.0000 98.7010 0.0088
13855.0000 98.6992 0.0086
13860.0000 98.7382 0.0087
13865.0000 98.7765 0.0080
13870.0000 98.7710 0.0079
13875.0000 98.7669 0.0080
13880.0000 98.7592 0.0083
13885.0000 98.8043 0.0076
13890.0000 98.7907 0.0078
13895.0000 98.7904 0.0081
13900.0000 98.8047 0.0072
13905.0000 98.8170 0.0071
13910.0000 98.8339 0.0065
13915.0000 98.8142 0.0072
13920.0000 98.7881 0.0075
13925.0000 98.8120 0.0073
13930.0000 98.8115 0.0076
13935.0000 98.7763 0.0077
13940.0000 98.7961 0.0076
13945.0000 98.7933 0.0073
13950.0000 98.7940 0.0072
13955.0000 98.8181 0.0067
13960.0000 98.8320 0.0064
13965.0000 98.8392 0.0074
13970.0000 98.8172 0.0078
13975.0000 98.8077 0.0077
13980.0000 98.8165 0.0072
13985.0000 98.8075 0.0079
13990.0000 98.7736 0.0082
13995.0000 98.8168 0.0072
14000.0000 98.8091 0.0076
14005.0000 98.8254 0.0072
14010.0000 98.7834 0.0082
14015.0000 98.7944 0.0077
14020.0000 98.7933 0.0073
14025.0000 98.8308 0.0069
14030.0000 98.7823 0.0077
14035.0000 98.7864 0.0077
14040.0000 98.7910 0.0075
14045.0000 98.8064 0.0073
14050.0000 98.7800 0.0074
14055.0000 98.7804 0.0080
14060.0000 98.8010 0.0075
14065.0000 98.8121 0.0075
14070.0000 98.8558 0.0068
14075.0000 98.8353 0.0075
14080.0000 98.8226 0.0078
14085.0000 98.8196 0.0078
14090.0000 98.8119 0.0076
14095.0000 98.7843 0.0079
14100.0000 98.7771 0.0078
14105.0000 98.7660 0.0078
14110.0000 98.7295 0.0082
14115.0000 98.7077 0.0083
14120.0000 98.6543 0.0090
14125.0000 98.6743 0.0090
14130.0000 98.7295 0.0080
14135.0000 98.7477 0.0081
14140.0000 98.7197 0.0083
14145.0000 98.7023 0.0088
14150.0000 98.6640 0.0092
14155.0000 98.6495 0.0094
14160.0000 98.6313 0.0097
14165.0000 98.6328 0.0095
14170.0000 98.6474 0.0097
14175.0000 98.6533 0.0097
14180.0000 98.6336 0.0096
14185.0000 98.6202 0.0094
14190.0000 98.5931 0.0102
14195.0000 98.5477 0.0103
14200.0000 98.5197 0.0106
14205.0000 98.5334 0.0101
14210.0000 98.5315 0.0106
14215.0000 98.5233 0.0103
14220.0000 98.5050 0.0100
14225.0000 98.5200 0.0098
14230.0000 98.5270 0.0095
14235.0000 98.5380 0.0092
14240.0000 98.5615 0.0088
14245.0000 98.5233 0.0095
14250.0000 98.4913 0.0098
14255.0000 98.4927 0.0095
14260.0000 98.5340 0.0092
14265.0000 98.5250 0.0092
14270.0000 98.5292 0.0095
14275.0000 98.5194 0.0096
14280.0000 98.5089 0.0101
14285.0000 98.5055 0.0100
14290.0000 98.4581 0.0101
14295.0000 98.4970 0.0099
14300.0000 98.4521 0.0106
14305.0000 98.4934 0.0099
14310.0000 98.4892 0.0101
14315.0000 98.4756 0.0104
14320.0000 98.5124 0.0100
14325.0000 98.5052 0.0099
14330.0000 98.5223 0.0098
14335.0000 98.5113 0.0103
14340.0000 98.4829 0.0097
14345.0000 98.4490 0.0102
14350.0000 98.4411 0.0098
14355.0000 98.4128 0.0103
14360.0000 98.4627 0.0096
14365.0000 98.4394 0.0098
14370.0000 98.4502 0.0107
14375.0000 98.4146 0.0106
14380.0000 98.3679 0.0112
14385.0000 98.3802 0.0109
14390.0000 98.3263 0.0115
14395.0000 98.3426 0.0113
14400.0000 98.3583 0.0109
14405.0000 98.4000 0.0111
14410.0000 98.3171 0.0115
14415.0000 98.2994 0.0109
14420.0000 98.2949 0.0104
14425.0000 98.3919 0.0101
14430.0000 98.3920 0.0106
14435.0000 98.3762 0.0104
14440.0000 98.3781 0.0106
14445.0000 98.3365 0.0095
14450.0000 98.3706 0.0100
14455.0000 98.4047 0.0101
14460.0000 98.3600 0.0105
14465.0000 98.2557 0.0107
14470.0000 98.2310 0.0112
14475.0000 98.2941 0.0107
14480.0000 98.2964 0.0102
14485.0000 98.2848 0.0103
14490.0000 98.3696 0.0104
14495.0000 98.3479 0.0112
14500.0000 98.4140 0.0106
14505.0000 98.4314 0.0104
14510.0000 98.4178 0.0108
14515.0000 98.4137 0.0108
14520.0000 98.4396 0.0113
14525.0000 98.4757 0.0110
14530.0000 98.4559 0.0109
14535.0000 98.4723 0.0106
14540.0000 98.4757 0.0106
14545.0000 98.4895 0.0109
14550.0000 98.4821 0.0106
14555.0000 98.4251 0.0110
14560.0000 98.4190 0.0107
14565.0000 98.4216 0.0103
14570.0000 98.4708 0.0104
14575.0000 98.4586 0.0109
14580.0000 98.4405 0.0108
14585.0000 98.4415 0.0106
14590.0000 98.4731 0.0107
14595.0000 98.5111 0.0098
14600.0000 98.4945 0.0103
14605.0000 98.5069 0.0108
14610.0000 98.5475 0.0105
14615.0000 98.4731 0.0113
14620.0000 98.5183 0.0113
14625.0000 98.5620 0.0101
14630.0000 98.4871 0.0110
14635.0000 98.5838 0.0092
14640.0000 98.5237 0.0103
14645.0000 98.4953 0.0102
14650.0000 98.5084 0.0096
14655.0000 98.4729 0.0097
14660.0000 98.4881 0.0093
14665.0000 98.5302 0.0093
14670.0000 98.4615 0.0099
14675.0000 98.4325 0.0098
14680.0000 98.3809 0.0098
14685.0000 98.4251 0.0098
14690.0000 98.3835 0.0100
14695.0000 98.4629 0.0096
14700.0000 98.4498 0.0097
14705.0000 98.5107 0.0098
14710.0000 98.4970 0.0104
14715.0000 98.4578 0.0106
14720.0000 98.4279 0.0109
14725.0000 98.4897 0.0103
14730.0000 98.4888 0.0108
14735.0000 98.4626 0.0112
14740.0000 98.4916 0.0107
14745.0000 98.5072 0.0099
14750.0000 98.4854 0.0106
14755.0000 98.5300 0.0103
14760.0000 98.4950 0.0103
14765.0000 98.4422 0.0108
14770.0000 98.4565 0.0107
14775.0000 98.4077 0.0107
14780.0000 98.4183 0.0102
14785.0000 98.3906 0.0102
14790.0000 98.3989 0.0102
14795.0000 98.4173 0.0100
14800.0000 98.4000 0.0099
14805.0000 98.4215 0.0096
14810.0000 98.3892 0.0101
14815.0000 98.3571 0.0104
14820.0000 98.3821 0.0102
14825.0000 98.4157 0.0099
14830.0000 98.4112 0.0102
14835.0000 98.3976 0.0099
14840.0000 98.3553 0.0108
14845.0000 98.4129 0.0107
14850.0000 98.4731 0.0102
14855.0000 98.5221 0.0098
14860.0000 98.4510 0.0108
14865.0000 98.4121 0.0112
14870.0000 98.4514 0.0099
14875.0000 98.5358 0.0102
14880.0000 98.4926 0.0105
14885.0000 98.4819 0.0110
14890.0000 98.5510 0.0097
14895.0000 98.5998 0.0094
14900.0000 98.5842 0.0093
14905.0000 98.5538 0.0099
14910.0000 98.5764 0.0101
14915.0000 98.5918 0.0100
14920.0000 98.5967 0.0094
14925.0000 98.5857 0.0101
14930.0000 98.6191 0.0092
14935.0000 98.5823 0.0093
14940.0000 98.5826 0.0091
14945.0000 98.6108 0.0089
14950.0000 98.6131 0.0084
14955.0000 98.5722 0.0089
14960.0000 98.5746 0.0092
14965.0000 98.5955 0.0094
14970.0000 98.5721 0.0090
14975.0000 98.5690 0.0090
14980.0000 98.6094 0.0088
14985.0000 98.5713 0.0098
14990.0000 98.5373 0.0100
14995.0000 98.5048 0.0101
15000.0000 98.5040 0.0096
15005.0000 98.5207 0.0084
15010.0000 98.5102 0.0095
15015.0000 98.4829 0.0098
15020.0000 98.4481 0.0102
15025.0000 98.4788 0.0098
15030.0000 98.5116 0.0093
15035.0000 98.4809 0.0102
15040.0000 98.4992 0.0106
15045.0000 98.4601 0.0106
15050.0000 98.4862 0.0103
15055.0000 98.5421 0.0098
15060.0000 98.5352 0.0097
15065.0000 98.5948 0.0089
15070.0000 98.5464 0.0093
15075.0000 98.5337 0.0092
15080.0000 98.5119 0.0099
15085.0000 98.5252 0.0100
15090.0000 98.4930 0.0102
15095.0000 98.4849 0.0099
15100.0000 98.5090 0.0098
15105.0000 98.5340 0.0104
15110.0000 98.5215 0.0100
15115.0000 98.5141 0.0102
15120.0000 98.5737 0.0091
15125.0000 98.6029 0.0087
15130.0000 98.6048 0.0088
15135.0000 98.5632 0.0092
15140.0000 98.5584 0.0096
15145.0000 98.5463 0.0100
15150.0000 98.5722 0.0091
15155.0000 98.5657 0.0096
15160.0000 98.6035 0.0089
15165.0000 98.6478 0.0089
15170.0000 98.6180 0.0093
15175.0000 98.5631 0.0100
15180.0000 98.5836 0.0095
15185.0000 98.5935 0.0098
15190.0000 98.5795 0.0096
15195.0000 98.6163 0.0089
15200.0000 98.5622 0.0097
15205.0000 98.5372 0.0102
15210.0000 98.6000 0.0093
15215.0000 98.5442 0.0100
15220.0000 98.5365 0.0105
15225.0000 98.4697 0.0115
15230.0000 98.5580 0.0099
15235.0000 98.5536 0.0103
15240.0000 98.5327 0.0099
15245.0000 98.4854 0.0105
15250.0000 98.4616 0.0107
15255.0000 98.4269 0.0106
15260.0000 98.4126 0.0102
15265.0000 98.3938 0.0106
15270.0000 98.3814 0.0108
15275.0000 98.4271 0.0111
15280.0000 98.4645 0.0101
15285.0000 98.4488 0.0109
15290.0000 98.4847 0.0099
15295.0000 98.4793 0.0106
15300.0000 98.4010 0.0110
15305.0000 98.4067 0.0106
15310.0000 98.4286 0.0110
15315.0000 98.3972 0.0116
15320.0000 98.4411 0.0116
15325.0000 98.4187 0.0115
15330.0000 98.4538 0.0106
15335.0000 98.4791 0.0102
15340.0000 98.4874 0.0091
15345.0000 98.4520 0.0104
15350.0000 98.4732 0.0093
15355.0000 98.4640 0.0098
15360.0000 98.4489 0.0101
15365.0000 98.4495 0.0098
15370.0000 98.4639 0.0097
15375.0000 98.4446 0.0099
15380.0000 98.4367 0.0095
15385.0000 98.4162 0.0102
15390.0000 98.4977 0.0096
15395.0000 98.5272 0.0093
15400.0000 98.5020 0.0097
15405.0000 98.4841 0.0100
15410.0000 98.4321 0.0106
15415.0000 98.4307 0.0100
15420.0000 98.4833 0.0098
15425.0000 98.4256 0.0096
15430.0000 98.4240 0.0096
15435.0000 98.4008 0.0098
15440.0000 98.4032 0.0098
15445.0000 98.4120 0.0101
15450.0000 98.4293 0.0098
15455.0000 98.4100 0.0098
15460.0000 98.4239 0.0094
15465.0000 98.3894 0.0102
15470.0000 98.3892 0.0100
15475.0000 98.3653 0.0105
15480.0000 98.3890 0.0114
15485.0000 98.3791 0.0112
15490.0000 98.3959 0.0107
15495.0000 98.3891 0.0114
15500.0000 98.4211 0.0106
15505.0000 98.3270 0.0105
15510.0000 98.3242 0.0107
15515.0000 98.3638 0.0106
15520.0000 98.3539 0.0106
15525.0000 98.3601 0.0106
15530.0000 98.3452 0.0108
15535.0000 98.3555 0.0108
15540.0000 98.2820 0.0106
15545.0000 98.3453 0.0097
15550.0000 98.3520 0.0099
15555.0000 98.3861 0.0104
15560.0000 98.3224 0.0104
15565.0000 98.3395 0.0099
15570.0000 98.3139 0.0102
15575.0000 98.2993 0.0106
15580.0000 98.3296 0.0103
15585.0000 98.3499 0.0101
15590.0000 98.3764 0.0103
15595.0000 98.2920 0.0104
15600.0000 98.3404 0.0104
15605.0000 98.3698 0.0100
15610.0000 98.3794 0.0098
15615.0000 98.3722 0.0099
15620.0000 98.4007 0.0098
15625.0000 98.3918 0.0101
15630.0000 98.3714 0.0099
15635.0000 98.3507 0.0105
15640.0000 98.4373 0.0098
15645.0000 98.4161 0.0100
15650.0000 98.3970 0.0105
15655.0000 98.4877 0.0093
15660.0000 98.4551 0.0104
15665.0000 98.5110 0.0100
15670.0000 98.4941 0.0104
15675.0000 98.4948 0.0093
15680.0000 98.5498 0.0088
15685.0000 98.5195 0.0091
15690.0000 98.5257 0.0090
15695.0000 98.5146 0.0090
15700.0000 98.5326 0.0094
15705.0000 98.5694 0.0093
15710.0000 98.5963 0.0091
15715.0000 98.5438 0.0095
15720.0000 98.5719 0.0091
15725.0000 98.5289 0.0093
15730.0000 98.5432 0.0093
15735.0000 98.5680 0.0090
15740.0000 98.5902 0.0084
15745.0000 98.5786 0.0088
15750.0000 98.5591 0.0096
15755.0000 98.6004 0.0087
15760.0000 98.6287 0.0083
15765.0000 98.5940 0.0087
15770.0000 98.6296 0.0083
15775.0000 98.6103 0.0089
15780.0000 98.5977 0.0088
15785.0000 98.5845 0.0089
15790.0000 98.6381 0.0085
15795.0000 98.6159 0.0079
15800.0000 98.5993 0.0081
15805.0000 98.6015 0.0082
15810.0000 98.5591 0.0087
15815.0000 98.5435 0.0089
15820.0000 98.6176 0.0086
15825.0000 98.6539 0.0081
15830.0000 98.7154 0.0075
15835.0000 98.7277 0.0069
15840.0000 98.7060 0.0076
15845.0000 98.6757 0.0075
15850.0000 98.6665 0.0079
15855.0000 98.6688 0.0078
15860.0000 98.6539 0.0082
15865.0000 98.6421 0.0084
15870.0000 98.6473 0.0082
15875.0000 98.6468 0.0085
15880.0000 98.6556 0.0083
15885.0000 98.6876 0.0080
15890.0000 98.6992 0.0075
15895.0000 98.6535 0.0082
15900.0000 98.6530 0.0080
15905.0000 98.6552 0.0081
15910.0000 98.7092 0.0078
15915.0000 98.6341 0.0090
15920.0000 98.6534 0.0080
15925.0000 98.6828 0.0078
15930.0000 98.6887 0.0080
15935.0000 98.6583 0.0079
15940.0000 98.6763 0.0073
15945.0000 98.6800 0.0074
15950.0000 98.6197 0.0089
15955.0000 98.6476 0.0089
15960.0000 98.6379 0.0095
15965.0000 98.6333 0.0096
15970.0000 98.5994 0.0095
15975.0000 98.5653 0.0102
15980.0000 98.5568 0.0096
15985.0000 98.5054 0.0101
15990.0000 98.5554 0.0098
15995.0000 98.5650 0.0093
16000.0000 98.5669 0.0093
16005.0000 98.4930 0.0106
16010.0000 98.4790 0.0099
16015.0000 98.4349 0.0098
16020.0000 98.4789 0.0098
16025.0000 98.4976 0.0097
16030.0000 98.4752 0.0100
16035.0000 98.4008 0.0108
16040.0000 98.4315 0.0103
16045.0000 98.4523 0.0102
16050.0000 98.4438 0.0099
16055.0000 98.3793 0.0101
16060.0000 98.3813 0.0109
16065.0000 98.4303 0.0104
16070.0000 98.4299 0.0104
16075.0000 98.4003 0.0108
16080.0000 98.4225 0.0103
16085.0000 98.3559 0.0107
16090.0000 98.3497 0.0103
16095.0000 98.3642 0.0105
16100.0000 98.4484 0.0101
16105.0000 98.4126 0.0100
16110.0000 98.4284 0.0101
16115.0000 98.4174 0.0103
16120.0000 98.4653 0.0103
16125.0000 98.4478 0.0107
16130.0000 98.4245 0.0102
16135.0000 98.4249 0.0104
16140.0000 98.3716 0.0106
16145.0000 98.4517 0.0090
16150.0000 98.4748 0.0093
16155.0000 98.4511 0.0103
16160.0000 98.4700 0.0100
16165.0000 98.4979 0.0097
16170.0000 98.5291 0.0090
16175.0000 98.5901 0.0089
16180.0000 98.6134 0.0084
16185.0000 98.5940 0.0089
16190.0000 98.5076 0.0103
16195.0000 98.5613 0.0085
16200.0000 98.5517 0.0093
16205.0000 98.6123 0.0085
16210.0000 98.5565 0.0092
16215.0000 98.4936 0.0095
16220.0000 98.4387 0.0105
16225.0000 98.5097 0.0094
16230.0000 98.5040 0.0102
16235.0000 98.4868 0.0102
16240.0000 98.5094 0.0096
16245.0000 98.5092 0.0086
16250.0000 98.5089 0.0090
16255.0000 98.5121 0.0091
16260.0000 98.5080 0.0089
16265.0000 98.5260 0.0088
16270.0000 98.5492 0.0087
16275.0000 98.5310 0.0093
16280.0000 98.5599 0.0095
16285.0000 98.5956 0.0092
16290.0000 98.5144 0.0101
16295.0000 98.5059 0.0105
16300.0000 98.5286 0.0098
16305.0000 98.4698 0.0097
16310.0000 98.4556 0.0101
16315.0000 98.4279 0.0100
16320.0000 98.4510 0.0096
16325.0000 98.4566 0.0095
16330.0000 98.4799 0.0096
16335.0000 98.5129 0.0092
16340.0000 98.5246 0.0096
16345.0000 98.4915 0.0099
16350.0000 98.4538 0.0101
16355.0000 98.5030 0.0102
16360.0000 98.5595 0.0100
16365.0000 98.5340 0.0101
16370.0000 98.5335 0.0100
16375.0000 98.5356 0.0095
16380.0000 98.5029 0.0101
16385.0000 98.5172 0.0097
16390.0000 98.5721 0.0092
16395.0000 98.5929 0.0094
16400.0000 98.5746 0.0093
16405.0000 98.5639 0.0098
16410.0000 98.5163 0.0095
16415.0000 98.5490 0.0092
16420.0000 98.5516 0.0090
16425.0000 98.5719 0.0091
16430.0000 98.5623 0.0098
16435.0000 98.6026 0.0093
16440.0000 98.5664 0.0097
16445.0000 98.5861 0.0098
16450.0000 98.5845 0.0095
16455.0000 98.5590 0.0096
16460.0000 98.5321 0.0100
16465.0000 98.5354 0.0093
16470.0000 98.5726 0.0091
16475.0000 98.5400 0.0099
16480.0000 98.5655 0.0088
16485.0000 98.5217 0.0099
16490.0000 98.5017 0.0103
16495.0000 98.4750 0.0102
16500.0000 98.4851 0.0105
16505.0000 98.4781 0.0103
16510.0000 98.4495 0.0105
16515.0000 98.5278 0.0094
16520.0000 98.4502 0.0109
16525.0000 98.4787 0.0099
16530.0000 98.5338 0.0091
16535.0000 98.4940 0.0099
16540.0000 98.4629 0.0102
16545.0000 98.4902 0.0095
16550.0000 98.4979 0.0098
16555.0000 98.4842 0.0098
16560.0000 98.4181 0.0100
16565.0000 98.4938 0.0099
16570.0000 98.4726 0.0097
16575.0000 98.4673 0.0096
16580.0000 98.4077 0.0103
16585.0000 98.3953 0.0110
16590.0000 98.4408 0.0106
16595.0000 98.4636 0.0101
16600.0000 98.4273 0.0105
16605.0000 98.4425 0.0104
16610.0000 98.4242 0.0107
16615.0000 98.3614 0.0106
16620.0000 98.3576 0.0114
16625.0000 98.3903 0.0103
16630.0000 98.3844 0.0101
16635.0000 98.3650 0.0106
16640.0000 98.3550 0.0109
16645.0000 98.4098 0.0107
16650.0000 98.4358 0.0103
16655.0000 98.3914 0.0113
16660.0000 98.4002 0.0113
16665.0000 98.4536 0.0108
16670.0000 98.4549 0.0105
16675.0000 98.4815 0.0102
16680.0000 98.5377 0.0099
16685.0000 98.4840 0.0102
16690.0000 98.5241 0.0100
16695.0000 98.5000 0.0102
16700.0000 98.5296 0.0103
16705.0000 98.5111 0.0098
16710.0000 98.5400 0.0095
16715.0000 98.5424 0.0098
16720.0000 98.5014 0.0101
16725.0000 98.4936 0.0102
16730.0000 98.4567 0.0102
16735.0000 98.4233 0.0102
16740.0000 98.4326 0.0099
16745.0000 98.4360 0.0102
16750.0000 98.4197 0.0097
16755.0000 98.4053 0.0102
16760.0000 98.4592 0.0104
16765.0000 98.4220 0.0106
16770.0000 98.4215 0.0105
16775.0000 98.4117 0.0106
16780.0000 98.4393 0.0102
16785.0000 98.4270 0.0102
16790.0000 98.3873 0.0107
16795.0000 98.4253 0.0106
16800.0000 98.4233 0.0099
16805.0000 98.4165 0.0098
16810.0000 98.4554 0.0096
16815.0000 98.4448 0.0096
16820.0000 98.4726 0.0095
16825.0000 98.4791 0.0094
16830.0000 98.4650 0.0095
16835.0000 98.4482 0.0099
16840.0000 98.4542 0.0105
16845.0000 98.4394 0.0108
16850.0000 98.4750 0.0102
16855.0000 98.4509 0.0102
16860.0000 98.4738 0.0101
16865.0000 98.4598 0.0101
16870.0000 98.4288 0.0105
16875.0000 98.4203 0.0106
16880.0000 98.4894 0.0105
16885.0000 98.4940 0.0104
16890.0000 98.4230 0.0104
16895.0000 98.3206 0.0113
16900.0000 98.3630 0.0108
16905.0000 98.4442 0.0099
16910.0000 98.4762 0.0100
16915.0000 98.4256 0.0099
16920.0000 98.4433 0.0096
16925.0000 98.4664 0.0100
16930.0000 98.4430 0.0099
16935.0000 98.4750 0.0106
16940.0000 98.4827 0.0107
16945.0000 98.4931 0.0098
16950.0000 98.4850 0.0097
16955.0000 98.4905 0.0094
16960.0000 98.4870 0.0103
16965.0000 98.4728 0.0106
16970.0000 98.4644 0.0101
16975.0000 98.4428 0.0104
16980.0000 98.4743 0.0102
16985.0000 98.3860 0.0109
16990.0000 98.3538 0.0101
16995.0000 98.3934 0.0099
17000.0000 98.3537 0.0102
17005.0000 98.3375 0.0102
17010.0000 98.3552 0.0101
17015.0000 98.3005 0.0100
17020.0000 98.2413 0.0101
17025.0000 98.3194 0.0099
17030.0000 98.3228 0.0108
17035.0000 98.3145 0.0107
17040.0000 98.3358 0.0104
17045.0000 98.3963 0.0100
17050.0000 98.3905 0.0102
17055.0000 98.4706 0.0100
17060.0000 98.4977 0.0097
17065.0000 98.4910 0.0101
17070.0000 98.4579 0.0105
17075.0000 98.4650 0.0102
17080.0000 98.4817 0.0104
17085.0000 98.4870 0.0097
17090.0000 98.4649 0.0100
17095.0000 98.4863 0.0101
17100.0000 98.4908 0.0095
17105.0000 98.4394 0.0102
17110.0000 98.4800 0.0099
17115.0000 98.4277 0.0103
17120.0000 98.4658 0.0096
17125.0000 98.4602 0.0094
17130.0000 98.4419 0.0099
17135.0000 98.4408 0.0093
17140.0000 98.3998 0.0107
17145.0000 98.4526 0.0099
17150.0000 98.4386 0.0107
17155.0000 98.4265 0.0110
17160.0000 98.4423 0.0097
17165.0000 98.3956 0.0097
17170.0000 98.3411 0.0101
17175.0000 98.3372 0.0109
17180.0000 98.3310 0.0107
17185.0000 98.3084 0.0110
17190.0000 98.3464 0.0102
17195.0000 98.3703 0.0104
17200.0000 98.4296 0.0097
17205.0000 98.4195 0.0103
17210.0000 98.3561 0.0106
17215.0000 98.3515 0.0106
17220.0000 98.4010 0.0107
17225.0000 98.3795 0.0105
17230.0000 98.3876 0.0103
17235.0000 98.4043 0.0107
17240.0000 98.3989 0.0102
17245.0000 98.4063 0.0096
17250.0000 98.3728 0.0106
17255.0000 98.3950 0.0101
17260.0000 98.3925 0.0099
17265.0000 98.4210 0.0098
17270.0000 98.4716 0.0096
17275.0000 98.5420 0.0092
17280.0000 98.5064 0.0097
17285.0000 98.4701 0.0096
17290.0000 98.4208 0.0097
17295.0000 98.4457 0.0094
17300.0000 98.4615 0.0096
17305.0000 98.4509 0.0096
17310.0000 98.4677 0.0097
17315.0000 98.4444 0.0103
17320.0000 98.4083 0.0109
17325.0000 98.4110 0.0106
17330.0000 98.4154 0.0108
17335.0000 98.4036 0.0114
17340.0000 98.4183 0.0112
17345.0000 98.4634 0.0105
17350.0000 98.4326 0.0111
17355.0000 98.4356 0.0112
17360.0000 98.4133 0.0106
17365.0000 98.3948 0.0105
17370.0000 98.3856 0.0099
17375.0000 98.4419 0.0099
17380.0000 98.4290 0.0100
17385.0000 98.4373 0.0102
17390.0000 98.4457 0.0100
17395.0000 98.4822 0.0095
17400.0000 98.4830 0.0095
17405.0000 98.4544 0.0097
17410.0000 98.4928 0.0093
17415.0000 98.5036 0.0094
17420.0000 98.4910 0.0099
17425.0000 98.4921 0.0098
17430.0000 98.4888 0.0098
17435.0000 98.4891 0.0103
17440.0000 98.5487 0.0091
17445.0000 98.4763 0.0101
17450.0000 98.4733 0.0097
17455.0000 98.4410 0.0103
17460.0000 98.4899 0.0099
17465.0000 98.5429 0.0094
17470.0000 98.5684 0.0095
17475.0000 98.5012 0.0093
17480.0000 98.5072 0.0102
17485.0000 98.5337 0.0093
17490.0000 98.5699 0.0095
17495.0000 98.5555 0.0088
17500.0000 98.5220 0.0092
17505.0000 98.5209 0.0094
17510.0000 98.5500 0.0094
17515.0000 98.5091 0.0098
17520.0000 98.5669 0.0087
17525.0000 98.4878 0.0093
17530.0000 98.5143 0.0102
17535.0000 98.5292 0.0099
17540.0000 98.5211 0.0090
17545.0000 98.5089 0.0092
17550.0000 98.4834 0.0097
17555.0000 98.5268 0.0090
17560.0000 98.5299 0.0091
17565.0000 98.4969 0.0094
17570.0000 98.5140 0.0097
17575.0000 98.5108 0.0100
17580.0000 98.4864 0.0100
17585.0000 98.4797 0.0097
17590.0000 98.4735 0.0101
17595.0000 98.4445 0.0103
17600.0000 98.5235 0.0100
17605.0000 98.5146 0.0097
17610.0000 98.4621 0.0107
17615.0000 98.4195 0.0108
17620.0000 98.4027 0.0102
17625.0000 98.3306 0.0108
17630.0000 98.3678 0.0102
17635.0000 98.3328 0.0104
17640.0000 98.3372 0.0105
17645.0000 98.3641 0.0094
17650.0000 98.3329 0.0099
17655.0000 98.3223 0.0094
17660.0000 98.3741 0.0093
17665.0000 98.3438 0.0100
17670.0000 98.3780 0.0102
17675.0000 98.3904 0.0097
17680.0000 98.4257 0.0098
17685.0000 98.4268 0.0099
17690.0000 98.4591 0.0100
17695.0000 98.4742 0.0098
17700.0000 98.4958 0.0097
17705.0000 98.5384 0.0098
17710.0000 98.5396 0.0093
17715.0000 98.5641 0.0092
17720.0000 98.5356 0.0096
17725.0000 98.5495 0.0094
17730.0000 98.5722 0.0086
17735.0000 98.5771 0.0083
17740.0000 98.5839 0.0086
17745.0000 98.5609 0.0089
17750.0000 98.6031 0.0085
17755.0000 98.6045 0.0084
17760.0000 98.6152 0.0087
17765.0000 98.6228 0.0085
17770.0000 98.6279 0.0088
17775.0000 98.5636 0.0089
17780.0000 98.6136 0.0087
17785.0000 98.6028 0.0090
17790.0000 98.6498 0.0084
17795.0000 98.6390 0.0086
17800.0000 98.5881 0.0094
17805.0000 98.6096 0.0084
17810.0000 98.5926 0.0090
17815.0000 98.6579 0.0087
17820.0000 98.6071 0.0091
17825.0000 98.5906 0.0086
17830.0000 98.5890 0.0097
17835.0000 98.6311 0.0087
17840.0000 98.6104 0.0094
17845.0000 98.5761 0.0097
17850.0000 98.5660 0.0093
17855.0000 98.5784 0.0096
17860.0000 98.6085 0.0091
17865.0000 98.6072 0.0095
17870.0000 98.5781 0.0097
17875.0000 98.6122 0.0092
17880.0000 98.5864 0.0094
17885.0000 98.5952 0.0097
17890.0000 98.5530 0.0103
17895.0000 98.5950 0.0103
17900.0000 98.5355 0.0101
17905.0000 98.5042 0.0109
17910.0000 98.5834 0.0100
17915.0000 98.5389 0.0101
17920.0000 98.5244 0.0101
17925.0000 98.5586 0.0102
17930.0000 98.5844 0.0096
17935.0000 98.5555 0.0103
17940.0000 98.5227 0.0101
17945.0000 98.5843 0.0096
17950.0000 98.4778 0.0106
17955.0000 98.4885 0.0102
17960.0000 98.4660 0.0103
17965.0000 98.3942 0.0108
17970.0000 98.3870 0.0100
17975.0000 98.4244 0.0097
17980.0000 98.4129 0.0103
17985.0000 98.4122 0.0099
17990.0000 98.4074 0.0103
17995.0000 98.4357 0.0108
18000.0000 98.4567 0.0107
