5.0000 0.0000 0.0000
10.0000 0.0000 0.0000
15.0000 0.0000 0.0000
20.0000 0.0000 0.0000
25.0000 0.0000 0.0000
30.0000 0.0000 0.0000
35.0000 0.0000 0.0000
40.0000 0.0000 0.0000
45.0000 0.0000 0.0000
50.0000 0.0000 0.0000
55.0000 0.0000 0.0000
60.0000 0.0000 0.0000
65.0000 0.0000 0.0000
70.0000 0.0000 0.0000
75.0000 0.0000 0.0000
80.0000 0.0000 0.0000
85.0000 0.0314 0.0012
90.0000 0.0314 0.0012
95.0000 0.0628 0.0024
100.0000 0.0941 0.0036
105.0000 0.1569 0.0060
110.0000 0.3138 0.0114
115.0000 0.3765 0.0135
120.0000 0.5020 0.0173
125.0000 0.5742 0.0191
130.0000 0.7526 0.0253
135.0000 0.9503 0.0295
140.0000 1.0852 0.0318
145.0000 1.3362 0.0356
150.0000 1.4617 0.0371
155.0000 1.7127 0.0390
160.0000 1.9324 0.0397
165.0000 2.0673 0.0394
170.0000 2.2555 0.0387
175.0000 2.4438 0.0373
180.0000 2.4438 0.0373
185.0000 2.6101 0.0352
190.0000 2.7356 0.0334
195.0000 2.8611 0.0314
200.0000 2.9238 0.0302
205.0000 3.0180 0.0284
210.0000 3.0807 0.0270
215.0000 3.0807 0.0270
220.0000 3.1749 0.0249
225.0000 3.2376 0.0233
230.0000 3.2376 0.0233
235.0000 3.2690 0.0225
240.0000 3.3317 0.0208
245.0000 3.4039 0.0186
250.0000 3.4980 0.0158
255.0000 3.4980 0.0158
260.0000 3.4980 0.0158
265.0000 3.5294 0.0148
270.0000 3.5294 0.0148
275.0000 3.5608 0.0139
280.0000 3.5608 0.0139
285.0000 3.6235 0.0118
290.0000 3.6549 0.0108
295.0000 3.6863 0.0097
300.0000 3.7177 0.0086
305.0000 3.7177 0.0086
310.0000 3.7177 0.0086
315.0000 3.7177 0.0086
320.0000 3.7177 0.0086
325.0000 3.7177 0.0086
330.0000 3.7177 0.0086
335.0000 3.7177 0.0086
340.0000 3.7177 0.0086
345.0000 3.7177 0.0086
350.0000 3.7515 0.0102
355.0000 3.7828 0.0091
360.0000 3.8166 0.0106
365.0000 3.8166 0.0106
370.0000 3.8504 0.0122
375.0000 3.8504 0.0122
380.0000 3.9180 0.0151
385.0000 3.9180 0.0151
390.0000 3.9518 0.0166
395.0000 3.9856 0.0180
400.0000 4.0194 0.0194
405.0000 4.1208 0.0235
410.0000 4.1208 0.0235
415.0000 4.1546 0.0248
420.0000 4.2559 0.0286
425.0000 4.2999 0.0293
430.0000 4.3337 0.0305
435.0000 4.4688 0.0351
440.0000 4.5026 0.0362
445.0000 4.5702 0.0382
450.0000 4.7054 0.0422
455.0000 4.9395 0.0455
460.0000 5.0723 0.0458
465.0000 5.1737 0.0477
470.0000 5.3088 0.0500
475.0000 5.4778 0.0523
480.0000 5.5454 0.0531
485.0000 5.6231 0.0530
490.0000 5.6670 0.0525
495.0000 5.7346 0.0530
500.0000 5.7684 0.0533
505.0000 5.8698 0.0538
510.0000 6.0388 0.0542
515.0000 6.1885 0.0603
520.0000 6.4251 0.0593
525.0000 6.6278 0.0575
530.0000 6.6616 0.0571
535.0000 6.8644 0.0543
540.0000 6.9320 0.0532
545.0000 6.9995 0.0539
550.0000 7.0671 0.0526
555.0000 7.1009 0.0519
560.0000 7.2023 0.0497
565.0000 7.3814 0.0445
570.0000 7.4152 0.0436
575.0000 7.5817 0.0363
580.0000 7.6493 0.0343
585.0000 7.7169 0.0321
590.0000 7.7507 0.0310
595.0000 7.7609 0.0298
600.0000 7.8284 0.0275
605.0000 7.8284 0.0275
610.0000 7.8284 0.0275
615.0000 7.8284 0.0275
620.0000 7.8622 0.0263
625.0000 7.9298 0.0238
630.0000 7.9298 0.0238
635.0000 7.9636 0.0226
640.0000 8.0027 0.0247
645.0000 8.0365 0.0234
650.0000 8.0365 0.0234
655.0000 8.0365 0.0234
660.0000 8.0365 0.0234
665.0000 8.0703 0.0220
670.0000 8.1095 0.0241
675.0000 8.1095 0.0241
680.0000 8.1095 0.0241
685.0000 8.1095 0.0241
690.0000 8.1095 0.0241
695.0000 8.1095 0.0241
700.0000 8.1095 0.0241
705.0000 8.1095 0.0241
710.0000 8.1095 0.0241
715.0000 8.1095 0.0241
720.0000 8.1095 0.0241
725.0000 8.1095 0.0241
730.0000 8.1095 0.0241
735.0000 8.1329 0.0217
740.0000 8.1329 0.0217
745.0000 8.1329 0.0217
750.0000 8.1329 0.0217
755.0000 8.1721 0.0237
760.0000 8.2787 0.0285
765.0000 8.4245 0.0348
770.0000 8.5419 0.0433
775.0000 8.6984 0.0531
780.0000 8.8442 0.0615
785.0000 8.9562 0.0686
790.0000 9.0628 0.0750
795.0000 9.1357 0.0804
800.0000 9.2869 0.0846
805.0000 9.4326 0.0946
810.0000 9.5447 0.1004
815.0000 9.6958 0.1067
820.0000 9.8025 0.1082
825.0000 10.0319 0.1115
830.0000 10.2613 0.1156
835.0000 10.4515 0.1232
840.0000 10.6027 0.1234
845.0000 10.8722 0.1273
850.0000 11.0963 0.1359
855.0000 11.3203 0.1397
860.0000 11.5169 0.1412
865.0000 11.8814 0.1426
870.0000 12.0717 0.1474
875.0000 12.3241 0.1540
880.0000 12.5335 0.1562
885.0000 12.7522 0.1602
890.0000 12.8251 0.1602
895.0000 13.1949 0.1554
900.0000 13.5019 0.1537
905.0000 13.7254 0.1451
910.0000 13.9826 0.1463
915.0000 14.3548 0.1526
920.0000 14.6855 0.1496
925.0000 14.8597 0.1477
930.0000 15.0001 0.1484
935.0000 15.2081 0.1500
940.0000 15.3993 0.1432
945.0000 15.4331 0.1431
950.0000 15.5060 0.1392
955.0000 15.5515 0.1361
960.0000 15.5906 0.1356
965.0000 15.8039 0.1233
970.0000 16.0456 0.1199
975.0000 16.1807 0.1176
980.0000 16.3173 0.1137
985.0000 16.5268 0.1041
990.0000 16.5268 0.1041
995.0000 16.5905 0.1049
1000.0000 16.6542 0.1074
1005.0000 16.7179 0.1080
1010.0000 16.8593 0.1039
1015.0000 16.9230 0.1057
1020.0000 16.9931 0.1060
1025.0000 16.9931 0.1060
1030.0000 17.0230 0.1073
1035.0000 17.1259 0.1024
1040.0000 17.2129 0.0945
1045.0000 17.3066 0.0956
1050.0000 17.4770 0.1072
1055.0000 17.5369 0.1093
1060.0000 17.6198 0.1137
1065.0000 17.7326 0.1228
1070.0000 17.7925 0.1246
1075.0000 17.8524 0.1264
1080.0000 17.9629 0.1345
1085.0000 18.0434 0.1417
1090.0000 18.1333 0.1479
1095.0000 18.1632 0.1486
1100.0000 18.2231 0.1499
1105.0000 18.3819 0.1505
1110.0000 18.5519 0.1611
1115.0000 18.7017 0.1631
1120.0000 18.8215 0.1660
1125.0000 19.0954 0.1835
1130.0000 19.2751 0.1853
1135.0000 19.4109 0.1962
1140.0000 19.8153 0.2171
1145.0000 20.5353 0.2538
1150.0000 20.8392 0.2745
1155.0000 21.2694 0.2967
1160.0000 21.7525 0.3410
1165.0000 22.1804 0.3698
1170.0000 22.6679 0.3966
1175.0000 23.2428 0.4345
1180.0000 23.8247 0.4445
1185.0000 24.3214 0.4709
1190.0000 25.0679 0.4969
1195.0000 25.8727 0.5173
1200.0000 26.5258 0.5387
1205.0000 27.0797 0.5489
1210.0000 27.6087 0.5681
1215.0000 28.0573 0.5762
1220.0000 28.4759 0.5925
1225.0000 28.9656 0.6290
1230.0000 29.5499 0.6411
1235.0000 30.2482 0.6801
1240.0000 30.8484 0.6838
1245.0000 31.4251 0.6715
1250.0000 32.1563 0.6592
1255.0000 33.0440 0.6688
1260.0000 33.7535 0.6737
1265.0000 34.2250 0.6729
1270.0000 34.6715 0.6504
1275.0000 35.1305 0.6142
1280.0000 35.4456 0.6215
1285.0000 35.8436 0.6220
1290.0000 36.0000 0.6205
1295.0000 36.4897 0.5974
1300.0000 36.7013 0.5805
1305.0000 36.9635 0.5639
1310.0000 37.1199 0.5450
1315.0000 37.3980 0.5108
1320.0000 37.7613 0.4930
1325.0000 38.0040 0.4738
1330.0000 38.2133 0.4581
1335.0000 38.4226 0.4550
1340.0000 38.4536 0.4577
1345.0000 38.6526 0.4565
1350.0000 38.7895 0.4594
1355.0000 39.0677 0.4584
1360.0000 39.1735 0.4550
1365.0000 39.2264 0.4462
1370.0000 39.2575 0.4484
1375.0000 39.3197 0.4417
1380.0000 39.5348 0.4388
1385.0000 39.7935 0.4459
1390.0000 39.9280 0.4430
1395.0000 39.9280 0.4430
1400.0000 40.0430 0.4413
1405.0000 40.1210 0.4356
1410.0000 40.2981 0.4395
1415.0000 40.3292 0.4410
1420.0000 40.3602 0.4426
1425.0000 40.5155 0.4500
1430.0000 40.6902 0.4435
1435.0000 40.7306 0.4438
1440.0000 40.8237 0.4476
1445.0000 40.9169 0.4513
1450.0000 41.0100 0.4547
1455.0000 41.1342 0.4591
1460.0000 41.2895 0.4641
1465.0000 41.4137 0.4678
1470.0000 41.4447 0.4687
1475.0000 41.4758 0.4695
1480.0000 41.6218 0.4747
1485.0000 41.7553 0.4722
1490.0000 41.7864 0.4728
1495.0000 41.9324 0.4676
1500.0000 42.0256 0.4703
1505.0000 42.2119 0.4729
1510.0000 42.2119 0.4729
1515.0000 42.3050 0.4740
1520.0000 42.3671 0.4746
1525.0000 42.3671 0.4746
1530.0000 42.4511 0.4739
1535.0000 42.5442 0.4745
1540.0000 42.6063 0.4748
1545.0000 42.6063 0.4748
1550.0000 42.6063 0.4748
1555.0000 42.7305 0.4752
1560.0000 42.7616 0.4752
1565.0000 42.7802 0.4641
1570.0000 42.9354 0.4599
1575.0000 42.9626 0.4618
1580.0000 43.0480 0.4655
1585.0000 43.1333 0.4690
1590.0000 43.1915 0.4706
1595.0000 43.3080 0.4736
1600.0000 43.4321 0.4723
1605.0000 43.5257 0.4704
1610.0000 43.5800 0.4735
1615.0000 43.5800 0.4735
1620.0000 43.6925 0.4777
1625.0000 43.7821 0.4774
1630.0000 43.8365 0.4780
1635.0000 43.8365 0.4780
1640.0000 43.8446 0.4731
1645.0000 43.8718 0.4758
1650.0000 43.8718 0.4758
1655.0000 43.9533 0.4780
1660.0000 44.0619 0.4834
1665.0000 44.1162 0.4860
1670.0000 44.3063 0.4947
1675.0000 44.3878 0.5018
1680.0000 44.4965 0.5063
1685.0000 44.5508 0.5084
1690.0000 44.6594 0.5126
1695.0000 44.6866 0.5135
1700.0000 44.7952 0.5174
1705.0000 44.9310 0.5218
1710.0000 45.1836 0.5238
1715.0000 45.2651 0.5258
1720.0000 45.3466 0.5278
1725.0000 45.4552 0.5302
1730.0000 45.6182 0.5333
1735.0000 45.7269 0.5351
1740.0000 45.8355 0.5368
1745.0000 45.8980 0.5323
1750.0000 45.9794 0.5347
1755.0000 46.0609 0.5355
1760.0000 46.0881 0.5357
1765.0000 46.1153 0.5359
1770.0000 46.2592 0.5315
1775.0000 46.2864 0.5316
1780.0000 46.3664 0.5336
1785.0000 46.4193 0.5390
1790.0000 46.4465 0.5391
1795.0000 46.5183 0.5448
1800.0000 46.5813 0.5491
1805.0000 46.6531 0.5546
1810.0000 46.7269 0.5504
1815.0000 46.7736 0.5463
1820.0000 46.8453 0.5515
1825.0000 46.9171 0.5567
1830.0000 46.9802 0.5599
1835.0000 47.0073 0.5560
1840.0000 47.1150 0.5634
1845.0000 47.1616 0.5589
1850.0000 47.4211 0.5716
1855.0000 47.5643 0.5809
1860.0000 47.6910 0.5809
1865.0000 47.7269 0.5829
1870.0000 47.8070 0.5877
1875.0000 47.9147 0.5933
1880.0000 48.0666 0.6013
1885.0000 48.1467 0.6055
1890.0000 48.4588 0.6262
1895.0000 48.5413 0.6220
1900.0000 48.7650 0.6346
1905.0000 48.9081 0.6435
1910.0000 49.2788 0.6699
1915.0000 49.5550 0.6789
1920.0000 50.0103 0.6968
1925.0000 50.1346 0.7067
1930.0000 50.4550 0.7264
1935.0000 50.7396 0.7475
1940.0000 50.9081 0.7557
1945.0000 51.1927 0.7662
1950.0000 51.4163 0.7630
1955.0000 51.8468 0.7613
1960.0000 52.0955 0.7677
1965.0000 52.3358 0.7727
1970.0000 52.4076 0.7779
1975.0000 52.5595 0.7870
1980.0000 52.9241 0.7967
1985.0000 53.1894 0.8033
1990.0000 53.3580 0.8072
1995.0000 53.4464 0.8110
2000.0000 53.5840 0.8065
2005.0000 53.9740 0.8145
2010.0000 54.1872 0.8287
2015.0000 54.5413 0.8439
2020.0000 54.7457 0.8353
2025.0000 54.9142 0.8439
2030.0000 55.0113 0.8476
2035.0000 55.1172 0.8616
2040.0000 55.2759 0.8849
2045.0000 55.5317 0.9113
2050.0000 55.9077 0.9427
2055.0000 56.1291 0.9659
2060.0000 56.7085 0.9771
2065.0000 56.9602 0.9796
2070.0000 57.1862 1.0024
2075.0000 57.4960 1.0165
2080.0000 57.9106 1.0455
2085.0000 58.4324 1.0803
2090.0000 58.7725 1.0947
2095.0000 59.0952 1.0832
2100.0000 59.2323 1.0891
2105.0000 59.4799 1.0976
2110.0000 59.7768 1.1159
2115.0000 60.0330 1.1186
2120.0000 60.4876 1.1303
2125.0000 60.9407 1.1171
2130.0000 61.2010 1.0755
2135.0000 61.5282 1.0948
2140.0000 61.7851 1.1094
2145.0000 61.8765 1.0991
2150.0000 62.3917 1.1066
2155.0000 62.6357 1.1100
2160.0000 62.9027 1.1180
2165.0000 63.0495 1.1282
2170.0000 63.2180 1.1239
2175.0000 63.4681 1.1279
2180.0000 63.7464 1.1385
2185.0000 64.1306 1.1318
2190.0000 64.3531 1.1606
2195.0000 64.6587 1.1869
2200.0000 64.9665 1.2122
2205.0000 65.4381 1.2104
2210.0000 65.7361 1.2166
2215.0000 66.1075 1.2430
2220.0000 66.5319 1.2630
2225.0000 66.9228 1.3001
2230.0000 67.3537 1.3167
2235.0000 67.7340 1.3383
2240.0000 67.9875 1.3459
2245.0000 68.2953 1.3706
2250.0000 68.6453 1.3978
2255.0000 69.0640 1.4139
2260.0000 69.3189 1.4332
2265.0000 69.5403 1.4475
2270.0000 69.8255 1.4585
2275.0000 70.1020 1.4736
2280.0000 70.4401 1.4707
2285.0000 70.8372 1.4744
2290.0000 71.0053 1.4738
2295.0000 71.2290 1.4817
2300.0000 71.4396 1.4697
2305.0000 71.8978 1.4892
2310.0000 72.3204 1.4804
2315.0000 72.4900 1.4843
2320.0000 72.8194 1.4956
2325.0000 72.9902 1.5015
2330.0000 73.2425 1.4718
2335.0000 73.5385 1.4803
2340.0000 73.8488 1.5016
2345.0000 74.1270 1.5158
2350.0000 74.5238 1.5324
2355.0000 74.7390 1.5510
2360.0000 74.9530 1.5349
2365.0000 75.1396 1.5226
2370.0000 75.5751 1.5426
2375.0000 75.7578 1.5485
2380.0000 76.0248 1.5526
2385.0000 76.1944 1.5684
2390.0000 76.3976 1.5851
2395.0000 76.6008 1.6011
2400.0000 76.8773 1.6288
2405.0000 77.0591 1.6129
2410.0000 77.4895 1.6582
2415.0000 77.7165 1.6610
2420.0000 78.1563 1.6629
2425.0000 78.5380 1.6805
2430.0000 79.0274 1.7267
2435.0000 79.4901 1.7451
2440.0000 80.0162 1.7489
2445.0000 80.3028 1.7797
2450.0000 80.6859 1.7705
2455.0000 81.1904 1.7917
2460.0000 81.5199 1.8013
2465.0000 81.8918 1.8382
2470.0000 82.2943 1.8519
2475.0000 82.7520 1.8841
2480.0000 83.1648 1.9150
2485.0000 83.5684 1.9376
2490.0000 83.9393 1.9851
2495.0000 84.2348 2.0245
2500.0000 84.6072 2.0420
2505.0000 85.0312 2.0495
2510.0000 85.4880 2.0829
2515.0000 85.8240 2.0928
2520.0000 86.3344 2.1178
2525.0000 86.8721 2.1424
2530.0000 87.3759 2.1344
2535.0000 87.6315 2.1484
2540.0000 88.0760 2.1495
2545.0000 88.3072 2.1260
2550.0000 88.5839 2.0831
2555.0000 89.1427 2.1191
2560.0000 89.6472 2.1073
2565.0000 89.9870 2.1201
2570.0000 90.1940 2.1356
2575.0000 90.3474 2.1372
2580.0000 90.6349 2.1611
2585.0000 91.0530 2.1827
2590.0000 91.0457 2.1603
2595.0000 91.1318 2.1446
2600.0000 91.3840 2.1398
2605.0000 91.5573 2.1504
2610.0000 91.7783 2.1469
2615.0000 91.7430 2.1285
2620.0000 91.8839 2.1221
2625.0000 91.8590 2.1209
2630.0000 91.9262 2.1222
2635.0000 92.0574 2.1200
2640.0000 92.1086 2.1183
2645.0000 92.1093 2.1185
2650.0000 92.0763 2.1071
2655.0000 92.4837 2.1194
2660.0000 92.4318 2.1203
2665.0000 92.5185 2.1030
2670.0000 92.3536 2.0954
2675.0000 92.4725 2.1081
2680.0000 92.5439 2.1039
2685.0000 92.4757 2.1048
2690.0000 92.4451 2.1034
2695.0000 92.3315 2.1023
2700.0000 92.0380 2.0800
2705.0000 91.9098 2.0737
2710.0000 91.6812 2.0542
2715.0000 91.6825 2.0549
2720.0000 91.8056 2.0758
2725.0000 91.8296 2.0778
2730.0000 91.6005 2.0498
2735.0000 91.9723 2.0563
2740.0000 91.6293 2.0358
2745.0000 91.7546 2.0520
2750.0000 91.5684 2.0390
2755.0000 91.6988 2.0472
2760.0000 91.7079 2.0403
2765.0000 91.8380 2.0547
2770.0000 92.0389 2.0308
2775.0000 91.9215 2.0097
2780.0000 91.8276 1.9753
2785.0000 91.6836 1.9639
2790.0000 91.7512 1.9631
2795.0000 91.6640 1.9509
2800.0000 91.5088 1.9360
2805.0000 91.3609 1.9091
2810.0000 91.2684 1.9019
2815.0000 91.2465 1.9080
2820.0000 91.0925 1.8943
2825.0000 91.2526 1.8942
2830.0000 91.4258 1.8974
2835.0000 91.3231 1.8857
2840.0000 90.9528 1.8642
2845.0000 90.9394 1.8624
2850.0000 91.0360 1.8613
2855.0000 91.1980 1.8661
2860.0000 91.1368 1.8667
2865.0000 91.0179 1.8609
2870.0000 91.0436 1.8365
2875.0000 90.9826 1.8380
2880.0000 90.8485 1.8186
2885.0000 90.8517 1.8089
2890.0000 90.9848 1.7872
2895.0000 91.0796 1.8005
2900.0000 90.8843 1.7854
2905.0000 91.2296 1.7981
2910.0000 90.8897 1.7846
2915.0000 91.0793 1.7920
2920.0000 91.1461 1.8035
2925.0000 90.9355 1.8141
2930.0000 91.2087 1.8206
2935.0000 90.9252 1.8068
2940.0000 91.0899 1.8102
2945.0000 90.9759 1.8058
2950.0000 91.1631 1.8100
2955.0000 90.9196 1.7983
2960.0000 90.9652 1.7981
2965.0000 90.9914 1.7947
2970.0000 91.3204 1.8123
2975.0000 91.0636 1.7969
2980.0000 90.9665 1.7892
2985.0000 91.1262 1.7796
2990.0000 91.0957 1.7849
2995.0000 91.0047 1.7832
3000.0000 91.2172 1.7983
3005.0000 90.7573 1.7731
3010.0000 90.8739 1.7555
3015.0000 90.7962 1.7570
3020.0000 90.7509 1.7551
3025.0000 90.6919 1.7554
3030.0000 90.9944 1.7709
3035.0000 90.7657 1.7735
3040.0000 90.6730 1.7553
3045.0000 90.6796 1.7550
3050.0000 90.7633 1.7500
3055.0000 90.8312 1.7580
3060.0000 90.9850 1.7755
3065.0000 91.1177 1.7810
3070.0000 90.9564 1.7798
3075.0000 91.0761 1.7830
3080.0000 90.9428 1.7559
3085.0000 91.0248 1.7475
3090.0000 90.9712 1.7523
3095.0000 90.9757 1.7590
3100.0000 90.8670 1.7497
3105.0000 90.8066 1.7392
3110.0000 90.6329 1.7207
3115.0000 90.7019 1.7046
3120.0000 90.5726 1.6972
3125.0000 90.8444 1.7113
3130.0000 90.9450 1.7115
3135.0000 90.8500 1.7175
3140.0000 90.5875 1.7013
3145.0000 90.6999 1.7158
3150.0000 90.3759 1.6997
3155.0000 90.4870 1.7026
3160.0000 90.3671 1.6854
3165.0000 90.3698 1.6871
3170.0000 90.4483 1.6876
3175.0000 90.7952 1.7042
3180.0000 90.6507 1.6948
3185.0000 90.7006 1.6934
3190.0000 90.5630 1.6855
3195.0000 90.7908 1.7045
3200.0000 90.7320 1.7088
3205.0000 90.6542 1.6824
3210.0000 90.7248 1.6881
3215.0000 90.4261 1.6664
3220.0000 90.4400 1.6658
3225.0000 90.2483 1.6558
3230.0000 90.5990 1.6757
3235.0000 90.7904 1.6723
3240.0000 90.8254 1.6633
3245.0000 90.5642 1.6535
3250.0000 90.5714 1.6408
3255.0000 90.8906 1.6509
3260.0000 90.6668 1.6492
3265.0000 90.9011 1.6637
3270.0000 90.9970 1.6809
3275.0000 90.9055 1.6632
3280.0000 90.6346 1.6668
3285.0000 90.7903 1.6593
3290.0000 91.1158 1.6671
3295.0000 91.1004 1.6730
3300.0000 91.2128 1.6671
3305.0000 91.1892 1.6687
3310.0000 91.0427 1.6607
3315.0000 90.9397 1.6525
3320.0000 90.5921 1.6355
3325.0000 90.6202 1.6424
3330.0000 90.7390 1.6267
3335.0000 90.6800 1.6208
3340.0000 90.7740 1.6204
3345.0000 90.6598 1.6173
3350.0000 90.8353 1.6208
3355.0000 90.8537 1.6200
3360.0000 90.6354 1.6129
3365.0000 90.8140 1.6175
3370.0000 91.0202 1.6319
3375.0000 91.2228 1.6425
3380.0000 91.0448 1.6400
3385.0000 90.8900 1.6119
3390.0000 90.7954 1.6039
3395.0000 90.6818 1.5826
3400.0000 90.6232 1.5870
3405.0000 90.6392 1.5764
3410.0000 90.6555 1.5784
3415.0000 90.5457 1.5721
3420.0000 90.5709 1.5772
3425.0000 90.6456 1.5850
3430.0000 90.6766 1.5869
3435.0000 90.3886 1.5655
3440.0000 90.3772 1.5356
3445.0000 90.2011 1.5306
3450.0000 90.3628 1.5255
3455.0000 90.2885 1.5123
3460.0000 90.4861 1.5200
3465.0000 90.3679 1.5159
3470.0000 90.5734 1.5129
3475.0000 90.4629 1.5082
3480.0000 90.5927 1.4962
3485.0000 90.6123 1.4960
3490.0000 90.7460 1.5117
3495.0000 90.6835 1.4665
3500.0000 90.6985 1.4759
3505.0000 90.6392 1.4797
3510.0000 90.6015 1.4745
3515.0000 90.8254 1.4722
3520.0000 90.6805 1.4684
3525.0000 90.8078 1.4782
3530.0000 90.7316 1.4671
3535.0000 91.1373 1.4839
3540.0000 90.9446 1.4837
3545.0000 91.0158 1.4904
3550.0000 91.2538 1.4994
3555.0000 91.1572 1.4980
3560.0000 90.9435 1.4963
3565.0000 91.3081 1.5140
3570.0000 91.2884 1.5100
3575.0000 91.3916 1.5179
3580.0000 91.0857 1.5064
3585.0000 90.8355 1.4941
3590.0000 90.6801 1.4904
3595.0000 90.5427 1.4706
3600.0000 90.6281 1.4655
3605.0000 90.7338 1.4783
3610.0000 90.5650 1.4523
3615.0000 90.8273 1.4737
3620.0000 90.7575 1.4533
3625.0000 90.7519 1.4525
3630.0000 90.9185 1.4559
3635.0000 90.6599 1.4309
3640.0000 90.8303 1.4503
3645.0000 90.8308 1.4541
3650.0000 90.7489 1.4553
3655.0000 90.8158 1.4405
3660.0000 90.8123 1.4339
3665.0000 90.9565 1.4627
3670.0000 90.8028 1.4465
3675.0000 90.9322 1.4572
3680.0000 90.8154 1.4458
3685.0000 90.6167 1.4332
3690.0000 90.4793 1.4341
3695.0000 90.5304 1.4290
3700.0000 90.7118 1.4324
3705.0000 90.7013 1.4321
3710.0000 90.8986 1.4363
3715.0000 91.0519 1.4485
3720.0000 90.9747 1.4457
3725.0000 91.0123 1.4510
3730.0000 91.2128 1.4660
3735.0000 91.0468 1.4176
3740.0000 90.9796 1.4143
3745.0000 91.1917 1.4268
3750.0000 90.9754 1.4176
3755.0000 90.8715 1.4032
3760.0000 90.7940 1.4021
3765.0000 91.0186 1.4113
3770.0000 90.7709 1.3872
3775.0000 90.7101 1.3791
3780.0000 90.7110 1.3738
3785.0000 90.6768 1.3508
3790.0000 90.6744 1.3525
3795.0000 90.6087 1.3563
3800.0000 90.6645 1.3499
3805.0000 90.8272 1.3544
3810.0000 90.6863 1.3574
3815.0000 90.9635 1.3689
3820.0000 91.0941 1.3645
3825.0000 90.8620 1.3571
3830.0000 90.6929 1.3294
3835.0000 90.7321 1.3360
3840.0000 90.6833 1.3390
3845.0000 90.6946 1.3275
3850.0000 90.9044 1.3369
3855.0000 91.0175 1.3420
3860.0000 90.8910 1.3390
3865.0000 90.7666 1.3330
3870.0000 90.7504 1.3353
3875.0000 90.7308 1.3375
3880.0000 90.7492 1.3352
3885.0000 90.7446 1.3382
3890.0000 90.5769 1.3256
3895.0000 90.6767 1.3398
3900.0000 90.5570 1.3315
3905.0000 90.4523 1.3279
3910.0000 90.5352 1.3332
3915.0000 90.7304 1.3405
3920.0000 90.8073 1.3433
3925.0000 90.6180 1.3389
3930.0000 90.7223 1.3461
3935.0000 90.6756 1.3392
3940.0000 90.5974 1.3347
3945.0000 90.4965 1.3304
3950.0000 90.2999 1.3183
3955.0000 90.3284 1.3064
3960.0000 90.5515 1.3176
3965.0000 90.5050 1.3061
3970.0000 90.4608 1.3060
3975.0000 90.2388 1.2784
3980.0000 90.4254 1.2974
3985.0000 90.6292 1.3085
3990.0000 90.6179 1.3143
3995.0000 90.5549 1.3146
4000.0000 90.6532 1.3211
4005.0000 90.7000 1.3188
4010.0000 90.6508 1.3103
4015.0000 90.8404 1.3242
4020.0000 90.9083 1.3371
4025.0000 91.1556 1.3424
4030.0000 90.7799 1.3183
4035.0000 91.0387 1.3260
4040.0000 90.9775 1.3197
4045.0000 91.0175 1.3194
4050.0000 90.9463 1.3065
4055.0000 90.8523 1.3010
4060.0000 90.8239 1.2822
4065.0000 90.8839 1.2868
4070.0000 90.7897 1.2509
4075.0000 90.7826 1.2530
4080.0000 90.6672 1.2347
4085.0000 90.6641 1.2355
4090.0000 90.7498 1.2444
4095.0000 90.6811 1.2374
4100.0000 90.8005 1.2294
4105.0000 90.8930 1.2314
4110.0000 90.8510 1.2272
4115.0000 90.9382 1.2317
4120.0000 91.0222 1.2528
4125.0000 91.0079 1.2470
4130.0000 91.0865 1.2483
4135.0000 91.1103 1.2524
4140.0000 91.2182 1.2464
4145.0000 91.1408 1.2394
4150.0000 91.0326 1.2351
4155.0000 91.0391 1.2278
4160.0000 91.1044 1.2229
4165.0000 91.2382 1.2164
4170.0000 90.8938 1.1977
4175.0000 90.7834 1.1913
4180.0000 90.7004 1.1937
4185.0000 90.9157 1.2030
4190.0000 90.6521 1.1869
4195.0000 90.7380 1.1821
4200.0000 90.7857 1.1832
4205.0000 90.7957 1.1856
4210.0000 90.4163 1.1681
4215.0000 90.5753 1.1675
4220.0000 90.6869 1.1687
4225.0000 90.8649 1.1810
4230.0000 91.0144 1.1813
4235.0000 90.7150 1.1740
4240.0000 90.6026 1.1679
4245.0000 90.6384 1.1590
4250.0000 90.5538 1.1601
4255.0000 90.8047 1.1675
4260.0000 90.7569 1.1510
4265.0000 90.7821 1.1536
4270.0000 90.8080 1.1531
4275.0000 90.8425 1.1543
4280.0000 91.0649 1.1753
4285.0000 91.1615 1.1725
4290.0000 90.9166 1.1514
4295.0000 90.7108 1.1342
4300.0000 90.7504 1.1387
4305.0000 90.8766 1.1402
4310.0000 90.5593 1.1292
4315.0000 90.6796 1.1042
4320.0000 90.5960 1.1062
4325.0000 90.6591 1.0969
4330.0000 90.7832 1.1012
4335.0000 90.6006 1.0837
4340.0000 90.7517 1.0850
4345.0000 90.7269 1.0776
4350.0000 90.6498 1.0764
4355.0000 90.7333 1.0947
4360.0000 90.7935 1.1006
4365.0000 90.4596 1.0743
4370.0000 90.7036 1.0852
4375.0000 90.8604 1.1036
4380.0000 90.7826 1.1022
4385.0000 90.9718 1.0905
4390.0000 90.7741 1.0832
4395.0000 90.8052 1.0753
4400.0000 90.7728 1.0773
4405.0000 90.6341 1.0573
4410.0000 90.7335 1.0642
4415.0000 90.7379 1.0551
4420.0000 90.7836 1.0459
4425.0000 90.7217 1.0413
4430.0000 90.7650 1.0487
4435.0000 90.9105 1.0630
4440.0000 90.8919 1.0602
4445.0000 91.1711 1.0618
4450.0000 90.7956 1.0467
4455.0000 90.9075 1.0492
4460.0000 90.8498 1.0505
4465.0000 90.9406 1.0460
4470.0000 90.8541 1.0466
4475.0000 91.0331 1.0632
4480.0000 90.8696 1.0610
4485.0000 90.9532 1.0587
4490.0000 90.9225 1.0500
4495.0000 90.9884 1.0457
4500.0000 90.9644 1.0459
4505.0000 90.9383 1.0329
4510.0000 91.0518 1.0430
4515.0000 91.0155 1.0402
4520.0000 90.9277 1.0395
4525.0000 90.8929 1.0463
4530.0000 90.9357 1.0384
4535.0000 90.9175 1.0493
4540.0000 91.0036 1.0467
4545.0000 90.8202 1.0456
4550.0000 90.8634 1.0522
4555.0000 90.8165 1.0494
4560.0000 90.8824 1.0468
4565.0000 90.8259 1.0435
4570.0000 90.9400 1.0466
4575.0000 90.8060 1.0434
4580.0000 90.6585 1.0348
4585.0000 90.7934 1.0399
4590.0000 90.7958 1.0415
4595.0000 90.8300 1.0396
4600.0000 91.0610 1.0475
4605.0000 91.1876 1.0488
4610.0000 91.0008 1.0512
4615.0000 91.0136 1.0462
4620.0000 91.0725 1.0480
4625.0000 91.0248 1.0495
4630.0000 91.0584 1.0458
4635.0000 90.8246 1.0436
4640.0000 90.9239 1.0425
4645.0000 90.8337 1.0329
4650.0000 90.8758 1.0320
4655.0000 90.9259 1.0350
4660.0000 90.9962 1.0465
4665.0000 90.8877 1.0424
4670.0000 91.0713 1.0440
4675.0000 91.0361 1.0457
4680.0000 90.8386 1.0361
4685.0000 90.9549 1.0372
4690.0000 90.9329 1.0348
4695.0000 91.0440 1.0358
4700.0000 91.0421 1.0304
4705.0000 90.9802 1.0306
4710.0000 91.0198 1.0305
4715.0000 90.8726 1.0264
4720.0000 91.0397 1.0356
4725.0000 90.8345 1.0247
4730.0000 90.7761 1.0222
4735.0000 90.7456 1.0266
4740.0000 90.8241 1.0238
4745.0000 90.7144 1.0266
4750.0000 90.9936 1.0353
4755.0000 90.8307 1.0330
4760.0000 90.9642 1.0314
4765.0000 90.7297 1.0275
4770.0000 91.0233 1.0369
4775.0000 90.9347 1.0327
4780.0000 90.8756 1.0317
4785.0000 90.6339 1.0147
4790.0000 90.6305 1.0153
4795.0000 90.8601 1.0252
4800.0000 91.0129 1.0369
4805.0000 90.9111 1.0200
4810.0000 90.8913 1.0219
4815.0000 90.7857 1.0140
4820.0000 90.8768 1.0241
4825.0000 91.0250 1.0427
4830.0000 90.8868 1.0363
4835.0000 91.1329 1.0486
4840.0000 90.9142 1.0359
4845.0000 91.0040 1.0384
4850.0000 90.7585 1.0239
4855.0000 90.8866 1.0351
4860.0000 91.1948 1.0430
4865.0000 90.8289 1.0246
4870.0000 90.9386 1.0322
4875.0000 90.9058 1.0302
4880.0000 90.8797 1.0339
4885.0000 90.8959 1.0353
4890.0000 90.8445 1.0372
4895.0000 90.9772 1.0382
4900.0000 91.1663 1.0526
4905.0000 90.9101 1.0348
4910.0000 90.7943 1.0125
4915.0000 90.8881 1.0253
4920.0000 90.9416 1.0344
4925.0000 91.0543 1.0351
4930.0000 91.1693 1.0418
4935.0000 90.8999 1.0254
4940.0000 91.2036 1.0374
4945.0000 91.0382 1.0456
4950.0000 90.9334 1.0378
4955.0000 91.0602 1.0502
4960.0000 91.1512 1.0454
4965.0000 91.3772 1.0631
4970.0000 91.3145 1.0577
4975.0000 91.1222 1.0517
4980.0000 90.9687 1.0396
4985.0000 90.8236 1.0371
4990.0000 90.7714 1.0455
4995.0000 90.6996 1.0379
5000.0000 90.6162 1.0303
5005.0000 90.8620 1.0458
5010.0000 90.9210 1.0447
5015.0000 90.8948 1.0400
5020.0000 90.8254 1.0427
5025.0000 90.8622 1.0463
5030.0000 91.0125 1.0447
5035.0000 91.1658 1.0514
5040.0000 91.2366 1.0550
5045.0000 91.3237 1.0522
5050.0000 91.2621 1.0561
5055.0000 91.0580 1.0513
5060.0000 91.1859 1.0565
5065.0000 91.1048 1.0452
5070.0000 91.2433 1.0506
5075.0000 91.1898 1.0429
5080.0000 91.2608 1.0532
5085.0000 90.9551 1.0409
5090.0000 90.9382 1.0436
5095.0000 91.1532 1.0536
5100.0000 91.1529 1.0452
5105.0000 91.2576 1.0577
5110.0000 91.0920 1.0641
5115.0000 91.1048 1.0561
5120.0000 90.7983 1.0358
5125.0000 90.8701 1.0309
5130.0000 90.5939 1.0212
5135.0000 90.7270 1.0227
5140.0000 90.8146 1.0332
5145.0000 90.6626 1.0201
5150.0000 90.7263 1.0128
5155.0000 90.4618 1.0072
5160.0000 90.8229 1.0209
5165.0000 90.6087 1.0105
5170.0000 90.8073 1.0217
5175.0000 90.7506 1.0112
5180.0000 90.8867 1.0173
5185.0000 90.6705 1.0101
5190.0000 91.0332 1.0253
5195.0000 91.1053 1.0367
5200.0000 91.4022 1.0510
5205.0000 91.4357 1.0527
5210.0000 91.2023 1.0368
5215.0000 91.3474 1.0446
5220.0000 91.2553 1.0382
5225.0000 91.2421 1.0401
5230.0000 91.1419 1.0383
5235.0000 91.1631 1.0431
5240.0000 91.0442 1.0272
5245.0000 91.0858 1.0240
5250.0000 90.8109 1.0156
5255.0000 90.8907 1.0265
5260.0000 90.9689 1.0242
5265.0000 91.0757 1.0254
5270.0000 91.1862 1.0379
5275.0000 91.0178 1.0253
5280.0000 90.8466 1.0014
5285.0000 90.5974 0.9952
5290.0000 90.6517 1.0051
5295.0000 90.6009 0.9884
5300.0000 90.4457 0.9879
5305.0000 90.2452 0.9729
5310.0000 90.1937 0.9746
5315.0000 90.4520 0.9832
5320.0000 90.2943 0.9782
5325.0000 90.4066 0.9823
5330.0000 90.3679 0.9735
5335.0000 90.5433 0.9751
5340.0000 90.6346 0.9836
5345.0000 90.7074 0.9976
5350.0000 90.8557 0.9947
5355.0000 90.8906 1.0023
5360.0000 91.1559 1.0147
5365.0000 91.0754 1.0164
5370.0000 91.1170 1.0210
5375.0000 91.1189 1.0184
5380.0000 90.9535 1.0141
5385.0000 91.1335 1.0113
5390.0000 90.9969 1.0095
5395.0000 90.8337 0.9986
5400.0000 91.1137 1.0036
5405.0000 91.0617 1.0091
5410.0000 91.0618 1.0011
5415.0000 91.0430 1.0091
5420.0000 91.0378 1.0059
5425.0000 90.9079 0.9949
5430.0000 91.1760 1.0052
5435.0000 91.0400 1.0028
5440.0000 91.0636 1.0036
5445.0000 91.1304 1.0079
5450.0000 91.4143 1.0153
5455.0000 91.3113 1.0093
5460.0000 91.2790 1.0164
5465.0000 91.2329 1.0131
5470.0000 91.1321 0.9992
5475.0000 91.5334 1.0158
5480.0000 91.2816 1.0091
5485.0000 91.1828 0.9942
5490.0000 91.1217 0.9825
5495.0000 91.0434 0.9814
5500.0000 91.1599 0.9853
5505.0000 90.9833 0.9775
5510.0000 90.9957 0.9800
5515.0000 90.8793 0.9807
5520.0000 91.0455 0.9856
5525.0000 91.1465 0.9817
5530.0000 91.0945 0.9807
5535.0000 91.0758 0.9726
5540.0000 90.9060 0.9618
5545.0000 90.8865 0.9593
5550.0000 90.8271 0.9589
5555.0000 91.0084 0.9719
5560.0000 90.9401 0.9628
5565.0000 90.7216 0.9620
5570.0000 90.7621 0.9571
5575.0000 90.7135 0.9619
5580.0000 90.8021 0.9615
5585.0000 90.4958 0.9538
5590.0000 91.0839 0.9696
5595.0000 91.0364 0.9665
5600.0000 91.0561 0.9696
5605.0000 91.0447 0.9699
5610.0000 90.8630 0.9603
5615.0000 91.1398 0.9757
5620.0000 90.7972 0.9642
5625.0000 90.8283 0.9651
5630.0000 90.9384 0.9826
5635.0000 91.3757 0.9930
5640.0000 91.0900 0.9877
5645.0000 91.1304 0.9846
5650.0000 91.2232 0.9851
5655.0000 91.2560 0.9913
5660.0000 91.1646 0.9744
5665.0000 91.0491 0.9704
5670.0000 90.9095 0.9609
5675.0000 91.0284 0.9641
5680.0000 91.1288 0.9758
5685.0000 91.2275 0.9727
5690.0000 91.2021 0.9769
5695.0000 91.2534 0.9843
5700.0000 91.2103 0.9875
5705.0000 91.0439 0.9784
5710.0000 91.0704 0.9781
5715.0000 91.2738 0.9913
5720.0000 91.2093 0.9846
5725.0000 91.3705 0.9979
5730.0000 90.9701 0.9808
5735.0000 91.1280 0.9755
5740.0000 91.1397 0.9802
5745.0000 91.0420 0.9715
5750.0000 91.1471 0.9726
5755.0000 91.1942 0.9757
5760.0000 91.1337 0.9838
5765.0000 91.1288 0.9772
5770.0000 91.1610 0.9748
5775.0000 91.1105 0.9714
5780.0000 91.0857 0.9709
5785.0000 91.1802 0.9751
5790.0000 91.1943 0.9652
5795.0000 91.0667 0.9702
5800.0000 91.0947 0.9656
5805.0000 90.9640 0.9552
5810.0000 91.0599 0.9491
5815.0000 91.2856 0.9458
5820.0000 91.1438 0.9260
5825.0000 91.2619 0.9337
5830.0000 91.2556 0.9430
5835.0000 91.2258 0.9317
5840.0000 90.9910 0.9256
5845.0000 90.9715 0.9213
5850.0000 91.1660 0.9280
5855.0000 91.0781 0.9194
5860.0000 91.2489 0.9330
5865.0000 91.2199 0.9315
5870.0000 91.3179 0.9332
5875.0000 91.2909 0.9276
5880.0000 91.3592 0.9406
5885.0000 91.2327 0.9363
5890.0000 91.0259 0.9339
5895.0000 91.3020 0.9404
5900.0000 91.0712 0.9365
5905.0000 91.1483 0.9447
5910.0000 91.0831 0.9375
5915.0000 90.9856 0.9344
5920.0000 91.0982 0.9348
5925.0000 90.9217 0.9330
5930.0000 90.9582 0.9402
5935.0000 91.0063 0.9378
5940.0000 91.0157 0.9353
5945.0000 90.9830 0.9270
5950.0000 91.1466 0.9306
5955.0000 91.0256 0.9246
5960.0000 91.1041 0.9284
5965.0000 91.1040 0.9265
5970.0000 91.2135 0.9292
5975.0000 91.2311 0.9336
5980.0000 91.1592 0.9265
5985.0000 91.1662 0.9348
5990.0000 90.9570 0.9244
5995.0000 91.0606 0.9265
6000.0000 90.9980 0.9015
6005.0000 90.9494 0.9073
6010.0000 90.9514 0.8966
6015.0000 90.9512 0.8957
6020.0000 90.8121 0.8815
6025.0000 90.7888 0.8879
6030.0000 91.0872 0.9016
6035.0000 91.1443 0.8902
6040.0000 91.0339 0.8834
6045.0000 91.0885 0.8866
6050.0000 91.0308 0.8916
6055.0000 91.1479 0.9033
6060.0000 91.0823 0.8859
6065.0000 91.1194 0.8881
6070.0000 90.9739 0.8781
6075.0000 91.0103 0.8774
6080.0000 90.9029 0.8755
6085.0000 90.8181 0.8751
6090.0000 90.6923 0.8666
6095.0000 90.9120 0.8776
6100.0000 90.8632 0.8867
6105.0000 90.9645 0.8909
6110.0000 90.7463 0.8852
6115.0000 90.9950 0.8885
6120.0000 90.9306 0.8902
6125.0000 90.8335 0.8945
6130.0000 90.7881 0.8802
6135.0000 90.9483 0.8900
6140.0000 90.9948 0.9027
6145.0000 90.9685 0.9081
6150.0000 91.1627 0.9130
6155.0000 91.4152 0.9130
6160.0000 91.2452 0.9090
6165.0000 91.1283 0.9041
6170.0000 91.1734 0.9035
6175.0000 91.1956 0.9048
6180.0000 91.1821 0.9104
6185.0000 91.1957 0.9051
6190.0000 91.2534 0.9023
6195.0000 91.2982 0.9116
6200.0000 91.3264 0.9098
6205.0000 91.2284 0.9115
6210.0000 91.4943 0.9237
6215.0000 91.3564 0.9201
6220.0000 91.2608 0.9127
6225.0000 91.2097 0.9051
6230.0000 91.1434 0.8913
6235.0000 91.2752 0.8934
6240.0000 91.1398 0.8854
6245.0000 90.9465 0.8605
6250.0000 91.0827 0.8747
6255.0000 91.0333 0.8837
6260.0000 90.9261 0.8783
6265.0000 91.1181 0.8909
6270.0000 91.1904 0.8927
6275.0000 91.0386 0.8821
6280.0000 91.1548 0.8802
6285.0000 91.1238 0.8937
6290.0000 91.1320 0.8879
6295.0000 91.0279 0.8786
6300.0000 91.0200 0.8615
6305.0000 90.7981 0.8493
6310.0000 90.8964 0.8536
6315.0000 91.0157 0.8488
6320.0000 91.1682 0.8438
6325.0000 91.0737 0.8204
6330.0000 90.8449 0.8074
6335.0000 90.9157 0.8110
6340.0000 90.9017 0.8183
6345.0000 91.2088 0.8341
6350.0000 91.3425 0.8356
6355.0000 91.3675 0.8351
6360.0000 91.2146 0.8193
6365.0000 91.3277 0.8337
6370.0000 91.6034 0.8399
6375.0000 91.3909 0.8427
6380.0000 91.6029 0.8423
6385.0000 91.4917 0.8339
6390.0000 91.4575 0.8297
6395.0000 91.4851 0.8322
6400.0000 91.4572 0.8362
6405.0000 91.4702 0.8336
6410.0000 91.3260 0.8251
6415.0000 91.2392 0.8190
6420.0000 91.0879 0.8157
6425.0000 91.2712 0.8194
6430.0000 91.4038 0.8216
6435.0000 91.1623 0.8169
6440.0000 91.3327 0.8288
6445.0000 91.5119 0.8395
6450.0000 91.4187 0.8156
6455.0000 91.2873 0.8087
6460.0000 91.5801 0.8127
6465.0000 91.7964 0.8290
6470.0000 91.6896 0.8196
6475.0000 91.7683 0.8212
6480.0000 91.6107 0.8170
6485.0000 91.4033 0.8077
6490.0000 91.4289 0.8030
6495.0000 91.6819 0.8112
6500.0000 91.6240 0.8112
6505.0000 91.7369 0.8185
6510.0000 91.5509 0.8042
6515.0000 91.5793 0.8166
6520.0000 91.7996 0.8196
6525.0000 91.7211 0.8172
6530.0000 91.7237 0.8133
6535.0000 91.7877 0.8146
6540.0000 91.5233 0.8023
6545.0000 91.4388 0.8037
6550.0000 91.7479 0.8117
6555.0000 91.6223 0.8085
6560.0000 91.5683 0.8107
6565.0000 91.5993 0.8127
6570.0000 91.5787 0.7978
6575.0000 91.5798 0.7973
6580.0000 91.4735 0.7937
6585.0000 91.5476 0.7974
6590.0000 91.7523 0.8083
6595.0000 91.7042 0.8075
6600.0000 91.5843 0.8002
6605.0000 91.5471 0.7986
6610.0000 91.4581 0.7943
6615.0000 91.4498 0.8014
6620.0000 91.4353 0.7890
6625.0000 91.4006 0.7958
6630.0000 91.4634 0.7916
6635.0000 91.5392 0.7928
6640.0000 91.4862 0.7866
6645.0000 91.3349 0.7858
6650.0000 91.2719 0.7882
6655.0000 91.2523 0.7750
6660.0000 91.3378 0.7825
6665.0000 91.0650 0.7803
6670.0000 91.2459 0.7789
6675.0000 91.2197 0.7782
6680.0000 90.9450 0.7657
6685.0000 91.1032 0.7658
6690.0000 90.8945 0.7658
6695.0000 90.9468 0.7515
6700.0000 91.0713 0.7584
6705.0000 91.0848 0.7561
6710.0000 91.0371 0.7502
6715.0000 91.1662 0.7583
6720.0000 90.9477 0.7539
6725.0000 90.8815 0.7412
6730.0000 90.9391 0.7502
6735.0000 90.9233 0.7506
6740.0000 91.1177 0.7590
6745.0000 91.0405 0.7577
6750.0000 91.2884 0.7678
6755.0000 91.3249 0.7725
6760.0000 91.3597 0.7798
6765.0000 91.3370 0.7841
6770.0000 91.2962 0.7764
6775.0000 91.3384 0.7758
6780.0000 91.4223 0.7870
6785.0000 91.1492 0.7736
6790.0000 91.1832 0.7715
6795.0000 91.0513 0.7634
6800.0000 91.0451 0.7708
6805.0000 91.1438 0.7811
6810.0000 91.1494 0.7702
6815.0000 91.2163 0.7698
6820.0000 91.2294 0.7728
6825.0000 91.1231 0.7754
6830.0000 91.3892 0.7826
6835.0000 91.4703 0.7937
6840.0000 91.2840 0.7862
6845.0000 91.0937 0.7717
6850.0000 91.1709 0.7752
6855.0000 91.0306 0.7747
6860.0000 91.3561 0.7739
6865.0000 91.2600 0.7627
6870.0000 91.0393 0.7554
6875.0000 91.3039 0.7682
6880.0000 91.2796 0.7651
6885.0000 91.1758 0.7647
6890.0000 91.3341 0.7729
6895.0000 91.4281 0.7669
6900.0000 91.2404 0.7568
6905.0000 91.0836 0.7556
6910.0000 91.2464 0.7644
6915.0000 91.0978 0.7594
6920.0000 91.3363 0.7671
6925.0000 91.3459 0.7719
6930.0000 91.1179 0.7556
6935.0000 91.2736 0.7601
6940.0000 91.1562 0.7467
6945.0000 91.0325 0.7443
6950.0000 91.1588 0.7483
6955.0000 91.1776 0.7481
6960.0000 91.2217 0.7500
6965.0000 91.1466 0.7592
6970.0000 91.0851 0.7583
6975.0000 91.1767 0.7653
6980.0000 91.0127 0.7559
6985.0000 90.7721 0.7442
6990.0000 91.1267 0.7546
6995.0000 91.1412 0.7480
7000.0000 91.0647 0.7455
7005.0000 91.0194 0.7423
7010.0000 91.0359 0.7409
7015.0000 90.9774 0.7355
7020.0000 91.0776 0.7373
7025.0000 91.0445 0.7404
7030.0000 91.1745 0.7388
7035.0000 91.2530 0.7339
7040.0000 91.2966 0.7458
7045.0000 91.3146 0.7448
7050.0000 91.6332 0.7476
7055.0000 91.2609 0.7399
7060.0000 91.3557 0.7416
7065.0000 91.6566 0.7529
7070.0000 91.4679 0.7530
7075.0000 91.6298 0.7512
7080.0000 91.5961 0.7533
7085.0000 91.7392 0.7582
7090.0000 91.5636 0.7457
7095.0000 91.4760 0.7357
7100.0000 91.5749 0.7507
7105.0000 91.6937 0.7562
7110.0000 91.5729 0.7453
7115.0000 91.7834 0.7569
7120.0000 91.6830 0.7623
7125.0000 91.7238 0.7515
7130.0000 91.6563 0.7588
7135.0000 91.5982 0.7583
7140.0000 91.6680 0.7544
7145.0000 91.7097 0.7548
7150.0000 91.9464 0.7590
7155.0000 91.6964 0.7570
7160.0000 91.8434 0.7596
7165.0000 91.9196 0.7605
7170.0000 92.0324 0.7605
7175.0000 91.8190 0.7488
7180.0000 91.6873 0.7514
7185.0000 91.8160 0.7599
7190.0000 91.9827 0.7606
7195.0000 91.9845 0.7609
7200.0000 91.8812 0.7641
7205.0000 91.8362 0.7446
7210.0000 91.7759 0.7431
7215.0000 91.7565 0.7576
7220.0000 91.9689 0.7661
7225.0000 91.8186 0.7393
7230.0000 91.9531 0.7418
7235.0000 92.1576 0.7401
7240.0000 92.2205 0.7416
7245.0000 92.2374 0.7419
7250.0000 92.3576 0.7418
7255.0000 92.1378 0.7394
7260.0000 92.1409 0.7368
7265.0000 92.2710 0.7546
7270.0000 92.2695 0.7467
7275.0000 92.0677 0.7283
7280.0000 91.9034 0.7178
7285.0000 91.8503 0.7144
7290.0000 91.6586 0.7145
7295.0000 91.7387 0.7104
7300.0000 91.6190 0.6998
7305.0000 91.7108 0.7152
7310.0000 91.5522 0.6976
7315.0000 91.4640 0.6976
7320.0000 91.3410 0.6986
7325.0000 91.6451 0.7022
7330.0000 91.6160 0.7062
7335.0000 91.5790 0.6960
7340.0000 91.5277 0.6962
7345.0000 91.6207 0.6936
7350.0000 91.6023 0.7045
7355.0000 91.4328 0.6944
7360.0000 91.5642 0.6995
7365.0000 91.4251 0.6958
7370.0000 91.8028 0.7109
7375.0000 91.5857 0.7012
7380.0000 91.5924 0.7001
7385.0000 91.6049 0.7045
7390.0000 91.4928 0.6967
7395.0000 91.4370 0.6935
7400.0000 91.3984 0.6906
7405.0000 91.4072 0.6902
7410.0000 91.5754 0.7034
7415.0000 91.4410 0.7097
7420.0000 91.7215 0.7097
7425.0000 91.8523 0.7105
7430.0000 91.6444 0.7063
7435.0000 91.4729 0.6920
7440.0000 91.4323 0.6955
7445.0000 91.5450 0.6995
7450.0000 91.4713 0.6939
7455.0000 91.7677 0.6945
7460.0000 91.6329 0.6914
7465.0000 91.7671 0.7017
7470.0000 91.7973 0.7020
7475.0000 91.8420 0.6971
7480.0000 91.8000 0.7066
7485.0000 91.7951 0.7066
7490.0000 91.8855 0.7129
7495.0000 91.8776 0.7104
7500.0000 92.2158 0.7251
7505.0000 92.0716 0.7154
7510.0000 92.2961 0.7187
7515.0000 92.2233 0.7221
7520.0000 92.3616 0.7203
7525.0000 92.0800 0.7123
7530.0000 91.8399 0.6907
7535.0000 91.8694 0.6974
7540.0000 91.8436 0.6934
7545.0000 91.8991 0.6842
7550.0000 91.9199 0.6886
7555.0000 92.0429 0.6959
7560.0000 91.7035 0.6850
7565.0000 91.5876 0.6794
7570.0000 91.7084 0.6781
7575.0000 91.5689 0.6706
7580.0000 91.5566 0.6778
7585.0000 91.6522 0.6815
7590.0000 91.6497 0.6841
7595.0000 91.4549 0.6816
7600.0000 91.7032 0.6799
7605.0000 91.5321 0.6740
7610.0000 91.5264 0.6777
7615.0000 91.5625 0.6800
7620.0000 91.7713 0.6759
7625.0000 92.0224 0.6876
7630.0000 91.5782 0.6703
7635.0000 91.6067 0.6722
7640.0000 91.6688 0.6790
7645.0000 91.7917 0.6802
7650.0000 91.6812 0.6808
7655.0000 91.6026 0.6801
7660.0000 91.8762 0.6705
7665.0000 92.0817 0.6824
7670.0000 91.9305 0.6695
7675.0000 91.7795 0.6624
7680.0000 91.6090 0.6590
7685.0000 91.6110 0.6551
7690.0000 91.5036 0.6511
7695.0000 91.3234 0.6456
7700.0000 91.5232 0.6541
7705.0000 91.8183 0.6515
7710.0000 91.7391 0.6442
7715.0000 91.9298 0.6582
7720.0000 91.9149 0.6409
7725.0000 92.0281 0.6523
7730.0000 91.9007 0.6453
7735.0000 91.8803 0.6436
7740.0000 91.8569 0.6496
7745.0000 91.8082 0.6446
7750.0000 91.7290 0.6439
7755.0000 91.6731 0.6338
7760.0000 91.7747 0.6361
7765.0000 91.7473 0.6329
7770.0000 91.8741 0.6410
7775.0000 91.6495 0.6264
7780.0000 91.7731 0.6342
7785.0000 91.6118 0.6300
7790.0000 91.6628 0.6302
7795.0000 91.7155 0.6371
7800.0000 91.6852 0.6316
7805.0000 91.6765 0.6399
7810.0000 91.6475 0.6327
7815.0000 91.7348 0.6365
7820.0000 91.5557 0.6301
7825.0000 91.4636 0.6293
7830.0000 91.5372 0.6138
7835.0000 91.4780 0.6165
7840.0000 91.3263 0.6058
7845.0000 91.3491 0.6065
7850.0000 91.1898 0.5969
7855.0000 91.2283 0.6020
7860.0000 91.1996 0.6059
7865.0000 91.2764 0.6035
7870.0000 91.3272 0.6068
7875.0000 91.1604 0.5881
7880.0000 91.0744 0.5871
7885.0000 91.0896 0.5811
7890.0000 91.0458 0.5766
7895.0000 91.2085 0.5929
7900.0000 91.2605 0.5931
7905.0000 91.2786 0.5906
7910.0000 91.1708 0.5899
7915.0000 91.3382 0.5802
7920.0000 91.4474 0.5945
7925.0000 91.5519 0.5985
7930.0000 91.4565 0.5961
7935.0000 91.4145 0.5939
7940.0000 91.6341 0.6036
7945.0000 91.5835 0.6037
7950.0000 91.6897 0.6138
7955.0000 91.6792 0.6092
7960.0000 91.6112 0.6024
7965.0000 91.8597 0.6054
7970.0000 91.8797 0.6199
7975.0000 91.9702 0.6051
7980.0000 91.9280 0.5943
7985.0000 91.9752 0.5902
7990.0000 91.8418 0.5756
7995.0000 91.6523 0.5753
8000.0000 91.8607 0.5821
8005.0000 91.9439 0.5849
8010.0000 91.7934 0.5770
8015.0000 91.7380 0.5752
8020.0000 91.3951 0.5725
8025.0000 91.7129 0.5841
8030.0000 91.6806 0.5824
8035.0000 91.3738 0.5599
8040.0000 91.7088 0.5785
8045.0000 91.7503 0.5715
8050.0000 91.8852 0.5750
8055.0000 91.5436 0.5691
8060.0000 91.4646 0.5661
8065.0000 91.4438 0.5663
8070.0000 91.4875 0.5677
8075.0000 91.7186 0.5781
8080.0000 91.7149 0.5785
8085.0000 91.6872 0.5785
8090.0000 91.6969 0.5802
8095.0000 91.5102 0.5673
8100.0000 91.4738 0.5544
8105.0000 91.3899 0.5548
8110.0000 91.5856 0.5599
8115.0000 91.7656 0.5602
8120.0000 91.6665 0.5590
8125.0000 91.6331 0.5596
8130.0000 91.7825 0.5610
8135.0000 91.5394 0.5624
8140.0000 91.6427 0.5648
8145.0000 91.7787 0.5693
8150.0000 91.6168 0.5746
8155.0000 91.6034 0.5783
8160.0000 91.4685 0.5682
8165.0000 91.4572 0.5614
8170.0000 91.5209 0.5601
8175.0000 91.5169 0.5562
8180.0000 91.7204 0.5677
8185.0000 91.6167 0.5527
8190.0000 91.6562 0.5554
8195.0000 91.3221 0.5443
8200.0000 91.5302 0.5500
8205.0000 91.5922 0.5478
8210.0000 92.0044 0.5576
8215.0000 91.8179 0.5553
8220.0000 91.7502 0.5611
8225.0000 91.8211 0.5679
8230.0000 92.1210 0.5659
8235.0000 92.1092 0.5604
8240.0000 91.9859 0.5519
8245.0000 92.0126 0.5486
8250.0000 92.1015 0.5438
8255.0000 92.1117 0.5449
8260.0000 92.0333 0.5442
8265.0000 92.2395 0.5488
8270.0000 92.2454 0.5479
8275.0000 92.1399 0.5481
8280.0000 92.0964 0.5416
8285.0000 92.0743 0.5446
8290.0000 92.0697 0.5453
8295.0000 91.9200 0.5370
8300.0000 91.8188 0.5440
8305.0000 92.1188 0.5396
8310.0000 92.0537 0.5402
8315.0000 92.2082 0.5578
8320.0000 92.2137 0.5511
8325.0000 92.1024 0.5525
8330.0000 92.2943 0.5622
8335.0000 92.2521 0.5604
8340.0000 92.3581 0.5567
8345.0000 92.5251 0.5593
8350.0000 92.4312 0.5540
8355.0000 92.3539 0.5638
8360.0000 92.3993 0.5624
8365.0000 92.2688 0.5549
8370.0000 92.1934 0.5458
8375.0000 92.0368 0.5338
8380.0000 92.0437 0.5347
8385.0000 91.8149 0.5391
8390.0000 91.8800 0.5429
8395.0000 92.1841 0.5496
8400.0000 92.2354 0.5622
8405.0000 91.9974 0.5603
8410.0000 92.0165 0.5510
8415.0000 91.9291 0.5506
8420.0000 92.0110 0.5429
8425.0000 91.8789 0.5527
8430.0000 92.0119 0.5451
8435.0000 92.2413 0.5624
8440.0000 92.1118 0.5560
8445.0000 92.3580 0.5583
8450.0000 92.2675 0.5529
8455.0000 92.0683 0.5456
8460.0000 92.3992 0.5570
8465.0000 91.9555 0.5396
8470.0000 92.2378 0.5458
8475.0000 92.0424 0.5497
8480.0000 92.0812 0.5464
8485.0000 91.7806 0.5389
8490.0000 92.1531 0.5494
8495.0000 92.4267 0.5515
8500.0000 92.0591 0.5144
8505.0000 92.0453 0.5101
8510.0000 91.8236 0.5055
8515.0000 91.8424 0.4969
8520.0000 91.6985 0.4886
8525.0000 91.9271 0.5066
8530.0000 91.8791 0.5098
8535.0000 91.8414 0.5106
8540.0000 92.0054 0.5147
8545.0000 91.9520 0.5105
8550.0000 92.0602 0.5128
8555.0000 92.2309 0.5095
8560.0000 92.0671 0.5018
8565.0000 92.1420 0.4972
8570.0000 92.0693 0.4990
8575.0000 91.7693 0.4936
8580.0000 91.8932 0.4938
8585.0000 91.9060 0.4876
8590.0000 91.7427 0.4886
8595.0000 91.9828 0.4851
8600.0000 91.9741 0.4885
8605.0000 92.0667 0.5007
8610.0000 92.1353 0.4949
8615.0000 92.0981 0.4987
8620.0000 92.0436 0.5005
8625.0000 92.0551 0.4939
8630.0000 92.1134 0.5062
8635.0000 92.0186 0.4979
8640.0000 92.1153 0.4990
8645.0000 92.0010 0.4976
8650.0000 91.8629 0.4928
8655.0000 91.9023 0.4957
8660.0000 91.9056 0.4884
8665.0000 92.1134 0.4926
8670.0000 92.1564 0.4957
8675.0000 91.8711 0.4935
8680.0000 91.8369 0.4963
8685.0000 92.0349 0.4891
8690.0000 91.9207 0.4906
8695.0000 91.7850 0.4778
8700.0000 91.8034 0.4850
8705.0000 91.7988 0.4830
8710.0000 91.6341 0.4796
8715.0000 91.8873 0.4794
8720.0000 92.1684 0.5010
8725.0000 92.1689 0.5074
8730.0000 92.1609 0.5075
8735.0000 92.1060 0.5075
8740.0000 92.2252 0.4985
8745.0000 92.2684 0.4921
8750.0000 92.3230 0.4934
8755.0000 92.3580 0.4922
8760.0000 92.1116 0.4837
8765.0000 92.0209 0.4773
8770.0000 91.9630 0.4731
8775.0000 92.1037 0.4759
8780.0000 92.0273 0.4761
8785.0000 91.8614 0.4713
8790.0000 91.9045 0.4721
8795.0000 91.8089 0.4676
8800.0000 91.9709 0.4700
8805.0000 91.9913 0.4764
8810.0000 92.1738 0.4855
8815.0000 92.3297 0.4813
8820.0000 92.2219 0.4891
8825.0000 92.3663 0.4885
8830.0000 91.9004 0.4816
8835.0000 91.8539 0.4779
8840.0000 91.9918 0.4795
8845.0000 91.9650 0.4845
8850.0000 92.1588 0.4995
8855.0000 92.0806 0.4916
8860.0000 91.8403 0.4851
8865.0000 91.9122 0.4767
8870.0000 91.6213 0.4723
8875.0000 91.8447 0.4770
8880.0000 92.0216 0.4808
8885.0000 91.5819 0.4578
8890.0000 91.9780 0.4672
8895.0000 91.8710 0.4655
8900.0000 91.8331 0.4663
8905.0000 91.9497 0.4693
8910.0000 92.2284 0.4678
8915.0000 92.1614 0.4596
8920.0000 91.9862 0.4449
8925.0000 91.8222 0.4265
8930.0000 91.7984 0.4324
8935.0000 91.8474 0.4289
8940.0000 92.0815 0.4256
8945.0000 92.0091 0.4252
8950.0000 92.2082 0.4252
8955.0000 92.1671 0.4283
8960.0000 91.9008 0.4209
8965.0000 91.8474 0.4070
8970.0000 91.8013 0.3921
8975.0000 91.8813 0.3995
8980.0000 91.9527 0.4033
8985.0000 92.1782 0.4129
8990.0000 92.1097 0.4268
8995.0000 92.1959 0.4216
9000.0000 92.0830 0.4065
9005.0000 92.1340 0.4146
9010.0000 91.8984 0.4067
9015.0000 92.1619 0.4094
9020.0000 92.0312 0.3953
9025.0000 92.1588 0.3867
9030.0000 92.2096 0.3890
9035.0000 92.0943 0.3727
9040.0000 91.9661 0.3719
9045.0000 92.0436 0.3764
9050.0000 92.0614 0.3661
9055.0000 91.9446 0.3582
9060.0000 92.1044 0.3583
9065.0000 92.1602 0.3445
9070.0000 92.1086 0.3342
9075.0000 92.0080 0.3353
9080.0000 92.0327 0.3355
9085.0000 92.0717 0.3386
9090.0000 91.9550 0.3334
9095.0000 92.0442 0.3286
9100.0000 92.0527 0.3335
9105.0000 92.1337 0.3373
9110.0000 91.9256 0.3340
9115.0000 92.0028 0.3371
9120.0000 92.1336 0.3408
9125.0000 92.1984 0.3431
9130.0000 92.2547 0.3412
9135.0000 92.2565 0.3427
9140.0000 92.2503 0.3325
9145.0000 92.2610 0.3385
9150.0000 92.2588 0.3349
9155.0000 92.1972 0.3344
9160.0000 92.1925 0.3389
9165.0000 92.3422 0.3434
9170.0000 92.2822 0.3395
9175.0000 92.3622 0.3392
9180.0000 92.5520 0.3428
9185.0000 92.4019 0.3458
9190.0000 92.1101 0.3456
9195.0000 92.2887 0.3354
9200.0000 92.3671 0.3358
9205.0000 92.4467 0.3368
9210.0000 92.4777 0.3338
9215.0000 92.2887 0.3312
9220.0000 92.3570 0.3356
9225.0000 92.2367 0.3265
9230.0000 92.4450 0.3307
9235.0000 92.5532 0.3318
9240.0000 92.4990 0.3285
9245.0000 92.3982 0.3269
9250.0000 92.6119 0.3367
9255.0000 92.7620 0.3370
9260.0000 92.6700 0.3392
9265.0000 92.4740 0.3288
9270.0000 92.3486 0.3283
9275.0000 92.3180 0.3284
9280.0000 92.4532 0.3295
9285.0000 92.5477 0.3286
9290.0000 92.6743 0.3319
9295.0000 92.4096 0.3291
9300.0000 92.4552 0.3270
9305.0000 92.3214 0.3193
9310.0000 92.1590 0.3117
9315.0000 92.1429 0.3142
9320.0000 92.1686 0.3187
9325.0000 92.2723 0.3198
9330.0000 92.2780 0.3186
9335.0000 92.2490 0.3155
9340.0000 92.3273 0.3203
9345.0000 92.2664 0.3155
9350.0000 92.0659 0.3088
9355.0000 91.9167 0.3069
9360.0000 92.0288 0.3046
9365.0000 92.2422 0.3228
9370.0000 92.2590 0.3219
9375.0000 92.2433 0.3228
9380.0000 92.4152 0.3185
9385.0000 92.4215 0.3226
9390.0000 92.5487 0.3210
9395.0000 92.5614 0.3185
9400.0000 92.5030 0.3232
9405.0000 92.2465 0.3232
9410.0000 92.3548 0.3155
9415.0000 92.1522 0.3097
9420.0000 92.2791 0.3114
9425.0000 92.1188 0.3074
9430.0000 92.0844 0.3069
9435.0000 91.9330 0.3052
9440.0000 92.2264 0.3152
9445.0000 92.2192 0.3154
9450.0000 92.1395 0.3155
9455.0000 92.3128 0.3198
9460.0000 92.6507 0.3148
9465.0000 92.6696 0.3221
9470.0000 92.4938 0.3240
9475.0000 92.4451 0.3172
9480.0000 92.6490 0.3264
9485.0000 92.6162 0.3389
9490.0000 92.5609 0.3323
9495.0000 92.6017 0.3260
9500.0000 92.5426 0.3237
9505.0000 92.3195 0.3316
9510.0000 92.5209 0.3328
9515.0000 92.5113 0.3334
9520.0000 92.3279 0.3272
9525.0000 92.3874 0.3213
9530.0000 92.4028 0.3193
9535.0000 92.3744 0.3271
9540.0000 92.6366 0.3323
9545.0000 92.5305 0.3295
9550.0000 92.4458 0.3237
9555.0000 92.2386 0.3099
9560.0000 92.1749 0.3014
9565.0000 92.2104 0.3089
9570.0000 92.1767 0.3010
9575.0000 92.1094 0.3026
9580.0000 92.2944 0.3182
9585.0000 92.3045 0.3086
9590.0000 92.5578 0.3104
9595.0000 92.1697 0.3125
9600.0000 92.2519 0.3102
9605.0000 92.2506 0.3071
9610.0000 92.3095 0.3118
9615.0000 92.3314 0.3080
9620.0000 92.1967 0.3052
9625.0000 91.9720 0.3064
9630.0000 92.4346 0.3187
9635.0000 92.3095 0.3216
9640.0000 92.3634 0.3132
9645.0000 92.1196 0.3027
9650.0000 91.9891 0.2972
9655.0000 91.9856 0.2896
9660.0000 92.3262 0.2939
9665.0000 92.4654 0.2980
9670.0000 92.3568 0.2932
9675.0000 92.3532 0.3088
9680.0000 92.3756 0.2979
9685.0000 92.2827 0.2940
9690.0000 92.2987 0.2976
9695.0000 92.2617 0.2914
9700.0000 92.3510 0.2927
9705.0000 91.9978 0.2770
9710.0000 92.1501 0.2917
9715.0000 92.1070 0.2802
9720.0000 91.8389 0.2840
9725.0000 91.6780 0.2798
9730.0000 91.7245 0.2743
9735.0000 91.8266 0.2842
9740.0000 92.0457 0.2984
9745.0000 92.0985 0.2948
9750.0000 92.1181 0.2893
9755.0000 92.0287 0.2900
9760.0000 92.0595 0.2970
9765.0000 92.0379 0.2977
9770.0000 92.0985 0.2967
9775.0000 92.1223 0.2934
9780.0000 92.2943 0.2953
9785.0000 92.4954 0.3116
9790.0000 92.2974 0.2917
9795.0000 92.2411 0.2985
9800.0000 92.2698 0.2909
9805.0000 92.3536 0.2948
9810.0000 92.3164 0.2877
9815.0000 92.2352 0.2901
9820.0000 92.3818 0.2909
9825.0000 92.2605 0.2675
9830.0000 92.3086 0.2696
9835.0000 92.1244 0.2638
9840.0000 92.1446 0.2559
9845.0000 92.3601 0.2606
9850.0000 92.3300 0.2646
9855.0000 92.1248 0.2732
9860.0000 92.5374 0.2747
9865.0000 92.6084 0.2765
9870.0000 92.7090 0.2766
9875.0000 92.5569 0.2756
9880.0000 92.4879 0.2704
9885.0000 92.4541 0.2835
9890.0000 92.7138 0.2798
9895.0000 92.5379 0.2798
9900.0000 92.9539 0.2874
9905.0000 92.9084 0.2900
9910.0000 92.8994 0.2832
9915.0000 92.7785 0.2758
9920.0000 92.7546 0.2756
9925.0000 92.7821 0.2769
9930.0000 92.3527 0.2671
9935.0000 92.3133 0.2598
9940.0000 92.5257 0.2610
9945.0000 92.3513 0.2734
9950.0000 92.3809 0.2701
9955.0000 92.4321 0.2725
9960.0000 92.3368 0.2771
9965.0000 92.1867 0.2755
9970.0000 91.9905 0.2643
9975.0000 92.3499 0.2668
9980.0000 92.1929 0.2653
9985.0000 92.3575 0.2647
9990.0000 92.2893 0.2575
9995.0000 92.1146 0.2553
10000.0000 92.1333 0.2615
10005.0000 92.1453 0.2505
10010.0000 92.0655 0.2513
10015.0000 92.3792 0.2590
10020.0000 92.2472 0.2590
10025.0000 92.1933 0.2492
10030.0000 92.1520 0.2438
10035.0000 92.3403 0.2477
10040.0000 92.2511 0.2534
10045.0000 92.4693 0.2449
10050.0000 92.4894 0.2558
10055.0000 92.3553 0.2564
10060.0000 92.4971 0.2615
10065.0000 92.6336 0.2668
10070.0000 92.7474 0.2691
10075.0000 92.5504 0.2707
10080.0000 92.5443 0.2618
10085.0000 92.1958 0.2576
10090.0000 92.1642 0.2485
10095.0000 92.1313 0.2499
10100.0000 92.3403 0.2528
10105.0000 92.0834 0.2438
10110.0000 92.2587 0.2470
10115.0000 92.2034 0.2451
10120.0000 92.0788 0.2508
10125.0000 92.4284 0.2628
10130.0000 92.2185 0.2441
10135.0000 92.1770 0.2413
10140.0000 92.2014 0.2311
10145.0000 92.2121 0.2339
10150.0000 92.1485 0.2335
10155.0000 92.2228 0.2419
10160.0000 92.1840 0.2356
10165.0000 92.0960 0.2380
10170.0000 91.9776 0.2334
10175.0000 92.1255 0.2442
10180.0000 92.3519 0.2422
10185.0000 92.3599 0.2316
10190.0000 92.2050 0.2252
10195.0000 92.3957 0.2360
10200.0000 92.2939 0.2364
10205.0000 92.2672 0.2296
10210.0000 92.2052 0.2157
10215.0000 92.0255 0.2145
10220.0000 92.1700 0.2152
10225.0000 92.1997 0.2245
10230.0000 92.0163 0.2265
10235.0000 92.1196 0.2271
10240.0000 92.0395 0.2233
10245.0000 92.2407 0.2232
10250.0000 92.3190 0.2308
10255.0000 92.3475 0.2201
10260.0000 92.0884 0.2240
10265.0000 92.2559 0.2131
10270.0000 92.3365 0.2192
10275.0000 92.3694 0.2195
10280.0000 92.4334 0.2268
10285.0000 92.4499 0.2394
10290.0000 92.2294 0.2357
10295.0000 92.2443 0.2248
10300.0000 92.4907 0.2367
10305.0000 92.3535 0.2315
10310.0000 92.4084 0.2310
10315.0000 92.4728 0.2410
10320.0000 92.1159 0.2302
10325.0000 92.5734 0.2466
10330.0000 92.4609 0.2451
10335.0000 92.3266 0.2469
10340.0000 92.3228 0.2410
10345.0000 92.4519 0.2405
10350.0000 92.2969 0.2259
10355.0000 92.2457 0.2196
10360.0000 92.2706 0.2314
10365.0000 92.0626 0.2291
10370.0000 92.0669 0.2309
10375.0000 92.0789 0.2337
10380.0000 92.2543 0.2347
10385.0000 92.6007 0.2460
10390.0000 92.6138 0.2452
10395.0000 92.7133 0.2492
10400.0000 92.7512 0.2396
10405.0000 92.2630 0.2315
10410.0000 92.3015 0.2300
10415.0000 92.5574 0.2453
10420.0000 92.2754 0.2477
10425.0000 92.4133 0.2502
10430.0000 92.7013 0.2515
10435.0000 92.5468 0.2486
10440.0000 92.6506 0.2553
10445.0000 92.8211 0.2615
10450.0000 92.7092 0.2562
10455.0000 92.8510 0.2542
10460.0000 92.5817 0.2496
10465.0000 92.5398 0.2261
10470.0000 92.5446 0.2262
10475.0000 92.6706 0.2289
10480.0000 92.5740 0.2131
10485.0000 92.5281 0.2160
10490.0000 92.4914 0.2170
10495.0000 92.4204 0.2132
10500.0000 92.3960 0.2093
10505.0000 92.3988 0.2109
10510.0000 92.4760 0.2125
10515.0000 92.6479 0.2170
10520.0000 92.5436 0.2205
10525.0000 92.6527 0.2150
10530.0000 92.8532 0.2222
10535.0000 92.6154 0.2236
10540.0000 93.0016 0.2196
10545.0000 92.8892 0.2190
10550.0000 92.8689 0.2146
10555.0000 92.9462 0.2148
10560.0000 92.9358 0.2172
10565.0000 92.7714 0.2212
10570.0000 92.8313 0.2165
10575.0000 92.8902 0.2187
10580.0000 92.7202 0.2150
10585.0000 92.5968 0.2123
10590.0000 92.5383 0.2200
10595.0000 92.5607 0.2236
10600.0000 92.6608 0.2252
10605.0000 92.6198 0.2199
10610.0000 92.8926 0.2200
10615.0000 92.5814 0.2201
10620.0000 92.5674 0.2330
10625.0000 92.8953 0.2317
10630.0000 92.9078 0.2237
10635.0000 92.7952 0.2254
10640.0000 92.7953 0.2267
10645.0000 92.6336 0.2177
10650.0000 92.4744 0.2144
10655.0000 92.1151 0.2000
10660.0000 92.0352 0.1933
10665.0000 91.9927 0.1839
10670.0000 91.9989 0.1867
10675.0000 92.1281 0.1920
10680.0000 92.1376 0.1898
10685.0000 92.0813 0.1930
10690.0000 92.0792 0.1827
10695.0000 91.9608 0.1792
10700.0000 92.0136 0.1824
10705.0000 91.9571 0.1883
10710.0000 92.1243 0.1889
10715.0000 92.1283 0.1995
10720.0000 92.4036 0.1899
10725.0000 92.4150 0.1888
10730.0000 92.1806 0.1929
10735.0000 92.5247 0.1829
10740.0000 92.5992 0.1895
10745.0000 92.3414 0.1906
10750.0000 92.2239 0.1860
10755.0000 92.3884 0.1886
10760.0000 92.3099 0.2042
10765.0000 92.5358 0.1966
10770.0000 92.0877 0.1854
10775.0000 92.5050 0.1874
10780.0000 92.6299 0.1837
10785.0000 92.6904 0.1777
10790.0000 92.5010 0.1798
10795.0000 92.4990 0.1788
10800.0000 92.5868 0.1847
10805.0000 92.6278 0.1851
10810.0000 92.5474 0.1816
10815.0000 92.6327 0.1866
10820.0000 92.7806 0.1968
10825.0000 92.7788 0.1915
10830.0000 92.7725 0.1998
10835.0000 92.6244 0.1934
10840.0000 92.4059 0.1880
10845.0000 92.5688 0.1922
10850.0000 92.5194 0.1947
10855.0000 92.5668 0.1888
10860.0000 92.6724 0.1926
10865.0000 92.5397 0.1973
10870.0000 92.4506 0.1904
10875.0000 92.6173 0.1938
10880.0000 92.6317 0.1958
10885.0000 92.4365 0.1908
10890.0000 92.4218 0.1913
10895.0000 92.8651 0.1926
10900.0000 92.6456 0.1978
10905.0000 92.5899 0.2010
10910.0000 92.5533 0.1913
10915.0000 92.6302 0.1924
10920.0000 92.7445 0.1938
10925.0000 92.8576 0.1896
10930.0000 92.8674 0.1858
10935.0000 92.3379 0.1809
10940.0000 92.2638 0.1699
10945.0000 92.1615 0.1747
10950.0000 92.2498 0.1815
10955.0000 92.2149 0.1758
10960.0000 92.2117 0.1828
10965.0000 92.3653 0.1816
10970.0000 92.3099 0.1808
10975.0000 92.2741 0.1799
10980.0000 92.3464 0.1842
10985.0000 92.1364 0.1851
10990.0000 92.1930 0.1775
10995.0000 92.3751 0.1774
11000.0000 92.1305 0.1782
11005.0000 92.2567 0.1760
11010.0000 92.4407 0.1812
11015.0000 92.3636 0.1722
11020.0000 92.4892 0.1763
11025.0000 92.6409 0.1832
11030.0000 92.8360 0.1800
11035.0000 92.8077 0.1774
11040.0000 92.9916 0.1860
11045.0000 92.8620 0.1885
11050.0000 92.9454 0.1826
11055.0000 92.8753 0.1881
11060.0000 92.9410 0.1873
11065.0000 92.8841 0.1867
11070.0000 92.8920 0.1739
11075.0000 92.9831 0.1755
11080.0000 93.0641 0.1829
11085.0000 92.9999 0.1833
11090.0000 92.8502 0.1692
11095.0000 92.7726 0.1747
11100.0000 92.7222 0.1733
11105.0000 92.6595 0.1724
11110.0000 92.5959 0.1706
11115.0000 92.6213 0.1872
11120.0000 92.6486 0.1724
11125.0000 92.7272 0.1790
11130.0000 92.8029 0.1814
11135.0000 93.0539 0.1797
11140.0000 92.9751 0.1771
11145.0000 93.0322 0.1945
11150.0000 92.9327 0.1900
11155.0000 92.9950 0.1861
11160.0000 93.0834 0.1929
11165.0000 93.3035 0.2008
11170.0000 93.0198 0.1911
11175.0000 93.1165 0.1913
11180.0000 93.1353 0.2004
11185.0000 92.8932 0.1921
11190.0000 92.8315 0.2016
11195.0000 92.9058 0.1934
11200.0000 93.0629 0.2052
11205.0000 93.1445 0.1993
11210.0000 93.0329 0.1966
11215.0000 93.0782 0.1887
11220.0000 92.9904 0.1821
11225.0000 92.7633 0.1789
11230.0000 92.8193 0.1740
11235.0000 93.0803 0.1739
11240.0000 93.1023 0.1652
11245.0000 93.0493 0.1693
11250.0000 92.9715 0.1582
11255.0000 92.8823 0.1669
11260.0000 93.1550 0.1647
11265.0000 93.0396 0.1657
11270.0000 92.7950 0.1574
11275.0000 93.1061 0.1583
11280.0000 93.1709 0.1630
11285.0000 93.0763 0.1623
11290.0000 93.0861 0.1556
11295.0000 93.0677 0.1547
11300.0000 92.9623 0.1537
11305.0000 92.9041 0.1472
11310.0000 92.9482 0.1517
11315.0000 92.9370 0.1542
11320.0000 92.8305 0.1490
11325.0000 92.8953 0.1471
11330.0000 93.0421 0.1486
11335.0000 92.8534 0.1556
11340.0000 92.7284 0.1507
11345.0000 92.6864 0.1506
11350.0000 92.8761 0.1591
11355.0000 92.6931 0.1567
11360.0000 92.6894 0.1511
11365.0000 92.6378 0.1370
11370.0000 92.5803 0.1371
11375.0000 92.6134 0.1515
11380.0000 92.5648 0.1485
11385.0000 92.6088 0.1433
11390.0000 92.6661 0.1398
11395.0000 92.3462 0.1339
11400.0000 92.6480 0.1458
11405.0000 92.5766 0.1443
11410.0000 92.3319 0.1447
11415.0000 92.4098 0.1330
11420.0000 92.5275 0.1513
11425.0000 92.4798 0.1346
11430.0000 92.3517 0.1374
11435.0000 92.6249 0.1359
11440.0000 92.6827 0.1367
11445.0000 92.6317 0.1357
11450.0000 92.5686 0.1324
11455.0000 92.6174 0.1406
11460.0000 92.6081 0.1458
11465.0000 92.5818 0.1345
11470.0000 92.5415 0.1328
11475.0000 92.7797 0.1320
11480.0000 92.7810 0.1303
11485.0000 92.8254 0.1293
11490.0000 92.8268 0.1288
11495.0000 93.0392 0.1332
11500.0000 93.0339 0.1290
11505.0000 93.0585 0.1337
11510.0000 92.8032 0.1294
11515.0000 92.8156 0.1427
11520.0000 93.1289 0.1269
11525.0000 93.2129 0.1334
11530.0000 93.0264 0.1392
11535.0000 93.1158 0.1297
11540.0000 93.1560 0.1350
11545.0000 93.0292 0.1269
11550.0000 93.0812 0.1262
11555.0000 93.0258 0.1242
11560.0000 92.9891 0.1179
11565.0000 92.8418 0.1190
11570.0000 92.7151 0.1136
11575.0000 92.6290 0.1149
11580.0000 93.0234 0.1363
11585.0000 92.8846 0.1225
11590.0000 92.6883 0.1215
11595.0000 92.7618 0.1225
11600.0000 92.6932 0.1241
11605.0000 92.8785 0.1241
11610.0000 92.8300 0.1330
11615.0000 92.8552 0.1222
11620.0000 92.8238 0.1170
11625.0000 92.8837 0.1261
11630.0000 93.1421 0.1224
11635.0000 93.1077 0.1156
11640.0000 93.1326 0.1206
11645.0000 92.9173 0.1216
11650.0000 93.0995 0.1190
11655.0000 92.8872 0.1160
11660.0000 92.7649 0.1233
11665.0000 92.6565 0.1122
11670.0000 92.7500 0.1022
11675.0000 92.9866 0.1112
11680.0000 92.6390 0.1171
11685.0000 92.6878 0.1039
11690.0000 92.5648 0.1040
11695.0000 92.5365 0.1146
11700.0000 93.0301 0.1157
11705.0000 92.8793 0.1130
11710.0000 92.8203 0.1214
11715.0000 92.8922 0.1175
11720.0000 92.7488 0.1254
11725.0000 93.0636 0.1231
11730.0000 93.1573 0.1282
11735.0000 92.9562 0.1269
11740.0000 92.6696 0.1159
11745.0000 92.7296 0.1258
11750.0000 92.7360 0.1337
11755.0000 92.7578 0.1251
11760.0000 92.5139 0.1211
11765.0000 92.5447 0.1217
11770.0000 92.8507 0.1195
11775.0000 92.8334 0.1218
11780.0000 92.8222 0.1199
11785.0000 92.8239 0.1198
11790.0000 93.0534 0.1218
11795.0000 92.9466 0.1225
11800.0000 93.0523 0.1196
11805.0000 93.0851 0.1199
11810.0000 93.1704 0.1177
11815.0000 93.0081 0.1157
11820.0000 92.9490 0.1162
11825.0000 92.9762 0.1252
11830.0000 92.9643 0.1158
11835.0000 92.8322 0.1161
11840.0000 92.8552 0.1271
11845.0000 92.7951 0.1171
11850.0000 92.6927 0.1174
11855.0000 92.6884 0.1235
11860.0000 92.5703 0.1118
11865.0000 92.6995 0.1169
11870.0000 92.7370 0.1139
11875.0000 92.9058 0.1131
11880.0000 92.6041 0.1091
11885.0000 92.7517 0.1149
11890.0000 92.6503 0.1095
11895.0000 92.8612 0.1066
11900.0000 92.6513 0.1097
11905.0000 92.9386 0.1075
11910.0000 92.8976 0.1071
11915.0000 92.5430 0.1111
11920.0000 92.4267 0.1144
11925.0000 92.3800 0.1066
11930.0000 92.6029 0.1116
11935.0000 92.5760 0.1115
11940.0000 92.3925 0.1203
11945.0000 92.6936 0.1107
11950.0000 92.7345 0.1071
11955.0000 92.8404 0.1029
11960.0000 92.7701 0.1041
11965.0000 92.7553 0.1067
11970.0000 92.7083 0.1053
11975.0000 92.6642 0.0979
11980.0000 92.5574 0.1002
11985.0000 92.4954 0.0900
11990.0000 92.5249 0.0925
11995.0000 92.6833 0.0982
12000.0000 92.7463 0.1095
12005.0000 92.8874 0.1058
12010.0000 92.8262 0.1006
12015.0000 92.8770 0.0978
12020.0000 92.9355 0.0958
12025.0000 93.1427 0.0951
12030.0000 92.9864 0.0943
12035.0000 93.3444 0.1024
12040.0000 93.2046 0.1029
12045.0000 93.1340 0.1002
12050.0000 93.1232 0.0974
12055.0000 93.2784 0.1040
12060.0000 93.4304 0.1117
12065.0000 93.4595 0.1089
12070.0000 93.4684 0.1124
12075.0000 93.3226 0.1265
12080.0000 93.3822 0.1223
12085.0000 93.1829 0.1185
12090.0000 92.8590 0.1198
12095.0000 93.0259 0.1129
12100.0000 93.1954 0.1154
12105.0000 93.0418 0.1123
12110.0000 93.3355 0.1224
12115.0000 93.2637 0.1220
12120.0000 93.0902 0.1165
12125.0000 93.0815 0.1142
12130.0000 93.0911 0.1177
12135.0000 93.0671 0.1104
12140.0000 93.0763 0.1079
12145.0000 92.7951 0.0979
12150.0000 92.8399 0.0998
12155.0000 92.9848 0.1092
12160.0000 93.0657 0.1089
12165.0000 92.9524 0.1097
12170.0000 93.0267 0.1140
12175.0000 93.0555 0.1157
12180.0000 93.0865 0.1156
12185.0000 92.9606 0.1182
12190.0000 92.9566 0.1157
12195.0000 92.8992 0.1089
12200.0000 92.7291 0.1045
12205.0000 92.7420 0.1025
12210.0000 92.8993 0.1060
12215.0000 92.7016 0.1030
12220.0000 92.6323 0.1058
12225.0000 92.7858 0.1004
12230.0000 92.8537 0.1075
12235.0000 93.0364 0.1090
12240.0000 92.8574 0.1043
12245.0000 92.8916 0.1145
12250.0000 93.1289 0.1127
12255.0000 92.9232 0.1096
12260.0000 92.6992 0.1045
12265.0000 92.9049 0.1030
12270.0000 93.0258 0.0944
12275.0000 92.9650 0.0991
12280.0000 93.0289 0.1105
12285.0000 93.0913 0.1085
12290.0000 92.9737 0.1103
12295.0000 93.0534 0.1093
12300.0000 93.2223 0.1086
12305.0000 93.1149 0.1243
12310.0000 92.9582 0.1250
12315.0000 93.0989 0.1076
12320.0000 93.2746 0.1059
12325.0000 93.2797 0.1116
12330.0000 93.2475 0.1132
12335.0000 93.3508 0.1134
12340.0000 93.3999 0.1074
12345.0000 93.2888 0.1074
12350.0000 93.3808 0.1039
12355.0000 93.4788 0.0972
12360.0000 93.5600 0.1035
12365.0000 93.4978 0.1071
12370.0000 93.3932 0.1038
12375.0000 93.1808 0.1040
12380.0000 93.0744 0.1056
12385.0000 93.3777 0.0957
12390.0000 93.0377 0.1063
12395.0000 93.0278 0.1095
12400.0000 93.1191 0.1023
12405.0000 93.2996 0.1008
12410.0000 93.2005 0.1063
12415.0000 93.3031 0.0985
12420.0000 93.0580 0.1050
12425.0000 93.3618 0.1029
12430.0000 93.1916 0.1208
12435.0000 93.2038 0.1046
12440.0000 93.1472 0.1116
12445.0000 92.9920 0.1062
12450.0000 92.9349 0.1066
12455.0000 92.8502 0.1071
12460.0000 93.0168 0.1157
12465.0000 93.0416 0.1139
12470.0000 93.0885 0.1196
12475.0000 93.0158 0.1211
12480.0000 93.2064 0.1167
12485.0000 92.8750 0.1014
12490.0000 92.9282 0.0920
12495.0000 92.9659 0.0904
12500.0000 92.8483 0.0906
12505.0000 92.9533 0.0980
12510.0000 93.0113 0.0984
12515.0000 92.9888 0.1036
12520.0000 93.2896 0.1073
12525.0000 93.4516 0.1189
12530.0000 93.0897 0.1205
12535.0000 93.1931 0.1146
12540.0000 92.9646 0.1005
12545.0000 93.0355 0.0944
12550.0000 93.2495 0.1056
12555.0000 93.1466 0.0903
12560.0000 93.2992 0.0961
12565.0000 93.5335 0.0948
12570.0000 93.4884 0.1101
12575.0000 93.5713 0.1067
12580.0000 93.4997 0.1118
12585.0000 93.4696 0.1026
12590.0000 93.2308 0.1098
12595.0000 93.0911 0.1062
12600.0000 93.1741 0.0946
12605.0000 93.1440 0.0982
12610.0000 93.3453 0.0913
12615.0000 93.2453 0.0888
12620.0000 93.3076 0.0996
12625.0000 93.2367 0.0924
12630.0000 93.1842 0.0950
12635.0000 93.2296 0.0896
12640.0000 93.3003 0.0955
12645.0000 93.5252 0.0994
12650.0000 93.4715 0.1001
12655.0000 93.4456 0.1015
12660.0000 93.5430 0.0991
12665.0000 93.1723 0.0855
12670.0000 93.3766 0.0899
12675.0000 93.4195 0.0943
12680.0000 93.4901 0.0977
12685.0000 93.5503 0.0968
12690.0000 93.6056 0.1013
12695.0000 93.7458 0.0987
12700.0000 93.6389 0.1014
12705.0000 93.5142 0.0890
12710.0000 93.4926 0.0977
12715.0000 93.5644 0.0953
12720.0000 93.6100 0.0970
12725.0000 93.7343 0.0980
12730.0000 93.5185 0.1009
12735.0000 93.6377 0.1097
12740.0000 93.6736 0.0990
12745.0000 93.5785 0.1070
12750.0000 93.8184 0.1010
12755.0000 93.5947 0.1047
12760.0000 93.2058 0.1007
12765.0000 93.2145 0.1004
12770.0000 93.0546 0.1018
12775.0000 93.1859 0.1041
12780.0000 93.2475 0.0989
12785.0000 93.3832 0.0948
12790.0000 93.3858 0.0848
12795.0000 93.2040 0.0862
12800.0000 93.1427 0.0782
12805.0000 93.2292 0.0796
12810.0000 93.1045 0.0829
12815.0000 93.3274 0.0858
12820.0000 93.1671 0.0844
12825.0000 93.0677 0.0860
12830.0000 93.1887 0.0887
12835.0000 93.4049 0.0876
12840.0000 93.2210 0.0891
12845.0000 93.1566 0.0956
12850.0000 93.4274 0.0943
12855.0000 93.0070 0.1033
12860.0000 93.3660 0.1017
12865.0000 93.1896 0.0986
12870.0000 93.3203 0.0979
12875.0000 92.9836 0.0916
12880.0000 93.0319 0.0962
12885.0000 93.0508 0.0987
12890.0000 93.2111 0.0964
12895.0000 92.7810 0.0918
12900.0000 92.9106 0.0967
12905.0000 92.9806 0.1028
12910.0000 92.7956 0.0894
12915.0000 92.5393 0.0797
12920.0000 92.8686 0.0820
12925.0000 92.9641 0.0819
12930.0000 92.8336 0.0898
12935.0000 93.0492 0.0880
12940.0000 93.0766 0.0856
12945.0000 92.8732 0.0862
12950.0000 92.7571 0.0896
12955.0000 92.7683 0.0917
12960.0000 92.6453 0.0831
12965.0000 92.7698 0.0861
12970.0000 92.9281 0.0858
12975.0000 92.7605 0.0932
12980.0000 93.0608 0.0850
12985.0000 92.9551 0.0906
12990.0000 92.9066 0.0824
12995.0000 92.9986 0.0847
13000.0000 93.1237 0.0899
13005.0000 93.2386 0.0885
13010.0000 93.4103 0.0901
13015.0000 93.2801 0.0865
13020.0000 93.5759 0.0901
13025.0000 93.6010 0.0868
13030.0000 93.6109 0.0807
13035.0000 93.4966 0.0864
13040.0000 93.5213 0.0829
13045.0000 93.5711 0.0903
13050.0000 93.4360 0.0931
13055.0000 93.3842 0.0872
13060.0000 93.5182 0.0910
13065.0000 93.4412 0.0932
13070.0000 93.4841 0.0981
13075.0000 93.5559 0.0894
13080.0000 93.4384 0.0824
13085.0000 93.5284 0.0850
13090.0000 93.4874 0.0922
13095.0000 93.4061 0.0930
13100.0000 93.4632 0.0829
13105.0000 93.6378 0.0830
13110.0000 93.6911 0.0896
13115.0000 93.6222 0.0875
13120.0000 93.6016 0.0928
13125.0000 93.6594 0.0958
13130.0000 93.7460 0.0906
13135.0000 93.7680 0.0905
13140.0000 93.9293 0.0870
13145.0000 93.8044 0.0868
13150.0000 93.6964 0.0937
13155.0000 93.5375 0.0907
13160.0000 93.4746 0.0919
13165.0000 93.5834 0.0865
13170.0000 93.6386 0.0868
13175.0000 93.5676 0.0896
13180.0000 93.4128 0.0899
13185.0000 93.4952 0.0881
13190.0000 93.3140 0.0872
13195.0000 93.3903 0.0900
13200.0000 93.4653 0.0801
13205.0000 93.3356 0.0841
13210.0000 93.2793 0.0883
13215.0000 93.2963 0.0872
13220.0000 93.2734 0.0790
13225.0000 93.4076 0.0776
13230.0000 93.5162 0.0799
13235.0000 93.5659 0.0825
13240.0000 93.4535 0.0825
13245.0000 93.3226 0.0804
13250.0000 93.0501 0.0863
13255.0000 93.1259 0.0883
13260.0000 93.1755 0.0917
13265.0000 93.3024 0.0972
13270.0000 93.3023 0.0881
13275.0000 93.2046 0.0906
13280.0000 93.2927 0.0809
13285.0000 93.3917 0.0912
13290.0000 93.5806 0.1059
13295.0000 93.6502 0.1020
13300.0000 93.5627 0.1014
13305.0000 93.4740 0.0996
13310.0000 93.3029 0.0935
13315.0000 93.4313 0.0847
13320.0000 93.3648 0.0841
13325.0000 93.4428 0.0846
13330.0000 93.3446 0.0812
13335.0000 93.2457 0.0760
13340.0000 93.2305 0.0831
13345.0000 93.1531 0.0763
13350.0000 93.4076 0.0863
13355.0000 93.3420 0.0810
13360.0000 93.1920 0.0731
13365.0000 93.1482 0.0726
13370.0000 93.5792 0.0681
13375.0000 93.5610 0.0790
13380.0000 93.5544 0.0819
13385.0000 93.5607 0.0812
13390.0000 93.3488 0.0830
13395.0000 93.3296 0.0830
13400.0000 93.5321 0.0791
13405.0000 93.4308 0.0817
13410.0000 93.1732 0.0758
13415.0000 93.3249 0.0851
13420.0000 93.1947 0.0832
13425.0000 93.3106 0.0889
13430.0000 93.1797 0.0870
13435.0000 93.3749 0.0838
13440.0000 93.4744 0.0794
13445.0000 93.1530 0.0820
13450.0000 93.1849 0.0886
13455.0000 93.0219 0.0831
13460.0000 92.9760 0.0802
13465.0000 93.0263 0.0804
13470.0000 92.8433 0.0841
13475.0000 92.8836 0.0858
13480.0000 92.6871 0.0769
13485.0000 93.1030 0.0744
13490.0000 92.9948 0.0799
13495.0000 93.1864 0.0870
13500.0000 92.9478 0.0825
13505.0000 93.2215 0.0806
13510.0000 93.2393 0.0835
13515.0000 93.4724 0.0902
13520.0000 93.2637 0.0895
13525.0000 93.0250 0.0820
13530.0000 92.9656 0.0807
13535.0000 93.0364 0.0791
13540.0000 93.0167 0.0796
13545.0000 93.0062 0.0781
13550.0000 92.8074 0.0882
13555.0000 93.2310 0.0910
13560.0000 93.0713 0.0899
13565.0000 92.9276 0.0921
13570.0000 93.1426 0.0896
13575.0000 93.2661 0.0895
13580.0000 93.1527 0.0946
13585.0000 93.0995 0.0890
13590.0000 93.1169 0.0836
13595.0000 93.1363 0.0801
13600.0000 93.2296 0.0703
13605.0000 93.0282 0.0697
13610.0000 93.0093 0.0599
13615.0000 92.7702 0.0592
13620.0000 92.6792 0.0556
13625.0000 92.8875 0.0585
13630.0000 92.9685 0.0637
13635.0000 93.0140 0.0657
13640.0000 92.9425 0.0678
13645.0000 92.9870 0.0619
13650.0000 92.9467 0.0593
13655.0000 92.9380 0.0507
13660.0000 92.8337 0.0535
13665.0000 92.7272 0.0503
13670.0000 93.0303 0.0616
13675.0000 92.9057 0.0623
13680.0000 92.9123 0.0770
13685.0000 93.1596 0.0687
13690.0000 93.2465 0.0738
13695.0000 93.2994 0.0779
13700.0000 93.2067 0.0755
13705.0000 93.4725 0.0820
13710.0000 93.6373 0.0851
13715.0000 93.7207 0.0926
13720.0000 93.4101 0.1004
13725.0000 93.4621 0.0916
13730.0000 93.4576 0.0823
13735.0000 93.4555 0.0792
13740.0000 93.3910 0.0760
13745.0000 93.2676 0.0813
13750.0000 93.2603 0.0832
13755.0000 93.3056 0.0827
13760.0000 93.6513 0.0778
13765.0000 93.7894 0.0741
13770.0000 93.4103 0.0794
13775.0000 93.6656 0.0712
13780.0000 93.3628 0.0860
13785.0000 93.5457 0.0817
13790.0000 93.3374 0.0858
13795.0000 93.1893 0.0886
13800.0000 93.2297 0.0862
13805.0000 93.4126 0.0846
13810.0000 93.3872 0.0862
13815.0000 93.3338 0.0842
13820.0000 93.3640 0.0820
13825.0000 93.2936 0.0812
13830.0000 92.9990 0.0753
13835.0000 93.1121 0.0725
13840.0000 93.1405 0.0745
13845.0000 93.1505 0.0699
13850.0000 93.2829 0.0733
13855.0000 93.4711 0.0763
13860.0000 93.4047 0.0695
13865.0000 93.3775 0.0657
13870.0000 93.3546 0.0671
13875.0000 93.4456 0.0747
13880.0000 93.3518 0.0704
13885.0000 93.4283 0.0818
13890.0000 93.5142 0.0823
13895.0000 93.7163 0.0858
13900.0000 93.7149 0.0863
13905.0000 93.6524 0.0906
13910.0000 93.6612 0.0851
13915.0000 93.3219 0.0824
13920.0000 93.3605 0.0728
13925.0000 93.4447 0.0703
13930.0000 93.7340 0.0679
13935.0000 93.5747 0.0795
13940.0000 93.8119 0.0804
13945.0000 93.8656 0.0735
13950.0000 93.9298 0.0741
13955.0000 93.8571 0.0639
13960.0000 93.7362 0.0714
13965.0000 93.9630 0.0654
13970.0000 93.8696 0.0721
13975.0000 93.6112 0.0636
13980.0000 93.5809 0.0666
13985.0000 93.5744 0.0696
13990.0000 93.3698 0.0811
13995.0000 93.5197 0.0765
14000.0000 93.4762 0.0770
14005.0000 93.4322 0.0744
14010.0000 93.2655 0.0771
14015.0000 93.5216 0.0824
14020.0000 93.5458 0.0766
14025.0000 93.5640 0.0827
14030.0000 93.3961 0.0767
14035.0000 93.4539 0.0737
14040.0000 93.4087 0.0799
14045.0000 93.3056 0.0727
14050.0000 93.4373 0.0786
14055.0000 93.4482 0.0831
14060.0000 93.3333 0.0841
14065.0000 93.2030 0.0883
14070.0000 93.3837 0.0803
14075.0000 93.3293 0.0831
14080.0000 93.5197 0.0902
14085.0000 93.3148 0.0858
14090.0000 93.2863 0.0849
14095.0000 93.3268 0.0871
14100.0000 93.2598 0.0798
14105.0000 93.2745 0.0860
14110.0000 93.2345 0.0849
14115.0000 93.1057 0.0941
14120.0000 93.1613 0.0879
14125.0000 93.1428 0.0946
14130.0000 93.3242 0.0851
14135.0000 93.1928 0.0884
14140.0000 93.1221 0.0816
14145.0000 93.1225 0.0831
14150.0000 93.3267 0.0856
14155.0000 93.0216 0.0853
14160.0000 93.0518 0.0919
14165.0000 93.0748 0.0958
14170.0000 92.9501 0.0946
14175.0000 92.8828 0.0906
14180.0000 93.0367 0.0837
14185.0000 93.1059 0.0902
14190.0000 93.1143 0.0894
14195.0000 93.2695 0.0887
14200.0000 93.1940 0.0922
14205.0000 93.2276 0.0925
14210.0000 93.3496 0.0847
14215.0000 93.1297 0.0871
14220.0000 93.1449 0.0845
14225.0000 93.0228 0.0913
14230.0000 93.0709 0.0921
14235.0000 93.4092 0.0844
14240.0000 93.6008 0.0840
14245.0000 93.3028 0.0824
14250.0000 93.2758 0.0858
14255.0000 93.2890 0.0914
14260.0000 93.3158 0.0951
14265.0000 93.5772 0.0969
14270.0000 93.4430 0.0994
14275.0000 93.4141 0.0994
14280.0000 93.4442 0.0911
14285.0000 93.4141 0.0880
14290.0000 93.4711 0.0865
14295.0000 93.3687 0.0897
14300.0000 93.5311 0.0891
14305.0000 93.2097 0.0830
14310.0000 93.2630 0.0837
14315.0000 93.2912 0.0866
14320.0000 93.3963 0.0780
14325.0000 93.2836 0.0829
14330.0000 93.2344 0.0851
14335.0000 93.2435 0.0845
14340.0000 93.2653 0.0828
14345.0000 93.2389 0.0807
14350.0000 93.4690 0.0719
14355.0000 93.1752 0.0807
14360.0000 93.0490 0.0794
14365.0000 93.1015 0.0715
14370.0000 93.2233 0.0834
14375.0000 93.0864 0.0829
14380.0000 93.3184 0.0879
14385.0000 93.2607 0.0871
14390.0000 93.0948 0.0832
14395.0000 93.1583 0.0850
14400.0000 93.0229 0.0768
14405.0000 93.0345 0.0789
14410.0000 93.1618 0.0882
14415.0000 93.1765 0.0901
14420.0000 93.2107 0.0890
14425.0000 93.3247 0.0967
14430.0000 93.3127 0.0906
14435.0000 93.3495 0.0877
14440.0000 93.2920 0.0851
14445.0000 93.3960 0.0848
14450.0000 93.2874 0.0850
14455.0000 93.3502 0.0912
14460.0000 93.4222 0.0869
14465.0000 93.4844 0.0851
14470.0000 93.3548 0.0834
14475.0000 93.4557 0.0871
14480.0000 93.7946 0.0996
14485.0000 93.6411 0.0937
14490.0000 93.6936 0.0960
14495.0000 93.7703 0.0931
14500.0000 93.8210 0.1057
14505.0000 93.9518 0.1049
14510.0000 93.8084 0.1057
14515.0000 93.6462 0.0959
14520.0000 93.6202 0.0881
14525.0000 93.6603 0.0882
14530.0000 93.6906 0.0875
14535.0000 93.6139 0.0976
14540.0000 93.6768 0.0954
14545.0000 93.6483 0.1006
14550.0000 93.8028 0.0870
14555.0000 93.7828 0.0863
14560.0000 93.8129 0.0867
14565.0000 93.6170 0.0810
14570.0000 93.3851 0.0826
14575.0000 93.5254 0.0799
14580.0000 93.5156 0.0834
14585.0000 93.3445 0.0842
14590.0000 93.5005 0.0963
14595.0000 93.4977 0.0897
14600.0000 93.3193 0.1001
14605.0000 93.4033 0.0992
14610.0000 93.3911 0.0963
14615.0000 93.4778 0.1000
14620.0000 93.4955 0.0935
14625.0000 93.2987 0.0936
14630.0000 93.2843 0.0940
14635.0000 93.4509 0.0893
14640.0000 93.3726 0.0908
14645.0000 93.6323 0.0812
14650.0000 93.6728 0.0869
14655.0000 93.6653 0.0968
14660.0000 93.7646 0.0935
14665.0000 93.5251 0.0860
14670.0000 93.5663 0.0916
14675.0000 93.6989 0.0878
14680.0000 93.7281 0.0886
14685.0000 93.6048 0.0897
14690.0000 93.4107 0.0827
14695.0000 93.5173 0.0782
14700.0000 93.4009 0.0820
14705.0000 93.5871 0.0827
14710.0000 93.6814 0.0855
14715.0000 93.6444 0.0793
14720.0000 93.5105 0.0861
14725.0000 93.4792 0.0863
14730.0000 93.4136 0.0876
14735.0000 93.3588 0.0911
14740.0000 93.1735 0.0880
14745.0000 93.2784 0.0748
14750.0000 93.1766 0.0826
14755.0000 93.3568 0.0830
14760.0000 93.2984 0.0845
14765.0000 93.3301 0.0792
14770.0000 93.5383 0.0840
14775.0000 93.4792 0.0857
14780.0000 93.3429 0.0790
14785.0000 93.1065 0.0803
14790.0000 92.9642 0.0756
14795.0000 93.0715 0.0832
14800.0000 93.2170 0.0827
14805.0000 93.2956 0.0825
14810.0000 93.3136 0.0851
14815.0000 93.2511 0.0835
14820.0000 93.1506 0.0850
14825.0000 93.1062 0.0882
14830.0000 93.1385 0.0807
14835.0000 93.2757 0.0828
14840.0000 93.4123 0.0914
14845.0000 93.5101 0.0808
14850.0000 93.4200 0.0893
14855.0000 93.4228 0.0951
14860.0000 93.4968 0.0894
14865.0000 93.6569 0.0941
14870.0000 93.4884 0.1000
14875.0000 93.7945 0.0972
14880.0000 93.7008 0.0977
14885.0000 93.7729 0.0919
14890.0000 93.6747 0.0939
14895.0000 93.4875 0.0895
14900.0000 93.5007 0.0890
14905.0000 93.7327 0.0912
14910.0000 93.9344 0.0967
14915.0000 93.8907 0.0879
14920.0000 93.8634 0.0881
14925.0000 93.9240 0.0855
14930.0000 93.7388 0.0815
14935.0000 93.8016 0.0811
14940.0000 93.6907 0.0844
14945.0000 93.8808 0.0777
14950.0000 93.8632 0.0785
14955.0000 94.0289 0.0802
14960.0000 93.7696 0.0828
14965.0000 93.8311 0.0740
14970.0000 93.7605 0.0763
14975.0000 93.6546 0.0833
14980.0000 93.8612 0.0775
14985.0000 93.7244 0.0847
14990.0000 93.8098 0.0753
14995.0000 93.8893 0.0761
15000.0000 93.6026 0.0863
15005.0000 93.4201 0.0838
15010.0000 93.4565 0.0752
15015.0000 93.4051 0.0806
15020.0000 93.3699 0.0894
15025.0000 93.4456 0.0787
15030.0000 93.7382 0.0751
15035.0000 93.6670 0.0724
15040.0000 93.5966 0.0812
15045.0000 93.8400 0.0826
15050.0000 93.9171 0.0800
15055.0000 93.7480 0.0844
15060.0000 93.7923 0.0741
15065.0000 93.6260 0.0784
15070.0000 93.6243 0.0744
15075.0000 93.6313 0.0755
15080.0000 93.6367 0.0880
15085.0000 93.4581 0.0763
15090.0000 93.6024 0.0773
15095.0000 93.8431 0.0683
15100.0000 93.7480 0.0755
15105.0000 93.5188 0.0897
15110.0000 93.6412 0.0874
15115.0000 93.6513 0.0912
15120.0000 93.4759 0.0852
15125.0000 93.5692 0.0782
15130.0000 93.6348 0.0732
15135.0000 93.6053 0.0810
15140.0000 93.6642 0.0760
15145.0000 93.6683 0.0799
15150.0000 93.4272 0.0883
15155.0000 93.5349 0.0812
15160.0000 93.7678 0.0851
15165.0000 93.7966 0.0915
15170.0000 93.8949 0.0929
15175.0000 93.5847 0.0823
15180.0000 93.7062 0.0814
15185.0000 93.5375 0.0821
15190.0000 93.2195 0.0809
15195.0000 93.2611 0.0790
15200.0000 93.1598 0.0675
15205.0000 93.2383 0.0695
15210.0000 93.3142 0.0753
15215.0000 93.2404 0.0779
15220.0000 93.2662 0.0825
15225.0000 93.3010 0.0859
15230.0000 93.3689 0.0826
15235.0000 93.1427 0.0851
15240.0000 93.4091 0.0834
15245.0000 93.4372 0.0941
15250.0000 93.6622 0.0881
15255.0000 93.4686 0.0908
15260.0000 93.3234 0.0852
15265.0000 93.4827 0.0873
15270.0000 93.3531 0.0846
15275.0000 93.6473 0.0835
15280.0000 93.8036 0.0864
15285.0000 93.6530 0.0849
15290.0000 93.8268 0.0796
15295.0000 93.7877 0.0739
15300.0000 93.4443 0.0758
15305.0000 93.5349 0.0725
15310.0000 93.3468 0.0770
15315.0000 93.4962 0.0766
15320.0000 93.2816 0.0748
15325.0000 93.6208 0.0681
15330.0000 93.4795 0.0766
15335.0000 93.4241 0.0753
15340.0000 93.4754 0.0788
15345.0000 93.3120 0.0777
15350.0000 93.2277 0.0731
15355.0000 93.4181 0.0791
15360.0000 93.5819 0.0798
15365.0000 93.5633 0.0703
15370.0000 93.5442 0.0797
15375.0000 93.7048 0.0827
15380.0000 93.6372 0.0797
15385.0000 93.5771 0.0752
15390.0000 93.2734 0.0852
15395.0000 93.3865 0.0797
15400.0000 93.2916 0.0831
15405.0000 93.0873 0.0839
15410.0000 93.2930 0.0800
15415.0000 93.1605 0.0794
15420.0000 93.0827 0.0809
15425.0000 93.4510 0.0811
15430.0000 93.3831 0.0805
15435.0000 93.4182 0.0825
15440.0000 93.5053 0.0783
15445.0000 93.6110 0.0777
15450.0000 93.8695 0.0804
15455.0000 93.6503 0.0843
15460.0000 93.9515 0.0830
15465.0000 93.7645 0.0808
15470.0000 93.6744 0.0785
15475.0000 93.7260 0.0809
15480.0000 93.6012 0.0726
15485.0000 93.7377 0.0770
15490.0000 93.6383 0.0805
15495.0000 93.3875 0.0854
15500.0000 93.5120 0.0804
15505.0000 93.6084 0.0696
15510.0000 93.4370 0.0731
15515.0000 93.6296 0.0714
15520.0000 93.4457 0.0646
15525.0000 93.2743 0.0688
15530.0000 93.5709 0.0658
15535.0000 93.4019 0.0739
15540.0000 93.7058 0.0731
15545.0000 93.7371 0.0735
15550.0000 93.7944 0.0815
15555.0000 93.7478 0.0856
15560.0000 93.5493 0.0803
15565.0000 93.4329 0.0763
15570.0000 93.5814 0.0845
15575.0000 93.4997 0.0826
15580.0000 93.4723 0.0802
15585.0000 93.9084 0.0901
15590.0000 93.6957 0.0850
15595.0000 93.8274 0.0911
15600.0000 93.4797 0.0788
15605.0000 93.6526 0.0878
15610.0000 93.5565 0.0988
15615.0000 93.5904 0.0958
15620.0000 93.1452 0.0935
15625.0000 93.1240 0.0857
15630.0000 93.2750 0.0899
15635.0000 93.6778 0.0877
15640.0000 93.4047 0.0832
15645.0000 93.3892 0.0851
15650.0000 93.4964 0.0820
15655.0000 93.6340 0.0779
15660.0000 93.7746 0.0843
15665.0000 93.6037 0.0888
15670.0000 93.4661 0.0840
15675.0000 93.3862 0.0873
15680.0000 93.7098 0.0811
15685.0000 93.5681 0.0876
15690.0000 93.6931 0.0804
15695.0000 93.6525 0.0793
15700.0000 93.7086 0.0821
15705.0000 93.5218 0.0947
15710.0000 93.7636 0.0860
15715.0000 93.7172 0.0901
15720.0000 93.5521 0.0998
15725.0000 93.6629 0.0940
15730.0000 93.7500 0.0866
15735.0000 93.6310 0.0907
15740.0000 93.7039 0.0953
15745.0000 93.7591 0.0857
15750.0000 93.6278 0.0879
15755.0000 93.5121 0.0892
15760.0000 93.5808 0.0879
15765.0000 93.6654 0.0843
15770.0000 93.5729 0.0853
15775.0000 93.4262 0.0802
15780.0000 93.3743 0.0761
15785.0000 93.6386 0.0817
15790.0000 93.7977 0.0777
15795.0000 93.7328 0.0826
15800.0000 93.7376 0.0764
15805.0000 93.6839 0.0836
15810.0000 93.6640 0.0747
15815.0000 93.9474 0.0793
15820.0000 93.7629 0.0820
15825.0000 93.7498 0.0913
15830.0000 93.7617 0.0901
15835.0000 93.8921 0.0927
15840.0000 93.9764 0.0896
15845.0000 94.2269 0.0871
15850.0000 94.3264 0.0927
15855.0000 94.2973 0.0948
15860.0000 94.0860 0.0904
15865.0000 93.9836 0.0790
15870.0000 93.9269 0.0828
15875.0000 93.7604 0.0780
15880.0000 93.9070 0.0842
15885.0000 93.8784 0.0816
15890.0000 93.9301 0.0767
15895.0000 93.9894 0.0875
15900.0000 93.9988 0.0909
15905.0000 94.0345 0.0908
15910.0000 93.8320 0.0815
15915.0000 93.8335 0.0876
15920.0000 93.8000 0.0891
15925.0000 93.8632 0.0883
15930.0000 93.9779 0.0880
15935.0000 93.8810 0.0869
15940.0000 93.9085 0.0814
15945.0000 93.6852 0.0837
15950.0000 93.6135 0.0825
15955.0000 93.7964 0.0825
15960.0000 93.7657 0.0909
15965.0000 93.9076 0.0927
15970.0000 93.8699 0.0858
15975.0000 93.8418 0.0907
15980.0000 93.6592 0.0899
15985.0000 93.3306 0.0878
15990.0000 93.3951 0.0873
15995.0000 93.6389 0.0875
16000.0000 93.6591 0.0933
16005.0000 93.5713 0.0940
16010.0000 93.6335 0.0949
16015.0000 93.8148 0.0934
16020.0000 93.7686 0.0859
16025.0000 93.6401 0.0887
16030.0000 93.6935 0.0837
16035.0000 93.5814 0.0851
16040.0000 93.6025 0.0797
16045.0000 93.7132 0.0829
16050.0000 93.8193 0.0816
16055.0000 93.9095 0.0875
16060.0000 94.1555 0.0829
16065.0000 93.7602 0.0919
16070.0000 93.9558 0.0862
16075.0000 93.9200 0.0764
16080.0000 94.2401 0.0718
16085.0000 94.0828 0.0853
16090.0000 94.2238 0.0854
16095.0000 94.0761 0.0848
16100.0000 93.9578 0.0859
16105.0000 93.9008 0.0917
16110.0000 93.5840 0.0913
16115.0000 93.7796 0.0829
16120.0000 93.6350 0.0892
16125.0000 93.4770 0.0887
16130.0000 93.5664 0.0859
16135.0000 93.6515 0.0865
16140.0000 93.5991 0.0813
16145.0000 93.5932 0.0855
16150.0000 93.6639 0.0811
16155.0000 93.5101 0.0852
16160.0000 93.4096 0.0876
16165.0000 93.5511 0.0852
16170.0000 93.5553 0.0888
16175.0000 93.4280 0.0904
16180.0000 93.7262 0.0883
16185.0000 93.5543 0.0916
16190.0000 93.7241 0.0892
16195.0000 93.9689 0.0841
16200.0000 93.7117 0.0914
16205.0000 93.9124 0.0875
16210.0000 93.7608 0.0881
16215.0000 93.8304 0.0947
16220.0000 93.7671 0.1050
16225.0000 94.0654 0.0909
16230.0000 93.7655 0.0913
16235.0000 94.1439 0.0875
16240.0000 94.0649 0.0834
16245.0000 94.0766 0.0881
16250.0000 93.9964 0.0913
16255.0000 94.0584 0.0867
16260.0000 94.0533 0.0879
16265.0000 94.2365 0.0966
16270.0000 94.2520 0.0942
16275.0000 93.8664 0.0936
16280.0000 94.1159 0.0907
16285.0000 94.0672 0.0907
16290.0000 93.9055 0.0979
16295.0000 93.9829 0.0997
16300.0000 94.1346 0.0934
16305.0000 94.0802 0.0914
16310.0000 93.9287 0.0987
16315.0000 94.1870 0.0989
16320.0000 93.6779 0.1060
16325.0000 93.7373 0.0992
16330.0000 93.6428 0.0996
16335.0000 93.8642 0.0888
16340.0000 93.9214 0.0914
16345.0000 93.8478 0.0903
16350.0000 93.9768 0.0915
16355.0000 93.9845 0.0879
16360.0000 94.0211 0.0870
16365.0000 93.8651 0.0856
16370.0000 94.0115 0.0833
16375.0000 93.6611 0.0856
16380.0000 93.7913 0.0872
16385.0000 93.6714 0.0889
16390.0000 93.5590 0.0901
16395.0000 93.4834 0.0900
16400.0000 93.6128 0.0925
16405.0000 93.7136 0.0899
16410.0000 93.9292 0.0874
16415.0000 93.8603 0.0879
16420.0000 93.7768 0.0959
16425.0000 93.9682 0.0973
16430.0000 93.8600 0.0911
16435.0000 93.8710 0.0934
16440.0000 93.8201 0.0816
16445.0000 93.8825 0.0867
16450.0000 93.8187 0.0824
16455.0000 93.9236 0.0827
16460.0000 93.6576 0.0879
16465.0000 93.6812 0.0815
16470.0000 93.7626 0.0936
16475.0000 93.8618 0.0885
16480.0000 93.7015 0.0792
16485.0000 93.5615 0.0808
16490.0000 93.5191 0.0835
16495.0000 93.4959 0.0807
16500.0000 93.6596 0.0908
16505.0000 93.4520 0.0881
16510.0000 93.4878 0.0890
16515.0000 93.7747 0.0861
16520.0000 93.9983 0.0920
16525.0000 93.9043 0.0911
16530.0000 93.6897 0.0895
16535.0000 93.6277 0.0874
16540.0000 93.7035 0.0924
16545.0000 93.7852 0.0917
16550.0000 93.6602 0.0898
16555.0000 93.7519 0.0872
16560.0000 93.7493 0.0931
16565.0000 93.9165 0.0941
16570.0000 93.8696 0.0971
16575.0000 94.0287 0.0996
16580.0000 94.0386 0.0997
16585.0000 93.7093 0.0892
16590.0000 93.9245 0.0903
16595.0000 93.9601 0.0859
16600.0000 94.0452 0.0830
16605.0000 93.7221 0.0909
16610.0000 93.9005 0.0893
16615.0000 93.8708 0.1002
16620.0000 93.9707 0.0966
16625.0000 93.8526 0.0981
16630.0000 93.9645 0.0997
16635.0000 93.8180 0.1049
16640.0000 93.6033 0.0972
16645.0000 93.6042 0.0932
16650.0000 93.6615 0.0829
16655.0000 93.6374 0.0850
16660.0000 93.5053 0.0943
16665.0000 93.6259 0.0849
16670.0000 93.7761 0.0851
16675.0000 93.7330 0.0911
16680.0000 93.6262 0.0888
16685.0000 93.5216 0.0956
16690.0000 93.7724 0.0905
16695.0000 93.6264 0.0887
16700.0000 93.5884 0.0987
16705.0000 93.7505 0.0952
16710.0000 93.7146 0.0891
16715.0000 93.7000 0.0895
16720.0000 93.8038 0.0847
16725.0000 93.4549 0.0907
16730.0000 93.4818 0.0931
16735.0000 93.5580 0.0999
16740.0000 93.8385 0.1084
16745.0000 93.7734 0.1058
16750.0000 93.9130 0.1021
16755.0000 93.8018 0.0933
16760.0000 93.9551 0.0956
16765.0000 94.1523 0.0933
16770.0000 93.7217 0.0994
16775.0000 93.6039 0.1048
16780.0000 93.5646 0.0965
16785.0000 93.4704 0.0883
16790.0000 93.6242 0.0886
16795.0000 93.6257 0.0850
16800.0000 93.5777 0.0917
16805.0000 93.7127 0.0953
16810.0000 93.5197 0.0914
16815.0000 93.3437 0.0915
16820.0000 93.4286 0.0916
16825.0000 93.5441 0.0949
16830.0000 93.6708 0.1006
16835.0000 93.6261 0.0955
16840.0000 93.7882 0.0916
16845.0000 94.0374 0.0947
16850.0000 93.7710 0.0964
16855.0000 93.7460 0.0947
16860.0000 93.8879 0.0912
16865.0000 93.8286 0.0974
16870.0000 93.7135 0.0938
16875.0000 93.9047 0.0925
16880.0000 93.7335 0.0938
16885.0000 93.7823 0.0871
16890.0000 93.7634 0.0764
16895.0000 93.6911 0.0836
16900.0000 93.7082 0.0740
16905.0000 93.7134 0.0898
16910.0000 93.8978 0.0865
16915.0000 93.8832 0.0776
16920.0000 93.8009 0.0844
16925.0000 93.6559 0.0855
16930.0000 93.7057 0.0847
16935.0000 93.8879 0.0842
16940.0000 93.9351 0.0937
16945.0000 93.9908 0.0865
16950.0000 93.7440 0.0842
16955.0000 93.8194 0.0830
16960.0000 93.8677 0.0859
16965.0000 93.6445 0.0912
16970.0000 93.8148 0.0891
16975.0000 93.6680 0.0963
16980.0000 93.5434 0.0981
16985.0000 93.5054 0.1048
16990.0000 93.5565 0.1025
16995.0000 93.5149 0.0979
17000.0000 93.6613 0.0913
17005.0000 93.7290 0.1006
17010.0000 93.9499 0.1029
17015.0000 94.0603 0.0921
17020.0000 93.7284 0.0868
17025.0000 93.8081 0.0935
17030.0000 93.5727 0.0967
17035.0000 93.7287 0.0999
17040.0000 93.8829 0.0969
17045.0000 93.6778 0.1078
17050.0000 93.6679 0.1003
17055.0000 93.6356 0.1064
17060.0000 93.9244 0.1109
17065.0000 93.8814 0.1156
17070.0000 93.6933 0.1047
17075.0000 93.4237 0.1004
17080.0000 93.7410 0.1023
17085.0000 93.6615 0.1027
17090.0000 93.5681 0.1013
17095.0000 93.6714 0.1010
17100.0000 93.6984 0.0999
17105.0000 93.4418 0.1007
17110.0000 93.3790 0.1030
17115.0000 93.4269 0.0976
17120.0000 93.4611 0.1001
17125.0000 93.3732 0.1012
17130.0000 93.4375 0.1072
17135.0000 93.7379 0.1046
17140.0000 93.7284 0.1010
17145.0000 93.4006 0.1027
17150.0000 93.6392 0.0932
17155.0000 93.3253 0.1003
17160.0000 93.3978 0.0944
17165.0000 93.4015 0.0960
17170.0000 93.6414 0.0967
17175.0000 93.6525 0.0968
17180.0000 93.3779 0.1022
17185.0000 93.4857 0.0975
17190.0000 93.5834 0.0885
17195.0000 93.3928 0.0927
17200.0000 93.2207 0.0946
17205.0000 93.4312 0.0887
17210.0000 93.3761 0.0911
17215.0000 93.4088 0.0834
17220.0000 93.2765 0.0799
17225.0000 93.3991 0.0799
17230.0000 93.3630 0.0811
17235.0000 93.6857 0.0893
17240.0000 93.6728 0.0922
17245.0000 93.7955 0.1034
17250.0000 93.5947 0.0948
17255.0000 93.4804 0.0920
17260.0000 93.4760 0.0878
17265.0000 93.3765 0.0917
17270.0000 93.6434 0.0904
17275.0000 93.7169 0.0954
17280.0000 93.9352 0.0974
17285.0000 93.8758 0.1016
17290.0000 93.8015 0.0937
17295.0000 93.7300 0.1034
17300.0000 93.6959 0.0905
17305.0000 93.6487 0.0913
17310.0000 93.6954 0.0925
17315.0000 93.6881 0.0964
17320.0000 93.8953 0.0890
17325.0000 93.8703 0.0911
17330.0000 93.8185 0.0864
17335.0000 93.9802 0.0880
17340.0000 93.7813 0.0898
17345.0000 93.8351 0.0810
17350.0000 93.5925 0.0794
17355.0000 93.5648 0.0855
17360.0000 93.7746 0.0784
17365.0000 93.6570 0.0810
17370.0000 93.6369 0.0825
17375.0000 93.7107 0.0934
17380.0000 93.7006 0.0878
17385.0000 93.4739 0.0881
17390.0000 93.2846 0.0765
17395.0000 93.4497 0.0738
17400.0000 93.3691 0.0776
17405.0000 93.3795 0.0765
17410.0000 93.0809 0.0746
17415.0000 93.1593 0.0748
17420.0000 93.4532 0.0732
17425.0000 93.5804 0.0703
17430.0000 93.5942 0.0803
17435.0000 93.5606 0.0786
17440.0000 93.7139 0.0751
17445.0000 93.6346 0.0768
17450.0000 93.5922 0.0793
17455.0000 93.5766 0.0808
17460.0000 93.7024 0.0836
17465.0000 93.6880 0.0808
17470.0000 93.5695 0.0817
17475.0000 93.5769 0.0839
17480.0000 93.6704 0.0990
17485.0000 93.6714 0.0977
17490.0000 93.8888 0.0847
17495.0000 93.8379 0.0851
17500.0000 93.5784 0.0872
17505.0000 93.3933 0.0875
17510.0000 93.4375 0.0891
17515.0000 93.3747 0.0887
17520.0000 93.6060 0.0928
17525.0000 93.4043 0.0878
17530.0000 93.5628 0.0817
17535.0000 93.5495 0.0825
17540.0000 93.6496 0.0850
17545.0000 93.7332 0.0844
17550.0000 93.7667 0.0830
17555.0000 93.8119 0.0819
17560.0000 93.8979 0.0887
17565.0000 93.7287 0.0928
17570.0000 93.8013 0.0844
17575.0000 93.7401 0.0851
17580.0000 93.7318 0.0875
17585.0000 93.6372 0.0922
17590.0000 93.8696 0.0841
17595.0000 93.7564 0.0913
17600.0000 93.7037 0.0892
17605.0000 93.6758 0.0904
17610.0000 93.6458 0.0943
17615.0000 93.8266 0.0921
17620.0000 93.8460 0.0868
17625.0000 93.7772 0.0898
17630.0000 93.5846 0.0816
17635.0000 93.9889 0.0868
17640.0000 93.9814 0.0876
17645.0000 94.1077 0.0905
17650.0000 94.1081 0.0854
17655.0000 93.8238 0.0887
17660.0000 93.9724 0.0857
17665.0000 94.1533 0.0915
17670.0000 94.0791 0.0945
17675.0000 94.1591 0.0877
17680.0000 94.1253 0.0892
17685.0000 94.0711 0.0923
17690.0000 93.8268 0.0929
17695.0000 93.8256 0.0931
17700.0000 93.9547 0.0880
17705.0000 94.0210 0.0874
17710.0000 93.8029 0.0997
17715.0000 93.8283 0.0986
17720.0000 93.9855 0.0928
17725.0000 93.8799 0.0921
17730.0000 93.6450 0.1001
17735.0000 93.6176 0.0896
17740.0000 93.8044 0.0927
17745.0000 93.9733 0.0820
17750.0000 94.0078 0.0813
17755.0000 93.8997 0.0838
17760.0000 93.8684 0.0818
17765.0000 93.8941 0.0908
17770.0000 93.8429 0.0946
17775.0000 94.0416 0.0815
17780.0000 93.8451 0.0933
17785.0000 93.7157 0.0949
17790.0000 93.7758 0.0876
17795.0000 93.7702 0.0899
17800.0000 93.9520 0.0832
17805.0000 93.9272 0.0860
17810.0000 94.0567 0.0842
17815.0000 93.7477 0.0873
17820.0000 93.6117 0.0874
17825.0000 93.7467 0.0858
17830.0000 94.0381 0.0849
17835.0000 94.0917 0.0848
17840.0000 93.9443 0.0854
17845.0000 93.8464 0.0908
17850.0000 93.8053 0.0918
17855.0000 93.8147 0.0982
17860.0000 93.7705 0.0944
17865.0000 93.7836 0.0971
17870.0000 93.7707 0.1038
17875.0000 93.7777 0.0952
17880.0000 93.6944 0.0929
17885.0000 93.5957 0.1025
17890.0000 93.7122 0.1000
17895.0000 93.7653 0.0941
17900.0000 93.5514 0.0975
17905.0000 93.6621 0.0936
17910.0000 93.4476 0.0999
17915.0000 93.6227 0.0896
17920.0000 93.7648 0.0962
17925.0000 93.6716 0.1020
17930.0000 93.6133 0.1048
17935.0000 93.7836 0.0947
17940.0000 93.5322 0.1004
17945.0000 93.5147 0.1001
17950.0000 93.7068 0.0893
17955.0000 93.5191 0.0886
17960.0000 93.5019 0.0864
17965.0000 93.6211 0.0892
17970.0000 93.6565 0.0897
17975.0000 93.8078 0.1033
17980.0000 93.6293 0.1007
17985.0000 93.6118 0.1032
17990.0000 93.6515 0.1046
17995.0000 93.7913 0.1053
18000.0000 93.6954 0.0992
