5.0000 0.0000 0.0000
10.0000 0.0000 0.0000
15.0000 0.0000 0.0000
20.0000 0.0000 0.0000
25.0000 0.0000 0.0000
30.0000 0.0000 0.0000
35.0000 0.0000 0.0000
40.0000 0.0000 0.0000
45.0000 0.0000 0.0000
50.0000 0.0000 0.0000
55.0000 0.0000 0.0000
60.0000 0.0000 0.0000
65.0000 0.0000 0.0000
70.0000 0.0000 0.0000
75.0000 0.0000 0.0000
80.0000 0.0000 0.0000
85.0000 0.0036 0.0000
90.0000 0.0072 0.0001
95.0000 0.0180 0.0002
100.0000 0.0216 0.0003
105.0000 0.0216 0.0003
110.0000 0.0216 0.0003
115.0000 0.0216 0.0003
120.0000 0.0216 0.0003
125.0000 0.0252 0.0003
130.0000 0.0288 0.0003
135.0000 0.0288 0.0003
140.0000 0.0288 0.0003
145.0000 0.0359 0.0004
150.0000 0.0467 0.0005
155.0000 0.0575 0.0006
160.0000 0.0647 0.0007
165.0000 0.0683 0.0008
170.0000 0.0755 0.0008
175.0000 0.1006 0.0011
180.0000 0.1294 0.0014
185.0000 0.1833 0.0018
190.0000 0.2264 0.0022
195.0000 0.2624 0.0024
200.0000 0.3306 0.0028
205.0000 0.3846 0.0031
210.0000 0.4528 0.0033
215.0000 0.5175 0.0035
220.0000 0.5822 0.0035
225.0000 0.6325 0.0035
230.0000 0.6793 0.0034
235.0000 0.7321 0.0034
240.0000 0.7992 0.0033
245.0000 0.8316 0.0032
250.0000 0.8603 0.0030
255.0000 0.8962 0.0028
260.0000 0.9394 0.0026
265.0000 0.9717 0.0023
270.0000 1.0041 0.0021
275.0000 1.0077 0.0020
280.0000 1.0220 0.0019
285.0000 1.0508 0.0017
290.0000 1.0831 0.0014
295.0000 1.0975 0.0012
300.0000 1.1011 0.0012
305.0000 1.1119 0.0011
310.0000 1.1299 0.0009
315.0000 1.1528 0.0010
320.0000 1.1564 0.0010
325.0000 1.1564 0.0010
330.0000 1.1635 0.0009
335.0000 1.1743 0.0008
340.0000 1.1779 0.0007
345.0000 1.1815 0.0007
350.0000 1.1854 0.0007
355.0000 1.1967 0.0008
360.0000 1.2003 0.0007
365.0000 1.2003 0.0007
370.0000 1.2042 0.0008
375.0000 1.2117 0.0008
380.0000 1.2191 0.0008
385.0000 1.2343 0.0009
390.0000 1.2421 0.0010
395.0000 1.2459 0.0010
400.0000 1.2653 0.0012
405.0000 1.2882 0.0014
410.0000 1.3037 0.0016
415.0000 1.3112 0.0016
420.0000 1.3228 0.0017
425.0000 1.3422 0.0019
430.0000 1.3963 0.0024
435.0000 1.4389 0.0027
440.0000 1.4931 0.0031
445.0000 1.5241 0.0033
450.0000 1.5783 0.0037
455.0000 1.6540 0.0041
460.0000 1.6966 0.0042
465.0000 1.7508 0.0045
470.0000 1.8381 0.0047
475.0000 1.9117 0.0047
480.0000 1.9736 0.0046
485.0000 2.0665 0.0042
490.0000 2.1052 0.0040
495.0000 2.1478 0.0038
500.0000 2.1865 0.0035
505.0000 2.1981 0.0034
510.0000 2.2446 0.0031
515.0000 2.2755 0.0028
520.0000 2.2949 0.0026
525.0000 2.3336 0.0022
530.0000 2.3607 0.0019
535.0000 2.3878 0.0016
540.0000 2.4071 0.0014
545.0000 2.4188 0.0013
550.0000 2.4420 0.0010
555.0000 2.4497 0.0009
560.0000 2.4575 0.0008
565.0000 2.4613 0.0008
570.0000 2.4652 0.0007
575.0000 2.4729 0.0006
580.0000 2.4768 0.0007
585.0000 2.4807 0.0007
590.0000 2.4807 0.0007
595.0000 2.4807 0.0007
600.0000 2.4807 0.0007
605.0000 2.4884 0.0006
610.0000 2.4884 0.0006
615.0000 2.4923 0.0005
620.0000 2.4984 0.0006
625.0000 2.5105 0.0009
630.0000 2.5468 0.0015
635.0000 2.5953 0.0024
640.0000 2.6770 0.0040
645.0000 2.7179 0.0046
650.0000 2.7874 0.0055
655.0000 2.8736 0.0065
660.0000 2.9355 0.0071
665.0000 3.0035 0.0077
670.0000 3.0473 0.0081
675.0000 3.1242 0.0086
680.0000 3.2104 0.0098
685.0000 3.3293 0.0120
690.0000 3.4123 0.0133
695.0000 3.5146 0.0140
700.0000 3.6245 0.0152
705.0000 3.7499 0.0157
710.0000 3.8754 0.0164
715.0000 4.0577 0.0178
720.0000 4.1771 0.0186
725.0000 4.3128 0.0190
730.0000 4.4607 0.0184
735.0000 4.6246 0.0172
740.0000 4.7931 0.0167
745.0000 4.9554 0.0153
750.0000 5.0632 0.0146
755.0000 5.1429 0.0142
760.0000 5.2091 0.0138
765.0000 5.3195 0.0126
770.0000 5.3972 0.0115
775.0000 5.5000 0.0110
780.0000 5.5751 0.0108
785.0000 5.6515 0.0111
790.0000 5.7321 0.0111
795.0000 5.8081 0.0106
800.0000 5.8846 0.0105
805.0000 5.9430 0.0104
810.0000 6.0368 0.0098
815.0000 6.1188 0.0099
820.0000 6.1969 0.0096
825.0000 6.3052 0.0090
830.0000 6.3633 0.0081
835.0000 6.4457 0.0082
840.0000 6.5259 0.0078
845.0000 6.6167 0.0071
850.0000 6.6797 0.0064
855.0000 6.7261 0.0060
860.0000 6.7847 0.0057
865.0000 6.8301 0.0055
870.0000 6.8893 0.0049
875.0000 6.9302 0.0045
880.0000 6.9717 0.0038
885.0000 7.0071 0.0034
890.0000 7.0419 0.0031
895.0000 7.0458 0.0031
900.0000 7.0651 0.0029
905.0000 7.0806 0.0028
910.0000 7.0999 0.0026
915.0000 7.1154 0.0024
920.0000 7.1270 0.0023
925.0000 7.1463 0.0019
930.0000 7.1663 0.0017
935.0000 7.1663 0.0017
940.0000 7.1817 0.0015
945.0000 7.1856 0.0015
950.0000 7.1895 0.0014
955.0000 7.1895 0.0014
960.0000 7.1895 0.0014
965.0000 7.2077 0.0007
970.0000 7.2116 0.0006
975.0000 7.2116 0.0006
980.0000 7.2150 0.0007
985.0000 7.2253 0.0008
990.0000 7.2425 0.0010
995.0000 7.2807 0.0013
1000.0000 7.2978 0.0015
1005.0000 7.3150 0.0016
1010.0000 7.3356 0.0018
1015.0000 7.3493 0.0019
1020.0000 7.3794 0.0022
1025.0000 7.4103 0.0025
1030.0000 7.4352 0.0025
1035.0000 7.4733 0.0027
1040.0000 7.5214 0.0030
1045.0000 7.5420 0.0031
1050.0000 7.5855 0.0035
1055.0000 7.6290 0.0037
1060.0000 7.6921 0.0039
1065.0000 7.7391 0.0043
1070.0000 7.8148 0.0045
1075.0000 7.9148 0.0052
1080.0000 7.9817 0.0060
1085.0000 8.0414 0.0062
1090.0000 8.0770 0.0063
1095.0000 8.1400 0.0063
1100.0000 8.2329 0.0061
1105.0000 8.3099 0.0062
1110.0000 8.3731 0.0068
1115.0000 8.4330 0.0070
1120.0000 8.4941 0.0075
1125.0000 8.5529 0.0077
1130.0000 8.6350 0.0086
1135.0000 8.6824 0.0090
1140.0000 8.7403 0.0098
1145.0000 8.7912 0.0100
1150.0000 8.8536 0.0103
1155.0000 8.9044 0.0106
1160.0000 8.9668 0.0107
1165.0000 9.0398 0.0111
1170.0000 9.1011 0.0113
1175.0000 9.1532 0.0115
1180.0000 9.2736 0.0114
1185.0000 9.3478 0.0111
1190.0000 9.4160 0.0109
1195.0000 9.5008 0.0108
1200.0000 9.6214 0.0113
1205.0000 9.7241 0.0111
1210.0000 9.8352 0.0111
1215.0000 9.9376 0.0103
1220.0000 10.0322 0.0107
1225.0000 10.1383 0.0107
1230.0000 10.1950 0.0106
1235.0000 10.2719 0.0106
1240.0000 10.3585 0.0107
1245.0000 10.4831 0.0105
1250.0000 10.5903 0.0107
1255.0000 10.6733 0.0102
1260.0000 10.7397 0.0107
1265.0000 10.7876 0.0107
1270.0000 10.8603 0.0116
1275.0000 10.9209 0.0120
1280.0000 11.0171 0.0122
1285.0000 11.0651 0.0118
1290.0000 11.1473 0.0118
1295.0000 11.2137 0.0117
1300.0000 11.2561 0.0118
1305.0000 11.3167 0.0117
1310.0000 11.3531 0.0117
1315.0000 11.4195 0.0113
1320.0000 11.5286 0.0113
1325.0000 11.6351 0.0113
1330.0000 11.7079 0.0112
1335.0000 11.7745 0.0118
1340.0000 11.8470 0.0115
1345.0000 11.9536 0.0113
1350.0000 12.0445 0.0117
1355.0000 12.1657 0.0121
1360.0000 12.2662 0.0122
1365.0000 12.3668 0.0127
1370.0000 12.4637 0.0137
1375.0000 12.5832 0.0142
1380.0000 12.7611 0.0145
1385.0000 12.9208 0.0149
1390.0000 13.0501 0.0151
1395.0000 13.2240 0.0145
1400.0000 13.3691 0.0141
1405.0000 13.4817 0.0145
1410.0000 13.5894 0.0145
1415.0000 13.7380 0.0140
1420.0000 13.8613 0.0134
1425.0000 13.9654 0.0125
1430.0000 14.0680 0.0120
1435.0000 14.1439 0.0112
1440.0000 14.2077 0.0106
1445.0000 14.3287 0.0102
1450.0000 14.4063 0.0102
1455.0000 14.4611 0.0101
1460.0000 14.5337 0.0099
1465.0000 14.5967 0.0099
1470.0000 14.6554 0.0092
1475.0000 14.6975 0.0083
1480.0000 14.7573 0.0077
1485.0000 14.8227 0.0074
1490.0000 14.8547 0.0074
1495.0000 14.8832 0.0074
1500.0000 14.9512 0.0059
1505.0000 15.0131 0.0052
1510.0000 15.0775 0.0046
1515.0000 15.1059 0.0045
1520.0000 15.1700 0.0041
1525.0000 15.2116 0.0036
1530.0000 15.2664 0.0028
1535.0000 15.3009 0.0023
1540.0000 15.3151 0.0022
1545.0000 15.3222 0.0021
1550.0000 15.3329 0.0022
1555.0000 15.3496 0.0021
1560.0000 15.3628 0.0021
1565.0000 15.3699 0.0020
1570.0000 15.3902 0.0016
1575.0000 15.4035 0.0016
1580.0000 15.4035 0.0016
1585.0000 15.4222 0.0019
1590.0000 15.4320 0.0019
1595.0000 15.4449 0.0018
1600.0000 15.4613 0.0019
1605.0000 15.4742 0.0019
1610.0000 15.4938 0.0020
1615.0000 15.5155 0.0023
1620.0000 15.5373 0.0025
1625.0000 15.5684 0.0028
1630.0000 15.5840 0.0029
1635.0000 15.6093 0.0030
1640.0000 15.6436 0.0033
1645.0000 15.6747 0.0035
1650.0000 15.7124 0.0035
1655.0000 15.7596 0.0035
1660.0000 15.7978 0.0036
1665.0000 15.8196 0.0037
1670.0000 15.8693 0.0038
1675.0000 15.9284 0.0039
1680.0000 15.9818 0.0039
1685.0000 16.0221 0.0040
1690.0000 16.0718 0.0039
1695.0000 16.1092 0.0038
1700.0000 16.1527 0.0036
1705.0000 16.1963 0.0034
1710.0000 16.2118 0.0034
1715.0000 16.2523 0.0031
1720.0000 16.2710 0.0030
1725.0000 16.2927 0.0029
1730.0000 16.3083 0.0026
1735.0000 16.3330 0.0026
1740.0000 16.3821 0.0030
1745.0000 16.4188 0.0034
1750.0000 16.4737 0.0042
1755.0000 16.5436 0.0052
1760.0000 16.6077 0.0059
1765.0000 16.6624 0.0067
1770.0000 16.7082 0.0068
1775.0000 16.8146 0.0081
1780.0000 16.9423 0.0090
1785.0000 17.0485 0.0100
1790.0000 17.1546 0.0107
1795.0000 17.2436 0.0115
1800.0000 17.3628 0.0119
1805.0000 17.5063 0.0121
1810.0000 17.6176 0.0121
1815.0000 17.7368 0.0117
1820.0000 17.8322 0.0112
1825.0000 17.9243 0.0105
1830.0000 18.0193 0.0096
1835.0000 18.1356 0.0083
1840.0000 18.2025 0.0075
1845.0000 18.2653 0.0068
1850.0000 18.3081 0.0069
1855.0000 18.3887 0.0070
1860.0000 18.4214 0.0072
1865.0000 18.5051 0.0073
1870.0000 18.5726 0.0075
1875.0000 18.6462 0.0076
1880.0000 18.7053 0.0077
1885.0000 18.7935 0.0080
1890.0000 18.8673 0.0077
1895.0000 18.9166 0.0078
1900.0000 18.9986 0.0078
1905.0000 19.0932 0.0078
1910.0000 19.1679 0.0077
1915.0000 19.2833 0.0070
1920.0000 19.3377 0.0066
1925.0000 19.4256 0.0069
1930.0000 19.4902 0.0066
1935.0000 19.5506 0.0063
1940.0000 19.5751 0.0060
1945.0000 19.6374 0.0057
1950.0000 19.7029 0.0056
1955.0000 19.7447 0.0057
1960.0000 19.7621 0.0056
1965.0000 19.8203 0.0056
1970.0000 19.8662 0.0060
1975.0000 19.9162 0.0061
1980.0000 19.9618 0.0066
1985.0000 20.0197 0.0070
1990.0000 20.0542 0.0073
1995.0000 20.1090 0.0077
2000.0000 20.1811 0.0080
2005.0000 20.2359 0.0083
2010.0000 20.2856 0.0086
2015.0000 20.3464 0.0089
2020.0000 20.4245 0.0093
2025.0000 20.4961 0.0092
2030.0000 20.5955 0.0091
2035.0000 20.7392 0.0089
2040.0000 20.8859 0.0082
2045.0000 20.9949 0.0080
2050.0000 21.0527 0.0079
2055.0000 21.0996 0.0080
2060.0000 21.1502 0.0081
2065.0000 21.2101 0.0080
2070.0000 21.2600 0.0079
2075.0000 21.3328 0.0079
2080.0000 21.3847 0.0078
2085.0000 21.4510 0.0077
2090.0000 21.5107 0.0078
2095.0000 21.5647 0.0077
2100.0000 21.6196 0.0070
2105.0000 21.6751 0.0066
2110.0000 21.7506 0.0063
2115.0000 21.7996 0.0060
2120.0000 21.8629 0.0058
2125.0000 21.9096 0.0061
2130.0000 21.9613 0.0061
2135.0000 22.0262 0.0060
2140.0000 22.0876 0.0061
2145.0000 22.1315 0.0057
2150.0000 22.1867 0.0056
2155.0000 22.2262 0.0055
2160.0000 22.2657 0.0053
2165.0000 22.3087 0.0052
2170.0000 22.3533 0.0048
2175.0000 22.3855 0.0047
2180.0000 22.4322 0.0044
2185.0000 22.4860 0.0041
2190.0000 22.5199 0.0037
2195.0000 22.5502 0.0032
2200.0000 22.5683 0.0032
2205.0000 22.5863 0.0031
2210.0000 22.6194 0.0032
2215.0000 22.6343 0.0034
2220.0000 22.6861 0.0040
2225.0000 22.7117 0.0039
2230.0000 22.7265 0.0040
2235.0000 22.7599 0.0044
2240.0000 22.7930 0.0045
2245.0000 22.8188 0.0045
2250.0000 22.8262 0.0046
2255.0000 22.8518 0.0045
2260.0000 22.8814 0.0047
2265.0000 22.8963 0.0048
2270.0000 22.9408 0.0049
2275.0000 23.0085 0.0047
2280.0000 23.0824 0.0056
2285.0000 23.1317 0.0060
2290.0000 23.1772 0.0063
2295.0000 23.2252 0.0069
2300.0000 23.3462 0.0087
2305.0000 23.4709 0.0097
2310.0000 23.6423 0.0107
2315.0000 23.7463 0.0114
2320.0000 23.8528 0.0125
2325.0000 23.9766 0.0138
2330.0000 24.1305 0.0145
2335.0000 24.3322 0.0161
2340.0000 24.5292 0.0165
2345.0000 24.7301 0.0181
2350.0000 24.9470 0.0196
2355.0000 25.1753 0.0222
2360.0000 25.3652 0.0256
2365.0000 25.5401 0.0263
2370.0000 25.7188 0.0278
2375.0000 25.8599 0.0294
2380.0000 25.9791 0.0301
2385.0000 26.1531 0.0302
2390.0000 26.3123 0.0297
2395.0000 26.5034 0.0303
2400.0000 26.6443 0.0296
2405.0000 26.7719 0.0303
2410.0000 26.9105 0.0289
2415.0000 27.0634 0.0283
2420.0000 27.2213 0.0287
2425.0000 27.4057 0.0301
2430.0000 27.5491 0.0301
2435.0000 27.6850 0.0305
2440.0000 27.8087 0.0308
2445.0000 27.9882 0.0302
2450.0000 28.0755 0.0300
2455.0000 28.1737 0.0303
2460.0000 28.2794 0.0283
2465.0000 28.4044 0.0268
2470.0000 28.4991 0.0259
2475.0000 28.5683 0.0244
2480.0000 28.6435 0.0230
2485.0000 28.7225 0.0220
2490.0000 28.8220 0.0194
2495.0000 28.9021 0.0176
2500.0000 28.9811 0.0156
2505.0000 29.0370 0.0142
2510.0000 29.0625 0.0140
2515.0000 29.1038 0.0132
2520.0000 29.1439 0.0122
2525.0000 29.2071 0.0104
2530.0000 29.2459 0.0095
2535.0000 29.3030 0.0078
2540.0000 29.3248 0.0075
2545.0000 29.3528 0.0070
2550.0000 29.3892 0.0062
2555.0000 29.4062 0.0059
2560.0000 29.4244 0.0056
2565.0000 29.4475 0.0047
2570.0000 29.4683 0.0041
2575.0000 29.4781 0.0041
2580.0000 29.5012 0.0036
2585.0000 29.5172 0.0039
2590.0000 29.5332 0.0039
2595.0000 29.5431 0.0041
2600.0000 29.5580 0.0043
2605.0000 29.5728 0.0045
2610.0000 29.5926 0.0049
2615.0000 29.6224 0.0053
2620.0000 29.6422 0.0056
2625.0000 29.6780 0.0059
2630.0000 29.7127 0.0061
2635.0000 29.7424 0.0064
2640.0000 29.7771 0.0070
2645.0000 29.8415 0.0076
2650.0000 29.9455 0.0084
2655.0000 30.0617 0.0087
2660.0000 30.1459 0.0088
2665.0000 30.2648 0.0089
2670.0000 30.3788 0.0090
2675.0000 30.4927 0.0088
2680.0000 30.6067 0.0083
2685.0000 30.7057 0.0076
2690.0000 30.7652 0.0071
2695.0000 30.8247 0.0066
2700.0000 30.8791 0.0058
2705.0000 30.9248 0.0049
2710.0000 30.9546 0.0045
2715.0000 30.9941 0.0038
2720.0000 31.0090 0.0036
2725.0000 31.0238 0.0034
2730.0000 31.0238 0.0034
2735.0000 31.0288 0.0034
2740.0000 31.0338 0.0033
2745.0000 31.0387 0.0032
2750.0000 31.0437 0.0032
2755.0000 31.0526 0.0032
2760.0000 31.0616 0.0032
2765.0000 31.0755 0.0031
2770.0000 31.0945 0.0032
2775.0000 31.1195 0.0034
2780.0000 31.1375 0.0035
2785.0000 31.1584 0.0038
2790.0000 31.1794 0.0037
2795.0000 31.2044 0.0038
2800.0000 31.2325 0.0041
2805.0000 31.2865 0.0044
2810.0000 31.3626 0.0054
2815.0000 31.4467 0.0061
2820.0000 31.4988 0.0063
2825.0000 31.5809 0.0065
2830.0000 31.6731 0.0066
2835.0000 31.7211 0.0068
2840.0000 31.7813 0.0069
2845.0000 31.8574 0.0069
2850.0000 31.9385 0.0064
2855.0000 31.9946 0.0061
2860.0000 32.0427 0.0059
2865.0000 32.0748 0.0058
2870.0000 32.0948 0.0058
2875.0000 32.1149 0.0057
2880.0000 32.1429 0.0055
2885.0000 32.1750 0.0052
2890.0000 32.2070 0.0050
2895.0000 32.2271 0.0049
2900.0000 32.2511 0.0046
2905.0000 32.2672 0.0045
2910.0000 32.2832 0.0043
2915.0000 32.2912 0.0042
2920.0000 32.3153 0.0040
2925.0000 32.3333 0.0040
2930.0000 32.3574 0.0036
2935.0000 32.3694 0.0035
2940.0000 32.3975 0.0031
2945.0000 32.4138 0.0030
2950.0000 32.4223 0.0032
2955.0000 32.4391 0.0033
2960.0000 32.4643 0.0033
2965.0000 32.4856 0.0036
2970.0000 32.5125 0.0036
2975.0000 32.5605 0.0039
2980.0000 32.6129 0.0049
2985.0000 32.6531 0.0053
2990.0000 32.6949 0.0059
2995.0000 32.7686 0.0065
3000.0000 32.8697 0.0077
3005.0000 32.9518 0.0085
3010.0000 33.0612 0.0093
3015.0000 33.1392 0.0103
3020.0000 33.2586 0.0115
3025.0000 33.3553 0.0129
3030.0000 33.4982 0.0149
3035.0000 33.6198 0.0167
3040.0000 33.7864 0.0174
3045.0000 33.9827 0.0192
3050.0000 34.1578 0.0209
3055.0000 34.3165 0.0230
3060.0000 34.4360 0.0234
3065.0000 34.6030 0.0233
3070.0000 34.7361 0.0239
3075.0000 34.8586 0.0241
3080.0000 35.0101 0.0241
3085.0000 35.1764 0.0244
3090.0000 35.3325 0.0245
3095.0000 35.4242 0.0242
3100.0000 35.5980 0.0225
3105.0000 35.7177 0.0223
3110.0000 35.9018 0.0205
3115.0000 36.0109 0.0203
3120.0000 36.1509 0.0181
3125.0000 36.2392 0.0172
3130.0000 36.3563 0.0161
3135.0000 36.4184 0.0157
3140.0000 36.5101 0.0151
3145.0000 36.5810 0.0152
3150.0000 36.6454 0.0142
3155.0000 36.6985 0.0130
3160.0000 36.7758 0.0126
3165.0000 36.8253 0.0125
3170.0000 36.8898 0.0119
3175.0000 36.9735 0.0105
3180.0000 37.0182 0.0098
3185.0000 37.0865 0.0087
3190.0000 37.1444 0.0083
3195.0000 37.2273 0.0076
3200.0000 37.2724 0.0068
3205.0000 37.3468 0.0070
3210.0000 37.4116 0.0069
3215.0000 37.4988 0.0079
3220.0000 37.5476 0.0085
3225.0000 37.6375 0.0099
3230.0000 37.7273 0.0110
3235.0000 37.8149 0.0117
3240.0000 37.9267 0.0130
3245.0000 38.0196 0.0146
3250.0000 38.1169 0.0162
3255.0000 38.2277 0.0177
3260.0000 38.3396 0.0183
3265.0000 38.4386 0.0190
3270.0000 38.5869 0.0196
3275.0000 38.6909 0.0204
3280.0000 38.8284 0.0213
3285.0000 38.9500 0.0212
3290.0000 39.0897 0.0210
3295.0000 39.1953 0.0207
3300.0000 39.3361 0.0191
3305.0000 39.4107 0.0179
3310.0000 39.5020 0.0167
3315.0000 39.6446 0.0154
3320.0000 39.7674 0.0140
3325.0000 39.8561 0.0131
3330.0000 39.9508 0.0119
3335.0000 40.0131 0.0105
3340.0000 40.0571 0.0093
3345.0000 40.0890 0.0084
3350.0000 40.1346 0.0074
3355.0000 40.1507 0.0073
3360.0000 40.1745 0.0069
3365.0000 40.1946 0.0066
3370.0000 40.2087 0.0065
3375.0000 40.2265 0.0063
3380.0000 40.2502 0.0061
3385.0000 40.2763 0.0056
3390.0000 40.3043 0.0053
3395.0000 40.3202 0.0050
3400.0000 40.3459 0.0051
3405.0000 40.3619 0.0053
3410.0000 40.3838 0.0051
3415.0000 40.4139 0.0053
3420.0000 40.4419 0.0058
3425.0000 40.4920 0.0061
3430.0000 40.5260 0.0062
3435.0000 40.5441 0.0062
3440.0000 40.5681 0.0064
3445.0000 40.6061 0.0066
3450.0000 40.6381 0.0068
3455.0000 40.6581 0.0070
3460.0000 40.6942 0.0071
3465.0000 40.7102 0.0072
3470.0000 40.7382 0.0074
3475.0000 40.7722 0.0076
3480.0000 40.7983 0.0073
3485.0000 40.8523 0.0073
3490.0000 40.8963 0.0074
3495.0000 40.9523 0.0075
3500.0000 41.0083 0.0077
3505.0000 41.0403 0.0076
3510.0000 41.0924 0.0075
3515.0000 41.1364 0.0075
3520.0000 41.1744 0.0071
3525.0000 41.1984 0.0072
3530.0000 41.2584 0.0067
3535.0000 41.3184 0.0063
3540.0000 41.3784 0.0062
3545.0000 41.4285 0.0054
3550.0000 41.4405 0.0053
3555.0000 41.4565 0.0050
3560.0000 41.4765 0.0046
3565.0000 41.5005 0.0044
3570.0000 41.5285 0.0041
3575.0000 41.5445 0.0039
3580.0000 41.5485 0.0039
3585.0000 41.5725 0.0037
3590.0000 41.5925 0.0034
3595.0000 41.5965 0.0034
3600.0000 41.6045 0.0033
3605.0000 41.6169 0.0033
3610.0000 41.6334 0.0031
3615.0000 41.6527 0.0034
3620.0000 41.7284 0.0046
3625.0000 41.7756 0.0052
3630.0000 41.8441 0.0059
3635.0000 41.8740 0.0065
3640.0000 41.9236 0.0072
3645.0000 41.9805 0.0080
3650.0000 42.0484 0.0093
3655.0000 42.1630 0.0114
3660.0000 42.3181 0.0135
3665.0000 42.4493 0.0150
3670.0000 42.5806 0.0178
3675.0000 42.7591 0.0220
3680.0000 42.9352 0.0244
3685.0000 43.0846 0.0277
3690.0000 43.2792 0.0312
3695.0000 43.4401 0.0346
3700.0000 43.6154 0.0368
3705.0000 43.7846 0.0414
3710.0000 43.9478 0.0441
3715.0000 44.1662 0.0442
3720.0000 44.3504 0.0451
3725.0000 44.4768 0.0445
3730.0000 44.6332 0.0437
3735.0000 44.8205 0.0421
3740.0000 44.9914 0.0418
3745.0000 45.1540 0.0396
3750.0000 45.2907 0.0383
3755.0000 45.4745 0.0370
3760.0000 45.6408 0.0348
3765.0000 45.8074 0.0322
3770.0000 45.9613 0.0316
3775.0000 46.0776 0.0294
3780.0000 46.2017 0.0279
3785.0000 46.3297 0.0245
3790.0000 46.4561 0.0221
3795.0000 46.5889 0.0207
3800.0000 46.6558 0.0202
3805.0000 46.7080 0.0202
3810.0000 46.7706 0.0204
3815.0000 46.8733 0.0199
3820.0000 46.9343 0.0199
3825.0000 47.0357 0.0186
3830.0000 47.1043 0.0182
3835.0000 47.1710 0.0177
3840.0000 47.2231 0.0173
3845.0000 47.2943 0.0176
3850.0000 47.3853 0.0168
3855.0000 47.4732 0.0172
3860.0000 47.5346 0.0179
3865.0000 47.6278 0.0175
3870.0000 47.7240 0.0190
3875.0000 47.7911 0.0189
3880.0000 47.9133 0.0192
3885.0000 48.0481 0.0189
3890.0000 48.1761 0.0184
3895.0000 48.2619 0.0189
3900.0000 48.3914 0.0190
3905.0000 48.5142 0.0200
3910.0000 48.6135 0.0195
3915.0000 48.7528 0.0188
3920.0000 48.8476 0.0187
3925.0000 48.9823 0.0189
3930.0000 49.0824 0.0172
3935.0000 49.1480 0.0166
3940.0000 49.2330 0.0148
3945.0000 49.3041 0.0137
3950.0000 49.3514 0.0132
3955.0000 49.4539 0.0125
3960.0000 49.5362 0.0131
3965.0000 49.6036 0.0126
3970.0000 49.6419 0.0127
3975.0000 49.7149 0.0131
3980.0000 49.7840 0.0132
3985.0000 49.8598 0.0133
3990.0000 49.9367 0.0136
3995.0000 49.9836 0.0138
4000.0000 50.0468 0.0138
4005.0000 50.1607 0.0140
4010.0000 50.2198 0.0137
4015.0000 50.2668 0.0139
4020.0000 50.3504 0.0140
4025.0000 50.4377 0.0141
4030.0000 50.5083 0.0141
4035.0000 50.5686 0.0138
4040.0000 50.6261 0.0137
4045.0000 50.7025 0.0141
4050.0000 50.7948 0.0132
4055.0000 50.8732 0.0136
4060.0000 50.9680 0.0137
4065.0000 51.0522 0.0141
4070.0000 51.1262 0.0152
4075.0000 51.2097 0.0152
4080.0000 51.3149 0.0149
4085.0000 51.4116 0.0148
4090.0000 51.5096 0.0148
4095.0000 51.6047 0.0152
4100.0000 51.6892 0.0151
4105.0000 51.7737 0.0144
4110.0000 51.8164 0.0140
4115.0000 51.8687 0.0137
4120.0000 51.9169 0.0127
4125.0000 51.9539 0.0124
4130.0000 51.9922 0.0122
4135.0000 52.0350 0.0116
4140.0000 52.0587 0.0111
4145.0000 52.0967 0.0109
4150.0000 52.1290 0.0105
4155.0000 52.1480 0.0104
4160.0000 52.1660 0.0101
4165.0000 52.1850 0.0099
4170.0000 52.1897 0.0097
4175.0000 52.2091 0.0097
4180.0000 52.2281 0.0093
4185.0000 52.2435 0.0093
4190.0000 52.2530 0.0091
4195.0000 52.2625 0.0090
4200.0000 52.2795 0.0084
4205.0000 52.2927 0.0079
4210.0000 52.3034 0.0079
4215.0000 52.3034 0.0079
4220.0000 52.3034 0.0079
4225.0000 52.3034 0.0079
4230.0000 52.3094 0.0079
4235.0000 52.3094 0.0079
4240.0000 52.3260 0.0081
4245.0000 52.3379 0.0082
4250.0000 52.3438 0.0084
4255.0000 52.3498 0.0085
4260.0000 52.3654 0.0084
4265.0000 52.3880 0.0086
4270.0000 52.4105 0.0089
4275.0000 52.4343 0.0092
4280.0000 52.4582 0.0097
4285.0000 52.5119 0.0105
4290.0000 52.5475 0.0108
4295.0000 52.6251 0.0120
4300.0000 52.6669 0.0132
4305.0000 52.7265 0.0149
4310.0000 52.8099 0.0164
4315.0000 52.9061 0.0191
4320.0000 53.0854 0.0225
4325.0000 53.2467 0.0247
4330.0000 53.3780 0.0262
4335.0000 53.5628 0.0271
4340.0000 53.7665 0.0286
4345.0000 53.9283 0.0305
4350.0000 54.1207 0.0315
4355.0000 54.3312 0.0346
4360.0000 54.5121 0.0379
4365.0000 54.8067 0.0418
4370.0000 55.0603 0.0455
4375.0000 55.3020 0.0475
4380.0000 55.4887 0.0467
4385.0000 55.6273 0.0458
4390.0000 55.8089 0.0462
4395.0000 55.9901 0.0460
4400.0000 56.1956 0.0468
4405.0000 56.4556 0.0498
4410.0000 56.7157 0.0493
4415.0000 56.9516 0.0489
4420.0000 57.1212 0.0496
4425.0000 57.2481 0.0485
4430.0000 57.4903 0.0524
4435.0000 57.7385 0.0547
4440.0000 57.9991 0.0566
4445.0000 58.2113 0.0576
4450.0000 58.4353 0.0578
4455.0000 58.6410 0.0578
4460.0000 58.8469 0.0565
4465.0000 59.1012 0.0561
4470.0000 59.3228 0.0572
4475.0000 59.6168 0.0571
4480.0000 59.8662 0.0558
4485.0000 60.0643 0.0535
4490.0000 60.2651 0.0513
4495.0000 60.4549 0.0507
4500.0000 60.6825 0.0471
4505.0000 60.9026 0.0431
4510.0000 61.1358 0.0409
4515.0000 61.3205 0.0403
4520.0000 61.4830 0.0368
4525.0000 61.6086 0.0325
4530.0000 61.7196 0.0304
4535.0000 61.8700 0.0276
4540.0000 62.0379 0.0221
4545.0000 62.2067 0.0199
4550.0000 62.3533 0.0177
4555.0000 62.4587 0.0184
4560.0000 62.6308 0.0194
4565.0000 62.7689 0.0217
4570.0000 62.8991 0.0238
4575.0000 63.0562 0.0273
4580.0000 63.2121 0.0293
4585.0000 63.4140 0.0316
4590.0000 63.6636 0.0356
4595.0000 63.9101 0.0388
4600.0000 64.1721 0.0418
4605.0000 64.3881 0.0433
4610.0000 64.6376 0.0445
4615.0000 64.8154 0.0443
4620.0000 65.0352 0.0452
4625.0000 65.2611 0.0435
4630.0000 65.3687 0.0429
4635.0000 65.5399 0.0399
4640.0000 65.6859 0.0382
4645.0000 65.8638 0.0358
4650.0000 66.0176 0.0352
4655.0000 66.1111 0.0337
4660.0000 66.2259 0.0317
4665.0000 66.3317 0.0297
4670.0000 66.3962 0.0284
4675.0000 66.4675 0.0271
4680.0000 66.5161 0.0261
4685.0000 66.5789 0.0251
4690.0000 66.6633 0.0230
4695.0000 66.7325 0.0203
4700.0000 66.8007 0.0184
4705.0000 66.8599 0.0168
4710.0000 66.9034 0.0155
4715.0000 66.9337 0.0149
4720.0000 66.9393 0.0149
4725.0000 66.9823 0.0142
4730.0000 67.0086 0.0132
4735.0000 67.0258 0.0127
4740.0000 67.0633 0.0117
4745.0000 67.1012 0.0106
4750.0000 67.1352 0.0101
4755.0000 67.1504 0.0102
4760.0000 67.1560 0.0100
4765.0000 67.1722 0.0100
4770.0000 67.1793 0.0100
4775.0000 67.1900 0.0101
4780.0000 67.2007 0.0104
4785.0000 67.2241 0.0107
4790.0000 67.2348 0.0108
4795.0000 67.2454 0.0107
4800.0000 67.2668 0.0108
4805.0000 67.3003 0.0095
4810.0000 67.3333 0.0097
4815.0000 67.3547 0.0099
4820.0000 67.3832 0.0097
4825.0000 67.4351 0.0098
4830.0000 67.4885 0.0105
4835.0000 67.5267 0.0108
4840.0000 67.5719 0.0107
4845.0000 67.6361 0.0110
4850.0000 67.6931 0.0108
4855.0000 67.7287 0.0111
4860.0000 67.8238 0.0114
4865.0000 67.8915 0.0116
4870.0000 67.9378 0.0111
4875.0000 68.0019 0.0109
4880.0000 68.0411 0.0111
4885.0000 68.0839 0.0105
4890.0000 68.1124 0.0105
4895.0000 68.1301 0.0105
4900.0000 68.1515 0.0102
4905.0000 68.1693 0.0102
4910.0000 68.1905 0.0101
4915.0000 68.2260 0.0098
4920.0000 68.2438 0.0097
4925.0000 68.2581 0.0097
4930.0000 68.2795 0.0094
4935.0000 68.2972 0.0094
4940.0000 68.3007 0.0094
4945.0000 68.3077 0.0095
4950.0000 68.3208 0.0097
4955.0000 68.3385 0.0095
4960.0000 68.3490 0.0095
4965.0000 68.3526 0.0095
4970.0000 68.3596 0.0094
4975.0000 68.3702 0.0093
4980.0000 68.3770 0.0094
4985.0000 68.3909 0.0095
4990.0000 68.4083 0.0095
4995.0000 68.4187 0.0096
5000.0000 68.4325 0.0096
5005.0000 68.4568 0.0095
5010.0000 68.5020 0.0094
5015.0000 68.5179 0.0094
5020.0000 68.5352 0.0095
5025.0000 68.5593 0.0094
5030.0000 68.6007 0.0092
5035.0000 68.6316 0.0096
5040.0000 68.6625 0.0099
5045.0000 68.7142 0.0101
5050.0000 68.7865 0.0107
5055.0000 68.8372 0.0102
5060.0000 68.9094 0.0105
5065.0000 68.9601 0.0107
5070.0000 69.0292 0.0110
5075.0000 69.0707 0.0108
5080.0000 69.1403 0.0103
5085.0000 69.2032 0.0111
5090.0000 69.2659 0.0110
5095.0000 69.3357 0.0113
5100.0000 69.3811 0.0113
5105.0000 69.4647 0.0117
5110.0000 69.5173 0.0117
5115.0000 69.5664 0.0120
5120.0000 69.6192 0.0123
5125.0000 69.6807 0.0129
5130.0000 69.7157 0.0135
5135.0000 69.7655 0.0141
5140.0000 69.8584 0.0159
5145.0000 69.9759 0.0182
5150.0000 70.0972 0.0200
5155.0000 70.2016 0.0212
5160.0000 70.3544 0.0223
5165.0000 70.4844 0.0236
5170.0000 70.6844 0.0263
5175.0000 70.8745 0.0272
5180.0000 71.1095 0.0307
5185.0000 71.3840 0.0337
5190.0000 71.6239 0.0369
5195.0000 71.8329 0.0392
5200.0000 72.0896 0.0428
5205.0000 72.4031 0.0466
5210.0000 72.7030 0.0470
5215.0000 72.9013 0.0466
5220.0000 73.0885 0.0450
5225.0000 73.2701 0.0441
5230.0000 73.4647 0.0404
5235.0000 73.6135 0.0388
5240.0000 73.7611 0.0345
5245.0000 73.8518 0.0306
5250.0000 73.9326 0.0293
5255.0000 73.9979 0.0277
5260.0000 74.0741 0.0257
5265.0000 74.1297 0.0243
5270.0000 74.1975 0.0234
5275.0000 74.2870 0.0205
5280.0000 74.3339 0.0198
5285.0000 74.3678 0.0187
5290.0000 74.4195 0.0177
5295.0000 74.4856 0.0161
5300.0000 74.5231 0.0141
5305.0000 74.5625 0.0135
5310.0000 74.5991 0.0137
5315.0000 74.6285 0.0135
5320.0000 74.6577 0.0136
5325.0000 74.6929 0.0137
5330.0000 74.7529 0.0143
5335.0000 74.8051 0.0153
5340.0000 74.8689 0.0160
5345.0000 74.9215 0.0161
5350.0000 74.9888 0.0164
5355.0000 75.0523 0.0175
5360.0000 75.1332 0.0181
5365.0000 75.2027 0.0182
5370.0000 75.2847 0.0195
5375.0000 75.3722 0.0203
5380.0000 75.5042 0.0213
5385.0000 75.6560 0.0219
5390.0000 75.8266 0.0231
5395.0000 75.9848 0.0243
5400.0000 76.1312 0.0248
5405.0000 76.3199 0.0257
5410.0000 76.4840 0.0260
5415.0000 76.6624 0.0274
5420.0000 76.8341 0.0274
5425.0000 76.9487 0.0307
5430.0000 77.1218 0.0335
5435.0000 77.2722 0.0356
5440.0000 77.4950 0.0393
5445.0000 77.7178 0.0412
5450.0000 77.9470 0.0421
5455.0000 78.1455 0.0417
5460.0000 78.3075 0.0409
5465.0000 78.5124 0.0407
5470.0000 78.6754 0.0394
5475.0000 78.8316 0.0373
5480.0000 78.9643 0.0350
5485.0000 79.1213 0.0332
5490.0000 79.2284 0.0324
5495.0000 79.3443 0.0322
5500.0000 79.4826 0.0308
5505.0000 79.6550 0.0315
5510.0000 79.7981 0.0309
5515.0000 79.9951 0.0309
5520.0000 80.1503 0.0285
5525.0000 80.2856 0.0263
5530.0000 80.4070 0.0246
5535.0000 80.5345 0.0230
5540.0000 80.6173 0.0223
5545.0000 80.7344 0.0216
5550.0000 80.7869 0.0214
5555.0000 80.8601 0.0204
5560.0000 80.9708 0.0200
5565.0000 81.0534 0.0201
5570.0000 81.1381 0.0193
5575.0000 81.2449 0.0178
5580.0000 81.3198 0.0167
5585.0000 81.3542 0.0167
5590.0000 81.4203 0.0164
5595.0000 81.4675 0.0163
5600.0000 81.5182 0.0161
5605.0000 81.5861 0.0155
5610.0000 81.6161 0.0152
5615.0000 81.6432 0.0140
5620.0000 81.6662 0.0137
5625.0000 81.7023 0.0136
5630.0000 81.7323 0.0136
5635.0000 81.7656 0.0139
5640.0000 81.8381 0.0134
5645.0000 81.8898 0.0136
5650.0000 81.9312 0.0138
5655.0000 81.9744 0.0146
5660.0000 82.0478 0.0141
5665.0000 82.1092 0.0150
5670.0000 82.1691 0.0153
5675.0000 82.2546 0.0165
5680.0000 82.3528 0.0171
5685.0000 82.4343 0.0175
5690.0000 82.5374 0.0175
5695.0000 82.5942 0.0175
5700.0000 82.7239 0.0191
5705.0000 82.8499 0.0206
5710.0000 82.9838 0.0219
5715.0000 83.1117 0.0222
5720.0000 83.2270 0.0235
5725.0000 83.3166 0.0238
5730.0000 83.4848 0.0254
5735.0000 83.6613 0.0255
5740.0000 83.8277 0.0243
5745.0000 83.9312 0.0252
5750.0000 84.0571 0.0252
5755.0000 84.1586 0.0247
5760.0000 84.2746 0.0239
5765.0000 84.3924 0.0230
5770.0000 84.5079 0.0223
5775.0000 84.6193 0.0214
5780.0000 84.6905 0.0205
5785.0000 84.7778 0.0198
5790.0000 84.8650 0.0172
5795.0000 84.9359 0.0163
5800.0000 85.0174 0.0150
5805.0000 85.1035 0.0150
5810.0000 85.1933 0.0144
5815.0000 85.2588 0.0143
5820.0000 85.3039 0.0148
5825.0000 85.3899 0.0158
5830.0000 85.4433 0.0162
5835.0000 85.5213 0.0163
5840.0000 85.6443 0.0163
5845.0000 85.7755 0.0163
5850.0000 85.8634 0.0162
5855.0000 85.9680 0.0162
5860.0000 86.1051 0.0179
5865.0000 86.2108 0.0201
5870.0000 86.3167 0.0218
5875.0000 86.4391 0.0220
5880.0000 86.5915 0.0237
5885.0000 86.7359 0.0247
5890.0000 86.9855 0.0289
5895.0000 87.2148 0.0302
5900.0000 87.4153 0.0323
5905.0000 87.6577 0.0359
5910.0000 87.8845 0.0403
5915.0000 88.2001 0.0442
5920.0000 88.4910 0.0490
5925.0000 88.7720 0.0541
5930.0000 89.0794 0.0596
5935.0000 89.4634 0.0646
5940.0000 89.7868 0.0685
5945.0000 90.1223 0.0729
5950.0000 90.5550 0.0780
5955.0000 90.9652 0.0827
5960.0000 91.3513 0.0861
5965.0000 91.7130 0.0881
5970.0000 92.0521 0.0856
5975.0000 92.2645 0.0847
5980.0000 92.4303 0.0796
5985.0000 92.6363 0.0761
5990.0000 92.8223 0.0704
5995.0000 93.0021 0.0643
6000.0000 93.1476 0.0604
6005.0000 93.3170 0.0584
6010.0000 93.4803 0.0542
6015.0000 93.6353 0.0494
6020.0000 93.7727 0.0474
6025.0000 93.9303 0.0442
6030.0000 94.1061 0.0440
6035.0000 94.2931 0.0431
6040.0000 94.4548 0.0420
6045.0000 94.6443 0.0393
6050.0000 94.8089 0.0393
6055.0000 94.9726 0.0390
6060.0000 95.1103 0.0371
6065.0000 95.3260 0.0380
6070.0000 95.5857 0.0385
6075.0000 95.7776 0.0374
6080.0000 95.9842 0.0388
6085.0000 96.1334 0.0386
6090.0000 96.3463 0.0384
6095.0000 96.5125 0.0386
6100.0000 96.7160 0.0396
6105.0000 96.8670 0.0394
6110.0000 97.0323 0.0394
6115.0000 97.1604 0.0380
6120.0000 97.3120 0.0358
6125.0000 97.4503 0.0327
6130.0000 97.5734 0.0307
6135.0000 97.6503 0.0298
6140.0000 97.7711 0.0286
6145.0000 97.8521 0.0283
6150.0000 97.8650 0.0264
6155.0000 97.8630 0.0247
6160.0000 97.9065 0.0238
6165.0000 97.9688 0.0232
6170.0000 97.9707 0.0229
6175.0000 98.0724 0.0217
6180.0000 98.1284 0.0204
6185.0000 98.1632 0.0197
6190.0000 98.1904 0.0200
6195.0000 98.1699 0.0183
6200.0000 98.2039 0.0186
6205.0000 98.1885 0.0169
6210.0000 98.2191 0.0165
6215.0000 98.2253 0.0159
6220.0000 98.2565 0.0159
6225.0000 98.2837 0.0151
6230.0000 98.3684 0.0143
6235.0000 98.4095 0.0136
6240.0000 98.4101 0.0140
6245.0000 98.4135 0.0129
6250.0000 98.3834 0.0133
6255.0000 98.3453 0.0131
6260.0000 98.3415 0.0134
6265.0000 98.3447 0.0130
6270.0000 98.3836 0.0128
6275.0000 98.3732 0.0123
6280.0000 98.3454 0.0129
6285.0000 98.3676 0.0121
6290.0000 98.3804 0.0114
6295.0000 98.3931 0.0111
6300.0000 98.4147 0.0108
6305.0000 98.4012 0.0107
6310.0000 98.3901 0.0103
6315.0000 98.3501 0.0111
6320.0000 98.3494 0.0108
6325.0000 98.4201 0.0109
6330.0000 98.4688 0.0102
6335.0000 98.3773 0.0109
6340.0000 98.4183 0.0107
6345.0000 98.3345 0.0111
6350.0000 98.2896 0.0114
6355.0000 98.3448 0.0110
6360.0000 98.3599 0.0106
6365.0000 98.3758 0.0102
6370.0000 98.3230 0.0105
6375.0000 98.3307 0.0106
6380.0000 98.2902 0.0110
6385.0000 98.2729 0.0108
6390.0000 98.2964 0.0111
6395.0000 98.2782 0.0113
6400.0000 98.2654 0.0111
6405.0000 98.1895 0.0111
6410.0000 98.2085 0.0113
6415.0000 98.2210 0.0116
6420.0000 98.2202 0.0106
6425.0000 98.2384 0.0106
6430.0000 98.2012 0.0107
6435.0000 98.1504 0.0112
6440.0000 98.1686 0.0110
6445.0000 98.1694 0.0106
6450.0000 98.1510 0.0107
6455.0000 98.1571 0.0106
6460.0000 98.1528 0.0103
6465.0000 98.1367 0.0099
6470.0000 98.0974 0.0105
6475.0000 98.0820 0.0103
6480.0000 98.0897 0.0106
6485.0000 98.0735 0.0102
6490.0000 98.0595 0.0104
6495.0000 98.0604 0.0103
6500.0000 98.0914 0.0104
6505.0000 98.0440 0.0106
6510.0000 98.1166 0.0105
6515.0000 98.1435 0.0102
6520.0000 98.0853 0.0103
6525.0000 98.0263 0.0102
6530.0000 98.0970 0.0101
6535.0000 98.1396 0.0099
6540.0000 98.1197 0.0112
6545.0000 98.0544 0.0105
6550.0000 98.0469 0.0106
6555.0000 97.9877 0.0110
6560.0000 98.0255 0.0105
6565.0000 97.9853 0.0104
6570.0000 97.9568 0.0108
6575.0000 97.9329 0.0107
6580.0000 97.9768 0.0109
6585.0000 98.0216 0.0107
6590.0000 98.0721 0.0107
6595.0000 98.1272 0.0110
6600.0000 98.0978 0.0111
6605.0000 98.1658 0.0113
6610.0000 98.1319 0.0112
6615.0000 98.1792 0.0118
6620.0000 98.1963 0.0113
6625.0000 98.2079 0.0111
6630.0000 98.2083 0.0109
6635.0000 98.2315 0.0113
6640.0000 98.1992 0.0111
6645.0000 98.1591 0.0126
6650.0000 98.2506 0.0119
6655.0000 98.2488 0.0119
6660.0000 98.2902 0.0117
6665.0000 98.2830 0.0116
6670.0000 98.2839 0.0116
6675.0000 98.2800 0.0116
6680.0000 98.2769 0.0117
6685.0000 98.2546 0.0110
6690.0000 98.3191 0.0109
6695.0000 98.3650 0.0105
6700.0000 98.3546 0.0114
6705.0000 98.3590 0.0109
6710.0000 98.3324 0.0107
6715.0000 98.3034 0.0108
6720.0000 98.2828 0.0108
6725.0000 98.2252 0.0115
6730.0000 98.2185 0.0116
6735.0000 98.2196 0.0108
6740.0000 98.2056 0.0120
6745.0000 98.2132 0.0119
6750.0000 98.2437 0.0121
6755.0000 98.2464 0.0120
6760.0000 98.2176 0.0126
6765.0000 98.2755 0.0121
6770.0000 98.2231 0.0119
6775.0000 98.2512 0.0121
6780.0000 98.2580 0.0121
6785.0000 98.2339 0.0123
6790.0000 98.2260 0.0119
6795.0000 98.1813 0.0114
6800.0000 98.1333 0.0117
6805.0000 98.1360 0.0117
6810.0000 98.1643 0.0112
6815.0000 98.1653 0.0117
6820.0000 98.1398 0.0125
6825.0000 98.2097 0.0115
6830.0000 98.1267 0.0126
6835.0000 98.1178 0.0123
6840.0000 98.0499 0.0117
6845.0000 98.0849 0.0120
6850.0000 98.1297 0.0110
6855.0000 98.1376 0.0114
6860.0000 98.1028 0.0115
6865.0000 98.1446 0.0113
6870.0000 98.1981 0.0123
6875.0000 98.2416 0.0116
6880.0000 98.2181 0.0120
6885.0000 98.2151 0.0121
6890.0000 98.2052 0.0120
6895.0000 98.1894 0.0122
6900.0000 98.2227 0.0121
6905.0000 98.2657 0.0116
6910.0000 98.2969 0.0120
6915.0000 98.3123 0.0117
6920.0000 98.3492 0.0112
6925.0000 98.4230 0.0109
6930.0000 98.3954 0.0116
6935.0000 98.3837 0.0118
6940.0000 98.4065 0.0115
6945.0000 98.3951 0.0111
6950.0000 98.4123 0.0109
6955.0000 98.4134 0.0114
6960.0000 98.4299 0.0106
6965.0000 98.4571 0.0104
6970.0000 98.4070 0.0109
6975.0000 98.3663 0.0106
6980.0000 98.3215 0.0106
6985.0000 98.3055 0.0114
6990.0000 98.3310 0.0118
6995.0000 98.3527 0.0114
7000.0000 98.3554 0.0115
7005.0000 98.3454 0.0115
7010.0000 98.3637 0.0115
7015.0000 98.3495 0.0113
7020.0000 98.3738 0.0116
7025.0000 98.3992 0.0115
7030.0000 98.4629 0.0109
7035.0000 98.4787 0.0108
7040.0000 98.4894 0.0109
7045.0000 98.4908 0.0110
7050.0000 98.4932 0.0114
7055.0000 98.5568 0.0103
7060.0000 98.5873 0.0103
7065.0000 98.5379 0.0108
7070.0000 98.5671 0.0109
7075.0000 98.5801 0.0113
7080.0000 98.5715 0.0114
7085.0000 98.5921 0.0109
7090.0000 98.5667 0.0117
7095.0000 98.5598 0.0112
7100.0000 98.5556 0.0117
7105.0000 98.5951 0.0113
7110.0000 98.6193 0.0115
7115.0000 98.6313 0.0114
7120.0000 98.6068 0.0114
7125.0000 98.6164 0.0111
7130.0000 98.5943 0.0111
7135.0000 98.6055 0.0110
7140.0000 98.5788 0.0118
7145.0000 98.5319 0.0121
7150.0000 98.5424 0.0115
7155.0000 98.5364 0.0114
7160.0000 98.5628 0.0106
7165.0000 98.5562 0.0110
7170.0000 98.5940 0.0111
7175.0000 98.5969 0.0102
7180.0000 98.6440 0.0096
7185.0000 98.6185 0.0099
7190.0000 98.6362 0.0096
7195.0000 98.6669 0.0091
7200.0000 98.6458 0.0097
7205.0000 98.6546 0.0098
7210.0000 98.7088 0.0089
7215.0000 98.6995 0.0092
7220.0000 98.6940 0.0093
7225.0000 98.7149 0.0085
7230.0000 98.7104 0.0087
7235.0000 98.7327 0.0080
7240.0000 98.7541 0.0081
7245.0000 98.7864 0.0075
7250.0000 98.7883 0.0078
7255.0000 98.8122 0.0072
7260.0000 98.8113 0.0075
7265.0000 98.8268 0.0068
7270.0000 98.8349 0.0069
7275.0000 98.8272 0.0071
7280.0000 98.8563 0.0067
7285.0000 98.8286 0.0073
7290.0000 98.8448 0.0069
7295.0000 98.8649 0.0065
7300.0000 98.8715 0.0065
7305.0000 98.8674 0.0067
7310.0000 98.8322 0.0073
7315.0000 98.8483 0.0069
7320.0000 98.8526 0.0067
7325.0000 98.8216 0.0070
7330.0000 98.7860 0.0070
7335.0000 98.7509 0.0073
7340.0000 98.6989 0.0082
7345.0000 98.6382 0.0095
7350.0000 98.6634 0.0087
7355.0000 98.6667 0.0090
7360.0000 98.5526 0.0101
7365.0000 98.5408 0.0103
7370.0000 98.5300 0.0108
7375.0000 98.4938 0.0108
7380.0000 98.5040 0.0101
7385.0000 98.4690 0.0107
7390.0000 98.4425 0.0108
7395.0000 98.4008 0.0123
7400.0000 98.3632 0.0121
7405.0000 98.3576 0.0112
7410.0000 98.3982 0.0110
7415.0000 98.4431 0.0101
7420.0000 98.4273 0.0105
7425.0000 98.4301 0.0115
7430.0000 98.4800 0.0101
7435.0000 98.4555 0.0106
7440.0000 98.4838 0.0099
7445.0000 98.5872 0.0090
7450.0000 98.4687 0.0101
7455.0000 98.4680 0.0096
7460.0000 98.5069 0.0096
7465.0000 98.5046 0.0096
7470.0000 98.4930 0.0098
7475.0000 98.5180 0.0099
7480.0000 98.5903 0.0091
7485.0000 98.6074 0.0090
7490.0000 98.6066 0.0092
7495.0000 98.6256 0.0094
7500.0000 98.6428 0.0089
7505.0000 98.6424 0.0085
7510.0000 98.6145 0.0090
7515.0000 98.6394 0.0087
7520.0000 98.6307 0.0090
7525.0000 98.7006 0.0083
7530.0000 98.7314 0.0078
7535.0000 98.6895 0.0085
7540.0000 98.7145 0.0081
7545.0000 98.7477 0.0078
7550.0000 98.7569 0.0074
7555.0000 98.7488 0.0075
7560.0000 98.7534 0.0073
7565.0000 98.7696 0.0068
7570.0000 98.7906 0.0066
7575.0000 98.8038 0.0064
7580.0000 98.8054 0.0064
7585.0000 98.7832 0.0065
7590.0000 98.7811 0.0063
7595.0000 98.7596 0.0068
7600.0000 98.7584 0.0070
7605.0000 98.7780 0.0070
7610.0000 98.7428 0.0071
7615.0000 98.7217 0.0076
7620.0000 98.6993 0.0081
7625.0000 98.7294 0.0074
7630.0000 98.7025 0.0075
7635.0000 98.6836 0.0077
7640.0000 98.6760 0.0079
7645.0000 98.6710 0.0079
7650.0000 98.6794 0.0080
7655.0000 98.6695 0.0081
7660.0000 98.6733 0.0080
7665.0000 98.7001 0.0080
7670.0000 98.6943 0.0080
7675.0000 98.6898 0.0081
7680.0000 98.6871 0.0082
7685.0000 98.6825 0.0082
7690.0000 98.6935 0.0081
7695.0000 98.6888 0.0079
7700.0000 98.6636 0.0084
7705.0000 98.6828 0.0082
7710.0000 98.6779 0.0080
7715.0000 98.6713 0.0082
7720.0000 98.6423 0.0090
7725.0000 98.6486 0.0088
7730.0000 98.6210 0.0090
7735.0000 98.6018 0.0094
7740.0000 98.5859 0.0096
7745.0000 98.5967 0.0093
7750.0000 98.5746 0.0094
7755.0000 98.5458 0.0095
7760.0000 98.5270 0.0095
7765.0000 98.5435 0.0099
7770.0000 98.5526 0.0095
7775.0000 98.5464 0.0096
7780.0000 98.5445 0.0097
7785.0000 98.5569 0.0095
7790.0000 98.5519 0.0097
7795.0000 98.5716 0.0099
7800.0000 98.5818 0.0096
7805.0000 98.6084 0.0092
7810.0000 98.5783 0.0095
7815.0000 98.5999 0.0093
7820.0000 98.5683 0.0095
7825.0000 98.5682 0.0098
7830.0000 98.5795 0.0096
7835.0000 98.5926 0.0094
7840.0000 98.5884 0.0094
7845.0000 98.5776 0.0093
7850.0000 98.5714 0.0094
7855.0000 98.5749 0.0094
7860.0000 98.5740 0.0094
7865.0000 98.5882 0.0092
7870.0000 98.5755 0.0092
7875.0000 98.5857 0.0095
7880.0000 98.5873 0.0090
7885.0000 98.5829 0.0092
7890.0000 98.5741 0.0090
7895.0000 98.5862 0.0091
7900.0000 98.5874 0.0089
7905.0000 98.5560 0.0091
7910.0000 98.5394 0.0093
7915.0000 98.5246 0.0093
7920.0000 98.5285 0.0094
7925.0000 98.5643 0.0092
7930.0000 98.5682 0.0088
7935.0000 98.5191 0.0089
7940.0000 98.5581 0.0087
7945.0000 98.6308 0.0083
7950.0000 98.6571 0.0078
7955.0000 98.6897 0.0075
7960.0000 98.7365 0.0068
7965.0000 98.7545 0.0072
7970.0000 98.7271 0.0080
7975.0000 98.7543 0.0073
7980.0000 98.7600 0.0073
7985.0000 98.7896 0.0068
7990.0000 98.7867 0.0067
7995.0000 98.7908 0.0069
8000.0000 98.7816 0.0070
8005.0000 98.7587 0.0077
8010.0000 98.7709 0.0069
8015.0000 98.7405 0.0071
8020.0000 98.7274 0.0072
8025.0000 98.7193 0.0077
8030.0000 98.7172 0.0079
8035.0000 98.6957 0.0080
8040.0000 98.6825 0.0079
8045.0000 98.7073 0.0079
8050.0000 98.6797 0.0077
8055.0000 98.6723 0.0081
8060.0000 98.6542 0.0080
8065.0000 98.6538 0.0081
8070.0000 98.6375 0.0082
8075.0000 98.5956 0.0085
8080.0000 98.5927 0.0084
8085.0000 98.5507 0.0085
8090.0000 98.5794 0.0087
8095.0000 98.5458 0.0094
8100.0000 98.5442 0.0096
8105.0000 98.5762 0.0090
8110.0000 98.5479 0.0095
8115.0000 98.5220 0.0093
8120.0000 98.5215 0.0097
8125.0000 98.5245 0.0091
8130.0000 98.5411 0.0094
8135.0000 98.5829 0.0086
8140.0000 98.5866 0.0088
8145.0000 98.5923 0.0086
8150.0000 98.5976 0.0081
8155.0000 98.5827 0.0084
8160.0000 98.5888 0.0087
8165.0000 98.5558 0.0092
8170.0000 98.5632 0.0094
8175.0000 98.5748 0.0088
8180.0000 98.5770 0.0089
8185.0000 98.5752 0.0096
8190.0000 98.5672 0.0095
8195.0000 98.5712 0.0097
8200.0000 98.5799 0.0093
8205.0000 98.4994 0.0097
8210.0000 98.5313 0.0095
8215.0000 98.5198 0.0099
8220.0000 98.4997 0.0102
8225.0000 98.5141 0.0107
8230.0000 98.5207 0.0104
8235.0000 98.4683 0.0108
8240.0000 98.4391 0.0103
8245.0000 98.4456 0.0105
8250.0000 98.3800 0.0110
8255.0000 98.3511 0.0110
8260.0000 98.3648 0.0110
8265.0000 98.3324 0.0114
8270.0000 98.2868 0.0106
8275.0000 98.3265 0.0110
8280.0000 98.3632 0.0099
8285.0000 98.4045 0.0100
8290.0000 98.3702 0.0107
8295.0000 98.3862 0.0109
8300.0000 98.4234 0.0101
8305.0000 98.4020 0.0101
8310.0000 98.4359 0.0103
8315.0000 98.5074 0.0096
8320.0000 98.5369 0.0096
8325.0000 98.5711 0.0095
8330.0000 98.6484 0.0085
8335.0000 98.6592 0.0087
8340.0000 98.6266 0.0090
8345.0000 98.6637 0.0084
8350.0000 98.6948 0.0079
8355.0000 98.7027 0.0081
8360.0000 98.6619 0.0086
8365.0000 98.6552 0.0088
8370.0000 98.6595 0.0089
8375.0000 98.6341 0.0088
8380.0000 98.6112 0.0089
8385.0000 98.5902 0.0099
8390.0000 98.6229 0.0095
8395.0000 98.5705 0.0101
8400.0000 98.5899 0.0100
8405.0000 98.6339 0.0095
8410.0000 98.6032 0.0100
8415.0000 98.6001 0.0098
8420.0000 98.5873 0.0096
8425.0000 98.5969 0.0090
8430.0000 98.5920 0.0100
8435.0000 98.5773 0.0101
8440.0000 98.5434 0.0093
8445.0000 98.5304 0.0098
8450.0000 98.5332 0.0104
8455.0000 98.4837 0.0101
8460.0000 98.4808 0.0106
8465.0000 98.4696 0.0102
8470.0000 98.3812 0.0113
8475.0000 98.4131 0.0106
8480.0000 98.4055 0.0108
8485.0000 98.4176 0.0106
8490.0000 98.4791 0.0098
8495.0000 98.5093 0.0094
8500.0000 98.5360 0.0093
8505.0000 98.5614 0.0092
8510.0000 98.5760 0.0097
8515.0000 98.6136 0.0091
8520.0000 98.6409 0.0090
8525.0000 98.6688 0.0087
8530.0000 98.6317 0.0091
8535.0000 98.6458 0.0094
8540.0000 98.6354 0.0093
8545.0000 98.6487 0.0090
8550.0000 98.6653 0.0087
8555.0000 98.6397 0.0094
8560.0000 98.6075 0.0092
8565.0000 98.6024 0.0094
8570.0000 98.5780 0.0092
8575.0000 98.5457 0.0096
8580.0000 98.5311 0.0107
8585.0000 98.5491 0.0097
8590.0000 98.4927 0.0107
8595.0000 98.4880 0.0109
8600.0000 98.4988 0.0103
8605.0000 98.4466 0.0116
8610.0000 98.4804 0.0107
8615.0000 98.5280 0.0105
8620.0000 98.4435 0.0115
8625.0000 98.5492 0.0102
8630.0000 98.5292 0.0106
8635.0000 98.5196 0.0103
8640.0000 98.5283 0.0106
8645.0000 98.5570 0.0100
8650.0000 98.5471 0.0103
8655.0000 98.6454 0.0090
8660.0000 98.6653 0.0088
8665.0000 98.6559 0.0087
8670.0000 98.6429 0.0088
8675.0000 98.6648 0.0085
8680.0000 98.6968 0.0080
8685.0000 98.7025 0.0080
8690.0000 98.7099 0.0082
8695.0000 98.7190 0.0080
8700.0000 98.7046 0.0087
8705.0000 98.7535 0.0078
8710.0000 98.7631 0.0077
8715.0000 98.7888 0.0076
8720.0000 98.7947 0.0078
8725.0000 98.8167 0.0072
8730.0000 98.8398 0.0070
8735.0000 98.8380 0.0071
8740.0000 98.8407 0.0072
8745.0000 98.8561 0.0067
8750.0000 98.8593 0.0066
8755.0000 98.8379 0.0068
8760.0000 98.8295 0.0068
8765.0000 98.8205 0.0070
8770.0000 98.8292 0.0068
8775.0000 98.8339 0.0069
8780.0000 98.8405 0.0068
8785.0000 98.8495 0.0069
8790.0000 98.8455 0.0070
8795.0000 98.8556 0.0066
8800.0000 98.8530 0.0064
8805.0000 98.8386 0.0065
8810.0000 98.8161 0.0066
8815.0000 98.8023 0.0069
8820.0000 98.7789 0.0068
8825.0000 98.7469 0.0078
8830.0000 98.7434 0.0083
8835.0000 98.7230 0.0081
8840.0000 98.7440 0.0079
8845.0000 98.7481 0.0078
8850.0000 98.7474 0.0079
8855.0000 98.7754 0.0073
8860.0000 98.7789 0.0071
8865.0000 98.7375 0.0079
8870.0000 98.7706 0.0073
8875.0000 98.7909 0.0070
8880.0000 98.7895 0.0069
8885.0000 98.7893 0.0068
8890.0000 98.7850 0.0071
8895.0000 98.7657 0.0073
8900.0000 98.7631 0.0077
8905.0000 98.7639 0.0079
8910.0000 98.7376 0.0079
8915.0000 98.7307 0.0077
8920.0000 98.7089 0.0090
8925.0000 98.7076 0.0088
8930.0000 98.7113 0.0084
8935.0000 98.7050 0.0081
8940.0000 98.7127 0.0078
8945.0000 98.7033 0.0084
8950.0000 98.6186 0.0091
8955.0000 98.6240 0.0095
8960.0000 98.6038 0.0102
8965.0000 98.5971 0.0105
8970.0000 98.6668 0.0092
8975.0000 98.6169 0.0099
8980.0000 98.5778 0.0103
8985.0000 98.6153 0.0101
8990.0000 98.6103 0.0102
8995.0000 98.5812 0.0107
9000.0000 98.5805 0.0103
9005.0000 98.5480 0.0106
9010.0000 98.5360 0.0108
9015.0000 98.5157 0.0106
9020.0000 98.5914 0.0099
9025.0000 98.5549 0.0103
9030.0000 98.5632 0.0096
9035.0000 98.6297 0.0090
9040.0000 98.6397 0.0092
9045.0000 98.6293 0.0092
9050.0000 98.5775 0.0096
9055.0000 98.5149 0.0100
9060.0000 98.5399 0.0100
9065.0000 98.5373 0.0107
9070.0000 98.5206 0.0108
9075.0000 98.4875 0.0109
9080.0000 98.5135 0.0104
9085.0000 98.5206 0.0103
9090.0000 98.5358 0.0105
9095.0000 98.5480 0.0108
9100.0000 98.5800 0.0096
9105.0000 98.6173 0.0086
9110.0000 98.6570 0.0084
9115.0000 98.6676 0.0086
9120.0000 98.6581 0.0086
9125.0000 98.6657 0.0089
9130.0000 98.6530 0.0095
9135.0000 98.6830 0.0088
9140.0000 98.7013 0.0086
9145.0000 98.6779 0.0081
9150.0000 98.6841 0.0082
9155.0000 98.6688 0.0084
9160.0000 98.6757 0.0086
9165.0000 98.6563 0.0084
9170.0000 98.6224 0.0086
9175.0000 98.6444 0.0081
9180.0000 98.6311 0.0085
9185.0000 98.6235 0.0086
9190.0000 98.6226 0.0085
9195.0000 98.6080 0.0087
9200.0000 98.6052 0.0093
9205.0000 98.6044 0.0087
9210.0000 98.5910 0.0089
9215.0000 98.5571 0.0090
9220.0000 98.5849 0.0087
9225.0000 98.5457 0.0094
9230.0000 98.5692 0.0093
9235.0000 98.5834 0.0095
9240.0000 98.5401 0.0097
9245.0000 98.5406 0.0092
9250.0000 98.5505 0.0091
9255.0000 98.5675 0.0089
9260.0000 98.5474 0.0098
9265.0000 98.5686 0.0098
9270.0000 98.5244 0.0100
9275.0000 98.4836 0.0110
9280.0000 98.4871 0.0103
9285.0000 98.4274 0.0109
9290.0000 98.4498 0.0105
9295.0000 98.4753 0.0110
9300.0000 98.4624 0.0107
9305.0000 98.4159 0.0111
9310.0000 98.3874 0.0105
9315.0000 98.4288 0.0105
9320.0000 98.4055 0.0113
9325.0000 98.3869 0.0112
9330.0000 98.3887 0.0114
9335.0000 98.3970 0.0112
9340.0000 98.4279 0.0112
9345.0000 98.4166 0.0114
9350.0000 98.4114 0.0111
9355.0000 98.3966 0.0117
9360.0000 98.3621 0.0117
9365.0000 98.3430 0.0116
9370.0000 98.3325 0.0114
9375.0000 98.3521 0.0121
9380.0000 98.4505 0.0108
9385.0000 98.3870 0.0117
9390.0000 98.3815 0.0113
9395.0000 98.3756 0.0111
9400.0000 98.4077 0.0115
9405.0000 98.3739 0.0119
9410.0000 98.4483 0.0116
9415.0000 98.4843 0.0114
9420.0000 98.5322 0.0105
9425.0000 98.5428 0.0107
9430.0000 98.5242 0.0108
9435.0000 98.5820 0.0096
9440.0000 98.5778 0.0100
9445.0000 98.6243 0.0098
9450.0000 98.6543 0.0091
9455.0000 98.6308 0.0095
9460.0000 98.6657 0.0091
9465.0000 98.6540 0.0097
9470.0000 98.6728 0.0096
9475.0000 98.6705 0.0097
9480.0000 98.7012 0.0091
9485.0000 98.6747 0.0096
9490.0000 98.6837 0.0094
9495.0000 98.6779 0.0093
9500.0000 98.6966 0.0090
9505.0000 98.7021 0.0088
9510.0000 98.6865 0.0092
9515.0000 98.7239 0.0085
9520.0000 98.7291 0.0082
9525.0000 98.7026 0.0088
9530.0000 98.7143 0.0084
9535.0000 98.7015 0.0082
9540.0000 98.6899 0.0085
9545.0000 98.6804 0.0089
9550.0000 98.6703 0.0086
9555.0000 98.6580 0.0090
9560.0000 98.6769 0.0087
9565.0000 98.6583 0.0092
9570.0000 98.6563 0.0091
9575.0000 98.6616 0.0090
9580.0000 98.6687 0.0084
9585.0000 98.6663 0.0080
9590.0000 98.6443 0.0083
9595.0000 98.6082 0.0086
9600.0000 98.6294 0.0082
9605.0000 98.6195 0.0084
9610.0000 98.5853 0.0085
9615.0000 98.5566 0.0084
9620.0000 98.5768 0.0084
9625.0000 98.5766 0.0087
9630.0000 98.5357 0.0093
9635.0000 98.5154 0.0094
9640.0000 98.5208 0.0086
9645.0000 98.5477 0.0089
9650.0000 98.5600 0.0091
9655.0000 98.5879 0.0093
9660.0000 98.5453 0.0091
9665.0000 98.5622 0.0091
9670.0000 98.5554 0.0089
9675.0000 98.5143 0.0087
9680.0000 98.5244 0.0089
9685.0000 98.5545 0.0090
9690.0000 98.5724 0.0089
9695.0000 98.5244 0.0092
9700.0000 98.5365 0.0088
9705.0000 98.5279 0.0090
9710.0000 98.5082 0.0090
9715.0000 98.5226 0.0092
9720.0000 98.5188 0.0093
9725.0000 98.5151 0.0092
9730.0000 98.5488 0.0091
9735.0000 98.6124 0.0081
9740.0000 98.5945 0.0088
9745.0000 98.6513 0.0077
9750.0000 98.6338 0.0083
9755.0000 98.6297 0.0082
9760.0000 98.6214 0.0078
9765.0000 98.5789 0.0083
9770.0000 98.5904 0.0073
9775.0000 98.6037 0.0077
9780.0000 98.6111 0.0071
9785.0000 98.6095 0.0072
9790.0000 98.6298 0.0073
9795.0000 98.6723 0.0071
9800.0000 98.6250 0.0075
9805.0000 98.6368 0.0073
9810.0000 98.6496 0.0074
9815.0000 98.6436 0.0078
9820.0000 98.6655 0.0073
9825.0000 98.6578 0.0070
9830.0000 98.6568 0.0074
9835.0000 98.6618 0.0073
9840.0000 98.6540 0.0072
9845.0000 98.6497 0.0078
9850.0000 98.6672 0.0077
9855.0000 98.6901 0.0072
9860.0000 98.6734 0.0075
9865.0000 98.6777 0.0073
9870.0000 98.6574 0.0073
9875.0000 98.6738 0.0075
9880.0000 98.6361 0.0077
9885.0000 98.6347 0.0074
9890.0000 98.5903 0.0081
9895.0000 98.6282 0.0082
9900.0000 98.6092 0.0084
9905.0000 98.6532 0.0079
9910.0000 98.6701 0.0080
9915.0000 98.6426 0.0088
9920.0000 98.6495 0.0088
9925.0000 98.6567 0.0085
9930.0000 98.6903 0.0085
9935.0000 98.7275 0.0076
9940.0000 98.7619 0.0075
9945.0000 98.7659 0.0075
9950.0000 98.7252 0.0077
9955.0000 98.7205 0.0080
9960.0000 98.7579 0.0073
9965.0000 98.7285 0.0078
9970.0000 98.7415 0.0078
9975.0000 98.7523 0.0081
9980.0000 98.7387 0.0082
9985.0000 98.7810 0.0077
9990.0000 98.8033 0.0072
9995.0000 98.7922 0.0071
10000.0000 98.7821 0.0071
10005.0000 98.7775 0.0076
10010.0000 98.7869 0.0077
10015.0000 98.8453 0.0068
10020.0000 98.7966 0.0073
10025.0000 98.7580 0.0074
10030.0000 98.7305 0.0086
10035.0000 98.7531 0.0079
10040.0000 98.7574 0.0073
10045.0000 98.6920 0.0086
10050.0000 98.6927 0.0075
10055.0000 98.6450 0.0090
10060.0000 98.6472 0.0087
10065.0000 98.5891 0.0089
10070.0000 98.5509 0.0093
10075.0000 98.5409 0.0090
10080.0000 98.5514 0.0086
10085.0000 98.5011 0.0086
10090.0000 98.5058 0.0089
10095.0000 98.5128 0.0089
10100.0000 98.4583 0.0095
10105.0000 98.3984 0.0098
10110.0000 98.3783 0.0101
10115.0000 98.3770 0.0099
10120.0000 98.3762 0.0106
10125.0000 98.3473 0.0113
10130.0000 98.3883 0.0112
10135.0000 98.4116 0.0113
10140.0000 98.4120 0.0112
10145.0000 98.3618 0.0109
10150.0000 98.3460 0.0109
10155.0000 98.3372 0.0108
10160.0000 98.3541 0.0109
10165.0000 98.3178 0.0116
10170.0000 98.3097 0.0109
10175.0000 98.2656 0.0117
10180.0000 98.2942 0.0120
10185.0000 98.3036 0.0119
10190.0000 98.3360 0.0117
10195.0000 98.4005 0.0105
10200.0000 98.3510 0.0117
10205.0000 98.2810 0.0114
10210.0000 98.3327 0.0114
10215.0000 98.2713 0.0114
10220.0000 98.3190 0.0116
10225.0000 98.3393 0.0114
10230.0000 98.3670 0.0117
10235.0000 98.4075 0.0114
10240.0000 98.4183 0.0118
10245.0000 98.3711 0.0115
10250.0000 98.3478 0.0114
10255.0000 98.3353 0.0113
10260.0000 98.2987 0.0116
10265.0000 98.3062 0.0114
10270.0000 98.2779 0.0109
10275.0000 98.2622 0.0114
10280.0000 98.3245 0.0118
10285.0000 98.3908 0.0108
10290.0000 98.3605 0.0108
10295.0000 98.3516 0.0115
10300.0000 98.3887 0.0104
10305.0000 98.3956 0.0106
10310.0000 98.3711 0.0110
10315.0000 98.3920 0.0106
10320.0000 98.4197 0.0110
10325.0000 98.3849 0.0109
10330.0000 98.4596 0.0099
10335.0000 98.4540 0.0105
10340.0000 98.4296 0.0106
10345.0000 98.4363 0.0106
10350.0000 98.4628 0.0106
10355.0000 98.4372 0.0104
10360.0000 98.5135 0.0099
10365.0000 98.5124 0.0097
10370.0000 98.5359 0.0095
10375.0000 98.5326 0.0095
10380.0000 98.5646 0.0100
10385.0000 98.5766 0.0096
10390.0000 98.5477 0.0100
10395.0000 98.5549 0.0097
10400.0000 98.5327 0.0100
10405.0000 98.5634 0.0099
10410.0000 98.5478 0.0097
10415.0000 98.5413 0.0099
10420.0000 98.5943 0.0093
10425.0000 98.5979 0.0099
10430.0000 98.6022 0.0094
10435.0000 98.5388 0.0105
10440.0000 98.5348 0.0100
10445.0000 98.5770 0.0094
10450.0000 98.5808 0.0095
10455.0000 98.6405 0.0091
10460.0000 98.6922 0.0083
10465.0000 98.6648 0.0086
10470.0000 98.6775 0.0086
10475.0000 98.6531 0.0087
10480.0000 98.6487 0.0083
10485.0000 98.6692 0.0084
10490.0000 98.6889 0.0080
10495.0000 98.6978 0.0082
10500.0000 98.7297 0.0076
10505.0000 98.7373 0.0076
10510.0000 98.7017 0.0080
10515.0000 98.7078 0.0073
10520.0000 98.6727 0.0086
10525.0000 98.6867 0.0085
10530.0000 98.7189 0.0080
10535.0000 98.7188 0.0084
10540.0000 98.7089 0.0086
10545.0000 98.7156 0.0084
10550.0000 98.7093 0.0078
10555.0000 98.7184 0.0078
10560.0000 98.7054 0.0079
10565.0000 98.6792 0.0081
10570.0000 98.6690 0.0083
10575.0000 98.6763 0.0081
10580.0000 98.6684 0.0077
10585.0000 98.6869 0.0080
10590.0000 98.6507 0.0082
10595.0000 98.6535 0.0083
10600.0000 98.6486 0.0083
10605.0000 98.6322 0.0084
10610.0000 98.6107 0.0090
10615.0000 98.6163 0.0085
10620.0000 98.5814 0.0099
10625.0000 98.5895 0.0096
10630.0000 98.5647 0.0095
10635.0000 98.5444 0.0101
10640.0000 98.5252 0.0101
10645.0000 98.5382 0.0102
10650.0000 98.5834 0.0102
10655.0000 98.6020 0.0106
10660.0000 98.6150 0.0095
10665.0000 98.5731 0.0108
10670.0000 98.5891 0.0093
10675.0000 98.5985 0.0095
10680.0000 98.5852 0.0097
10685.0000 98.5318 0.0102
10690.0000 98.5779 0.0098
10695.0000 98.5918 0.0095
10700.0000 98.6320 0.0091
10705.0000 98.6634 0.0085
10710.0000 98.7037 0.0079
10715.0000 98.6908 0.0086
10720.0000 98.6868 0.0083
10725.0000 98.6625 0.0080
10730.0000 98.6647 0.0086
10735.0000 98.6772 0.0088
10740.0000 98.6895 0.0084
10745.0000 98.7182 0.0081
10750.0000 98.7236 0.0083
10755.0000 98.7301 0.0079
10760.0000 98.7346 0.0076
10765.0000 98.7344 0.0080
10770.0000 98.7572 0.0076
10775.0000 98.7347 0.0076
10780.0000 98.7422 0.0076
10785.0000 98.7307 0.0082
10790.0000 98.7308 0.0080
10795.0000 98.7330 0.0080
10800.0000 98.7454 0.0078
10805.0000 98.7529 0.0078
10810.0000 98.7595 0.0077
10815.0000 98.7954 0.0072
10820.0000 98.7691 0.0074
10825.0000 98.7770 0.0076
10830.0000 98.7910 0.0074
10835.0000 98.7922 0.0074
10840.0000 98.7909 0.0076
10845.0000 98.7947 0.0078
10850.0000 98.7870 0.0077
10855.0000 98.7876 0.0074
10860.0000 98.7718 0.0076
10865.0000 98.7452 0.0080
10870.0000 98.7183 0.0080
10875.0000 98.7222 0.0077
10880.0000 98.7115 0.0083
10885.0000 98.6859 0.0086
10890.0000 98.6886 0.0081
10895.0000 98.6676 0.0084
10900.0000 98.6034 0.0089
10905.0000 98.5685 0.0094
10910.0000 98.5565 0.0097
10915.0000 98.5641 0.0099
10920.0000 98.5283 0.0100
10925.0000 98.5638 0.0098
10930.0000 98.5048 0.0105
10935.0000 98.5105 0.0105
10940.0000 98.4300 0.0106
10945.0000 98.4109 0.0108
10950.0000 98.4283 0.0106
10955.0000 98.4005 0.0112
10960.0000 98.3786 0.0107
10965.0000 98.3509 0.0108
10970.0000 98.3655 0.0102
10975.0000 98.2919 0.0111
10980.0000 98.3099 0.0108
10985.0000 98.3144 0.0109
10990.0000 98.3402 0.0110
10995.0000 98.3257 0.0110
11000.0000 98.2722 0.0108
11005.0000 98.2624 0.0111
11010.0000 98.2521 0.0110
11015.0000 98.2114 0.0108
11020.0000 98.2318 0.0113
11025.0000 98.2185 0.0113
11030.0000 98.2715 0.0106
11035.0000 98.2519 0.0109
11040.0000 98.2826 0.0108
11045.0000 98.2246 0.0117
11050.0000 98.2917 0.0107
11055.0000 98.3070 0.0115
11060.0000 98.3585 0.0112
11065.0000 98.3629 0.0112
11070.0000 98.4329 0.0106
11075.0000 98.3879 0.0112
11080.0000 98.4057 0.0112
11085.0000 98.4584 0.0107
11090.0000 98.4678 0.0107
11095.0000 98.4500 0.0110
11100.0000 98.4513 0.0104
11105.0000 98.4965 0.0105
11110.0000 98.5394 0.0101
11115.0000 98.5466 0.0104
11120.0000 98.6063 0.0098
11125.0000 98.5828 0.0098
11130.0000 98.5833 0.0097
11135.0000 98.5824 0.0090
11140.0000 98.5650 0.0102
11145.0000 98.4888 0.0107
11150.0000 98.5574 0.0096
11155.0000 98.5943 0.0095
11160.0000 98.5918 0.0093
11165.0000 98.6041 0.0092
11170.0000 98.6287 0.0089
11175.0000 98.6262 0.0086
11180.0000 98.6567 0.0079
11185.0000 98.6431 0.0082
11190.0000 98.6696 0.0080
11195.0000 98.6455 0.0081
11200.0000 98.6725 0.0083
11205.0000 98.6651 0.0076
11210.0000 98.6014 0.0087
11215.0000 98.5742 0.0079
11220.0000 98.5550 0.0087
11225.0000 98.4420 0.0096
11230.0000 98.4228 0.0091
11235.0000 98.4733 0.0088
11240.0000 98.4832 0.0093
11245.0000 98.5060 0.0096
11250.0000 98.4924 0.0100
11255.0000 98.4778 0.0099
11260.0000 98.4835 0.0096
11265.0000 98.4978 0.0094
11270.0000 98.5245 0.0091
11275.0000 98.5285 0.0090
11280.0000 98.5042 0.0088
11285.0000 98.5562 0.0081
11290.0000 98.5729 0.0080
11295.0000 98.6056 0.0076
11300.0000 98.6078 0.0079
11305.0000 98.6110 0.0078
11310.0000 98.6455 0.0078
11315.0000 98.6262 0.0077
11320.0000 98.6496 0.0079
11325.0000 98.6632 0.0073
11330.0000 98.6640 0.0074
11335.0000 98.6759 0.0076
11340.0000 98.6788 0.0076
11345.0000 98.6821 0.0079
11350.0000 98.6421 0.0078
11355.0000 98.6242 0.0083
11360.0000 98.6639 0.0078
11365.0000 98.6582 0.0078
11370.0000 98.6579 0.0077
11375.0000 98.6332 0.0083
11380.0000 98.6616 0.0077
11385.0000 98.6544 0.0079
11390.0000 98.6274 0.0086
11395.0000 98.6387 0.0083
11400.0000 98.6419 0.0085
11405.0000 98.6692 0.0076
11410.0000 98.6867 0.0078
11415.0000 98.7424 0.0079
11420.0000 98.7475 0.0072
11425.0000 98.7122 0.0077
11430.0000 98.7113 0.0081
11435.0000 98.6963 0.0081
11440.0000 98.6301 0.0087
11445.0000 98.6311 0.0087
11450.0000 98.6726 0.0081
11455.0000 98.6537 0.0087
11460.0000 98.6651 0.0083
11465.0000 98.7155 0.0079
11470.0000 98.7369 0.0080
11475.0000 98.7713 0.0078
11480.0000 98.8064 0.0074
11485.0000 98.7988 0.0074
11490.0000 98.8028 0.0079
11495.0000 98.8057 0.0079
11500.0000 98.8422 0.0072
11505.0000 98.8580 0.0070
11510.0000 98.8401 0.0073
11515.0000 98.8330 0.0075
11520.0000 98.8394 0.0074
11525.0000 98.8491 0.0071
11530.0000 98.8617 0.0067
11535.0000 98.8494 0.0069
11540.0000 98.8674 0.0066
11545.0000 98.8590 0.0067
11550.0000 98.8755 0.0065
11555.0000 98.8677 0.0068
11560.0000 98.8777 0.0063
11565.0000 98.8755 0.0065
11570.0000 98.8873 0.0063
11575.0000 98.8776 0.0064
11580.0000 98.8604 0.0066
11585.0000 98.8646 0.0066
11590.0000 98.8538 0.0066
11595.0000 98.8434 0.0067
11600.0000 98.8288 0.0067
11605.0000 98.8348 0.0066
11610.0000 98.8417 0.0067
11615.0000 98.8477 0.0066
11620.0000 98.8371 0.0070
11625.0000 98.8335 0.0069
11630.0000 98.8081 0.0073
11635.0000 98.7993 0.0074
11640.0000 98.7510 0.0082
11645.0000 98.7478 0.0080
11650.0000 98.7156 0.0086
11655.0000 98.6792 0.0083
11660.0000 98.6463 0.0090
11665.0000 98.6237 0.0094
11670.0000 98.5355 0.0102
11675.0000 98.5469 0.0095
11680.0000 98.4955 0.0100
11685.0000 98.5317 0.0103
11690.0000 98.5476 0.0105
11695.0000 98.5871 0.0101
11700.0000 98.6449 0.0098
11705.0000 98.6334 0.0095
11710.0000 98.5912 0.0099
11715.0000 98.6254 0.0091
11720.0000 98.6766 0.0087
11725.0000 98.6976 0.0080
11730.0000 98.7274 0.0075
11735.0000 98.6656 0.0085
11740.0000 98.7277 0.0072
11745.0000 98.7335 0.0072
11750.0000 98.7368 0.0072
11755.0000 98.7523 0.0071
11760.0000 98.7289 0.0076
11765.0000 98.7052 0.0079
11770.0000 98.7155 0.0079
11775.0000 98.6959 0.0085
11780.0000 98.7234 0.0076
11785.0000 98.7530 0.0071
11790.0000 98.7409 0.0071
11795.0000 98.7211 0.0075
11800.0000 98.7626 0.0067
11805.0000 98.7949 0.0063
11810.0000 98.8149 0.0061
11815.0000 98.7784 0.0069
11820.0000 98.7369 0.0070
11825.0000 98.7161 0.0074
11830.0000 98.7302 0.0072
11835.0000 98.6988 0.0075
11840.0000 98.6855 0.0068
11845.0000 98.6627 0.0073
11850.0000 98.6543 0.0076
11855.0000 98.6312 0.0078
11860.0000 98.6070 0.0077
11865.0000 98.6253 0.0075
11870.0000 98.6174 0.0079
11875.0000 98.6482 0.0080
11880.0000 98.6456 0.0082
11885.0000 98.6108 0.0085
11890.0000 98.6541 0.0078
11895.0000 98.6623 0.0074
11900.0000 98.6315 0.0083
11905.0000 98.5952 0.0088
11910.0000 98.6054 0.0088
11915.0000 98.6525 0.0080
11920.0000 98.6717 0.0078
11925.0000 98.6790 0.0081
11930.0000 98.6828 0.0080
11935.0000 98.6621 0.0089
11940.0000 98.6891 0.0080
11945.0000 98.7081 0.0081
11950.0000 98.7044 0.0080
11955.0000 98.6209 0.0094
11960.0000 98.6238 0.0096
11965.0000 98.6555 0.0084
11970.0000 98.6513 0.0090
11975.0000 98.6692 0.0087
11980.0000 98.6949 0.0080
11985.0000 98.6604 0.0087
11990.0000 98.6792 0.0084
11995.0000 98.6354 0.0086
12000.0000 98.6076 0.0088
12005.0000 98.6108 0.0091
12010.0000 98.5924 0.0089
12015.0000 98.5932 0.0094
12020.0000 98.6226 0.0086
12025.0000 98.5842 0.0096
12030.0000 98.5835 0.0097
12035.0000 98.5776 0.0093
12040.0000 98.5533 0.0097
12045.0000 98.5372 0.0098
12050.0000 98.5952 0.0095
12055.0000 98.6178 0.0091
12060.0000 98.6389 0.0086
12065.0000 98.6507 0.0085
12070.0000 98.6866 0.0085
12075.0000 98.6693 0.0091
12080.0000 98.6601 0.0095
12085.0000 98.6617 0.0093
12090.0000 98.6692 0.0098
12095.0000 98.6995 0.0090
12100.0000 98.6858 0.0090
12105.0000 98.6545 0.0095
12110.0000 98.6259 0.0098
12115.0000 98.6062 0.0096
12120.0000 98.5824 0.0095
12125.0000 98.5730 0.0098
12130.0000 98.5992 0.0095
12135.0000 98.6022 0.0097
12140.0000 98.6057 0.0101
12145.0000 98.5243 0.0102
12150.0000 98.5586 0.0098
12155.0000 98.5154 0.0110
12160.0000 98.5034 0.0113
12165.0000 98.5376 0.0098
12170.0000 98.5336 0.0098
12175.0000 98.5484 0.0096
12180.0000 98.4887 0.0104
12185.0000 98.4847 0.0107
12190.0000 98.3864 0.0116
12195.0000 98.4783 0.0107
12200.0000 98.5098 0.0109
12205.0000 98.4903 0.0110
12210.0000 98.4855 0.0110
12215.0000 98.4765 0.0104
12220.0000 98.4903 0.0101
12225.0000 98.4842 0.0103
12230.0000 98.5081 0.0096
12235.0000 98.4636 0.0099
12240.0000 98.4121 0.0099
12245.0000 98.4003 0.0105
12250.0000 98.4131 0.0104
12255.0000 98.4681 0.0097
12260.0000 98.4833 0.0091
12265.0000 98.5127 0.0089
12270.0000 98.5213 0.0089
12275.0000 98.4866 0.0092
12280.0000 98.4712 0.0101
12285.0000 98.5154 0.0094
12290.0000 98.5144 0.0098
12295.0000 98.5585 0.0094
12300.0000 98.5317 0.0099
12305.0000 98.5825 0.0087
12310.0000 98.6099 0.0090
12315.0000 98.5854 0.0095
12320.0000 98.5724 0.0096
12325.0000 98.6065 0.0090
12330.0000 98.5992 0.0087
12335.0000 98.6118 0.0093
12340.0000 98.5886 0.0095
12345.0000 98.6046 0.0096
12350.0000 98.6279 0.0089
12355.0000 98.6554 0.0091
12360.0000 98.6649 0.0089
12365.0000 98.6335 0.0087
12370.0000 98.6448 0.0089
12375.0000 98.6700 0.0086
12380.0000 98.6701 0.0092
12385.0000 98.6759 0.0092
12390.0000 98.6516 0.0093
12395.0000 98.6779 0.0092
12400.0000 98.6938 0.0088
12405.0000 98.6678 0.0090
12410.0000 98.6610 0.0089
12415.0000 98.6938 0.0086
12420.0000 98.6754 0.0091
12425.0000 98.6803 0.0093
12430.0000 98.6743 0.0097
12435.0000 98.6560 0.0095
12440.0000 98.6795 0.0085
12445.0000 98.6815 0.0088
12450.0000 98.6912 0.0089
12455.0000 98.6769 0.0089
12460.0000 98.6911 0.0088
12465.0000 98.7342 0.0083
12470.0000 98.7588 0.0080
12475.0000 98.7789 0.0074
12480.0000 98.7836 0.0071
12485.0000 98.7816 0.0077
12490.0000 98.7821 0.0078
12495.0000 98.7948 0.0071
12500.0000 98.8282 0.0070
12505.0000 98.8142 0.0071
12510.0000 98.8248 0.0072
12515.0000 98.8239 0.0072
12520.0000 98.7957 0.0074
12525.0000 98.8252 0.0073
12530.0000 98.8279 0.0074
12535.0000 98.8056 0.0078
12540.0000 98.7806 0.0081
12545.0000 98.8119 0.0076
12550.0000 98.8199 0.0076
12555.0000 98.8389 0.0072
12560.0000 98.8488 0.0073
12565.0000 98.8258 0.0074
12570.0000 98.8050 0.0077
12575.0000 98.8257 0.0071
12580.0000 98.7607 0.0084
12585.0000 98.7731 0.0077
12590.0000 98.7630 0.0081
12595.0000 98.7735 0.0082
12600.0000 98.7833 0.0082
12605.0000 98.7854 0.0079
12610.0000 98.7483 0.0081
12615.0000 98.7303 0.0079
12620.0000 98.7071 0.0083
12625.0000 98.7184 0.0083
12630.0000 98.7049 0.0087
12635.0000 98.6986 0.0085
12640.0000 98.7033 0.0084
12645.0000 98.6989 0.0084
12650.0000 98.7078 0.0078
12655.0000 98.7008 0.0077
12660.0000 98.6604 0.0083
12665.0000 98.6962 0.0076
12670.0000 98.6211 0.0086
12675.0000 98.6440 0.0084
12680.0000 98.6343 0.0087
12685.0000 98.6447 0.0085
12690.0000 98.6433 0.0090
12695.0000 98.7171 0.0082
12700.0000 98.7010 0.0079
12705.0000 98.7132 0.0082
12710.0000 98.7201 0.0081
12715.0000 98.7317 0.0081
12720.0000 98.7381 0.0080
12725.0000 98.7391 0.0080
12730.0000 98.7488 0.0076
12735.0000 98.7538 0.0077
12740.0000 98.7737 0.0073
12745.0000 98.7549 0.0076
12750.0000 98.7576 0.0077
12755.0000 98.7745 0.0079
12760.0000 98.7900 0.0076
12765.0000 98.7981 0.0075
12770.0000 98.7736 0.0077
12775.0000 98.7666 0.0083
12780.0000 98.7444 0.0080
12785.0000 98.7424 0.0080
12790.0000 98.7467 0.0077
12795.0000 98.7179 0.0084
12800.0000 98.7315 0.0080
12805.0000 98.7185 0.0084
12810.0000 98.6691 0.0086
12815.0000 98.6473 0.0087
12820.0000 98.6359 0.0089
12825.0000 98.6435 0.0090
12830.0000 98.6355 0.0092
12835.0000 98.6231 0.0090
12840.0000 98.6036 0.0092
12845.0000 98.6450 0.0089
12850.0000 98.6359 0.0091
12855.0000 98.5787 0.0099
12860.0000 98.5842 0.0092
12865.0000 98.6154 0.0087
12870.0000 98.5665 0.0095
12875.0000 98.5797 0.0094
12880.0000 98.6149 0.0093
12885.0000 98.5843 0.0095
12890.0000 98.5877 0.0096
12895.0000 98.5613 0.0104
12900.0000 98.5563 0.0101
12905.0000 98.5268 0.0099
12910.0000 98.5419 0.0098
12915.0000 98.5958 0.0091
12920.0000 98.5604 0.0098
12925.0000 98.5548 0.0097
12930.0000 98.5950 0.0089
12935.0000 98.5878 0.0100
12940.0000 98.5723 0.0097
12945.0000 98.5861 0.0097
12950.0000 98.5278 0.0102
12955.0000 98.5204 0.0100
12960.0000 98.5480 0.0095
12965.0000 98.5589 0.0094
12970.0000 98.5241 0.0101
12975.0000 98.5706 0.0096
12980.0000 98.5521 0.0099
12985.0000 98.4329 0.0109
12990.0000 98.4651 0.0105
12995.0000 98.4748 0.0111
13000.0000 98.5630 0.0101
13005.0000 98.5593 0.0095
13010.0000 98.5288 0.0093
13015.0000 98.5788 0.0091
13020.0000 98.6030 0.0089
13025.0000 98.5996 0.0091
13030.0000 98.6332 0.0091
13035.0000 98.6342 0.0091
13040.0000 98.5820 0.0093
13045.0000 98.5429 0.0096
13050.0000 98.6258 0.0088
13055.0000 98.6046 0.0093
13060.0000 98.6016 0.0094
13065.0000 98.6058 0.0094
13070.0000 98.6166 0.0093
13075.0000 98.6550 0.0094
13080.0000 98.6664 0.0095
13085.0000 98.6501 0.0107
13090.0000 98.5978 0.0106
13095.0000 98.6346 0.0096
13100.0000 98.6537 0.0089
13105.0000 98.6946 0.0089
13110.0000 98.6394 0.0102
13115.0000 98.6337 0.0099
13120.0000 98.6212 0.0098
13125.0000 98.6147 0.0100
13130.0000 98.6871 0.0087
13135.0000 98.6856 0.0091
13140.0000 98.6793 0.0090
13145.0000 98.7027 0.0080
13150.0000 98.6933 0.0085
13155.0000 98.6810 0.0090
13160.0000 98.7054 0.0083
13165.0000 98.6449 0.0091
13170.0000 98.6937 0.0081
13175.0000 98.6949 0.0081
13180.0000 98.6900 0.0082
13185.0000 98.6990 0.0077
13190.0000 98.6647 0.0085
13195.0000 98.6472 0.0090
13200.0000 98.6631 0.0082
13205.0000 98.6366 0.0082
13210.0000 98.6366 0.0081
13215.0000 98.6169 0.0082
13220.0000 98.6124 0.0078
13225.0000 98.6326 0.0074
13230.0000 98.6002 0.0080
13235.0000 98.5774 0.0080
13240.0000 98.5615 0.0081
13245.0000 98.5147 0.0090
13250.0000 98.5278 0.0087
13255.0000 98.4765 0.0090
13260.0000 98.5274 0.0089
13265.0000 98.5275 0.0090
13270.0000 98.5679 0.0088
13275.0000 98.6177 0.0084
13280.0000 98.6670 0.0078
13285.0000 98.6665 0.0081
13290.0000 98.6615 0.0079
13295.0000 98.6781 0.0076
13300.0000 98.6539 0.0079
13305.0000 98.6744 0.0081
13310.0000 98.7042 0.0078
13315.0000 98.7280 0.0074
13320.0000 98.6948 0.0082
13325.0000 98.7182 0.0078
13330.0000 98.7172 0.0070
13335.0000 98.7451 0.0068
13340.0000 98.7493 0.0069
13345.0000 98.7401 0.0075
13350.0000 98.7310 0.0075
13355.0000 98.7005 0.0077
13360.0000 98.7286 0.0072
13365.0000 98.7121 0.0074
13370.0000 98.6652 0.0081
13375.0000 98.6287 0.0088
13380.0000 98.5935 0.0090
13385.0000 98.5108 0.0094
13390.0000 98.5144 0.0091
13395.0000 98.5041 0.0088
13400.0000 98.5432 0.0085
13405.0000 98.5912 0.0086
13410.0000 98.5966 0.0087
13415.0000 98.5508 0.0089
13420.0000 98.5445 0.0096
13425.0000 98.5494 0.0098
13430.0000 98.6118 0.0089
13435.0000 98.6036 0.0089
13440.0000 98.5988 0.0095
13445.0000 98.6043 0.0093
13450.0000 98.5889 0.0098
13455.0000 98.6278 0.0089
13460.0000 98.5897 0.0093
13465.0000 98.6488 0.0092
13470.0000 98.6473 0.0094
13475.0000 98.7028 0.0089
13480.0000 98.6663 0.0094
13485.0000 98.6832 0.0088
13490.0000 98.6394 0.0091
13495.0000 98.6431 0.0086
13500.0000 98.6692 0.0081
13505.0000 98.6900 0.0082
13510.0000 98.6968 0.0082
13515.0000 98.7081 0.0078
13520.0000 98.7045 0.0080
13525.0000 98.6455 0.0082
13530.0000 98.6512 0.0083
13535.0000 98.6663 0.0085
13540.0000 98.6729 0.0081
13545.0000 98.6622 0.0083
13550.0000 98.6775 0.0081
13555.0000 98.6765 0.0076
13560.0000 98.6926 0.0079
13565.0000 98.6324 0.0092
13570.0000 98.6131 0.0090
13575.0000 98.6216 0.0085
13580.0000 98.6229 0.0089
13585.0000 98.6063 0.0088
13590.0000 98.6199 0.0084
13595.0000 98.6137 0.0088
13600.0000 98.6989 0.0075
13605.0000 98.6722 0.0080
13610.0000 98.7139 0.0079
13615.0000 98.6689 0.0090
13620.0000 98.6960 0.0084
13625.0000 98.7232 0.0073
13630.0000 98.7157 0.0074
13635.0000 98.7445 0.0073
13640.0000 98.7339 0.0080
13645.0000 98.7501 0.0076
13650.0000 98.7599 0.0079
13655.0000 98.7884 0.0073
13660.0000 98.7803 0.0074
13665.0000 98.7593 0.0075
13670.0000 98.7765 0.0075
13675.0000 98.8070 0.0073
13680.0000 98.7880 0.0077
13685.0000 98.7956 0.0076
13690.0000 98.8023 0.0074
13695.0000 98.8238 0.0073
13700.0000 98.8315 0.0074
13705.0000 98.8561 0.0069
13710.0000 98.8529 0.0067
13715.0000 98.8418 0.0068
13720.0000 98.8535 0.0064
13725.0000 98.8434 0.0066
13730.0000 98.8464 0.0065
13735.0000 98.7990 0.0073
13740.0000 98.8402 0.0067
13745.0000 98.8229 0.0066
13750.0000 98.8276 0.0068
13755.0000 98.8376 0.0065
13760.0000 98.8643 0.0061
13765.0000 98.8179 0.0066
13770.0000 98.7975 0.0071
13775.0000 98.8007 0.0070
13780.0000 98.7775 0.0071
13785.0000 98.7416 0.0074
13790.0000 98.7598 0.0069
13795.0000 98.7726 0.0070
13800.0000 98.7679 0.0074
13805.0000 98.7923 0.0071
13810.0000 98.7463 0.0074
13815.0000 98.7125 0.0077
13820.0000 98.7481 0.0073
13825.0000 98.7472 0.0073
13830.0000 98.7039 0.0081
13835.0000 98.7444 0.0073
13840.0000 98.7779 0.0075
13845.0000 98.7524 0.0073
13850.0000 98.7053 0.0082
13855.0000 98.7389 0.0076
13860.0000 98.7673 0.0073
13865.0000 98.7882 0.0067
13870.0000 98.7844 0.0067
13875.0000 98.7392 0.0076
13880.0000 98.7497 0.0071
13885.0000 98.7676 0.0066
13890.0000 98.7830 0.0066
13895.0000 98.7735 0.0069
13900.0000 98.7701 0.0072
13905.0000 98.7970 0.0069
13910.0000 98.7987 0.0072
13915.0000 98.7985 0.0073
13920.0000 98.7878 0.0073
13925.0000 98.7829 0.0076
13930.0000 98.8011 0.0071
13935.0000 98.7848 0.0074
13940.0000 98.7509 0.0078
13945.0000 98.7321 0.0078
13950.0000 98.7139 0.0081
13955.0000 98.7119 0.0079
13960.0000 98.7339 0.0076
13965.0000 98.7239 0.0080
13970.0000 98.7306 0.0082
13975.0000 98.7543 0.0077
13980.0000 98.7301 0.0080
13985.0000 98.7334 0.0082
13990.0000 98.7497 0.0080
13995.0000 98.7308 0.0083
14000.0000 98.7588 0.0074
14005.0000 98.7379 0.0079
14010.0000 98.7268 0.0073
14015.0000 98.6903 0.0079
14020.0000 98.6944 0.0082
14025.0000 98.7113 0.0081
14030.0000 98.7077 0.0085
14035.0000 98.7469 0.0078
14040.0000 98.7249 0.0082
14045.0000 98.7027 0.0081
14050.0000 98.6936 0.0086
14055.0000 98.6927 0.0088
14060.0000 98.6916 0.0082
14065.0000 98.6943 0.0089
14070.0000 98.7048 0.0083
14075.0000 98.6606 0.0090
14080.0000 98.5975 0.0096
14085.0000 98.5337 0.0100
14090.0000 98.5681 0.0096
14095.0000 98.5713 0.0095
14100.0000 98.5942 0.0091
14105.0000 98.5723 0.0097
14110.0000 98.5479 0.0107
14115.0000 98.6273 0.0094
14120.0000 98.6063 0.0091
14125.0000 98.6187 0.0084
14130.0000 98.6264 0.0089
14135.0000 98.6327 0.0093
14140.0000 98.5899 0.0100
14145.0000 98.5483 0.0097
14150.0000 98.5243 0.0093
14155.0000 98.5204 0.0095
14160.0000 98.5072 0.0097
14165.0000 98.5375 0.0093
14170.0000 98.5660 0.0090
14175.0000 98.5877 0.0088
14180.0000 98.5035 0.0102
14185.0000 98.5424 0.0097
14190.0000 98.5515 0.0095
14195.0000 98.5251 0.0099
14200.0000 98.5451 0.0093
14205.0000 98.5641 0.0094
14210.0000 98.5104 0.0092
14215.0000 98.4922 0.0092
14220.0000 98.4811 0.0095
14225.0000 98.5006 0.0095
14230.0000 98.5627 0.0090
14235.0000 98.5089 0.0093
14240.0000 98.5251 0.0087
14245.0000 98.4520 0.0093
14250.0000 98.4759 0.0093
14255.0000 98.4883 0.0090
14260.0000 98.4633 0.0096
14265.0000 98.4458 0.0096
14270.0000 98.4559 0.0095
14275.0000 98.4280 0.0093
14280.0000 98.4565 0.0089
14285.0000 98.4702 0.0090
14290.0000 98.4839 0.0094
14295.0000 98.5094 0.0097
14300.0000 98.5086 0.0092
14305.0000 98.5021 0.0088
14310.0000 98.5605 0.0087
14315.0000 98.5495 0.0086
14320.0000 98.5295 0.0093
14325.0000 98.5700 0.0087
14330.0000 98.6031 0.0085
14335.0000 98.5971 0.0087
14340.0000 98.5451 0.0094
14345.0000 98.5482 0.0096
14350.0000 98.5204 0.0099
14355.0000 98.5460 0.0096
14360.0000 98.4992 0.0100
14365.0000 98.5125 0.0100
14370.0000 98.4950 0.0102
14375.0000 98.4536 0.0104
14380.0000 98.4558 0.0105
14385.0000 98.4998 0.0101
14390.0000 98.4945 0.0106
14395.0000 98.5060 0.0100
14400.0000 98.4917 0.0106
14405.0000 98.5148 0.0103
14410.0000 98.5543 0.0099
14415.0000 98.4980 0.0107
14420.0000 98.5023 0.0103
14425.0000 98.5662 0.0099
14430.0000 98.5379 0.0102
14435.0000 98.5845 0.0093
14440.0000 98.5512 0.0094
14445.0000 98.5500 0.0090
14450.0000 98.5601 0.0092
14455.0000 98.5341 0.0100
14460.0000 98.5798 0.0093
14465.0000 98.5591 0.0092
14470.0000 98.5540 0.0093
14475.0000 98.5631 0.0093
14480.0000 98.5732 0.0092
14485.0000 98.6027 0.0083
14490.0000 98.5901 0.0086
14495.0000 98.5529 0.0094
14500.0000 98.6358 0.0083
14505.0000 98.6832 0.0079
14510.0000 98.6693 0.0084
14515.0000 98.6432 0.0089
14520.0000 98.6797 0.0082
14525.0000 98.6774 0.0081
14530.0000 98.6535 0.0085
14535.0000 98.6554 0.0083
14540.0000 98.6562 0.0082
14545.0000 98.6270 0.0088
14550.0000 98.6337 0.0086
14555.0000 98.6327 0.0091
14560.0000 98.5993 0.0095
14565.0000 98.5737 0.0089
14570.0000 98.5219 0.0095
14575.0000 98.5383 0.0097
14580.0000 98.6135 0.0090
14585.0000 98.6021 0.0085
14590.0000 98.5045 0.0092
14595.0000 98.5027 0.0092
14600.0000 98.4738 0.0093
14605.0000 98.4728 0.0089
14610.0000 98.4648 0.0093
14615.0000 98.3913 0.0094
14620.0000 98.4404 0.0085
14625.0000 98.4364 0.0089
14630.0000 98.3557 0.0098
14635.0000 98.4096 0.0092
14640.0000 98.4349 0.0092
14645.0000 98.4234 0.0090
14650.0000 98.4200 0.0091
14655.0000 98.4119 0.0102
14660.0000 98.3856 0.0102
14665.0000 98.3968 0.0101
14670.0000 98.3825 0.0100
14675.0000 98.2911 0.0101
14680.0000 98.3759 0.0101
14685.0000 98.3325 0.0106
14690.0000 98.3228 0.0104
14695.0000 98.3364 0.0101
14700.0000 98.3650 0.0103
14705.0000 98.3840 0.0100
14710.0000 98.4364 0.0097
14715.0000 98.4326 0.0105
14720.0000 98.4782 0.0098
14725.0000 98.4458 0.0105
14730.0000 98.4673 0.0097
14735.0000 98.4573 0.0089
14740.0000 98.4659 0.0089
14745.0000 98.3747 0.0100
14750.0000 98.3813 0.0098
14755.0000 98.3762 0.0097
14760.0000 98.3659 0.0094
14765.0000 98.3496 0.0096
14770.0000 98.3454 0.0097
14775.0000 98.3590 0.0099
14780.0000 98.3257 0.0100
14785.0000 98.3020 0.0105
14790.0000 98.3441 0.0104
14795.0000 98.3860 0.0104
14800.0000 98.3951 0.0108
14805.0000 98.4449 0.0108
14810.0000 98.3761 0.0112
14815.0000 98.3896 0.0116
14820.0000 98.4160 0.0106
14825.0000 98.4122 0.0107
14830.0000 98.4287 0.0105
14835.0000 98.4584 0.0106
14840.0000 98.4251 0.0110
14845.0000 98.4101 0.0099
14850.0000 98.4740 0.0094
14855.0000 98.4938 0.0099
14860.0000 98.4869 0.0098
14865.0000 98.4951 0.0103
14870.0000 98.5055 0.0096
14875.0000 98.5188 0.0099
14880.0000 98.5500 0.0095
14885.0000 98.5780 0.0099
14890.0000 98.6113 0.0092
14895.0000 98.6291 0.0095
14900.0000 98.6664 0.0088
14905.0000 98.6515 0.0090
14910.0000 98.6482 0.0093
14915.0000 98.6602 0.0093
14920.0000 98.6680 0.0092
14925.0000 98.6939 0.0088
14930.0000 98.7219 0.0082
14935.0000 98.7041 0.0080
14940.0000 98.6927 0.0081
14945.0000 98.6755 0.0084
14950.0000 98.6185 0.0084
14955.0000 98.6377 0.0081
14960.0000 98.6321 0.0082
14965.0000 98.5729 0.0087
14970.0000 98.5881 0.0091
14975.0000 98.5845 0.0084
14980.0000 98.5099 0.0095
14985.0000 98.5507 0.0096
14990.0000 98.5618 0.0097
14995.0000 98.5145 0.0107
15000.0000 98.4979 0.0104
15005.0000 98.5643 0.0097
15010.0000 98.5842 0.0097
15015.0000 98.5848 0.0099
15020.0000 98.6318 0.0095
15025.0000 98.6581 0.0100
15030.0000 98.6427 0.0098
15035.0000 98.6510 0.0093
15040.0000 98.6675 0.0095
15045.0000 98.6325 0.0102
15050.0000 98.6192 0.0099
15055.0000 98.6550 0.0096
15060.0000 98.6471 0.0102
15065.0000 98.6725 0.0097
15070.0000 98.7328 0.0086
15075.0000 98.6889 0.0092
15080.0000 98.6946 0.0091
15085.0000 98.7081 0.0090
15090.0000 98.7273 0.0087
15095.0000 98.7470 0.0083
15100.0000 98.7760 0.0081
15105.0000 98.8079 0.0078
15110.0000 98.7879 0.0081
15115.0000 98.7949 0.0077
15120.0000 98.8103 0.0077
15125.0000 98.8494 0.0072
15130.0000 98.8425 0.0068
15135.0000 98.8572 0.0069
15140.0000 98.8488 0.0069
15145.0000 98.8353 0.0072
15150.0000 98.8314 0.0073
15155.0000 98.7991 0.0079
15160.0000 98.7967 0.0077
15165.0000 98.7546 0.0081
15170.0000 98.7433 0.0082
15175.0000 98.7433 0.0086
15180.0000 98.7718 0.0078
15185.0000 98.7699 0.0081
15190.0000 98.7672 0.0080
15195.0000 98.7636 0.0082
15200.0000 98.7471 0.0081
15205.0000 98.7468 0.0081
15210.0000 98.7616 0.0078
15215.0000 98.7894 0.0077
15220.0000 98.7599 0.0081
15225.0000 98.7674 0.0082
15230.0000 98.7923 0.0083
15235.0000 98.7782 0.0087
15240.0000 98.8070 0.0085
15245.0000 98.7760 0.0090
15250.0000 98.7882 0.0090
15255.0000 98.7230 0.0099
15260.0000 98.7438 0.0091
15265.0000 98.7438 0.0092
15270.0000 98.7347 0.0097
15275.0000 98.7844 0.0089
15280.0000 98.7626 0.0094
15285.0000 98.7927 0.0090
15290.0000 98.7989 0.0085
15295.0000 98.8084 0.0080
15300.0000 98.8043 0.0085
15305.0000 98.7984 0.0083
15310.0000 98.7808 0.0087
15315.0000 98.7462 0.0090
15320.0000 98.7531 0.0086
15325.0000 98.8056 0.0080
15330.0000 98.8268 0.0078
15335.0000 98.8103 0.0083
15340.0000 98.8015 0.0088
15345.0000 98.8396 0.0078
15350.0000 98.8147 0.0086
15355.0000 98.8397 0.0083
15360.0000 98.8521 0.0078
15365.0000 98.8747 0.0077
15370.0000 98.8917 0.0073
15375.0000 98.8846 0.0073
15380.0000 98.9045 0.0068
15385.0000 98.9131 0.0070
15390.0000 98.9529 0.0064
15395.0000 98.9483 0.0064
15400.0000 98.9533 0.0064
15405.0000 98.9446 0.0071
15410.0000 98.9370 0.0069
15415.0000 98.9436 0.0067
15420.0000 98.8991 0.0071
15425.0000 98.8751 0.0076
15430.0000 98.8568 0.0076
15435.0000 98.8615 0.0077
15440.0000 98.8460 0.0080
15445.0000 98.9087 0.0069
15450.0000 98.8975 0.0069
15455.0000 98.8986 0.0074
15460.0000 98.9192 0.0067
15465.0000 98.8859 0.0073
15470.0000 98.8817 0.0071
15475.0000 98.8770 0.0070
15480.0000 98.8745 0.0069
15485.0000 98.8713 0.0069
15490.0000 98.8705 0.0070
15495.0000 98.8164 0.0075
15500.0000 98.7728 0.0082
15505.0000 98.7667 0.0082
15510.0000 98.7602 0.0083
15515.0000 98.7149 0.0089
15520.0000 98.7568 0.0084
15525.0000 98.7342 0.0080
15530.0000 98.7070 0.0079
15535.0000 98.6825 0.0083
15540.0000 98.6897 0.0083
15545.0000 98.6999 0.0081
15550.0000 98.7291 0.0072
15555.0000 98.7622 0.0068
15560.0000 98.7358 0.0074
15565.0000 98.7354 0.0074
15570.0000 98.7326 0.0074
15575.0000 98.7457 0.0071
15580.0000 98.7752 0.0068
15585.0000 98.7680 0.0068
15590.0000 98.7452 0.0069
15595.0000 98.7577 0.0069
15600.0000 98.7750 0.0066
15605.0000 98.8221 0.0061
15610.0000 98.8329 0.0059
15615.0000 98.8167 0.0057
15620.0000 98.8017 0.0060
15625.0000 98.8193 0.0055
15630.0000 98.7828 0.0060
15635.0000 98.7669 0.0066
15640.0000 98.7510 0.0064
15645.0000 98.7528 0.0063
15650.0000 98.7304 0.0069
15655.0000 98.7021 0.0069
15660.0000 98.6803 0.0075
15665.0000 98.6435 0.0079
15670.0000 98.6039 0.0083
15675.0000 98.6117 0.0089
15680.0000 98.6458 0.0082
15685.0000 98.6258 0.0083
15690.0000 98.5810 0.0092
15695.0000 98.5804 0.0094
15700.0000 98.5617 0.0095
15705.0000 98.5875 0.0086
15710.0000 98.6187 0.0079
15715.0000 98.6152 0.0082
15720.0000 98.6406 0.0081
15725.0000 98.6268 0.0087
15730.0000 98.6094 0.0083
15735.0000 98.6039 0.0086
15740.0000 98.6326 0.0082
15745.0000 98.5538 0.0094
15750.0000 98.5978 0.0086
15755.0000 98.5856 0.0089
15760.0000 98.6407 0.0079
15765.0000 98.5380 0.0090
15770.0000 98.5984 0.0087
15775.0000 98.5997 0.0087
15780.0000 98.6624 0.0080
15785.0000 98.6938 0.0072
15790.0000 98.6486 0.0081
15795.0000 98.6351 0.0082
15800.0000 98.6125 0.0077
15805.0000 98.6278 0.0080
15810.0000 98.5979 0.0086
15815.0000 98.6609 0.0077
15820.0000 98.6543 0.0080
15825.0000 98.6274 0.0084
15830.0000 98.6046 0.0085
15835.0000 98.5609 0.0086
15840.0000 98.5537 0.0086
15845.0000 98.5017 0.0090
15850.0000 98.4898 0.0089
15855.0000 98.5159 0.0091
15860.0000 98.5232 0.0087
15865.0000 98.5366 0.0089
15870.0000 98.5165 0.0092
15875.0000 98.5351 0.0094
15880.0000 98.5590 0.0091
15885.0000 98.5482 0.0092
15890.0000 98.5489 0.0096
15895.0000 98.5971 0.0089
15900.0000 98.5604 0.0097
15905.0000 98.5368 0.0092
15910.0000 98.5666 0.0094
15915.0000 98.5699 0.0096
15920.0000 98.5631 0.0092
15925.0000 98.5323 0.0093
15930.0000 98.5698 0.0097
15935.0000 98.6047 0.0093
15940.0000 98.5873 0.0095
15945.0000 98.6094 0.0092
15950.0000 98.5803 0.0090
15955.0000 98.6258 0.0088
15960.0000 98.6399 0.0078
15965.0000 98.6411 0.0082
15970.0000 98.6309 0.0082
15975.0000 98.6357 0.0084
15980.0000 98.6695 0.0080
15985.0000 98.6351 0.0084
15990.0000 98.6378 0.0087
15995.0000 98.6338 0.0082
16000.0000 98.6504 0.0083
16005.0000 98.6657 0.0081
16010.0000 98.6756 0.0085
16015.0000 98.6592 0.0087
16020.0000 98.6765 0.0083
16025.0000 98.6458 0.0083
16030.0000 98.6251 0.0085
16035.0000 98.6680 0.0080
16040.0000 98.6894 0.0081
16045.0000 98.6618 0.0082
16050.0000 98.6521 0.0089
16055.0000 98.6076 0.0088
16060.0000 98.5956 0.0092
16065.0000 98.5828 0.0093
16070.0000 98.5867 0.0092
16075.0000 98.5856 0.0094
16080.0000 98.5679 0.0100
16085.0000 98.5828 0.0098
16090.0000 98.5928 0.0100
16095.0000 98.6004 0.0096
16100.0000 98.6506 0.0092
16105.0000 98.6466 0.0094
16110.0000 98.6077 0.0092
16115.0000 98.6432 0.0092
16120.0000 98.6756 0.0085
16125.0000 98.6423 0.0091
16130.0000 98.6764 0.0088
16135.0000 98.7036 0.0084
16140.0000 98.6848 0.0087
16145.0000 98.6839 0.0090
16150.0000 98.7169 0.0087
16155.0000 98.7245 0.0083
16160.0000 98.7171 0.0085
16165.0000 98.7179 0.0082
16170.0000 98.7640 0.0079
16175.0000 98.7357 0.0084
16180.0000 98.7566 0.0079
16185.0000 98.7503 0.0085
16190.0000 98.7687 0.0079
16195.0000 98.7715 0.0077
16200.0000 98.7958 0.0073
16205.0000 98.7960 0.0075
16210.0000 98.7664 0.0079
16215.0000 98.7646 0.0078
16220.0000 98.7873 0.0072
16225.0000 98.7972 0.0071
16230.0000 98.8248 0.0066
16235.0000 98.8331 0.0067
16240.0000 98.8274 0.0069
16245.0000 98.8130 0.0075
16250.0000 98.7745 0.0077
16255.0000 98.7872 0.0075
16260.0000 98.7960 0.0073
16265.0000 98.7966 0.0074
16270.0000 98.7789 0.0079
16275.0000 98.7639 0.0078
16280.0000 98.7806 0.0073
16285.0000 98.7731 0.0076
16290.0000 98.7710 0.0077
16295.0000 98.7583 0.0072
16300.0000 98.7597 0.0071
16305.0000 98.7854 0.0068
16310.0000 98.7804 0.0071
16315.0000 98.7581 0.0072
16320.0000 98.7642 0.0066
16325.0000 98.7224 0.0075
16330.0000 98.7454 0.0073
16335.0000 98.7756 0.0068
16340.0000 98.7698 0.0068
16345.0000 98.7701 0.0069
16350.0000 98.7550 0.0069
16355.0000 98.7429 0.0075
16360.0000 98.7177 0.0078
16365.0000 98.7127 0.0077
16370.0000 98.7151 0.0078
16375.0000 98.7222 0.0079
16380.0000 98.7446 0.0076
16385.0000 98.7417 0.0078
16390.0000 98.7355 0.0075
16395.0000 98.7036 0.0082
16400.0000 98.7344 0.0083
16405.0000 98.7987 0.0072
16410.0000 98.7527 0.0083
16415.0000 98.7310 0.0084
16420.0000 98.7505 0.0080
16425.0000 98.7561 0.0080
16430.0000 98.7257 0.0083
16435.0000 98.7348 0.0080
16440.0000 98.7210 0.0081
16445.0000 98.6925 0.0090
16450.0000 98.7065 0.0089
16455.0000 98.7273 0.0084
16460.0000 98.7102 0.0083
16465.0000 98.7028 0.0081
16470.0000 98.6990 0.0084
16475.0000 98.7145 0.0077
16480.0000 98.7099 0.0076
16485.0000 98.6667 0.0082
16490.0000 98.7088 0.0075
16495.0000 98.6875 0.0081
16500.0000 98.6971 0.0076
16505.0000 98.6935 0.0083
16510.0000 98.6726 0.0087
16515.0000 98.6373 0.0084
16520.0000 98.6632 0.0081
16525.0000 98.6603 0.0079
16530.0000 98.6330 0.0084
16535.0000 98.6055 0.0086
16540.0000 98.6365 0.0078
16545.0000 98.5960 0.0085
16550.0000 98.5686 0.0083
16555.0000 98.5489 0.0092
16560.0000 98.5409 0.0093
16565.0000 98.4960 0.0097
16570.0000 98.4823 0.0100
16575.0000 98.5078 0.0089
16580.0000 98.5350 0.0083
16585.0000 98.5808 0.0084
16590.0000 98.4971 0.0095
16595.0000 98.4902 0.0099
16600.0000 98.4651 0.0094
16605.0000 98.4259 0.0093
16610.0000 98.4033 0.0096
16615.0000 98.4288 0.0096
16620.0000 98.4365 0.0096
16625.0000 98.4105 0.0095
16630.0000 98.3792 0.0099
16635.0000 98.4005 0.0092
16640.0000 98.4609 0.0092
16645.0000 98.4777 0.0096
16650.0000 98.5299 0.0090
16655.0000 98.4432 0.0098
16660.0000 98.4739 0.0094
16665.0000 98.5226 0.0090
16670.0000 98.4851 0.0093
16675.0000 98.5099 0.0091
16680.0000 98.5414 0.0085
16685.0000 98.5501 0.0089
16690.0000 98.5511 0.0093
16695.0000 98.5752 0.0094
16700.0000 98.5858 0.0093
16705.0000 98.6175 0.0094
16710.0000 98.6360 0.0092
16715.0000 98.6073 0.0099
16720.0000 98.6032 0.0098
16725.0000 98.5881 0.0098
16730.0000 98.6440 0.0090
16735.0000 98.5732 0.0096
16740.0000 98.5599 0.0095
16745.0000 98.6204 0.0094
16750.0000 98.6086 0.0096
16755.0000 98.6586 0.0090
16760.0000 98.6283 0.0091
16765.0000 98.6150 0.0096
16770.0000 98.5880 0.0098
16775.0000 98.6133 0.0097
16780.0000 98.5932 0.0098
16785.0000 98.5894 0.0096
16790.0000 98.5861 0.0096
16795.0000 98.6593 0.0089
16800.0000 98.6758 0.0092
16805.0000 98.7036 0.0088
16810.0000 98.7129 0.0087
16815.0000 98.6669 0.0097
16820.0000 98.6452 0.0101
16825.0000 98.6485 0.0092
16830.0000 98.6448 0.0091
16835.0000 98.6688 0.0083
16840.0000 98.6663 0.0080
16845.0000 98.6757 0.0081
16850.0000 98.6927 0.0081
16855.0000 98.6546 0.0084
16860.0000 98.6504 0.0085
16865.0000 98.6379 0.0094
16870.0000 98.5918 0.0098
16875.0000 98.5920 0.0108
16880.0000 98.5794 0.0104
16885.0000 98.5569 0.0104
16890.0000 98.5585 0.0103
16895.0000 98.6069 0.0097
16900.0000 98.5439 0.0096
16905.0000 98.5381 0.0100
16910.0000 98.5824 0.0099
16915.0000 98.5840 0.0098
16920.0000 98.5731 0.0105
16925.0000 98.5994 0.0096
16930.0000 98.5995 0.0095
16935.0000 98.5999 0.0096
16940.0000 98.5779 0.0095
16945.0000 98.5641 0.0096
16950.0000 98.5765 0.0095
16955.0000 98.5576 0.0096
16960.0000 98.5218 0.0100
16965.0000 98.4883 0.0113
16970.0000 98.5045 0.0103
16975.0000 98.5245 0.0103
16980.0000 98.5425 0.0101
16985.0000 98.5665 0.0101
16990.0000 98.6061 0.0095
16995.0000 98.5778 0.0096
17000.0000 98.6137 0.0098
17005.0000 98.5961 0.0100
17010.0000 98.6236 0.0097
17015.0000 98.6479 0.0092
17020.0000 98.6461 0.0091
17025.0000 98.6212 0.0094
17030.0000 98.6187 0.0093
17035.0000 98.6511 0.0092
17040.0000 98.6333 0.0094
17045.0000 98.5933 0.0092
17050.0000 98.5936 0.0088
17055.0000 98.6081 0.0090
17060.0000 98.6334 0.0095
17065.0000 98.5967 0.0095
17070.0000 98.5754 0.0099
17075.0000 98.5771 0.0093
17080.0000 98.6003 0.0093
17085.0000 98.5897 0.0086
17090.0000 98.5333 0.0097
17095.0000 98.5603 0.0096
17100.0000 98.5567 0.0099
17105.0000 98.5920 0.0095
17110.0000 98.5678 0.0097
17115.0000 98.5559 0.0096
17120.0000 98.5042 0.0097
17125.0000 98.5411 0.0098
17130.0000 98.5769 0.0102
17135.0000 98.5577 0.0103
17140.0000 98.6028 0.0092
17145.0000 98.5628 0.0102
17150.0000 98.5140 0.0100
17155.0000 98.4486 0.0102
17160.0000 98.4476 0.0101
17165.0000 98.5051 0.0101
17170.0000 98.4952 0.0098
17175.0000 98.4923 0.0092
17180.0000 98.4838 0.0101
17185.0000 98.4724 0.0099
17190.0000 98.4747 0.0098
17195.0000 98.4798 0.0090
17200.0000 98.4409 0.0097
17205.0000 98.5338 0.0089
17210.0000 98.5183 0.0096
17215.0000 98.5724 0.0088
17220.0000 98.5629 0.0095
17225.0000 98.5403 0.0099
17230.0000 98.5085 0.0100
17235.0000 98.5196 0.0097
17240.0000 98.5219 0.0092
17245.0000 98.4688 0.0101
17250.0000 98.4558 0.0102
17255.0000 98.4500 0.0093
17260.0000 98.4708 0.0096
17265.0000 98.4223 0.0101
17270.0000 98.3990 0.0098
17275.0000 98.4439 0.0092
17280.0000 98.4323 0.0092
17285.0000 98.4485 0.0094
17290.0000 98.3870 0.0099
17295.0000 98.4077 0.0091
17300.0000 98.3174 0.0103
17305.0000 98.3302 0.0094
17310.0000 98.4068 0.0091
17315.0000 98.3985 0.0092
17320.0000 98.3827 0.0096
17325.0000 98.3732 0.0096
17330.0000 98.4406 0.0091
17335.0000 98.4241 0.0093
17340.0000 98.4287 0.0098
17345.0000 98.4521 0.0095
17350.0000 98.4693 0.0094
17355.0000 98.4801 0.0094
17360.0000 98.5013 0.0090
17365.0000 98.4994 0.0092
17370.0000 98.5069 0.0097
17375.0000 98.5614 0.0086
17380.0000 98.5600 0.0090
17385.0000 98.5426 0.0094
17390.0000 98.5188 0.0096
17395.0000 98.5395 0.0094
17400.0000 98.5934 0.0092
17405.0000 98.6280 0.0087
17410.0000 98.5813 0.0090
17415.0000 98.5887 0.0091
17420.0000 98.6180 0.0083
17425.0000 98.5959 0.0089
17430.0000 98.6192 0.0085
17435.0000 98.6099 0.0086
17440.0000 98.6297 0.0083
17445.0000 98.6333 0.0076
17450.0000 98.6428 0.0078
17455.0000 98.6262 0.0079
17460.0000 98.6391 0.0075
17465.0000 98.6281 0.0080
17470.0000 98.6497 0.0077
17475.0000 98.6672 0.0077
17480.0000 98.6278 0.0082
17485.0000 98.6366 0.0079
17490.0000 98.6474 0.0074
17495.0000 98.6824 0.0075
17500.0000 98.7053 0.0075
17505.0000 98.6959 0.0073
17510.0000 98.7013 0.0072
17515.0000 98.7213 0.0072
17520.0000 98.7121 0.0074
17525.0000 98.7354 0.0066
17530.0000 98.7559 0.0068
17535.0000 98.7582 0.0069
17540.0000 98.7521 0.0067
17545.0000 98.7472 0.0068
17550.0000 98.7958 0.0062
17555.0000 98.7727 0.0065
17560.0000 98.7735 0.0066
17565.0000 98.7624 0.0070
17570.0000 98.7461 0.0074
17575.0000 98.7595 0.0067
17580.0000 98.7506 0.0070
17585.0000 98.7474 0.0071
17590.0000 98.7781 0.0065
17595.0000 98.7857 0.0064
17600.0000 98.7573 0.0070
17605.0000 98.7530 0.0068
17610.0000 98.7180 0.0076
17615.0000 98.7643 0.0066
17620.0000 98.7676 0.0068
17625.0000 98.7521 0.0072
17630.0000 98.7718 0.0070
17635.0000 98.7656 0.0074
17640.0000 98.7997 0.0066
17645.0000 98.8063 0.0066
17650.0000 98.8181 0.0064
17655.0000 98.7934 0.0066
17660.0000 98.7954 0.0065
17665.0000 98.7986 0.0067
17670.0000 98.8118 0.0066
17675.0000 98.8058 0.0066
17680.0000 98.7904 0.0070
17685.0000 98.8039 0.0066
17690.0000 98.8030 0.0067
17695.0000 98.7908 0.0067
17700.0000 98.7752 0.0068
17705.0000 98.7840 0.0066
17710.0000 98.7648 0.0067
17715.0000 98.7915 0.0064
17720.0000 98.7863 0.0066
17725.0000 98.8112 0.0062
17730.0000 98.8099 0.0062
17735.0000 98.8062 0.0063
17740.0000 98.8032 0.0062
17745.0000 98.7372 0.0072
17750.0000 98.7389 0.0072
17755.0000 98.7457 0.0070
17760.0000 98.7889 0.0069
17765.0000 98.8084 0.0065
17770.0000 98.7954 0.0065
17775.0000 98.8135 0.0062
17780.0000 98.7955 0.0066
17785.0000 98.7825 0.0069
17790.0000 98.7783 0.0068
17795.0000 98.8033 0.0063
17800.0000 98.7981 0.0062
17805.0000 98.7765 0.0071
17810.0000 98.7562 0.0066
17815.0000 98.7632 0.0060
17820.0000 98.7276 0.0066
17825.0000 98.7056 0.0068
17830.0000 98.7135 0.0070
17835.0000 98.6863 0.0071
17840.0000 98.6868 0.0074
17845.0000 98.6855 0.0072
17850.0000 98.7012 0.0072
17855.0000 98.7210 0.0070
17860.0000 98.6677 0.0074
17865.0000 98.6455 0.0079
17870.0000 98.6557 0.0076
17875.0000 98.6846 0.0074
17880.0000 98.6660 0.0075
17885.0000 98.6341 0.0078
17890.0000 98.6104 0.0078
17895.0000 98.6027 0.0087
17900.0000 98.5913 0.0084
17905.0000 98.5750 0.0090
17910.0000 98.5711 0.0086
17915.0000 98.5374 0.0094
17920.0000 98.5681 0.0092
17925.0000 98.5194 0.0095
17930.0000 98.5291 0.0089
17935.0000 98.5142 0.0089
17940.0000 98.4995 0.0091
17945.0000 98.5361 0.0086
17950.0000 98.5228 0.0093
17955.0000 98.5305 0.0088
17960.0000 98.4919 0.0097
17965.0000 98.4887 0.0092
17970.0000 98.5282 0.0089
17975.0000 98.5054 0.0092
17980.0000 98.5166 0.0095
17985.0000 98.4681 0.0101
17990.0000 98.4820 0.0100
17995.0000 98.4707 0.0108
18000.0000 98.4943 0.0102
