5.0000 0.0000 0.0000
10.0000 0.0000 0.0000
15.0000 0.0000 0.0000
20.0000 0.0000 0.0000
25.0000 0.0000 0.0000
30.0000 0.0000 0.0000
35.0000 0.0000 0.0000
40.0000 0.0000 0.0000
45.0000 0.0000 0.0000
50.0000 0.0000 0.0000
55.0000 0.0000 0.0000
60.0000 0.0000 0.0000
65.0000 0.0000 0.0000
70.0000 0.0000 0.0000
75.0000 0.0000 0.0000
80.0000 0.0000 0.0000
85.0000 0.0036 0.0000
90.0000 0.0072 0.0001
95.0000 0.0180 0.0002
100.0000 0.0216 0.0003
105.0000 0.0216 0.0003
110.0000 0.0216 0.0003
115.0000 0.0216 0.0003
120.0000 0.0216 0.0003
125.0000 0.0252 0.0003
130.0000 0.0288 0.0003
135.0000 0.0288 0.0003
140.0000 0.0288 0.0003
145.0000 0.0359 0.0004
150.0000 0.0467 0.0005
155.0000 0.0575 0.0006
160.0000 0.0647 0.0007
165.0000 0.0683 0.0008
170.0000 0.0755 0.0008
175.0000 0.1006 0.0011
180.0000 0.1294 0.0014
185.0000 0.1833 0.0018
190.0000 0.2264 0.0022
195.0000 0.2624 0.0024
200.0000 0.3306 0.0028
205.0000 0.3846 0.0031
210.0000 0.4528 0.0033
215.0000 0.5175 0.0035
220.0000 0.5822 0.0035
225.0000 0.6325 0.0035
230.0000 0.6793 0.0034
235.0000 0.7321 0.0034
240.0000 0.7992 0.0033
245.0000 0.8316 0.0032
250.0000 0.8603 0.0030
255.0000 0.8962 0.0028
260.0000 0.9394 0.0026
265.0000 0.9717 0.0023
270.0000 1.0041 0.0021
275.0000 1.0077 0.0020
280.0000 1.0220 0.0019
285.0000 1.0508 0.0017
290.0000 1.0831 0.0014
295.0000 1.0975 0.0012
300.0000 1.1011 0.0012
305.0000 1.1119 0.0011
310.0000 1.1299 0.0009
315.0000 1.1528 0.0010
320.0000 1.1564 0.0010
325.0000 1.1564 0.0010
330.0000 1.1635 0.0009
335.0000 1.1743 0.0008
340.0000 1.1779 0.0007
345.0000 1.1815 0.0007
350.0000 1.1854 0.0007
355.0000 1.1967 0.0008
360.0000 1.2003 0.0007
365.0000 1.2003 0.0007
370.0000 1.2042 0.0008
375.0000 1.2117 0.0008
380.0000 1.2191 0.0008
385.0000 1.2343 0.0009
390.0000 1.2421 0.0010
395.0000 1.2459 0.0010
400.0000 1.2653 0.0012
405.0000 1.2882 0.0014
410.0000 1.3037 0.0016
415.0000 1.3112 0.0016
420.0000 1.3228 0.0017
425.0000 1.3422 0.0019
430.0000 1.3963 0.0024
435.0000 1.4389 0.0027
440.0000 1.4931 0.0031
445.0000 1.5241 0.0033
450.0000 1.5783 0.0037
455.0000 1.6540 0.0041
460.0000 1.6966 0.0042
465.0000 1.7508 0.0045
470.0000 1.8381 0.0047
475.0000 1.9117 0.0047
480.0000 1.9736 0.0046
485.0000 2.0665 0.0042
490.0000 2.1052 0.0040
495.0000 2.1478 0.0038
500.0000 2.1865 0.0035
505.0000 2.1981 0.0034
510.0000 2.2446 0.0031
515.0000 2.2755 0.0028
520.0000 2.2949 0.0026
525.0000 2.3336 0.0022
530.0000 2.3607 0.0019
535.0000 2.3878 0.0016
540.0000 2.4071 0.0014
545.0000 2.4188 0.0013
550.0000 2.4420 0.0010
555.0000 2.4497 0.0009
560.0000 2.4575 0.0008
565.0000 2.4613 0.0008
570.0000 2.4652 0.0007
575.0000 2.4729 0.0006
580.0000 2.4768 0.0007
585.0000 2.4807 0.0007
590.0000 2.4807 0.0007
595.0000 2.4807 0.0007
600.0000 2.4807 0.0007
605.0000 2.4884 0.0006
610.0000 2.4884 0.0006
615.0000 2.4923 0.0005
620.0000 2.4984 0.0006
625.0000 2.5105 0.0009
630.0000 2.5468 0.0015
635.0000 2.5953 0.0024
640.0000 2.6770 0.0040
645.0000 2.7179 0.0046
650.0000 2.7874 0.0055
655.0000 2.8736 0.0065
660.0000 2.9355 0.0071
665.0000 3.0035 0.0077
670.0000 3.0473 0.0081
675.0000 3.1242 0.0086
680.0000 3.2104 0.0098
685.0000 3.3293 0.0120
690.0000 3.4123 0.0133
695.0000 3.5146 0.0140
700.0000 3.6245 0.0152
705.0000 3.7499 0.0157
710.0000 3.8754 0.0164
715.0000 4.0577 0.0178
720.0000 4.1771 0.0186
725.0000 4.3128 0.0190
730.0000 4.4607 0.0184
735.0000 4.6246 0.0172
740.0000 4.7931 0.0167
745.0000 4.9554 0.0153
750.0000 5.0632 0.0146
755.0000 5.1429 0.0142
760.0000 5.2091 0.0138
765.0000 5.3195 0.0126
770.0000 5.3972 0.0115
775.0000 5.5000 0.0110
780.0000 5.5751 0.0108
785.0000 5.6515 0.0111
790.0000 5.7321 0.0111
795.0000 5.8081 0.0106
800.0000 5.8846 0.0105
805.0000 5.9430 0.0104
810.0000 6.0368 0.0098
815.0000 6.1188 0.0099
820.0000 6.1969 0.0096
825.0000 6.3052 0.0090
830.0000 6.3633 0.0081
835.0000 6.4457 0.0082
840.0000 6.5259 0.0078
845.0000 6.6167 0.0071
850.0000 6.6797 0.0064
855.0000 6.7261 0.0060
860.0000 6.7847 0.0057
865.0000 6.8301 0.0055
870.0000 6.8893 0.0049
875.0000 6.9302 0.0045
880.0000 6.9717 0.0038
885.0000 7.0071 0.0034
890.0000 7.0419 0.0031
895.0000 7.0458 0.0031
900.0000 7.0651 0.0029
905.0000 7.0806 0.0028
910.0000 7.0999 0.0026
915.0000 7.1154 0.0024
920.0000 7.1270 0.0023
925.0000 7.1463 0.0019
930.0000 7.1663 0.0017
935.0000 7.1663 0.0017
940.0000 7.1817 0.0015
945.0000 7.1856 0.0015
950.0000 7.1895 0.0014
955.0000 7.1895 0.0014
960.0000 7.1895 0.0014
965.0000 7.2077 0.0007
970.0000 7.2116 0.0006
975.0000 7.2116 0.0006
980.0000 7.2150 0.0007
985.0000 7.2253 0.0008
990.0000 7.2425 0.0010
995.0000 7.2807 0.0013
1000.0000 7.2978 0.0015
1005.0000 7.3150 0.0016
1010.0000 7.3356 0.0018
1015.0000 7.3493 0.0019
1020.0000 7.3794 0.0022
1025.0000 7.4103 0.0025
1030.0000 7.4352 0.0025
1035.0000 7.4733 0.0027
1040.0000 7.5214 0.0030
1045.0000 7.5420 0.0031
1050.0000 7.5855 0.0035
1055.0000 7.6290 0.0037
1060.0000 7.6921 0.0039
1065.0000 7.7391 0.0043
1070.0000 7.8148 0.0045
1075.0000 7.9148 0.0052
1080.0000 7.9817 0.0060
1085.0000 8.0414 0.0062
1090.0000 8.0770 0.0063
1095.0000 8.1400 0.0063
1100.0000 8.2329 0.0061
1105.0000 8.3099 0.0062
1110.0000 8.3731 0.0068
1115.0000 8.4330 0.0070
1120.0000 8.4941 0.0075
1125.0000 8.5529 0.0077
1130.0000 8.6350 0.0086
1135.0000 8.6824 0.0090
1140.0000 8.7403 0.0098
1145.0000 8.7912 0.0100
1150.0000 8.8536 0.0103
1155.0000 8.9044 0.0106
1160.0000 8.9668 0.0107
1165.0000 9.0398 0.0111
1170.0000 9.1011 0.0113
1175.0000 9.1532 0.0115
1180.0000 9.2736 0.0114
1185.0000 9.3478 0.0111
1190.0000 9.4160 0.0109
1195.0000 9.5008 0.0108
1200.0000 9.6214 0.0113
1205.0000 9.7241 0.0111
1210.0000 9.8352 0.0111
1215.0000 9.9376 0.0103
1220.0000 10.0322 0.0107
1225.0000 10.1383 0.0107
1230.0000 10.1950 0.0106
1235.0000 10.2719 0.0106
1240.0000 10.3585 0.0107
1245.0000 10.4831 0.0105
1250.0000 10.5903 0.0107
1255.0000 10.6733 0.0102
1260.0000 10.7397 0.0107
1265.0000 10.7876 0.0107
1270.0000 10.8603 0.0116
1275.0000 10.9209 0.0120
1280.0000 11.0171 0.0122
1285.0000 11.0651 0.0118
1290.0000 11.1473 0.0118
1295.0000 11.2137 0.0117
1300.0000 11.2561 0.0118
1305.0000 11.3167 0.0117
1310.0000 11.3531 0.0117
1315.0000 11.4195 0.0113
1320.0000 11.5286 0.0113
1325.0000 11.6351 0.0113
1330.0000 11.7079 0.0112
1335.0000 11.7745 0.0118
1340.0000 11.8470 0.0115
1345.0000 11.9536 0.0113
1350.0000 12.0445 0.0117
1355.0000 12.1657 0.0121
1360.0000 12.2662 0.0122
1365.0000 12.3668 0.0127
1370.0000 12.4637 0.0137
1375.0000 12.5832 0.0142
1380.0000 12.7611 0.0145
1385.0000 12.9208 0.0149
1390.0000 13.0501 0.0151
1395.0000 13.2240 0.0145
1400.0000 13.3691 0.0141
1405.0000 13.4817 0.0145
1410.0000 13.5894 0.0145
1415.0000 13.7380 0.0140
1420.0000 13.8613 0.0134
1425.0000 13.9654 0.0125
1430.0000 14.0680 0.0120
1435.0000 14.1439 0.0112
1440.0000 14.2077 0.0106
1445.0000 14.3287 0.0102
1450.0000 14.4063 0.0102
1455.0000 14.4611 0.0101
1460.0000 14.5337 0.0099
1465.0000 14.5967 0.0099
1470.0000 14.6554 0.0092
1475.0000 14.6975 0.0083
1480.0000 14.7573 0.0077
1485.0000 14.8227 0.0074
1490.0000 14.8547 0.0074
1495.0000 14.8832 0.0074
1500.0000 14.9512 0.0059
1505.0000 15.0131 0.0052
1510.0000 15.0775 0.0046
1515.0000 15.1059 0.0045
1520.0000 15.1700 0.0041
1525.0000 15.2116 0.0036
1530.0000 15.2664 0.0028
1535.0000 15.3009 0.0023
1540.0000 15.3151 0.0022
1545.0000 15.3222 0.0021
1550.0000 15.3329 0.0022
1555.0000 15.3496 0.0021
1560.0000 15.3628 0.0021
1565.0000 15.3699 0.0020
1570.0000 15.3902 0.0016
1575.0000 15.4035 0.0016
1580.0000 15.4035 0.0016
1585.0000 15.4222 0.0019
1590.0000 15.4320 0.0019
1595.0000 15.4449 0.0018
1600.0000 15.4613 0.0019
1605.0000 15.4742 0.0019
1610.0000 15.4938 0.0020
1615.0000 15.5155 0.0023
1620.0000 15.5373 0.0025
1625.0000 15.5684 0.0028
1630.0000 15.5840 0.0029
1635.0000 15.6093 0.0030
1640.0000 15.6436 0.0033
1645.0000 15.6747 0.0035
1650.0000 15.7124 0.0035
1655.0000 15.7596 0.0035
1660.0000 15.7978 0.0036
1665.0000 15.8196 0.0037
1670.0000 15.8693 0.0038
1675.0000 15.9284 0.0039
1680.0000 15.9818 0.0039
1685.0000 16.0221 0.0040
1690.0000 16.0718 0.0039
1695.0000 16.1092 0.0038
1700.0000 16.1527 0.0036
1705.0000 16.1963 0.0034
1710.0000 16.2118 0.0034
1715.0000 16.2523 0.0031
1720.0000 16.2710 0.0030
1725.0000 16.2927 0.0029
1730.0000 16.3083 0.0026
1735.0000 16.3330 0.0026
1740.0000 16.3821 0.0030
1745.0000 16.4188 0.0034
1750.0000 16.4737 0.0042
1755.0000 16.5436 0.0052
1760.0000 16.6077 0.0059
1765.0000 16.6624 0.0067
1770.0000 16.7082 0.0068
1775.0000 16.8146 0.0081
1780.0000 16.9423 0.0090
1785.0000 17.0485 0.0100
1790.0000 17.1546 0.0107
1795.0000 17.2436 0.0115
1800.0000 17.3628 0.0119
1805.0000 17.5063 0.0121
1810.0000 17.6176 0.0121
1815.0000 17.7368 0.0117
1820.0000 17.8322 0.0112
1825.0000 17.9243 0.0105
1830.0000 18.0193 0.0096
1835.0000 18.1356 0.0083
1840.0000 18.2025 0.0075
1845.0000 18.2653 0.0068
1850.0000 18.3081 0.0069
1855.0000 18.3887 0.0070
1860.0000 18.4214 0.0072
1865.0000 18.5051 0.0073
1870.0000 18.5726 0.0075
1875.0000 18.6462 0.0076
1880.0000 18.7053 0.0077
1885.0000 18.7935 0.0080
1890.0000 18.8673 0.0077
1895.0000 18.9166 0.0078
1900.0000 18.9986 0.0078
1905.0000 19.0932 0.0078
1910.0000 19.1679 0.0077
1915.0000 19.2833 0.0070
1920.0000 19.3377 0.0066
1925.0000 19.4256 0.0069
1930.0000 19.4902 0.0066
1935.0000 19.5506 0.0063
1940.0000 19.5751 0.0060
1945.0000 19.6374 0.0057
1950.0000 19.7029 0.0056
1955.0000 19.7447 0.0057
1960.0000 19.7621 0.0056
1965.0000 19.8203 0.0056
1970.0000 19.8662 0.0060
1975.0000 19.9162 0.0061
1980.0000 19.9618 0.0066
1985.0000 20.0197 0.0070
1990.0000 20.0542 0.0073
1995.0000 20.1090 0.0077
2000.0000 20.1811 0.0080
2005.0000 20.2359 0.0083
2010.0000 20.2856 0.0086
2015.0000 20.3464 0.0089
2020.0000 20.4245 0.0093
2025.0000 20.4961 0.0092
2030.0000 20.5955 0.0091
2035.0000 20.7392 0.0089
2040.0000 20.8859 0.0082
2045.0000 20.9949 0.0080
2050.0000 21.0527 0.0079
2055.0000 21.0996 0.0080
2060.0000 21.1502 0.0081
2065.0000 21.2101 0.0080
2070.0000 21.2600 0.0079
2075.0000 21.3328 0.0079
2080.0000 21.3847 0.0078
2085.0000 21.4510 0.0077
2090.0000 21.5107 0.0078
2095.0000 21.5647 0.0077
2100.0000 21.6196 0.0070
2105.0000 21.6751 0.0066
2110.0000 21.7506 0.0063
2115.0000 21.7996 0.0060
2120.0000 21.8629 0.0058
2125.0000 21.9096 0.0061
2130.0000 21.9613 0.0061
2135.0000 22.0262 0.0060
2140.0000 22.0876 0.0061
2145.0000 22.1315 0.0057
2150.0000 22.1867 0.0056
2155.0000 22.2262 0.0055
2160.0000 22.2657 0.0053
2165.0000 22.3087 0.0052
2170.0000 22.3533 0.0048
2175.0000 22.3855 0.0047
2180.0000 22.4322 0.0044
2185.0000 22.4860 0.0041
2190.0000 22.5199 0.0037
2195.0000 22.5502 0.0032
2200.0000 22.5683 0.0032
2205.0000 22.5863 0.0031
2210.0000 22.6194 0.0032
2215.0000 22.6343 0.0034
2220.0000 22.6861 0.0040
2225.0000 22.7117 0.0039
2230.0000 22.7265 0.0040
2235.0000 22.7599 0.0044
2240.0000 22.7930 0.0045
2245.0000 22.8188 0.0045
2250.0000 22.8262 0.0046
2255.0000 22.8518 0.0045
2260.0000 22.8814 0.0047
2265.0000 22.8963 0.0048
2270.0000 22.9408 0.0049
2275.0000 23.0085 0.0047
2280.0000 23.0824 0.0056
2285.0000 23.1317 0.0060
2290.0000 23.1772 0.0063
2295.0000 23.2252 0.0069
2300.0000 23.3462 0.0087
2305.0000 23.4709 0.0097
2310.0000 23.6423 0.0107
2315.0000 23.7463 0.0114
2320.0000 23.8528 0.0125
2325.0000 23.9766 0.0138
2330.0000 24.1305 0.0145
2335.0000 24.3322 0.0161
2340.0000 24.5292 0.0165
2345.0000 24.7301 0.0181
2350.0000 24.9470 0.0196
2355.0000 25.1753 0.0222
2360.0000 25.3652 0.0256
2365.0000 25.5401 0.0263
2370.0000 25.7188 0.0278
2375.0000 25.8599 0.0294
2380.0000 25.9791 0.0301
2385.0000 26.1531 0.0302
2390.0000 26.3123 0.0297
2395.0000 26.5034 0.0303
2400.0000 26.6443 0.0296
2405.0000 26.7719 0.0303
2410.0000 26.9105 0.0289
2415.0000 27.0634 0.0283
2420.0000 27.2213 0.0287
2425.0000 27.4057 0.0301
2430.0000 27.5491 0.0301
2435.0000 27.6850 0.0305
2440.0000 27.8087 0.0308
2445.0000 27.9882 0.0302
2450.0000 28.0755 0.0300
2455.0000 28.1737 0.0303
2460.0000 28.2794 0.0283
2465.0000 28.4044 0.0268
2470.0000 28.4991 0.0259
2475.0000 28.5683 0.0244
2480.0000 28.6435 0.0230
2485.0000 28.7225 0.0220
2490.0000 28.8220 0.0194
2495.0000 28.9021 0.0176
2500.0000 28.9811 0.0156
2505.0000 29.0370 0.0142
2510.0000 29.0625 0.0140
2515.0000 29.1038 0.0132
2520.0000 29.1439 0.0122
2525.0000 29.2071 0.0104
2530.0000 29.2459 0.0095
2535.0000 29.3030 0.0078
2540.0000 29.3248 0.0075
2545.0000 29.3528 0.0070
2550.0000 29.3892 0.0062
2555.0000 29.4062 0.0059
2560.0000 29.4244 0.0056
2565.0000 29.4475 0.0047
2570.0000 29.4683 0.0041
2575.0000 29.4781 0.0041
2580.0000 29.5012 0.0036
2585.0000 29.5172 0.0039
2590.0000 29.5332 0.0039
2595.0000 29.5431 0.0041
2600.0000 29.5580 0.0043
2605.0000 29.5728 0.0045
2610.0000 29.5926 0.0049
2615.0000 29.6224 0.0053
2620.0000 29.6422 0.0056
2625.0000 29.6780 0.0059
2630.0000 29.7127 0.0061
2635.0000 29.7424 0.0064
2640.0000 29.7771 0.0070
2645.0000 29.8415 0.0076
2650.0000 29.9455 0.0084
2655.0000 30.0617 0.0087
2660.0000 30.1459 0.0088
2665.0000 30.2648 0.0089
2670.0000 30.3788 0.0090
2675.0000 30.4927 0.0088
2680.0000 30.6067 0.0083
2685.0000 30.7057 0.0076
2690.0000 30.7652 0.0071
2695.0000 30.8247 0.0066
2700.0000 30.8791 0.0058
2705.0000 30.9248 0.0049
2710.0000 30.9546 0.0045
2715.0000 30.9941 0.0038
2720.0000 31.0090 0.0036
2725.0000 31.0238 0.0034
2730.0000 31.0238 0.0034
2735.0000 31.0288 0.0034
2740.0000 31.0338 0.0033
2745.0000 31.0387 0.0032
2750.0000 31.0437 0.0032
2755.0000 31.0526 0.0032
2760.0000 31.0616 0.0032
2765.0000 31.0755 0.0031
2770.0000 31.0945 0.0032
2775.0000 31.1195 0.0034
2780.0000 31.1375 0.0035
2785.0000 31.1584 0.0038
2790.0000 31.1794 0.0037
2795.0000 31.2044 0.0038
2800.0000 31.2325 0.0041
2805.0000 31.2865 0.0044
2810.0000 31.3626 0.0054
2815.0000 31.4467 0.0061
2820.0000 31.4988 0.0063
2825.0000 31.5809 0.0065
2830.0000 31.6731 0.0066
2835.0000 31.7211 0.0068
2840.0000 31.7813 0.0069
2845.0000 31.8574 0.0069
2850.0000 31.9385 0.0064
2855.0000 31.9946 0.0061
2860.0000 32.0427 0.0059
2865.0000 32.0748 0.0058
2870.0000 32.0948 0.0058
2875.0000 32.1149 0.0057
2880.0000 32.1429 0.0055
2885.0000 32.1750 0.0052
2890.0000 32.2070 0.0050
2895.0000 32.2271 0.0049
2900.0000 32.2511 0.0046
2905.0000 32.2672 0.0045
2910.0000 32.2832 0.0043
2915.0000 32.2912 0.0042
2920.0000 32.3153 0.0040
2925.0000 32.3333 0.0040
2930.0000 32.3574 0.0036
2935.0000 32.3694 0.0035
2940.0000 32.3975 0.0031
2945.0000 32.4138 0.0030
2950.0000 32.4223 0.0032
2955.0000 32.4391 0.0033
2960.0000 32.4643 0.0033
2965.0000 32.4856 0.0036
2970.0000 32.5125 0.0036
2975.0000 32.5605 0.0039
2980.0000 32.6129 0.0049
2985.0000 32.6531 0.0053
2990.0000 32.6949 0.0059
2995.0000 32.7686 0.0065
3000.0000 32.8697 0.0077
3005.0000 32.9518 0.0085
3010.0000 33.0612 0.0093
3015.0000 33.1392 0.0103
3020.0000 33.2586 0.0115
3025.0000 33.3553 0.0129
3030.0000 33.4982 0.0149
3035.0000 33.6198 0.0167
3040.0000 33.7864 0.0174
3045.0000 33.9827 0.0192
3050.0000 34.1578 0.0209
3055.0000 34.3165 0.0230
3060.0000 34.4360 0.0234
3065.0000 34.6030 0.0233
3070.0000 34.7361 0.0239
3075.0000 34.8586 0.0241
3080.0000 35.0101 0.0241
3085.0000 35.1764 0.0244
3090.0000 35.3325 0.0245
3095.0000 35.4242 0.0242
3100.0000 35.5980 0.0225
3105.0000 35.7177 0.0223
3110.0000 35.9018 0.0205
3115.0000 36.0109 0.0203
3120.0000 36.1509 0.0181
3125.0000 36.2392 0.0172
3130.0000 36.3563 0.0161
3135.0000 36.4184 0.0157
3140.0000 36.5101 0.0151
3145.0000 36.5810 0.0152
3150.0000 36.6454 0.0142
3155.0000 36.6985 0.0130
3160.0000 36.7758 0.0126
3165.0000 36.8253 0.0125
3170.0000 36.8898 0.0119
3175.0000 36.9735 0.0105
3180.0000 37.0182 0.0098
3185.0000 37.0865 0.0087
3190.0000 37.1444 0.0083
3195.0000 37.2273 0.0076
3200.0000 37.2724 0.0068
3205.0000 37.3468 0.0070
3210.0000 37.4116 0.0069
3215.0000 37.4988 0.0079
3220.0000 37.5476 0.0085
3225.0000 37.6375 0.0099
3230.0000 37.7273 0.0110
3235.0000 37.8149 0.0117
3240.0000 37.9267 0.0130
3245.0000 38.0196 0.0146
3250.0000 38.1130 0.0161
3255.0000 38.2239 0.0176
3260.0000 38.3358 0.0182
3265.0000 38.4347 0.0189
3270.0000 38.5830 0.0195
3275.0000 38.6870 0.0203
3280.0000 38.8207 0.0212
3285.0000 38.9423 0.0211
3290.0000 39.0820 0.0209
3295.0000 39.1937 0.0206
3300.0000 39.3284 0.0191
3305.0000 39.3954 0.0178
3310.0000 39.4867 0.0166
3315.0000 39.6232 0.0154
3320.0000 39.7317 0.0144
3325.0000 39.8204 0.0134
3330.0000 39.9272 0.0120
3335.0000 39.9834 0.0108
3340.0000 40.0274 0.0096
3345.0000 40.0593 0.0088
3350.0000 40.1049 0.0078
3355.0000 40.1150 0.0077
3360.0000 40.1388 0.0073
3365.0000 40.1650 0.0069
3370.0000 40.1912 0.0066
3375.0000 40.2089 0.0064
3380.0000 40.2326 0.0063
3385.0000 40.2588 0.0058
3390.0000 40.2867 0.0055
3395.0000 40.3064 0.0051
3400.0000 40.3322 0.0054
3405.0000 40.3482 0.0056
3410.0000 40.3701 0.0054
3415.0000 40.4002 0.0056
3420.0000 40.4282 0.0061
3425.0000 40.4722 0.0065
3430.0000 40.5184 0.0064
3435.0000 40.5364 0.0064
3440.0000 40.5604 0.0066
3445.0000 40.5985 0.0068
3450.0000 40.6305 0.0070
3455.0000 40.6505 0.0072
3460.0000 40.6865 0.0073
3465.0000 40.7025 0.0074
3470.0000 40.7305 0.0076
3475.0000 40.7645 0.0078
3480.0000 40.7906 0.0075
3485.0000 40.8447 0.0076
3490.0000 40.8887 0.0076
3495.0000 40.9447 0.0077
3500.0000 41.0007 0.0080
3505.0000 41.0327 0.0078
3510.0000 41.0847 0.0078
3515.0000 41.1287 0.0078
3520.0000 41.1667 0.0074
3525.0000 41.1908 0.0075
3530.0000 41.2508 0.0069
3535.0000 41.3108 0.0066
3540.0000 41.3708 0.0064
3545.0000 41.4208 0.0056
3550.0000 41.4328 0.0055
3555.0000 41.4488 0.0053
3560.0000 41.4688 0.0048
3565.0000 41.4928 0.0046
3570.0000 41.5208 0.0043
3575.0000 41.5368 0.0042
3580.0000 41.5408 0.0041
3585.0000 41.5648 0.0039
3590.0000 41.5848 0.0037
3595.0000 41.5888 0.0036
3600.0000 41.5968 0.0035
3605.0000 41.6093 0.0035
3610.0000 41.6257 0.0033
3615.0000 41.6451 0.0037
3620.0000 41.7207 0.0048
3625.0000 41.7679 0.0054
3630.0000 41.8364 0.0062
3635.0000 41.8663 0.0068
3640.0000 41.9160 0.0075
3645.0000 41.9728 0.0084
3650.0000 42.0407 0.0097
3655.0000 42.1554 0.0119
3660.0000 42.3104 0.0140
3665.0000 42.4417 0.0154
3670.0000 42.5729 0.0183
3675.0000 42.7515 0.0225
3680.0000 42.9186 0.0243
3685.0000 43.0769 0.0283
3690.0000 43.2627 0.0314
3695.0000 43.4147 0.0345
3700.0000 43.5855 0.0366
3705.0000 43.7548 0.0413
3710.0000 43.9268 0.0445
3715.0000 44.1276 0.0440
3720.0000 44.3134 0.0446
3725.0000 44.4442 0.0445
3730.0000 44.5828 0.0431
3735.0000 44.7601 0.0413
3740.0000 44.9387 0.0410
3745.0000 45.0878 0.0389
3750.0000 45.2188 0.0372
3755.0000 45.3785 0.0361
3760.0000 45.5509 0.0344
3765.0000 45.7172 0.0319
3770.0000 45.8730 0.0309
3775.0000 46.0070 0.0285
3780.0000 46.1388 0.0272
3785.0000 46.2666 0.0248
3790.0000 46.4153 0.0230
3795.0000 46.5437 0.0220
3800.0000 46.6194 0.0217
3805.0000 46.6754 0.0210
3810.0000 46.7516 0.0204
3815.0000 46.8779 0.0205
3820.0000 46.9526 0.0206
3825.0000 47.0596 0.0188
3830.0000 47.1350 0.0181
3835.0000 47.2214 0.0180
3840.0000 47.2719 0.0179
3845.0000 47.3462 0.0184
3850.0000 47.4278 0.0184
3855.0000 47.5104 0.0185
3860.0000 47.5766 0.0184
3865.0000 47.6560 0.0183
3870.0000 47.7381 0.0194
3875.0000 47.8160 0.0192
3880.0000 47.9398 0.0197
3885.0000 48.0773 0.0200
3890.0000 48.2125 0.0203
3895.0000 48.3081 0.0206
3900.0000 48.4453 0.0207
3905.0000 48.5765 0.0217
3910.0000 48.7122 0.0227
3915.0000 48.9014 0.0230
3920.0000 49.0190 0.0238
3925.0000 49.1699 0.0239
3930.0000 49.3128 0.0243
3935.0000 49.4230 0.0250
3940.0000 49.5929 0.0244
3945.0000 49.7246 0.0243
3950.0000 49.8553 0.0261
3955.0000 50.0519 0.0262
3960.0000 50.2126 0.0275
3965.0000 50.3453 0.0271
3970.0000 50.4623 0.0283
3975.0000 50.5809 0.0290
3980.0000 50.7304 0.0305
3985.0000 50.8510 0.0316
3990.0000 50.9679 0.0314
3995.0000 51.0754 0.0309
4000.0000 51.2230 0.0311
4005.0000 51.3871 0.0323
4010.0000 51.4803 0.0317
4015.0000 51.5818 0.0329
4020.0000 51.7003 0.0317
4025.0000 51.8277 0.0311
4030.0000 51.9708 0.0296
4035.0000 52.1165 0.0275
4040.0000 52.2212 0.0269
4045.0000 52.3424 0.0260
4050.0000 52.4537 0.0251
4055.0000 52.5574 0.0254
4060.0000 52.6923 0.0247
4065.0000 52.7927 0.0243
4070.0000 52.9079 0.0244
4075.0000 53.0276 0.0234
4080.0000 53.1422 0.0228
4085.0000 53.2622 0.0216
4090.0000 53.3842 0.0204
4095.0000 53.4867 0.0203
4100.0000 53.5810 0.0192
4105.0000 53.6741 0.0181
4110.0000 53.7266 0.0176
4115.0000 53.7789 0.0174
4120.0000 53.8304 0.0164
4125.0000 53.8715 0.0156
4130.0000 53.9158 0.0151
4135.0000 53.9634 0.0148
4140.0000 53.9871 0.0144
4145.0000 54.0251 0.0141
4150.0000 54.0597 0.0134
4155.0000 54.0787 0.0132
4160.0000 54.0967 0.0131
4165.0000 54.1157 0.0129
4170.0000 54.1204 0.0126
4175.0000 54.1397 0.0124
4180.0000 54.1648 0.0117
4185.0000 54.1840 0.0116
4190.0000 54.1935 0.0114
4195.0000 54.2020 0.0114
4200.0000 54.2200 0.0105
4205.0000 54.2342 0.0100
4210.0000 54.2500 0.0097
4215.0000 54.2500 0.0097
4220.0000 54.2500 0.0097
4225.0000 54.2500 0.0097
4230.0000 54.2559 0.0098
4235.0000 54.2559 0.0098
4240.0000 54.2726 0.0099
4245.0000 54.2844 0.0101
4250.0000 54.2904 0.0103
4255.0000 54.2963 0.0102
4260.0000 54.3119 0.0101
4265.0000 54.3345 0.0099
4270.0000 54.3571 0.0102
4275.0000 54.3808 0.0107
4280.0000 54.4047 0.0112
4285.0000 54.4584 0.0121
4290.0000 54.4941 0.0126
4295.0000 54.5535 0.0133
4300.0000 54.5891 0.0142
4305.0000 54.6485 0.0154
4310.0000 54.7139 0.0159
4315.0000 54.7674 0.0167
4320.0000 54.8802 0.0181
4325.0000 54.9992 0.0179
4330.0000 55.1001 0.0189
4335.0000 55.2487 0.0191
4340.0000 55.3794 0.0192
4345.0000 55.4744 0.0187
4350.0000 55.5516 0.0178
4355.0000 55.6289 0.0175
4360.0000 55.6705 0.0174
4365.0000 55.7533 0.0167
4370.0000 55.8008 0.0161
4375.0000 55.8603 0.0154
4380.0000 55.9258 0.0151
4385.0000 55.9555 0.0147
4390.0000 55.9794 0.0146
4395.0000 56.0213 0.0144
4400.0000 56.0872 0.0150
4405.0000 56.1475 0.0157
4410.0000 56.1956 0.0160
4415.0000 56.2557 0.0166
4420.0000 56.3102 0.0176
4425.0000 56.3764 0.0179
4430.0000 56.5155 0.0203
4435.0000 56.6730 0.0230
4440.0000 56.8305 0.0236
4445.0000 56.9878 0.0250
4450.0000 57.1630 0.0265
4455.0000 57.3143 0.0276
4460.0000 57.4413 0.0272
4465.0000 57.6352 0.0285
4470.0000 57.8325 0.0303
4475.0000 58.0662 0.0319
4480.0000 58.2490 0.0335
4485.0000 58.4109 0.0334
4490.0000 58.5693 0.0338
4495.0000 58.7347 0.0331
4500.0000 58.9381 0.0314
4505.0000 59.1219 0.0300
4510.0000 59.3248 0.0297
4515.0000 59.4852 0.0287
4520.0000 59.6295 0.0264
4525.0000 59.7542 0.0230
4530.0000 59.8626 0.0221
4535.0000 59.9958 0.0207
4540.0000 60.1491 0.0197
4545.0000 60.3204 0.0189
4550.0000 60.4877 0.0188
4555.0000 60.6426 0.0200
4560.0000 60.8409 0.0213
4565.0000 60.9862 0.0238
4570.0000 61.1438 0.0270
4575.0000 61.3295 0.0314
4580.0000 61.4957 0.0350
4585.0000 61.7778 0.0403
4590.0000 62.0744 0.0452
4595.0000 62.3881 0.0533
4600.0000 62.7207 0.0618
4605.0000 63.0402 0.0666
4610.0000 63.3605 0.0722
4615.0000 63.6135 0.0740
4620.0000 63.9109 0.0762
4625.0000 64.2165 0.0740
4630.0000 64.4467 0.0726
4635.0000 64.6772 0.0708
4640.0000 64.9046 0.0680
4645.0000 65.0996 0.0639
4650.0000 65.2805 0.0611
4655.0000 65.4194 0.0586
4660.0000 65.5832 0.0557
4665.0000 65.7448 0.0529
4670.0000 65.8859 0.0496
4675.0000 66.0001 0.0472
4680.0000 66.1052 0.0454
4685.0000 66.1851 0.0436
4690.0000 66.3085 0.0387
4695.0000 66.4186 0.0352
4700.0000 66.5136 0.0317
4705.0000 66.6107 0.0279
4710.0000 66.6780 0.0256
4715.0000 66.7224 0.0242
4720.0000 66.7452 0.0236
4725.0000 66.8054 0.0219
4730.0000 66.8520 0.0199
4735.0000 66.8975 0.0187
4740.0000 66.9481 0.0179
4745.0000 66.9982 0.0163
4750.0000 67.0357 0.0151
4755.0000 67.0676 0.0146
4760.0000 67.0792 0.0145
4765.0000 67.0944 0.0142
4770.0000 67.1168 0.0141
4775.0000 67.1310 0.0141
4780.0000 67.1473 0.0141
4785.0000 67.1711 0.0138
4790.0000 67.1874 0.0137
4795.0000 67.1945 0.0138
4800.0000 67.2341 0.0144
4805.0000 67.2914 0.0130
4810.0000 67.3405 0.0132
4815.0000 67.3800 0.0142
4820.0000 67.4474 0.0140
4825.0000 67.5397 0.0150
4830.0000 67.6259 0.0151
4835.0000 67.7065 0.0153
4840.0000 67.7906 0.0165
4845.0000 67.8946 0.0180
4850.0000 67.9986 0.0182
4855.0000 68.0831 0.0190
4860.0000 68.2139 0.0201
4865.0000 68.3425 0.0212
4870.0000 68.4776 0.0216
4875.0000 68.6412 0.0217
4880.0000 68.7688 0.0224
4885.0000 68.9410 0.0227
4890.0000 69.1071 0.0238
4895.0000 69.2299 0.0246
4900.0000 69.3216 0.0243
4905.0000 69.4363 0.0232
4910.0000 69.5389 0.0234
4915.0000 69.6143 0.0226
4920.0000 69.6963 0.0217
4925.0000 69.7697 0.0216
4930.0000 69.8396 0.0213
4935.0000 69.9189 0.0197
4940.0000 69.9346 0.0188
4945.0000 69.9901 0.0180
4950.0000 70.0153 0.0175
4955.0000 70.0440 0.0168
4960.0000 70.0849 0.0161
4965.0000 70.1102 0.0155
4970.0000 70.1320 0.0155
4975.0000 70.1486 0.0151
4980.0000 70.1797 0.0149
4985.0000 70.2152 0.0146
4990.0000 70.2544 0.0145
4995.0000 70.2707 0.0144
5000.0000 70.2846 0.0145
5005.0000 70.3150 0.0142
5010.0000 70.3712 0.0131
5015.0000 70.3967 0.0128
5020.0000 70.4262 0.0123
5025.0000 70.4573 0.0119
5030.0000 70.5108 0.0114
5035.0000 70.5478 0.0118
5040.0000 70.5788 0.0123
5045.0000 70.6329 0.0121
5050.0000 70.7017 0.0126
5055.0000 70.7706 0.0118
5060.0000 70.8428 0.0120
5065.0000 70.8935 0.0128
5070.0000 70.9625 0.0133
5075.0000 71.0041 0.0133
5080.0000 71.0737 0.0129
5085.0000 71.1366 0.0136
5090.0000 71.2029 0.0134
5095.0000 71.2726 0.0138
5100.0000 71.3180 0.0136
5105.0000 71.4078 0.0136
5110.0000 71.4699 0.0139
5115.0000 71.5372 0.0140
5120.0000 71.5960 0.0141
5125.0000 71.6818 0.0147
5130.0000 71.7471 0.0164
5135.0000 71.8394 0.0171
5140.0000 71.9564 0.0186
5145.0000 72.0982 0.0207
5150.0000 72.2680 0.0232
5155.0000 72.4173 0.0250
5160.0000 72.6128 0.0272
5165.0000 72.7673 0.0292
5170.0000 72.9927 0.0330
5175.0000 73.2322 0.0369
5180.0000 73.4990 0.0420
5185.0000 73.7951 0.0454
5190.0000 74.0597 0.0488
5195.0000 74.2976 0.0502
5200.0000 74.5651 0.0554
5205.0000 74.8603 0.0599
5210.0000 75.2462 0.0633
5215.0000 75.5318 0.0649
5220.0000 75.8874 0.0674
5225.0000 76.1962 0.0686
5230.0000 76.4454 0.0685
5235.0000 76.6680 0.0662
5240.0000 76.8822 0.0611
5245.0000 77.0516 0.0565
5250.0000 77.2209 0.0550
5255.0000 77.3675 0.0529
5260.0000 77.5212 0.0502
5265.0000 77.6532 0.0473
5270.0000 77.7936 0.0456
5275.0000 77.9184 0.0398
5280.0000 78.0016 0.0370
5285.0000 78.0744 0.0351
5290.0000 78.1394 0.0332
5295.0000 78.2347 0.0293
5300.0000 78.2818 0.0260
5305.0000 78.3539 0.0239
5310.0000 78.3991 0.0232
5315.0000 78.4563 0.0218
5320.0000 78.5037 0.0216
5325.0000 78.5450 0.0213
5330.0000 78.6195 0.0199
5335.0000 78.6790 0.0205
5340.0000 78.7488 0.0201
5345.0000 78.8170 0.0196
5350.0000 78.8869 0.0200
5355.0000 78.9565 0.0211
5360.0000 79.0373 0.0220
5365.0000 79.1008 0.0219
5370.0000 79.1646 0.0219
5375.0000 79.2339 0.0226
5380.0000 79.3560 0.0232
5385.0000 79.4839 0.0229
5390.0000 79.6217 0.0235
5395.0000 79.7556 0.0248
5400.0000 79.8898 0.0254
5405.0000 80.0659 0.0247
5410.0000 80.1785 0.0244
5415.0000 80.3001 0.0240
5420.0000 80.4288 0.0225
5425.0000 80.5007 0.0232
5430.0000 80.6193 0.0233
5435.0000 80.7270 0.0234
5440.0000 80.9077 0.0259
5445.0000 81.0393 0.0267
5450.0000 81.1533 0.0265
5455.0000 81.2609 0.0261
5460.0000 81.3507 0.0257
5465.0000 81.4950 0.0249
5470.0000 81.5977 0.0243
5475.0000 81.7057 0.0230
5480.0000 81.7897 0.0215
5485.0000 81.8861 0.0194
5490.0000 81.9446 0.0192
5495.0000 81.9938 0.0190
5500.0000 82.0774 0.0175
5505.0000 82.1773 0.0181
5510.0000 82.2727 0.0180
5515.0000 82.3719 0.0180
5520.0000 82.4772 0.0171
5525.0000 82.5579 0.0165
5530.0000 82.6187 0.0166
5535.0000 82.6916 0.0165
5540.0000 82.7605 0.0167
5545.0000 82.8577 0.0167
5550.0000 82.8938 0.0166
5555.0000 82.9324 0.0164
5560.0000 83.0328 0.0164
5565.0000 83.1075 0.0163
5570.0000 83.1923 0.0164
5575.0000 83.2687 0.0159
5580.0000 83.3195 0.0156
5585.0000 83.3495 0.0150
5590.0000 83.4095 0.0147
5595.0000 83.4567 0.0146
5600.0000 83.4953 0.0147
5605.0000 83.5571 0.0148
5610.0000 83.5932 0.0145
5615.0000 83.6142 0.0146
5620.0000 83.6355 0.0142
5625.0000 83.6655 0.0139
5630.0000 83.6955 0.0138
5635.0000 83.7289 0.0140
5640.0000 83.7874 0.0140
5645.0000 83.8349 0.0149
5650.0000 83.8763 0.0150
5655.0000 83.9238 0.0156
5660.0000 83.9850 0.0161
5665.0000 84.0422 0.0164
5670.0000 84.1038 0.0170
5675.0000 84.1833 0.0178
5680.0000 84.2815 0.0192
5685.0000 84.3629 0.0198
5690.0000 84.4600 0.0203
5695.0000 84.5211 0.0202
5700.0000 84.6465 0.0227
5705.0000 84.7685 0.0247
5710.0000 84.9023 0.0259
5715.0000 85.0302 0.0263
5720.0000 85.1456 0.0271
5725.0000 85.2351 0.0280
5730.0000 85.4033 0.0283
5735.0000 85.5798 0.0289
5740.0000 85.7463 0.0281
5745.0000 85.8497 0.0286
5750.0000 85.9776 0.0292
5755.0000 86.0771 0.0285
5760.0000 86.1992 0.0271
5765.0000 86.3190 0.0260
5770.0000 86.4285 0.0249
5775.0000 86.5338 0.0238
5780.0000 86.6090 0.0232
5785.0000 86.6963 0.0225
5790.0000 86.7936 0.0197
5795.0000 86.8665 0.0191
5800.0000 86.9602 0.0183
5805.0000 87.0521 0.0185
5810.0000 87.1520 0.0174
5815.0000 87.2137 0.0175
5820.0000 87.2568 0.0178
5825.0000 87.3306 0.0188
5830.0000 87.3902 0.0189
5835.0000 87.4681 0.0191
5840.0000 87.5951 0.0190
5845.0000 87.7142 0.0186
5850.0000 87.7860 0.0186
5855.0000 87.8927 0.0189
5860.0000 88.0299 0.0209
5865.0000 88.1496 0.0236
5870.0000 88.2454 0.0247
5875.0000 88.3677 0.0251
5880.0000 88.5201 0.0271
5885.0000 88.6585 0.0277
5890.0000 88.9183 0.0312
5895.0000 89.1456 0.0334
5900.0000 89.3299 0.0364
5905.0000 89.5866 0.0401
5910.0000 89.8272 0.0437
5915.0000 90.1491 0.0481
5920.0000 90.4260 0.0512
5925.0000 90.7048 0.0566
5930.0000 91.0201 0.0610
5935.0000 91.4104 0.0682
5940.0000 91.7600 0.0752
5945.0000 92.1137 0.0779
5950.0000 92.4919 0.0777
5955.0000 92.8577 0.0807
5960.0000 93.1549 0.0799
5965.0000 93.4844 0.0818
5970.0000 93.7912 0.0815
5975.0000 94.0457 0.0808
5980.0000 94.2559 0.0768
5985.0000 94.4883 0.0735
5990.0000 94.6682 0.0683
5995.0000 94.8682 0.0620
6000.0000 95.0197 0.0595
6005.0000 95.1891 0.0565
6010.0000 95.3585 0.0520
6015.0000 95.4771 0.0499
6020.0000 95.6590 0.0474
6025.0000 95.8226 0.0460
6030.0000 95.9645 0.0460
6035.0000 96.1396 0.0455
6040.0000 96.3076 0.0455
6045.0000 96.5090 0.0421
6050.0000 96.6738 0.0407
6055.0000 96.8265 0.0386
6060.0000 96.8920 0.0344
6065.0000 97.0666 0.0343
6070.0000 97.2566 0.0314
6075.0000 97.3534 0.0279
6080.0000 97.4426 0.0253
6085.0000 97.5302 0.0256
6090.0000 97.6270 0.0245
6095.0000 97.6794 0.0231
6100.0000 97.7500 0.0215
6105.0000 97.8036 0.0195
6110.0000 97.8938 0.0196
6115.0000 97.9734 0.0187
6120.0000 98.0138 0.0177
6125.0000 98.1166 0.0164
6130.0000 98.1041 0.0167
6135.0000 98.1105 0.0168
6140.0000 98.1549 0.0156
6145.0000 98.1776 0.0152
6150.0000 98.1879 0.0153
6155.0000 98.2210 0.0146
6160.0000 98.2454 0.0139
6165.0000 98.2164 0.0144
6170.0000 98.2363 0.0145
6175.0000 98.2448 0.0144
6180.0000 98.2341 0.0138
6185.0000 98.2514 0.0134
6190.0000 98.2331 0.0137
6195.0000 98.1946 0.0125
6200.0000 98.1973 0.0124
6205.0000 98.2065 0.0115
6210.0000 98.1895 0.0117
6215.0000 98.1795 0.0123
6220.0000 98.1242 0.0118
6225.0000 98.1181 0.0111
6230.0000 98.1082 0.0114
6235.0000 98.1170 0.0113
6240.0000 98.1752 0.0106
6245.0000 98.1127 0.0112
6250.0000 98.1526 0.0109
6255.0000 98.1449 0.0116
6260.0000 98.1313 0.0110
6265.0000 98.1398 0.0105
6270.0000 98.2184 0.0103
6275.0000 98.2370 0.0107
6280.0000 98.2050 0.0116
6285.0000 98.2839 0.0110
6290.0000 98.2432 0.0110
6295.0000 98.2542 0.0110
6300.0000 98.2728 0.0105
6305.0000 98.2694 0.0111
6310.0000 98.2542 0.0109
6315.0000 98.3002 0.0107
6320.0000 98.3283 0.0107
6325.0000 98.3294 0.0104
6330.0000 98.3474 0.0105
6335.0000 98.3165 0.0112
6340.0000 98.3328 0.0104
6345.0000 98.2810 0.0100
6350.0000 98.2746 0.0102
6355.0000 98.3261 0.0098
6360.0000 98.3009 0.0102
6365.0000 98.3061 0.0098
6370.0000 98.3600 0.0098
6375.0000 98.3313 0.0102
6380.0000 98.3095 0.0105
6385.0000 98.3811 0.0098
6390.0000 98.3793 0.0103
6395.0000 98.3727 0.0103
6400.0000 98.3377 0.0107
6405.0000 98.3619 0.0101
6410.0000 98.4008 0.0105
6415.0000 98.3808 0.0108
6420.0000 98.4003 0.0106
6425.0000 98.4186 0.0107
6430.0000 98.4614 0.0100
6435.0000 98.4154 0.0108
6440.0000 98.4672 0.0107
6445.0000 98.4423 0.0105
6450.0000 98.4425 0.0104
6455.0000 98.4062 0.0106
6460.0000 98.4657 0.0106
6465.0000 98.5006 0.0103
6470.0000 98.4941 0.0103
6475.0000 98.4744 0.0104
6480.0000 98.4525 0.0108
6485.0000 98.4305 0.0105
6490.0000 98.4347 0.0110
6495.0000 98.4300 0.0107
6500.0000 98.4220 0.0109
6505.0000 98.3411 0.0107
6510.0000 98.3215 0.0104
6515.0000 98.3614 0.0099
6520.0000 98.3618 0.0110
6525.0000 98.3529 0.0106
6530.0000 98.3882 0.0100
6535.0000 98.4070 0.0101
6540.0000 98.4420 0.0105
6545.0000 98.3798 0.0107
6550.0000 98.3965 0.0109
6555.0000 98.4804 0.0103
6560.0000 98.4725 0.0102
6565.0000 98.4392 0.0107
6570.0000 98.4457 0.0105
6575.0000 98.4866 0.0104
6580.0000 98.5632 0.0095
6585.0000 98.5359 0.0105
6590.0000 98.5576 0.0106
6595.0000 98.5435 0.0106
6600.0000 98.6126 0.0093
6605.0000 98.5588 0.0106
6610.0000 98.5854 0.0100
6615.0000 98.5845 0.0099
6620.0000 98.5770 0.0101
6625.0000 98.5882 0.0097
6630.0000 98.5743 0.0104
6635.0000 98.6269 0.0092
6640.0000 98.6420 0.0090
6645.0000 98.6172 0.0094
6650.0000 98.6321 0.0101
6655.0000 98.6400 0.0096
6660.0000 98.6289 0.0095
6665.0000 98.6056 0.0098
6670.0000 98.5548 0.0108
6675.0000 98.5755 0.0104
6680.0000 98.6127 0.0096
6685.0000 98.5955 0.0101
6690.0000 98.5923 0.0101
6695.0000 98.5827 0.0103
6700.0000 98.5267 0.0107
6705.0000 98.5007 0.0116
6710.0000 98.5045 0.0106
6715.0000 98.4855 0.0113
6720.0000 98.4745 0.0113
6725.0000 98.4560 0.0117
6730.0000 98.5383 0.0111
6735.0000 98.5231 0.0112
6740.0000 98.5564 0.0100
6745.0000 98.5369 0.0109
6750.0000 98.5052 0.0119
6755.0000 98.4865 0.0115
6760.0000 98.4525 0.0120
6765.0000 98.4441 0.0127
6770.0000 98.4671 0.0124
6775.0000 98.4579 0.0124
6780.0000 98.4763 0.0115
6785.0000 98.4370 0.0122
6790.0000 98.3783 0.0126
6795.0000 98.3896 0.0117
6800.0000 98.4092 0.0116
6805.0000 98.3956 0.0118
6810.0000 98.3807 0.0120
6815.0000 98.3622 0.0126
6820.0000 98.4366 0.0116
6825.0000 98.5008 0.0103
6830.0000 98.4530 0.0109
6835.0000 98.5055 0.0111
6840.0000 98.5403 0.0106
6845.0000 98.5653 0.0103
6850.0000 98.5476 0.0112
6855.0000 98.5069 0.0107
6860.0000 98.5307 0.0105
6865.0000 98.5313 0.0109
6870.0000 98.5095 0.0111
6875.0000 98.5160 0.0106
6880.0000 98.4876 0.0108
6885.0000 98.5369 0.0107
6890.0000 98.5354 0.0109
6895.0000 98.5829 0.0106
6900.0000 98.5682 0.0110
6905.0000 98.5695 0.0109
6910.0000 98.5752 0.0107
6915.0000 98.6000 0.0103
6920.0000 98.5357 0.0114
6925.0000 98.5936 0.0103
6930.0000 98.5724 0.0112
6935.0000 98.6268 0.0101
6940.0000 98.5737 0.0105
6945.0000 98.6168 0.0097
6950.0000 98.5702 0.0107
6955.0000 98.4925 0.0108
6960.0000 98.4636 0.0110
6965.0000 98.4319 0.0115
6970.0000 98.4072 0.0114
6975.0000 98.4406 0.0117
6980.0000 98.4847 0.0107
6985.0000 98.5085 0.0107
6990.0000 98.5026 0.0111
6995.0000 98.4902 0.0113
7000.0000 98.5239 0.0111
7005.0000 98.5864 0.0104
7010.0000 98.6074 0.0097
7015.0000 98.6384 0.0095
7020.0000 98.6763 0.0094
7025.0000 98.6778 0.0097
7030.0000 98.6911 0.0094
7035.0000 98.7078 0.0093
7040.0000 98.6988 0.0097
7045.0000 98.7153 0.0092
7050.0000 98.7303 0.0088
7055.0000 98.7332 0.0087
7060.0000 98.7076 0.0089
7065.0000 98.7048 0.0086
7070.0000 98.7110 0.0087
7075.0000 98.7394 0.0081
7080.0000 98.7576 0.0083
7085.0000 98.7396 0.0087
7090.0000 98.7282 0.0089
7095.0000 98.7096 0.0089
7100.0000 98.7043 0.0087
7105.0000 98.7097 0.0089
7110.0000 98.7142 0.0086
7115.0000 98.7055 0.0097
7120.0000 98.7055 0.0094
7125.0000 98.6692 0.0101
7130.0000 98.6151 0.0105
7135.0000 98.6155 0.0107
7140.0000 98.6238 0.0104
7145.0000 98.6468 0.0104
7150.0000 98.6511 0.0101
7155.0000 98.6970 0.0097
7160.0000 98.6805 0.0096
7165.0000 98.6647 0.0099
7170.0000 98.6433 0.0102
7175.0000 98.6495 0.0101
7180.0000 98.6573 0.0100
7185.0000 98.6784 0.0100
7190.0000 98.6725 0.0095
7195.0000 98.6887 0.0094
7200.0000 98.7210 0.0090
7205.0000 98.7436 0.0089
7210.0000 98.7393 0.0087
7215.0000 98.7509 0.0083
7220.0000 98.7653 0.0083
7225.0000 98.7605 0.0084
7230.0000 98.7862 0.0081
7235.0000 98.8243 0.0077
7240.0000 98.8203 0.0081
7245.0000 98.8588 0.0070
7250.0000 98.8695 0.0068
7255.0000 98.8841 0.0066
7260.0000 98.8902 0.0067
7265.0000 98.9013 0.0062
7270.0000 98.8948 0.0066
7275.0000 98.8980 0.0066
7280.0000 98.9048 0.0065
7285.0000 98.9141 0.0064
7290.0000 98.9137 0.0065
7295.0000 98.9153 0.0064
7300.0000 98.9156 0.0064
7305.0000 98.9260 0.0062
7310.0000 98.9158 0.0064
7315.0000 98.9245 0.0061
7320.0000 98.9210 0.0061
7325.0000 98.9130 0.0063
7330.0000 98.9221 0.0063
7335.0000 98.9235 0.0062
7340.0000 98.9058 0.0065
7345.0000 98.9128 0.0062
7350.0000 98.8873 0.0068
7355.0000 98.8580 0.0069
7360.0000 98.8369 0.0073
7365.0000 98.8116 0.0073
7370.0000 98.7892 0.0079
7375.0000 98.7757 0.0079
7380.0000 98.7697 0.0087
7385.0000 98.7843 0.0082
7390.0000 98.7285 0.0091
7395.0000 98.7360 0.0089
7400.0000 98.7027 0.0098
7405.0000 98.7093 0.0093
7410.0000 98.6931 0.0092
7415.0000 98.7000 0.0094
7420.0000 98.6858 0.0093
7425.0000 98.7026 0.0089
7430.0000 98.6973 0.0090
7435.0000 98.7616 0.0080
7440.0000 98.7074 0.0087
7445.0000 98.7052 0.0089
7450.0000 98.7313 0.0086
7455.0000 98.7415 0.0086
7460.0000 98.7550 0.0081
7465.0000 98.7720 0.0079
7470.0000 98.7781 0.0074
7475.0000 98.7588 0.0075
7480.0000 98.7642 0.0076
7485.0000 98.7664 0.0078
7490.0000 98.7579 0.0081
7495.0000 98.7981 0.0076
7500.0000 98.7854 0.0081
7505.0000 98.8119 0.0073
7510.0000 98.8164 0.0076
7515.0000 98.8229 0.0074
7520.0000 98.8420 0.0074
7525.0000 98.8458 0.0075
7530.0000 98.8388 0.0073
7535.0000 98.8258 0.0076
7540.0000 98.8180 0.0078
7545.0000 98.8253 0.0077
7550.0000 98.8167 0.0078
7555.0000 98.8217 0.0077
7560.0000 98.8349 0.0076
7565.0000 98.8329 0.0076
7570.0000 98.8482 0.0075
7575.0000 98.8501 0.0074
7580.0000 98.8520 0.0072
7585.0000 98.8449 0.0072
7590.0000 98.8442 0.0072
7595.0000 98.8598 0.0068
7600.0000 98.8318 0.0072
7605.0000 98.8250 0.0073
7610.0000 98.8120 0.0075
7615.0000 98.8042 0.0077
7620.0000 98.8356 0.0074
7625.0000 98.8218 0.0076
7630.0000 98.8041 0.0075
7635.0000 98.7660 0.0080
7640.0000 98.7106 0.0084
7645.0000 98.7178 0.0086
7650.0000 98.7292 0.0079
7655.0000 98.7250 0.0081
7660.0000 98.7006 0.0085
7665.0000 98.7086 0.0082
7670.0000 98.7026 0.0080
7675.0000 98.7048 0.0079
7680.0000 98.6665 0.0084
7685.0000 98.6504 0.0085
7690.0000 98.6270 0.0085
7695.0000 98.6465 0.0086
7700.0000 98.6558 0.0085
7705.0000 98.6021 0.0092
7710.0000 98.5678 0.0093
7715.0000 98.5381 0.0098
7720.0000 98.5752 0.0094
7725.0000 98.5598 0.0094
7730.0000 98.5687 0.0094
7735.0000 98.5610 0.0094
7740.0000 98.5431 0.0099
7745.0000 98.5448 0.0095
7750.0000 98.5250 0.0100
7755.0000 98.5255 0.0095
7760.0000 98.5115 0.0099
7765.0000 98.5038 0.0100
7770.0000 98.5187 0.0098
7775.0000 98.4872 0.0100
7780.0000 98.4849 0.0098
7785.0000 98.4923 0.0096
7790.0000 98.4706 0.0098
7795.0000 98.4619 0.0101
7800.0000 98.4589 0.0103
7805.0000 98.4482 0.0104
7810.0000 98.4421 0.0102
7815.0000 98.4479 0.0100
7820.0000 98.4259 0.0102
7825.0000 98.4358 0.0102
7830.0000 98.4036 0.0106
7835.0000 98.4208 0.0108
7840.0000 98.4328 0.0109
7845.0000 98.4242 0.0107
7850.0000 98.4037 0.0107
7855.0000 98.3801 0.0103
7860.0000 98.3756 0.0103
7865.0000 98.3701 0.0103
7870.0000 98.3411 0.0103
7875.0000 98.3393 0.0103
7880.0000 98.3601 0.0103
7885.0000 98.3572 0.0105
7890.0000 98.3623 0.0106
7895.0000 98.3151 0.0109
7900.0000 98.2979 0.0107
7905.0000 98.2599 0.0105
7910.0000 98.2660 0.0108
7915.0000 98.2551 0.0114
7920.0000 98.2507 0.0114
7925.0000 98.2564 0.0113
7930.0000 98.2137 0.0115
7935.0000 98.1839 0.0102
7940.0000 98.3210 0.0100
7945.0000 98.2875 0.0111
7950.0000 98.3059 0.0105
7955.0000 98.3142 0.0113
7960.0000 98.3451 0.0114
7965.0000 98.3747 0.0109
7970.0000 98.4100 0.0112
7975.0000 98.4382 0.0108
7980.0000 98.5002 0.0108
7985.0000 98.4885 0.0114
7990.0000 98.5463 0.0109
7995.0000 98.5951 0.0106
8000.0000 98.6191 0.0106
8005.0000 98.6079 0.0107
8010.0000 98.6420 0.0101
8015.0000 98.6305 0.0101
8020.0000 98.6603 0.0095
8025.0000 98.6574 0.0099
8030.0000 98.6949 0.0100
8035.0000 98.6925 0.0098
8040.0000 98.6549 0.0097
8045.0000 98.6776 0.0093
8050.0000 98.6245 0.0103
8055.0000 98.7012 0.0091
8060.0000 98.6356 0.0097
8065.0000 98.5897 0.0105
8070.0000 98.5637 0.0102
8075.0000 98.5567 0.0104
8080.0000 98.5634 0.0105
8085.0000 98.5773 0.0099
8090.0000 98.5805 0.0096
8095.0000 98.6375 0.0088
8100.0000 98.6251 0.0091
8105.0000 98.6247 0.0092
8110.0000 98.5767 0.0095
8115.0000 98.5754 0.0094
8120.0000 98.5970 0.0097
8125.0000 98.6006 0.0095
8130.0000 98.6485 0.0088
8135.0000 98.6107 0.0087
8140.0000 98.6032 0.0086
8145.0000 98.6148 0.0086
8150.0000 98.6161 0.0090
8155.0000 98.6006 0.0088
8160.0000 98.6275 0.0084
8165.0000 98.6104 0.0087
8170.0000 98.6163 0.0086
8175.0000 98.6165 0.0083
8180.0000 98.6055 0.0082
8185.0000 98.6567 0.0078
8190.0000 98.7121 0.0070
8195.0000 98.7532 0.0068
8200.0000 98.7523 0.0069
8205.0000 98.7494 0.0071
8210.0000 98.7732 0.0065
8215.0000 98.7503 0.0069
8220.0000 98.7596 0.0069
8225.0000 98.7529 0.0071
8230.0000 98.7650 0.0068
8235.0000 98.7479 0.0070
8240.0000 98.7669 0.0068
8245.0000 98.7520 0.0071
8250.0000 98.7758 0.0067
8255.0000 98.7757 0.0067
8260.0000 98.7643 0.0069
8265.0000 98.7660 0.0069
8270.0000 98.7598 0.0070
8275.0000 98.7475 0.0070
8280.0000 98.7451 0.0070
8285.0000 98.7457 0.0073
8290.0000 98.7373 0.0073
8295.0000 98.7321 0.0074
8300.0000 98.7007 0.0080
8305.0000 98.7231 0.0074
8310.0000 98.7101 0.0077
8315.0000 98.7130 0.0076
8320.0000 98.7129 0.0078
8325.0000 98.7032 0.0079
8330.0000 98.6669 0.0079
8335.0000 98.6710 0.0074
8340.0000 98.6465 0.0083
8345.0000 98.6358 0.0085
8350.0000 98.6042 0.0090
8355.0000 98.5959 0.0089
8360.0000 98.5817 0.0095
8365.0000 98.6127 0.0091
8370.0000 98.6696 0.0087
8375.0000 98.5816 0.0093
8380.0000 98.5294 0.0093
8385.0000 98.5844 0.0089
8390.0000 98.5330 0.0098
8395.0000 98.5149 0.0100
8400.0000 98.5229 0.0096
8405.0000 98.5816 0.0090
8410.0000 98.5621 0.0092
8415.0000 98.5681 0.0090
8420.0000 98.5687 0.0093
8425.0000 98.5926 0.0086
8430.0000 98.6012 0.0083
8435.0000 98.5262 0.0082
8440.0000 98.5117 0.0082
8445.0000 98.5374 0.0085
8450.0000 98.5094 0.0087
8455.0000 98.5072 0.0090
8460.0000 98.5360 0.0082
8465.0000 98.5638 0.0085
8470.0000 98.5718 0.0086
8475.0000 98.6071 0.0086
8480.0000 98.6506 0.0082
8485.0000 98.6522 0.0083
8490.0000 98.6717 0.0081
8495.0000 98.6966 0.0079
8500.0000 98.6478 0.0086
8505.0000 98.6350 0.0084
8510.0000 98.6411 0.0083
8515.0000 98.6119 0.0090
8520.0000 98.5872 0.0092
8525.0000 98.5953 0.0090
8530.0000 98.6230 0.0088
8535.0000 98.5922 0.0093
8540.0000 98.5724 0.0096
8545.0000 98.5693 0.0095
8550.0000 98.5805 0.0092
8555.0000 98.6183 0.0088
8560.0000 98.6315 0.0088
8565.0000 98.6586 0.0088
8570.0000 98.5885 0.0098
8575.0000 98.6366 0.0084
8580.0000 98.6422 0.0087
8585.0000 98.6496 0.0087
8590.0000 98.6639 0.0086
8595.0000 98.7322 0.0077
8600.0000 98.7245 0.0082
8605.0000 98.7178 0.0082
8610.0000 98.7137 0.0087
8615.0000 98.7556 0.0083
8620.0000 98.7662 0.0078
8625.0000 98.7830 0.0077
8630.0000 98.8188 0.0073
8635.0000 98.8116 0.0071
8640.0000 98.8164 0.0071
8645.0000 98.8089 0.0077
8650.0000 98.8332 0.0071
8655.0000 98.8047 0.0075
8660.0000 98.8067 0.0073
8665.0000 98.8027 0.0076
8670.0000 98.8191 0.0077
8675.0000 98.8181 0.0075
8680.0000 98.8284 0.0070
8685.0000 98.8452 0.0067
8690.0000 98.8526 0.0067
8695.0000 98.8393 0.0071
8700.0000 98.8426 0.0068
8705.0000 98.8511 0.0067
8710.0000 98.8371 0.0070
8715.0000 98.8325 0.0071
8720.0000 98.8479 0.0065
8725.0000 98.8472 0.0066
8730.0000 98.8437 0.0064
8735.0000 98.8405 0.0066
8740.0000 98.8423 0.0064
8745.0000 98.8297 0.0072
8750.0000 98.8428 0.0067
8755.0000 98.8357 0.0070
8760.0000 98.8176 0.0074
8765.0000 98.8139 0.0073
8770.0000 98.7899 0.0078
8775.0000 98.7586 0.0075
8780.0000 98.6860 0.0081
8785.0000 98.6731 0.0086
8790.0000 98.6445 0.0092
8795.0000 98.6522 0.0090
8800.0000 98.6292 0.0087
8805.0000 98.6119 0.0092
8810.0000 98.5564 0.0094
8815.0000 98.5900 0.0092
8820.0000 98.5388 0.0094
8825.0000 98.5416 0.0096
8830.0000 98.5248 0.0092
8835.0000 98.5309 0.0093
8840.0000 98.5487 0.0091
8845.0000 98.5602 0.0090
8850.0000 98.5351 0.0094
8855.0000 98.5911 0.0085
8860.0000 98.5607 0.0092
8865.0000 98.5742 0.0092
8870.0000 98.6182 0.0085
8875.0000 98.6129 0.0088
8880.0000 98.5980 0.0088
8885.0000 98.5724 0.0088
8890.0000 98.5832 0.0088
8895.0000 98.6310 0.0087
8900.0000 98.6047 0.0091
8905.0000 98.6657 0.0079
8910.0000 98.6918 0.0079
8915.0000 98.6656 0.0085
8920.0000 98.6442 0.0089
8925.0000 98.6309 0.0092
8930.0000 98.6290 0.0087
8935.0000 98.6052 0.0092
8940.0000 98.6320 0.0087
8945.0000 98.6012 0.0089
8950.0000 98.5741 0.0091
8955.0000 98.5555 0.0093
8960.0000 98.6105 0.0094
8965.0000 98.6097 0.0093
8970.0000 98.6276 0.0092
8975.0000 98.6357 0.0091
8980.0000 98.6131 0.0089
8985.0000 98.6468 0.0089
8990.0000 98.6092 0.0092
8995.0000 98.6245 0.0092
9000.0000 98.5834 0.0096
9005.0000 98.5172 0.0096
9010.0000 98.4796 0.0101
9015.0000 98.5232 0.0097
9020.0000 98.5467 0.0104
9025.0000 98.5183 0.0104
9030.0000 98.5445 0.0099
9035.0000 98.5298 0.0100
9040.0000 98.5127 0.0102
9045.0000 98.5236 0.0099
9050.0000 98.5409 0.0096
9055.0000 98.5464 0.0099
9060.0000 98.5390 0.0099
9065.0000 98.5222 0.0101
9070.0000 98.5059 0.0096
9075.0000 98.5047 0.0094
9080.0000 98.5182 0.0091
9085.0000 98.6077 0.0084
9090.0000 98.6016 0.0088
9095.0000 98.6090 0.0088
9100.0000 98.6258 0.0085
9105.0000 98.6365 0.0087
9110.0000 98.6146 0.0087
9115.0000 98.6349 0.0087
9120.0000 98.6467 0.0081
9125.0000 98.6270 0.0083
9130.0000 98.6321 0.0079
9135.0000 98.6497 0.0077
9140.0000 98.6582 0.0074
9145.0000 98.6316 0.0080
9150.0000 98.6405 0.0076
9155.0000 98.6637 0.0074
9160.0000 98.6289 0.0074
9165.0000 98.6403 0.0073
9170.0000 98.6273 0.0080
9175.0000 98.6540 0.0081
9180.0000 98.6336 0.0080
9185.0000 98.6492 0.0079
9190.0000 98.6267 0.0079
9195.0000 98.6038 0.0082
9200.0000 98.6145 0.0086
9205.0000 98.6055 0.0085
9210.0000 98.6108 0.0083
9215.0000 98.5850 0.0086
9220.0000 98.5800 0.0083
9225.0000 98.6059 0.0090
9230.0000 98.6047 0.0085
9235.0000 98.5960 0.0090
9240.0000 98.6217 0.0085
9245.0000 98.5771 0.0084
9250.0000 98.6163 0.0081
9255.0000 98.6429 0.0079
9260.0000 98.6565 0.0071
9265.0000 98.6519 0.0077
9270.0000 98.6397 0.0079
9275.0000 98.6032 0.0089
9280.0000 98.6093 0.0083
9285.0000 98.6108 0.0085
9290.0000 98.6358 0.0082
9295.0000 98.6382 0.0079
9300.0000 98.6441 0.0076
9305.0000 98.5988 0.0092
9310.0000 98.5748 0.0085
9315.0000 98.6205 0.0088
9320.0000 98.6340 0.0082
9325.0000 98.6144 0.0088
9330.0000 98.5851 0.0096
9335.0000 98.5667 0.0087
9340.0000 98.5029 0.0100
9345.0000 98.4841 0.0101
9350.0000 98.5514 0.0085
9355.0000 98.5432 0.0088
9360.0000 98.5736 0.0081
9365.0000 98.5717 0.0085
9370.0000 98.6195 0.0083
9375.0000 98.6581 0.0080
9380.0000 98.6534 0.0081
9385.0000 98.6828 0.0076
9390.0000 98.6817 0.0076
9395.0000 98.6435 0.0081
9400.0000 98.6516 0.0075
9405.0000 98.6723 0.0071
9410.0000 98.7114 0.0068
9415.0000 98.7223 0.0069
9420.0000 98.7262 0.0071
9425.0000 98.7631 0.0061
9430.0000 98.7492 0.0067
9435.0000 98.7398 0.0068
9440.0000 98.7439 0.0066
9445.0000 98.7610 0.0065
9450.0000 98.7606 0.0068
9455.0000 98.7801 0.0062
9460.0000 98.7636 0.0064
9465.0000 98.7676 0.0064
9470.0000 98.7679 0.0063
9475.0000 98.7559 0.0062
9480.0000 98.7583 0.0062
9485.0000 98.7507 0.0066
9490.0000 98.7635 0.0066
9495.0000 98.7469 0.0065
9500.0000 98.7604 0.0067
9505.0000 98.7570 0.0065
9510.0000 98.7520 0.0066
9515.0000 98.7431 0.0067
9520.0000 98.7270 0.0069
9525.0000 98.7255 0.0070
9530.0000 98.7125 0.0072
9535.0000 98.6743 0.0076
9540.0000 98.6572 0.0076
9545.0000 98.6615 0.0077
9550.0000 98.6416 0.0082
9555.0000 98.6344 0.0085
9560.0000 98.6570 0.0082
9565.0000 98.6244 0.0082
9570.0000 98.6511 0.0080
9575.0000 98.6247 0.0080
9580.0000 98.6358 0.0083
9585.0000 98.6160 0.0085
9590.0000 98.6107 0.0085
9595.0000 98.5214 0.0091
9600.0000 98.5362 0.0092
9605.0000 98.5942 0.0082
9610.0000 98.5974 0.0082
9615.0000 98.6011 0.0083
9620.0000 98.6030 0.0084
9625.0000 98.6042 0.0082
9630.0000 98.6186 0.0084
9635.0000 98.6700 0.0080
9640.0000 98.6471 0.0079
9645.0000 98.6574 0.0077
9650.0000 98.6563 0.0077
9655.0000 98.6484 0.0075
9660.0000 98.6319 0.0079
9665.0000 98.6450 0.0080
9670.0000 98.6839 0.0073
9675.0000 98.6429 0.0084
9680.0000 98.6603 0.0079
9685.0000 98.6839 0.0076
9690.0000 98.7049 0.0072
9695.0000 98.6966 0.0075
9700.0000 98.6973 0.0076
9705.0000 98.6485 0.0082
9710.0000 98.6844 0.0079
9715.0000 98.6939 0.0077
9720.0000 98.6671 0.0081
9725.0000 98.6750 0.0080
9730.0000 98.6711 0.0078
9735.0000 98.6622 0.0079
9740.0000 98.6454 0.0079
9745.0000 98.6410 0.0080
9750.0000 98.6279 0.0080
9755.0000 98.6001 0.0082
9760.0000 98.6210 0.0083
9765.0000 98.6260 0.0086
9770.0000 98.5762 0.0092
9775.0000 98.4946 0.0098
9780.0000 98.5129 0.0097
9785.0000 98.4936 0.0100
9790.0000 98.4985 0.0097
9795.0000 98.5092 0.0099
9800.0000 98.5497 0.0088
9805.0000 98.5158 0.0095
9810.0000 98.5336 0.0090
9815.0000 98.5572 0.0097
9820.0000 98.5382 0.0100
9825.0000 98.5391 0.0102
9830.0000 98.5305 0.0098
9835.0000 98.4922 0.0100
9840.0000 98.4905 0.0097
9845.0000 98.4724 0.0106
9850.0000 98.4838 0.0102
9855.0000 98.4819 0.0099
9860.0000 98.4923 0.0097
9865.0000 98.5057 0.0096
9870.0000 98.5395 0.0097
9875.0000 98.5422 0.0095
9880.0000 98.5340 0.0097
9885.0000 98.5013 0.0094
9890.0000 98.4395 0.0093
9895.0000 98.3921 0.0097
9900.0000 98.3540 0.0096
9905.0000 98.4203 0.0098
9910.0000 98.4087 0.0104
9915.0000 98.4853 0.0101
9920.0000 98.4506 0.0105
9925.0000 98.4760 0.0105
9930.0000 98.5511 0.0090
9935.0000 98.5453 0.0093
9940.0000 98.5381 0.0095
9945.0000 98.5851 0.0095
9950.0000 98.5445 0.0097
9955.0000 98.5095 0.0101
9960.0000 98.5606 0.0096
9965.0000 98.5423 0.0101
9970.0000 98.5498 0.0093
9975.0000 98.5280 0.0099
9980.0000 98.5272 0.0098
9985.0000 98.5552 0.0094
9990.0000 98.5921 0.0085
9995.0000 98.5744 0.0087
10000.0000 98.5580 0.0090
10005.0000 98.5378 0.0096
10010.0000 98.5271 0.0095
10015.0000 98.4721 0.0097
10020.0000 98.4860 0.0102
10025.0000 98.4571 0.0099
10030.0000 98.4721 0.0107
10035.0000 98.5263 0.0101
10040.0000 98.4823 0.0114
10045.0000 98.4978 0.0113
10050.0000 98.4869 0.0114
10055.0000 98.4681 0.0110
10060.0000 98.4184 0.0117
10065.0000 98.3898 0.0114
10070.0000 98.4126 0.0107
10075.0000 98.3772 0.0112
10080.0000 98.4006 0.0111
10085.0000 98.3757 0.0115
10090.0000 98.4000 0.0112
10095.0000 98.3900 0.0114
10100.0000 98.3286 0.0117
10105.0000 98.4054 0.0107
10110.0000 98.3715 0.0119
10115.0000 98.2924 0.0126
10120.0000 98.3450 0.0117
10125.0000 98.3424 0.0116
10130.0000 98.3942 0.0109
10135.0000 98.3829 0.0114
10140.0000 98.3817 0.0115
10145.0000 98.4228 0.0102
10150.0000 98.4183 0.0114
10155.0000 98.4454 0.0111
10160.0000 98.4847 0.0106
10165.0000 98.5026 0.0107
10170.0000 98.5145 0.0104
10175.0000 98.5359 0.0100
10180.0000 98.5594 0.0102
10185.0000 98.5599 0.0104
10190.0000 98.6177 0.0095
10195.0000 98.6273 0.0095
10200.0000 98.6332 0.0098
10205.0000 98.6200 0.0099
10210.0000 98.6538 0.0087
10215.0000 98.6367 0.0089
10220.0000 98.6754 0.0083
10225.0000 98.6733 0.0087
10230.0000 98.6839 0.0086
10235.0000 98.6888 0.0090
10240.0000 98.7275 0.0086
10245.0000 98.7356 0.0083
10250.0000 98.7408 0.0083
10255.0000 98.7426 0.0082
10260.0000 98.7179 0.0083
10265.0000 98.7537 0.0083
10270.0000 98.7360 0.0084
10275.0000 98.6912 0.0094
10280.0000 98.7150 0.0085
10285.0000 98.7433 0.0079
10290.0000 98.7403 0.0082
10295.0000 98.7528 0.0079
10300.0000 98.7676 0.0080
10305.0000 98.7914 0.0075
10310.0000 98.7931 0.0077
10315.0000 98.7425 0.0084
10320.0000 98.7372 0.0080
10325.0000 98.7177 0.0080
10330.0000 98.7018 0.0087
10335.0000 98.6766 0.0088
10340.0000 98.6774 0.0088
10345.0000 98.7339 0.0077
10350.0000 98.7068 0.0081
10355.0000 98.6677 0.0084
10360.0000 98.6534 0.0083
10365.0000 98.6383 0.0085
10370.0000 98.6432 0.0084
10375.0000 98.6410 0.0083
10380.0000 98.6612 0.0081
10385.0000 98.7038 0.0078
10390.0000 98.7188 0.0074
10395.0000 98.7492 0.0071
10400.0000 98.7475 0.0075
10405.0000 98.7388 0.0075
10410.0000 98.7067 0.0079
10415.0000 98.7236 0.0072
10420.0000 98.7238 0.0074
10425.0000 98.7664 0.0073
10430.0000 98.7552 0.0076
10435.0000 98.7477 0.0076
10440.0000 98.7515 0.0075
10445.0000 98.7876 0.0072
10450.0000 98.7761 0.0075
10455.0000 98.7881 0.0073
10460.0000 98.7666 0.0074
10465.0000 98.7524 0.0076
10470.0000 98.7895 0.0071
10475.0000 98.7878 0.0072
10480.0000 98.7636 0.0076
10485.0000 98.7511 0.0073
10490.0000 98.7646 0.0072
10495.0000 98.7856 0.0067
10500.0000 98.7782 0.0068
10505.0000 98.7941 0.0070
10510.0000 98.7923 0.0066
10515.0000 98.8192 0.0065
10520.0000 98.8212 0.0063
10525.0000 98.8066 0.0067
10530.0000 98.8106 0.0065
10535.0000 98.7976 0.0067
10540.0000 98.8212 0.0063
10545.0000 98.8194 0.0064
10550.0000 98.8107 0.0065
10555.0000 98.8128 0.0065
10560.0000 98.8113 0.0065
10565.0000 98.7976 0.0067
10570.0000 98.7761 0.0073
10575.0000 98.7841 0.0071
10580.0000 98.7578 0.0071
10585.0000 98.7566 0.0077
10590.0000 98.7373 0.0081
10595.0000 98.6881 0.0086
10600.0000 98.7410 0.0076
10605.0000 98.7333 0.0076
10610.0000 98.7102 0.0078
10615.0000 98.6934 0.0080
10620.0000 98.6111 0.0091
10625.0000 98.5615 0.0089
10630.0000 98.5696 0.0083
10635.0000 98.5383 0.0088
10640.0000 98.5170 0.0083
10645.0000 98.4686 0.0099
10650.0000 98.5399 0.0090
10655.0000 98.4518 0.0091
10660.0000 98.3900 0.0096
10665.0000 98.4182 0.0105
10670.0000 98.4309 0.0098
10675.0000 98.4032 0.0104
10680.0000 98.3992 0.0096
10685.0000 98.3759 0.0102
10690.0000 98.3863 0.0102
10695.0000 98.4346 0.0100
10700.0000 98.4502 0.0103
10705.0000 98.4507 0.0101
10710.0000 98.4306 0.0104
10715.0000 98.4683 0.0099
10720.0000 98.5060 0.0094
10725.0000 98.5369 0.0092
10730.0000 98.5381 0.0091
10735.0000 98.4952 0.0096
10740.0000 98.5004 0.0094
10745.0000 98.5103 0.0094
10750.0000 98.5098 0.0092
10755.0000 98.5264 0.0095
10760.0000 98.5826 0.0086
10765.0000 98.5861 0.0094
10770.0000 98.6291 0.0089
10775.0000 98.5987 0.0087
10780.0000 98.6248 0.0085
10785.0000 98.6274 0.0085
10790.0000 98.6490 0.0085
10795.0000 98.6662 0.0083
10800.0000 98.6976 0.0076
10805.0000 98.6629 0.0080
10810.0000 98.6810 0.0081
10815.0000 98.6908 0.0078
10820.0000 98.6988 0.0076
10825.0000 98.6914 0.0080
10830.0000 98.7010 0.0079
10835.0000 98.6896 0.0083
10840.0000 98.6817 0.0086
10845.0000 98.6608 0.0085
10850.0000 98.6582 0.0080
10855.0000 98.6526 0.0082
10860.0000 98.6397 0.0083
10865.0000 98.6562 0.0081
10870.0000 98.6213 0.0088
10875.0000 98.5540 0.0100
10880.0000 98.5099 0.0097
10885.0000 98.4853 0.0102
10890.0000 98.4846 0.0096
10895.0000 98.5031 0.0096
10900.0000 98.5175 0.0094
10905.0000 98.5047 0.0100
10910.0000 98.5179 0.0091
10915.0000 98.4690 0.0093
10920.0000 98.4580 0.0099
10925.0000 98.4454 0.0097
10930.0000 98.4151 0.0100
10935.0000 98.3451 0.0100
10940.0000 98.3351 0.0105
10945.0000 98.2956 0.0109
10950.0000 98.2782 0.0114
10955.0000 98.3871 0.0113
10960.0000 98.4852 0.0100
10965.0000 98.4329 0.0106
10970.0000 98.4871 0.0106
10975.0000 98.4872 0.0109
10980.0000 98.4822 0.0113
10985.0000 98.5083 0.0109
10990.0000 98.5047 0.0108
10995.0000 98.4831 0.0111
11000.0000 98.5485 0.0106
11005.0000 98.5376 0.0101
11010.0000 98.5287 0.0100
11015.0000 98.5839 0.0097
11020.0000 98.6021 0.0096
11025.0000 98.5831 0.0097
11030.0000 98.6050 0.0095
11035.0000 98.6227 0.0093
11040.0000 98.6276 0.0090
11045.0000 98.6688 0.0086
11050.0000 98.6685 0.0089
11055.0000 98.6992 0.0083
11060.0000 98.6813 0.0087
11065.0000 98.7008 0.0081
11070.0000 98.6815 0.0084
11075.0000 98.7029 0.0079
11080.0000 98.6926 0.0083
11085.0000 98.7177 0.0083
11090.0000 98.7039 0.0086
11095.0000 98.7301 0.0082
11100.0000 98.7687 0.0077
11105.0000 98.7461 0.0082
11110.0000 98.7340 0.0086
11115.0000 98.7652 0.0082
11120.0000 98.7406 0.0081
11125.0000 98.7502 0.0080
11130.0000 98.7198 0.0083
11135.0000 98.7052 0.0082
11140.0000 98.6982 0.0085
11145.0000 98.6945 0.0084
11150.0000 98.6680 0.0087
11155.0000 98.7091 0.0089
11160.0000 98.6320 0.0092
11165.0000 98.5693 0.0096
11170.0000 98.5373 0.0101
11175.0000 98.5615 0.0096
11180.0000 98.5412 0.0098
11185.0000 98.5312 0.0099
11190.0000 98.5859 0.0091
11195.0000 98.5635 0.0096
11200.0000 98.5244 0.0102
11205.0000 98.5438 0.0096
11210.0000 98.5311 0.0099
11215.0000 98.5164 0.0104
11220.0000 98.4570 0.0105
11225.0000 98.4401 0.0113
11230.0000 98.4405 0.0112
11235.0000 98.4362 0.0116
11240.0000 98.4448 0.0115
11245.0000 98.4050 0.0110
11250.0000 98.4055 0.0116
11255.0000 98.3400 0.0124
11260.0000 98.3773 0.0114
11265.0000 98.3676 0.0117
11270.0000 98.3893 0.0119
11275.0000 98.4121 0.0113
11280.0000 98.3648 0.0112
11285.0000 98.4023 0.0108
11290.0000 98.4040 0.0107
11295.0000 98.3740 0.0108
11300.0000 98.3475 0.0105
11305.0000 98.3500 0.0106
11310.0000 98.3844 0.0114
11315.0000 98.3787 0.0118
11320.0000 98.3927 0.0112
11325.0000 98.3857 0.0120
11330.0000 98.4032 0.0121
11335.0000 98.4474 0.0118
11340.0000 98.5013 0.0112
11345.0000 98.5196 0.0105
11350.0000 98.5537 0.0103
11355.0000 98.4986 0.0106
11360.0000 98.4845 0.0108
11365.0000 98.5218 0.0103
11370.0000 98.4757 0.0102
11375.0000 98.5123 0.0107
11380.0000 98.4803 0.0106
11385.0000 98.5300 0.0106
11390.0000 98.5355 0.0102
11395.0000 98.5019 0.0107
11400.0000 98.5066 0.0107
11405.0000 98.4925 0.0113
11410.0000 98.5261 0.0113
11415.0000 98.4837 0.0109
11420.0000 98.4200 0.0119
11425.0000 98.4625 0.0106
11430.0000 98.5033 0.0112
11435.0000 98.4993 0.0111
11440.0000 98.4844 0.0106
11445.0000 98.5321 0.0100
11450.0000 98.5307 0.0105
11455.0000 98.6041 0.0095
11460.0000 98.5894 0.0100
11465.0000 98.5944 0.0102
11470.0000 98.5892 0.0093
11475.0000 98.6043 0.0095
11480.0000 98.6162 0.0100
11485.0000 98.6807 0.0087
11490.0000 98.6735 0.0087
11495.0000 98.6461 0.0089
11500.0000 98.6900 0.0090
11505.0000 98.7319 0.0083
11510.0000 98.7378 0.0081
11515.0000 98.7300 0.0080
11520.0000 98.7598 0.0076
11525.0000 98.7537 0.0077
11530.0000 98.7486 0.0078
11535.0000 98.7678 0.0075
11540.0000 98.7480 0.0077
11545.0000 98.7577 0.0075
11550.0000 98.7481 0.0075
11555.0000 98.7664 0.0074
11560.0000 98.7397 0.0079
11565.0000 98.7682 0.0072
11570.0000 98.7578 0.0076
11575.0000 98.7617 0.0077
11580.0000 98.7770 0.0073
11585.0000 98.7798 0.0072
11590.0000 98.7788 0.0073
11595.0000 98.7929 0.0068
11600.0000 98.8282 0.0064
11605.0000 98.8145 0.0067
11610.0000 98.8070 0.0068
11615.0000 98.7999 0.0068
11620.0000 98.8238 0.0061
11625.0000 98.8114 0.0065
11630.0000 98.8245 0.0063
11635.0000 98.8145 0.0062
11640.0000 98.8071 0.0065
11645.0000 98.8118 0.0064
11650.0000 98.8007 0.0066
11655.0000 98.8008 0.0064
11660.0000 98.8018 0.0062
11665.0000 98.8131 0.0061
11670.0000 98.8130 0.0062
11675.0000 98.8142 0.0063
11680.0000 98.8357 0.0058
11685.0000 98.8539 0.0057
11690.0000 98.8334 0.0062
11695.0000 98.8358 0.0060
11700.0000 98.8428 0.0059
11705.0000 98.8447 0.0058
11710.0000 98.8335 0.0061
11715.0000 98.8344 0.0059
11720.0000 98.8481 0.0055
11725.0000 98.8589 0.0055
11730.0000 98.8763 0.0055
11735.0000 98.8612 0.0059
11740.0000 98.8608 0.0058
11745.0000 98.8396 0.0060
11750.0000 98.8574 0.0058
11755.0000 98.8337 0.0062
11760.0000 98.8246 0.0061
11765.0000 98.8248 0.0061
11770.0000 98.8194 0.0061
11775.0000 98.8536 0.0060
11780.0000 98.8428 0.0062
11785.0000 98.8389 0.0066
11790.0000 98.8225 0.0069
11795.0000 98.8130 0.0073
11800.0000 98.8219 0.0071
11805.0000 98.8268 0.0069
11810.0000 98.8347 0.0071
11815.0000 98.8526 0.0070
11820.0000 98.8320 0.0074
11825.0000 98.8438 0.0068
11830.0000 98.8301 0.0072
11835.0000 98.8266 0.0075
11840.0000 98.8287 0.0071
11845.0000 98.8137 0.0074
11850.0000 98.7931 0.0075
11855.0000 98.7712 0.0076
11860.0000 98.7519 0.0075
11865.0000 98.7415 0.0073
11870.0000 98.7553 0.0069
11875.0000 98.7649 0.0069
11880.0000 98.7647 0.0074
11885.0000 98.7833 0.0069
11890.0000 98.7816 0.0072
11895.0000 98.7725 0.0072
11900.0000 98.7782 0.0069
11905.0000 98.7492 0.0074
11910.0000 98.7624 0.0071
11915.0000 98.7603 0.0074
11920.0000 98.7702 0.0073
11925.0000 98.7878 0.0068
11930.0000 98.7945 0.0071
11935.0000 98.7984 0.0067
11940.0000 98.8133 0.0063
11945.0000 98.8061 0.0067
11950.0000 98.7761 0.0074
11955.0000 98.7605 0.0077
11960.0000 98.7355 0.0080
11965.0000 98.7258 0.0083
11970.0000 98.7018 0.0088
11975.0000 98.6979 0.0082
11980.0000 98.7032 0.0084
11985.0000 98.6689 0.0083
11990.0000 98.6539 0.0089
11995.0000 98.6223 0.0100
12000.0000 98.6242 0.0091
12005.0000 98.5431 0.0099
12010.0000 98.5106 0.0094
12015.0000 98.4762 0.0101
12020.0000 98.5090 0.0097
12025.0000 98.4791 0.0097
12030.0000 98.5226 0.0095
12035.0000 98.4837 0.0098
12040.0000 98.4934 0.0089
12045.0000 98.4539 0.0095
12050.0000 98.4512 0.0097
12055.0000 98.4041 0.0100
12060.0000 98.4010 0.0097
12065.0000 98.4018 0.0089
12070.0000 98.3977 0.0100
12075.0000 98.3903 0.0096
12080.0000 98.3908 0.0096
12085.0000 98.4296 0.0095
12090.0000 98.3448 0.0103
12095.0000 98.4286 0.0088
12100.0000 98.4748 0.0086
12105.0000 98.5142 0.0089
12110.0000 98.5170 0.0096
12115.0000 98.5447 0.0094
12120.0000 98.5846 0.0090
12125.0000 98.5600 0.0094
12130.0000 98.5166 0.0095
12135.0000 98.5590 0.0094
12140.0000 98.5665 0.0096
12145.0000 98.5379 0.0097
12150.0000 98.5467 0.0098
12155.0000 98.5296 0.0093
12160.0000 98.4991 0.0101
12165.0000 98.4773 0.0100
12170.0000 98.4858 0.0102
12175.0000 98.5763 0.0092
12180.0000 98.6019 0.0098
12185.0000 98.6448 0.0089
12190.0000 98.6517 0.0088
12195.0000 98.6655 0.0083
12200.0000 98.6570 0.0086
12205.0000 98.6318 0.0096
12210.0000 98.6618 0.0093
12215.0000 98.6637 0.0088
12220.0000 98.6198 0.0098
12225.0000 98.6208 0.0098
12230.0000 98.6558 0.0088
12235.0000 98.6519 0.0088
12240.0000 98.6288 0.0086
12245.0000 98.6493 0.0088
12250.0000 98.6835 0.0083
12255.0000 98.7208 0.0078
12260.0000 98.7090 0.0081
12265.0000 98.7099 0.0082
12270.0000 98.7115 0.0085
12275.0000 98.6938 0.0087
12280.0000 98.7039 0.0082
12285.0000 98.6409 0.0094
12290.0000 98.6467 0.0097
12295.0000 98.6785 0.0091
12300.0000 98.6780 0.0094
12305.0000 98.7231 0.0089
12310.0000 98.7542 0.0084
12315.0000 98.7783 0.0081
12320.0000 98.7562 0.0084
12325.0000 98.7482 0.0083
12330.0000 98.7219 0.0085
12335.0000 98.7521 0.0083
12340.0000 98.7411 0.0086
12345.0000 98.6914 0.0093
12350.0000 98.6522 0.0094
12355.0000 98.6817 0.0090
12360.0000 98.6890 0.0087
12365.0000 98.7061 0.0085
12370.0000 98.7043 0.0086
12375.0000 98.6926 0.0088
12380.0000 98.6667 0.0088
12385.0000 98.6832 0.0087
12390.0000 98.6773 0.0090
12395.0000 98.6431 0.0092
12400.0000 98.6686 0.0093
12405.0000 98.7279 0.0083
12410.0000 98.6842 0.0086
12415.0000 98.7292 0.0085
12420.0000 98.7043 0.0082
12425.0000 98.7219 0.0079
12430.0000 98.7546 0.0076
12435.0000 98.7082 0.0086
12440.0000 98.7155 0.0088
12445.0000 98.7471 0.0084
12450.0000 98.7307 0.0082
12455.0000 98.7754 0.0074
12460.0000 98.7253 0.0082
12465.0000 98.7246 0.0082
12470.0000 98.7248 0.0086
12475.0000 98.7273 0.0082
12480.0000 98.7546 0.0079
12485.0000 98.7767 0.0075
12490.0000 98.7887 0.0071
12495.0000 98.7902 0.0070
12500.0000 98.7935 0.0067
12505.0000 98.8087 0.0064
12510.0000 98.7897 0.0070
12515.0000 98.7829 0.0072
12520.0000 98.7721 0.0073
12525.0000 98.7660 0.0074
12530.0000 98.7794 0.0074
12535.0000 98.7652 0.0077
12540.0000 98.7668 0.0075
12545.0000 98.7683 0.0075
12550.0000 98.7542 0.0077
12555.0000 98.7504 0.0076
12560.0000 98.7387 0.0079
12565.0000 98.7461 0.0080
12570.0000 98.7200 0.0081
12575.0000 98.7012 0.0083
12580.0000 98.6608 0.0088
12585.0000 98.6772 0.0085
12590.0000 98.6564 0.0091
12595.0000 98.5917 0.0099
12600.0000 98.5810 0.0099
12605.0000 98.5901 0.0099
12610.0000 98.5829 0.0100
12615.0000 98.5888 0.0091
12620.0000 98.5943 0.0093
12625.0000 98.6059 0.0090
12630.0000 98.6164 0.0087
12635.0000 98.6463 0.0087
12640.0000 98.6607 0.0088
12645.0000 98.6647 0.0088
12650.0000 98.6894 0.0087
12655.0000 98.6691 0.0085
12660.0000 98.6864 0.0087
12665.0000 98.7083 0.0087
12670.0000 98.6729 0.0090
12675.0000 98.6686 0.0090
12680.0000 98.6685 0.0084
12685.0000 98.7548 0.0073
12690.0000 98.7370 0.0078
12695.0000 98.7613 0.0077
12700.0000 98.7675 0.0077
12705.0000 98.7678 0.0072
12710.0000 98.7825 0.0071
12715.0000 98.8137 0.0066
12720.0000 98.8240 0.0067
12725.0000 98.8083 0.0069
12730.0000 98.8077 0.0071
12735.0000 98.8186 0.0069
12740.0000 98.8426 0.0065
12745.0000 98.8731 0.0063
12750.0000 98.8510 0.0067
12755.0000 98.8633 0.0065
12760.0000 98.8542 0.0066
12765.0000 98.8743 0.0060
12770.0000 98.8701 0.0062
12775.0000 98.8693 0.0061
12780.0000 98.8683 0.0062
12785.0000 98.8789 0.0060
12790.0000 98.8747 0.0063
12795.0000 98.8721 0.0062
12800.0000 98.8594 0.0066
12805.0000 98.8719 0.0064
12810.0000 98.8781 0.0063
12815.0000 98.8648 0.0062
12820.0000 98.8565 0.0067
12825.0000 98.8540 0.0068
12830.0000 98.8349 0.0070
12835.0000 98.7998 0.0074
12840.0000 98.8252 0.0069
12845.0000 98.8317 0.0069
12850.0000 98.8038 0.0069
12855.0000 98.7940 0.0072
12860.0000 98.7542 0.0073
12865.0000 98.7847 0.0066
12870.0000 98.7540 0.0070
12875.0000 98.7458 0.0075
12880.0000 98.6959 0.0084
12885.0000 98.7348 0.0078
12890.0000 98.6919 0.0084
12895.0000 98.6382 0.0088
12900.0000 98.6656 0.0082
12905.0000 98.6331 0.0093
12910.0000 98.6734 0.0083
12915.0000 98.6670 0.0085
12920.0000 98.6244 0.0091
12925.0000 98.6052 0.0093
12930.0000 98.6275 0.0087
12935.0000 98.6383 0.0085
12940.0000 98.6613 0.0083
12945.0000 98.7093 0.0077
12950.0000 98.6973 0.0080
12955.0000 98.7398 0.0078
12960.0000 98.7317 0.0076
12965.0000 98.7202 0.0077
12970.0000 98.7339 0.0072
12975.0000 98.7334 0.0071
12980.0000 98.7525 0.0070
12985.0000 98.7886 0.0067
12990.0000 98.8125 0.0065
12995.0000 98.7831 0.0068
13000.0000 98.7845 0.0070
13005.0000 98.7851 0.0065
13010.0000 98.7655 0.0069
13015.0000 98.7871 0.0067
13020.0000 98.7555 0.0074
13025.0000 98.8047 0.0070
13030.0000 98.7815 0.0077
13035.0000 98.7896 0.0073
13040.0000 98.7753 0.0076
13045.0000 98.7639 0.0077
13050.0000 98.7329 0.0081
13055.0000 98.7485 0.0070
13060.0000 98.7550 0.0073
13065.0000 98.7442 0.0077
13070.0000 98.6982 0.0083
13075.0000 98.6822 0.0082
13080.0000 98.6545 0.0087
13085.0000 98.6695 0.0085
13090.0000 98.6986 0.0084
13095.0000 98.7101 0.0081
13100.0000 98.6547 0.0086
13105.0000 98.6268 0.0094
13110.0000 98.6037 0.0088
13115.0000 98.5703 0.0092
13120.0000 98.5572 0.0096
13125.0000 98.5597 0.0096
13130.0000 98.5281 0.0095
13135.0000 98.5391 0.0095
13140.0000 98.5573 0.0096
13145.0000 98.4867 0.0101
13150.0000 98.4863 0.0097
13155.0000 98.5129 0.0100
13160.0000 98.5043 0.0102
13165.0000 98.5135 0.0098
13170.0000 98.5528 0.0101
13175.0000 98.5431 0.0103
13180.0000 98.5082 0.0109
13185.0000 98.5557 0.0106
13190.0000 98.5287 0.0109
13195.0000 98.5573 0.0099
13200.0000 98.5747 0.0104
13205.0000 98.5692 0.0105
13210.0000 98.5544 0.0109
13215.0000 98.5189 0.0115
13220.0000 98.5406 0.0109
13225.0000 98.5383 0.0112
13230.0000 98.5731 0.0098
13235.0000 98.5336 0.0103
13240.0000 98.5307 0.0100
13245.0000 98.5336 0.0105
13250.0000 98.5398 0.0110
13255.0000 98.5144 0.0107
13260.0000 98.4925 0.0110
13265.0000 98.4800 0.0108
13270.0000 98.5073 0.0109
13275.0000 98.5541 0.0108
13280.0000 98.5770 0.0105
13285.0000 98.5626 0.0107
13290.0000 98.6044 0.0101
13295.0000 98.6076 0.0099
13300.0000 98.6316 0.0093
13305.0000 98.6608 0.0086
13310.0000 98.6810 0.0084
13315.0000 98.6883 0.0090
13320.0000 98.7094 0.0083
13325.0000 98.7060 0.0083
13330.0000 98.7098 0.0083
13335.0000 98.6638 0.0091
13340.0000 98.6838 0.0084
13345.0000 98.6776 0.0085
13350.0000 98.6635 0.0094
13355.0000 98.6027 0.0097
13360.0000 98.6141 0.0100
13365.0000 98.6188 0.0096
13370.0000 98.6094 0.0096
13375.0000 98.6051 0.0094
13380.0000 98.5734 0.0099
13385.0000 98.5508 0.0096
13390.0000 98.5844 0.0097
13395.0000 98.5800 0.0098
13400.0000 98.6057 0.0094
13405.0000 98.5845 0.0099
13410.0000 98.5535 0.0102
13415.0000 98.5397 0.0100
13420.0000 98.5376 0.0098
13425.0000 98.5135 0.0102
13430.0000 98.5295 0.0097
13435.0000 98.4854 0.0105
13440.0000 98.5539 0.0092
13445.0000 98.5035 0.0103
13450.0000 98.5599 0.0095
13455.0000 98.5931 0.0096
13460.0000 98.5314 0.0102
13465.0000 98.5480 0.0098
13470.0000 98.5896 0.0086
13475.0000 98.5930 0.0085
13480.0000 98.6002 0.0089
13485.0000 98.5536 0.0096
13490.0000 98.6071 0.0094
13495.0000 98.5924 0.0085
13500.0000 98.5732 0.0089
13505.0000 98.5714 0.0082
13510.0000 98.5897 0.0090
13515.0000 98.5628 0.0101
13520.0000 98.5802 0.0096
13525.0000 98.6510 0.0091
13530.0000 98.6712 0.0082
13535.0000 98.6756 0.0085
13540.0000 98.6709 0.0085
13545.0000 98.7100 0.0079
13550.0000 98.7100 0.0085
13555.0000 98.7077 0.0087
13560.0000 98.6883 0.0085
13565.0000 98.6977 0.0081
13570.0000 98.7085 0.0084
13575.0000 98.7245 0.0079
13580.0000 98.7554 0.0070
13585.0000 98.7922 0.0068
13590.0000 98.7718 0.0069
13595.0000 98.7672 0.0072
13600.0000 98.7499 0.0074
13605.0000 98.7540 0.0071
13610.0000 98.7640 0.0069
13615.0000 98.7846 0.0064
13620.0000 98.7646 0.0065
13625.0000 98.7354 0.0069
13630.0000 98.7695 0.0062
13635.0000 98.7553 0.0064
13640.0000 98.7532 0.0067
13645.0000 98.7457 0.0066
13650.0000 98.7388 0.0067
13655.0000 98.7627 0.0062
13660.0000 98.7822 0.0056
13665.0000 98.7859 0.0061
13670.0000 98.7748 0.0062
13675.0000 98.7920 0.0059
13680.0000 98.7966 0.0058
13685.0000 98.8045 0.0057
13690.0000 98.8027 0.0059
13695.0000 98.7909 0.0063
13700.0000 98.7827 0.0064
13705.0000 98.8040 0.0064
13710.0000 98.8166 0.0059
13715.0000 98.8045 0.0062
13720.0000 98.7931 0.0065
13725.0000 98.7939 0.0068
13730.0000 98.7805 0.0066
13735.0000 98.7675 0.0071
13740.0000 98.7839 0.0069
13745.0000 98.7425 0.0075
13750.0000 98.7402 0.0077
13755.0000 98.7501 0.0075
13760.0000 98.7468 0.0075
13765.0000 98.7277 0.0078
13770.0000 98.7275 0.0077
13775.0000 98.7068 0.0079
13780.0000 98.6625 0.0082
13785.0000 98.6688 0.0077
13790.0000 98.6715 0.0075
13795.0000 98.6875 0.0077
13800.0000 98.6956 0.0076
13805.0000 98.7032 0.0073
13810.0000 98.7402 0.0073
13815.0000 98.7339 0.0073
13820.0000 98.7252 0.0077
13825.0000 98.7028 0.0079
13830.0000 98.6915 0.0084
13835.0000 98.6767 0.0088
13840.0000 98.7563 0.0079
13845.0000 98.7087 0.0087
13850.0000 98.7451 0.0084
13855.0000 98.7555 0.0080
13860.0000 98.7805 0.0077
13865.0000 98.7782 0.0073
13870.0000 98.8116 0.0071
13875.0000 98.8043 0.0073
13880.0000 98.7913 0.0076
13885.0000 98.8203 0.0073
13890.0000 98.8234 0.0074
13895.0000 98.8355 0.0071
13900.0000 98.8448 0.0069
13905.0000 98.8725 0.0067
13910.0000 98.8518 0.0071
13915.0000 98.8443 0.0071
13920.0000 98.8757 0.0067
13925.0000 98.8880 0.0069
13930.0000 98.8711 0.0072
13935.0000 98.8821 0.0070
13940.0000 98.8604 0.0072
13945.0000 98.8625 0.0072
13950.0000 98.8604 0.0073
13955.0000 98.8564 0.0074
13960.0000 98.8759 0.0072
13965.0000 98.8893 0.0069
13970.0000 98.9206 0.0064
13975.0000 98.8975 0.0069
13980.0000 98.9096 0.0065
13985.0000 98.9079 0.0065
13990.0000 98.8955 0.0069
13995.0000 98.9011 0.0068
14000.0000 98.9180 0.0065
14005.0000 98.9311 0.0062
14010.0000 98.9220 0.0064
14015.0000 98.8752 0.0075
14020.0000 98.8436 0.0080
14025.0000 98.7968 0.0082
14030.0000 98.7919 0.0083
14035.0000 98.7800 0.0084
14040.0000 98.7909 0.0078
14045.0000 98.7987 0.0079
14050.0000 98.7500 0.0082
14055.0000 98.7336 0.0079
14060.0000 98.6919 0.0087
14065.0000 98.6844 0.0087
14070.0000 98.6434 0.0091
14075.0000 98.5956 0.0101
14080.0000 98.5214 0.0100
14085.0000 98.5284 0.0096
14090.0000 98.4827 0.0106
14095.0000 98.5041 0.0105
14100.0000 98.4572 0.0112
14105.0000 98.4355 0.0108
14110.0000 98.4569 0.0103
14115.0000 98.4680 0.0106
14120.0000 98.4275 0.0106
14125.0000 98.4750 0.0110
14130.0000 98.4674 0.0107
14135.0000 98.4190 0.0110
14140.0000 98.4730 0.0102
14145.0000 98.4969 0.0100
14150.0000 98.5073 0.0098
14155.0000 98.5241 0.0095
14160.0000 98.5266 0.0097
14165.0000 98.5057 0.0100
14170.0000 98.5178 0.0100
14175.0000 98.5347 0.0104
14180.0000 98.5354 0.0102
14185.0000 98.5246 0.0099
14190.0000 98.5181 0.0098
14195.0000 98.5341 0.0094
14200.0000 98.5156 0.0092
14205.0000 98.5286 0.0097
14210.0000 98.5354 0.0091
14215.0000 98.5064 0.0097
14220.0000 98.4866 0.0097
14225.0000 98.4971 0.0093
14230.0000 98.5325 0.0091
14235.0000 98.5273 0.0097
14240.0000 98.5569 0.0087
14245.0000 98.5506 0.0094
14250.0000 98.5329 0.0092
14255.0000 98.5344 0.0091
14260.0000 98.5349 0.0091
14265.0000 98.5341 0.0093
14270.0000 98.4850 0.0093
14275.0000 98.4944 0.0094
14280.0000 98.5022 0.0099
14285.0000 98.5173 0.0102
14290.0000 98.5271 0.0101
14295.0000 98.5531 0.0095
14300.0000 98.5256 0.0099
14305.0000 98.5507 0.0092
14310.0000 98.5408 0.0091
14315.0000 98.5355 0.0089
14320.0000 98.5162 0.0097
14325.0000 98.4688 0.0104
14330.0000 98.5821 0.0096
14335.0000 98.5741 0.0093
14340.0000 98.5524 0.0101
14345.0000 98.5467 0.0096
14350.0000 98.5138 0.0107
14355.0000 98.4977 0.0101
14360.0000 98.4830 0.0103
14365.0000 98.4994 0.0097
14370.0000 98.4429 0.0096
14375.0000 98.4095 0.0099
14380.0000 98.4874 0.0091
14385.0000 98.4322 0.0096
14390.0000 98.4789 0.0092
14395.0000 98.4414 0.0088
14400.0000 98.4521 0.0093
14405.0000 98.4906 0.0100
14410.0000 98.4896 0.0096
14415.0000 98.4661 0.0096
14420.0000 98.4342 0.0099
14425.0000 98.5398 0.0096
14430.0000 98.4915 0.0097
14435.0000 98.4602 0.0098
14440.0000 98.4882 0.0102
14445.0000 98.4677 0.0103
14450.0000 98.4462 0.0099
14455.0000 98.4099 0.0105
14460.0000 98.3736 0.0105
14465.0000 98.4151 0.0106
14470.0000 98.3954 0.0105
14475.0000 98.3793 0.0113
14480.0000 98.3919 0.0113
14485.0000 98.4288 0.0110
14490.0000 98.4340 0.0111
14495.0000 98.4443 0.0108
14500.0000 98.4325 0.0107
14505.0000 98.4569 0.0103
14510.0000 98.5384 0.0088
14515.0000 98.4801 0.0095
14520.0000 98.4216 0.0099
14525.0000 98.3662 0.0101
14530.0000 98.3260 0.0102
14535.0000 98.3659 0.0098
14540.0000 98.3194 0.0109
14545.0000 98.3421 0.0103
14550.0000 98.3987 0.0095
14555.0000 98.3885 0.0097
14560.0000 98.3713 0.0102
14565.0000 98.3677 0.0098
14570.0000 98.4055 0.0098
14575.0000 98.4576 0.0097
14580.0000 98.4005 0.0105
14585.0000 98.4189 0.0101
14590.0000 98.4636 0.0103
14595.0000 98.4862 0.0096
14600.0000 98.4758 0.0095
14605.0000 98.4698 0.0098
14610.0000 98.4623 0.0099
14615.0000 98.4954 0.0090
14620.0000 98.4808 0.0091
14625.0000 98.5022 0.0090
14630.0000 98.5388 0.0089
14635.0000 98.5399 0.0091
14640.0000 98.5036 0.0088
14645.0000 98.5018 0.0090
14650.0000 98.4416 0.0094
14655.0000 98.4389 0.0092
14660.0000 98.4703 0.0093
14665.0000 98.4948 0.0099
14670.0000 98.5855 0.0092
14675.0000 98.5634 0.0097
14680.0000 98.5426 0.0099
14685.0000 98.5808 0.0091
14690.0000 98.5232 0.0098
14695.0000 98.5268 0.0093
14700.0000 98.5767 0.0088
14705.0000 98.5602 0.0090
14710.0000 98.5520 0.0093
14715.0000 98.5742 0.0091
14720.0000 98.5519 0.0091
14725.0000 98.5848 0.0094
14730.0000 98.5652 0.0095
14735.0000 98.5677 0.0091
14740.0000 98.6228 0.0087
14745.0000 98.6180 0.0081
14750.0000 98.6155 0.0081
14755.0000 98.6094 0.0088
14760.0000 98.5605 0.0098
14765.0000 98.5409 0.0096
14770.0000 98.5397 0.0097
14775.0000 98.5331 0.0098
14780.0000 98.5261 0.0095
14785.0000 98.5934 0.0089
14790.0000 98.6274 0.0088
14795.0000 98.5581 0.0096
14800.0000 98.5650 0.0095
14805.0000 98.5957 0.0095
14810.0000 98.6027 0.0096
14815.0000 98.5517 0.0098
14820.0000 98.6245 0.0089
14825.0000 98.6248 0.0088
14830.0000 98.6373 0.0088
14835.0000 98.6574 0.0088
14840.0000 98.6099 0.0096
14845.0000 98.6488 0.0089
14850.0000 98.6912 0.0082
14855.0000 98.6751 0.0086
14860.0000 98.6888 0.0083
14865.0000 98.6645 0.0084
14870.0000 98.6366 0.0084
14875.0000 98.6554 0.0082
14880.0000 98.6207 0.0088
14885.0000 98.6484 0.0084
14890.0000 98.6413 0.0085
14895.0000 98.6953 0.0079
14900.0000 98.6615 0.0079
14905.0000 98.6455 0.0092
14910.0000 98.6764 0.0084
14915.0000 98.6675 0.0089
14920.0000 98.6475 0.0091
14925.0000 98.6801 0.0086
14930.0000 98.7140 0.0087
14935.0000 98.6884 0.0087
14940.0000 98.6893 0.0081
14945.0000 98.6287 0.0085
14950.0000 98.5622 0.0089
14955.0000 98.5722 0.0095
14960.0000 98.5721 0.0098
14965.0000 98.5724 0.0092
14970.0000 98.5502 0.0095
14975.0000 98.5441 0.0096
14980.0000 98.5631 0.0097
14985.0000 98.5279 0.0103
14990.0000 98.5552 0.0101
14995.0000 98.5633 0.0093
15000.0000 98.5939 0.0094
15005.0000 98.5605 0.0089
15010.0000 98.5516 0.0098
15015.0000 98.5580 0.0096
15020.0000 98.5774 0.0095
15025.0000 98.5858 0.0094
15030.0000 98.5697 0.0098
15035.0000 98.5615 0.0098
15040.0000 98.5440 0.0093
15045.0000 98.6175 0.0086
15050.0000 98.5573 0.0093
15055.0000 98.5905 0.0086
15060.0000 98.6057 0.0083
15065.0000 98.6244 0.0083
15070.0000 98.6500 0.0078
15075.0000 98.6759 0.0082
15080.0000 98.6609 0.0079
15085.0000 98.6502 0.0085
15090.0000 98.6971 0.0080
15095.0000 98.6900 0.0083
15100.0000 98.6934 0.0080
15105.0000 98.7026 0.0081
15110.0000 98.7254 0.0078
15115.0000 98.7143 0.0078
15120.0000 98.7220 0.0075
15125.0000 98.6894 0.0081
15130.0000 98.7040 0.0079
15135.0000 98.7048 0.0079
15140.0000 98.7418 0.0072
15145.0000 98.7433 0.0076
15150.0000 98.7675 0.0073
15155.0000 98.7312 0.0080
15160.0000 98.7509 0.0075
15165.0000 98.7459 0.0079
15170.0000 98.7687 0.0074
15175.0000 98.7537 0.0079
15180.0000 98.7955 0.0073
15185.0000 98.7699 0.0078
15190.0000 98.7480 0.0078
15195.0000 98.7874 0.0071
15200.0000 98.7880 0.0070
15205.0000 98.7702 0.0072
15210.0000 98.7546 0.0073
15215.0000 98.7229 0.0078
15220.0000 98.7182 0.0078
15225.0000 98.7280 0.0080
15230.0000 98.7229 0.0079
15235.0000 98.7023 0.0083
15240.0000 98.6741 0.0091
15245.0000 98.6491 0.0090
15250.0000 98.6271 0.0087
15255.0000 98.6314 0.0087
15260.0000 98.6288 0.0090
15265.0000 98.6153 0.0088
15270.0000 98.6427 0.0080
15275.0000 98.6374 0.0081
15280.0000 98.6133 0.0084
15285.0000 98.6141 0.0080
15290.0000 98.6028 0.0080
15295.0000 98.6307 0.0080
15300.0000 98.6496 0.0079
15305.0000 98.6823 0.0078
15310.0000 98.7353 0.0068
15315.0000 98.7348 0.0070
15320.0000 98.7114 0.0073
15325.0000 98.7396 0.0075
15330.0000 98.7415 0.0074
15335.0000 98.7768 0.0067
15340.0000 98.7637 0.0067
15345.0000 98.7840 0.0062
15350.0000 98.8183 0.0057
15355.0000 98.8191 0.0058
15360.0000 98.8091 0.0062
15365.0000 98.8221 0.0061
15370.0000 98.8381 0.0059
15375.0000 98.8180 0.0059
15380.0000 98.8235 0.0058
15385.0000 98.8476 0.0054
15390.0000 98.8827 0.0048
15395.0000 98.8975 0.0048
15400.0000 98.8811 0.0051
15405.0000 98.8637 0.0053
15410.0000 98.8667 0.0051
15415.0000 98.8499 0.0053
15420.0000 98.8164 0.0058
15425.0000 98.8289 0.0053
15430.0000 98.8187 0.0054
15435.0000 98.8019 0.0054
15440.0000 98.7947 0.0054
15445.0000 98.7993 0.0053
15450.0000 98.8164 0.0049
15455.0000 98.8204 0.0051
15460.0000 98.8045 0.0055
15465.0000 98.8331 0.0056
15470.0000 98.8378 0.0057
15475.0000 98.8305 0.0060
15480.0000 98.8271 0.0059
15485.0000 98.8522 0.0054
15490.0000 98.8640 0.0057
15495.0000 98.8662 0.0057
15500.0000 98.8344 0.0067
15505.0000 98.8046 0.0070
15510.0000 98.8450 0.0067
15515.0000 98.8119 0.0072
15520.0000 98.8461 0.0071
15525.0000 98.8475 0.0071
15530.0000 98.8466 0.0070
15535.0000 98.8698 0.0068
15540.0000 98.9126 0.0056
15545.0000 98.9001 0.0060
15550.0000 98.9152 0.0062
15555.0000 98.9423 0.0057
15560.0000 98.9500 0.0055
15565.0000 98.9440 0.0056
15570.0000 98.9213 0.0065
15575.0000 98.9420 0.0059
15580.0000 98.9385 0.0062
15585.0000 98.9148 0.0063
15590.0000 98.9055 0.0064
15595.0000 98.9189 0.0061
15600.0000 98.9210 0.0064
15605.0000 98.9243 0.0063
15610.0000 98.9330 0.0066
15615.0000 98.9319 0.0066
15620.0000 98.9428 0.0061
15625.0000 98.9652 0.0061
15630.0000 98.9734 0.0061
15635.0000 98.9689 0.0059
15640.0000 98.9820 0.0056
15645.0000 98.9841 0.0054
15650.0000 98.9683 0.0056
15655.0000 98.9755 0.0054
15660.0000 98.9860 0.0052
15665.0000 98.9833 0.0053
15670.0000 98.9963 0.0050
15675.0000 99.0012 0.0049
15680.0000 99.0199 0.0045
15685.0000 99.0231 0.0044
15690.0000 99.0175 0.0046
15695.0000 99.0030 0.0049
15700.0000 99.0125 0.0047
15705.0000 98.9717 0.0055
15710.0000 98.9632 0.0059
15715.0000 98.9325 0.0064
15720.0000 98.9142 0.0064
15725.0000 98.8837 0.0066
15730.0000 98.8320 0.0072
15735.0000 98.7957 0.0084
15740.0000 98.8168 0.0074
15745.0000 98.8036 0.0078
15750.0000 98.7986 0.0077
15755.0000 98.7413 0.0086
15760.0000 98.7344 0.0086
15765.0000 98.7123 0.0088
15770.0000 98.7144 0.0089
15775.0000 98.6733 0.0092
15780.0000 98.6627 0.0090
15785.0000 98.6932 0.0094
15790.0000 98.6889 0.0093
15795.0000 98.6820 0.0088
15800.0000 98.6555 0.0090
15805.0000 98.6600 0.0093
15810.0000 98.6735 0.0087
15815.0000 98.6468 0.0094
15820.0000 98.6477 0.0094
15825.0000 98.6258 0.0096
15830.0000 98.6182 0.0090
15835.0000 98.5779 0.0099
15840.0000 98.5911 0.0098
15845.0000 98.6067 0.0099
15850.0000 98.6495 0.0092
15855.0000 98.6648 0.0090
15860.0000 98.6658 0.0085
15865.0000 98.6503 0.0088
15870.0000 98.6203 0.0087
15875.0000 98.6296 0.0090
15880.0000 98.6684 0.0087
15885.0000 98.7018 0.0083
15890.0000 98.6859 0.0083
15895.0000 98.6945 0.0077
15900.0000 98.7028 0.0080
15905.0000 98.7022 0.0079
15910.0000 98.6846 0.0080
15915.0000 98.6796 0.0084
15920.0000 98.6760 0.0086
15925.0000 98.6391 0.0090
15930.0000 98.6595 0.0083
15935.0000 98.6925 0.0081
15940.0000 98.7185 0.0074
15945.0000 98.7314 0.0078
15950.0000 98.7570 0.0071
15955.0000 98.7206 0.0078
15960.0000 98.7205 0.0080
15965.0000 98.7094 0.0080
15970.0000 98.6908 0.0078
15975.0000 98.6737 0.0077
15980.0000 98.6534 0.0086
15985.0000 98.6872 0.0080
15990.0000 98.6693 0.0082
15995.0000 98.6293 0.0089
16000.0000 98.6231 0.0084
16005.0000 98.6296 0.0091
16010.0000 98.6174 0.0094
16015.0000 98.5527 0.0099
16020.0000 98.5587 0.0098
16025.0000 98.6040 0.0096
16030.0000 98.5621 0.0095
16035.0000 98.5637 0.0095
16040.0000 98.5358 0.0101
16045.0000 98.4622 0.0112
16050.0000 98.4231 0.0103
16055.0000 98.4291 0.0104
16060.0000 98.4056 0.0104
16065.0000 98.4075 0.0106
16070.0000 98.4509 0.0101
16075.0000 98.4908 0.0107
16080.0000 98.4924 0.0105
16085.0000 98.4929 0.0103
16090.0000 98.5140 0.0105
16095.0000 98.5864 0.0100
16100.0000 98.5500 0.0102
16105.0000 98.5901 0.0100
16110.0000 98.6155 0.0102
16115.0000 98.6077 0.0102
16120.0000 98.5557 0.0109
16125.0000 98.5476 0.0100
16130.0000 98.5497 0.0104
16135.0000 98.5597 0.0099
16140.0000 98.5272 0.0094
16145.0000 98.5162 0.0096
16150.0000 98.5297 0.0097
16155.0000 98.5022 0.0103
16160.0000 98.5617 0.0100
16165.0000 98.5796 0.0096
16170.0000 98.5869 0.0092
16175.0000 98.5998 0.0092
16180.0000 98.6005 0.0093
16185.0000 98.5726 0.0095
16190.0000 98.5918 0.0093
16195.0000 98.6285 0.0088
16200.0000 98.6561 0.0091
16205.0000 98.6317 0.0092
16210.0000 98.6356 0.0091
16215.0000 98.6237 0.0088
16220.0000 98.5851 0.0097
16225.0000 98.5664 0.0089
16230.0000 98.6114 0.0093
16235.0000 98.5811 0.0099
16240.0000 98.5116 0.0097
16245.0000 98.4569 0.0104
16250.0000 98.4286 0.0108
16255.0000 98.5350 0.0096
16260.0000 98.5653 0.0086
16265.0000 98.5607 0.0087
16270.0000 98.5367 0.0093
16275.0000 98.5420 0.0088
16280.0000 98.6009 0.0087
16285.0000 98.5991 0.0095
16290.0000 98.6311 0.0090
16295.0000 98.6446 0.0091
16300.0000 98.6341 0.0093
16305.0000 98.6793 0.0087
16310.0000 98.7027 0.0093
16315.0000 98.7209 0.0090
16320.0000 98.7551 0.0086
16325.0000 98.7945 0.0078
16330.0000 98.7740 0.0086
16335.0000 98.7836 0.0082
16340.0000 98.8116 0.0078
16345.0000 98.8033 0.0081
16350.0000 98.7734 0.0085
16355.0000 98.7469 0.0086
16360.0000 98.7619 0.0084
16365.0000 98.7616 0.0082
16370.0000 98.7836 0.0081
16375.0000 98.7798 0.0080
16380.0000 98.7615 0.0086
16385.0000 98.7243 0.0089
16390.0000 98.7188 0.0086
16395.0000 98.7066 0.0087
16400.0000 98.7180 0.0087
16405.0000 98.6901 0.0093
16410.0000 98.6573 0.0095
16415.0000 98.6621 0.0095
16420.0000 98.6158 0.0101
16425.0000 98.5649 0.0103
16430.0000 98.5361 0.0105
16435.0000 98.5511 0.0103
16440.0000 98.4618 0.0105
16445.0000 98.4746 0.0104
16450.0000 98.4748 0.0103
16455.0000 98.4958 0.0106
16460.0000 98.4652 0.0109
16465.0000 98.4959 0.0101
16470.0000 98.5277 0.0099
16475.0000 98.6021 0.0096
16480.0000 98.5787 0.0096
16485.0000 98.5584 0.0107
16490.0000 98.5546 0.0099
16495.0000 98.5802 0.0100
16500.0000 98.5913 0.0099
16505.0000 98.6667 0.0086
16510.0000 98.6219 0.0096
16515.0000 98.6287 0.0095
16520.0000 98.6312 0.0092
16525.0000 98.6430 0.0091
16530.0000 98.6232 0.0096
16535.0000 98.5952 0.0091
16540.0000 98.5759 0.0107
16545.0000 98.5387 0.0101
16550.0000 98.5578 0.0105
16555.0000 98.5437 0.0102
16560.0000 98.5100 0.0103
16565.0000 98.4823 0.0106
16570.0000 98.4838 0.0104
16575.0000 98.5072 0.0104
16580.0000 98.5447 0.0099
16585.0000 98.5257 0.0100
16590.0000 98.5275 0.0105
16595.0000 98.5591 0.0100
16600.0000 98.4717 0.0105
16605.0000 98.4469 0.0107
16610.0000 98.4253 0.0104
16615.0000 98.3940 0.0105
16620.0000 98.3868 0.0109
16625.0000 98.4024 0.0106
16630.0000 98.3875 0.0103
16635.0000 98.3228 0.0106
16640.0000 98.3702 0.0105
16645.0000 98.3447 0.0104
16650.0000 98.3675 0.0110
16655.0000 98.3359 0.0110
16660.0000 98.3434 0.0110
16665.0000 98.3901 0.0106
16670.0000 98.3796 0.0102
16675.0000 98.4038 0.0102
16680.0000 98.4073 0.0106
16685.0000 98.4350 0.0105
16690.0000 98.4181 0.0107
16695.0000 98.4332 0.0111
16700.0000 98.4937 0.0098
16705.0000 98.5121 0.0093
16710.0000 98.5448 0.0090
16715.0000 98.5643 0.0093
16720.0000 98.5679 0.0094
16725.0000 98.5655 0.0091
16730.0000 98.5378 0.0092
16735.0000 98.5362 0.0094
16740.0000 98.4840 0.0102
16745.0000 98.5099 0.0095
16750.0000 98.5163 0.0093
16755.0000 98.4996 0.0093
16760.0000 98.5197 0.0091
16765.0000 98.5187 0.0095
16770.0000 98.5459 0.0090
16775.0000 98.5344 0.0102
16780.0000 98.5638 0.0093
16785.0000 98.5425 0.0094
16790.0000 98.5358 0.0095
16795.0000 98.5163 0.0098
16800.0000 98.5147 0.0097
16805.0000 98.5189 0.0099
16810.0000 98.5205 0.0099
16815.0000 98.5377 0.0101
16820.0000 98.6091 0.0089
16825.0000 98.6159 0.0091
16830.0000 98.6052 0.0086
16835.0000 98.6115 0.0086
16840.0000 98.6180 0.0086
16845.0000 98.6365 0.0087
16850.0000 98.6522 0.0087
16855.0000 98.6817 0.0083
16860.0000 98.7192 0.0077
16865.0000 98.7036 0.0080
16870.0000 98.7204 0.0082
16875.0000 98.7338 0.0076
16880.0000 98.7050 0.0082
16885.0000 98.7234 0.0078
16890.0000 98.7301 0.0077
16895.0000 98.7260 0.0080
16900.0000 98.7159 0.0082
16905.0000 98.7370 0.0081
16910.0000 98.7454 0.0083
16915.0000 98.7529 0.0081
16920.0000 98.7586 0.0079
16925.0000 98.7789 0.0074
16930.0000 98.7680 0.0078
16935.0000 98.7589 0.0079
16940.0000 98.7396 0.0082
16945.0000 98.7535 0.0079
16950.0000 98.7733 0.0077
16955.0000 98.7455 0.0083
16960.0000 98.7455 0.0080
16965.0000 98.7661 0.0079
16970.0000 98.7846 0.0074
16975.0000 98.7759 0.0074
16980.0000 98.7655 0.0079
16985.0000 98.7846 0.0075
16990.0000 98.7557 0.0081
16995.0000 98.7203 0.0080
17000.0000 98.7264 0.0085
17005.0000 98.7072 0.0081
17010.0000 98.6723 0.0078
17015.0000 98.6838 0.0082
17020.0000 98.7145 0.0077
17025.0000 98.7030 0.0078
17030.0000 98.6595 0.0082
17035.0000 98.6510 0.0080
17040.0000 98.6556 0.0082
17045.0000 98.6168 0.0083
17050.0000 98.5675 0.0087
17055.0000 98.5539 0.0095
17060.0000 98.6004 0.0095
17065.0000 98.5765 0.0099
17070.0000 98.5818 0.0093
17075.0000 98.5273 0.0096
17080.0000 98.5126 0.0092
17085.0000 98.4607 0.0103
17090.0000 98.4044 0.0105
17095.0000 98.4517 0.0104
17100.0000 98.4175 0.0104
17105.0000 98.4007 0.0103
17110.0000 98.4242 0.0101
17115.0000 98.3933 0.0102
17120.0000 98.4217 0.0092
17125.0000 98.3935 0.0097
17130.0000 98.4346 0.0094
17135.0000 98.4490 0.0094
17140.0000 98.4111 0.0103
17145.0000 98.4554 0.0099
17150.0000 98.4878 0.0091
17155.0000 98.5063 0.0097
17160.0000 98.5485 0.0093
17165.0000 98.5809 0.0091
17170.0000 98.5201 0.0098
17175.0000 98.5673 0.0086
17180.0000 98.5458 0.0091
17185.0000 98.6162 0.0088
17190.0000 98.5792 0.0098
17195.0000 98.5464 0.0100
17200.0000 98.5877 0.0096
17205.0000 98.5542 0.0103
17210.0000 98.5648 0.0103
17215.0000 98.5551 0.0110
17220.0000 98.5618 0.0099
17225.0000 98.5320 0.0107
17230.0000 98.5119 0.0107
17235.0000 98.5753 0.0099
17240.0000 98.5581 0.0097
17245.0000 98.5826 0.0095
17250.0000 98.6460 0.0090
17255.0000 98.6345 0.0086
17260.0000 98.6078 0.0087
17265.0000 98.6155 0.0095
17270.0000 98.6403 0.0091
17275.0000 98.6365 0.0089
17280.0000 98.6461 0.0084
17285.0000 98.5924 0.0090
17290.0000 98.5571 0.0099
17295.0000 98.4874 0.0108
17300.0000 98.5552 0.0098
17305.0000 98.5389 0.0098
17310.0000 98.5869 0.0089
17315.0000 98.5711 0.0087
17320.0000 98.5402 0.0090
17325.0000 98.4825 0.0099
17330.0000 98.5454 0.0090
17335.0000 98.5415 0.0097
17340.0000 98.5364 0.0097
17345.0000 98.5725 0.0086
17350.0000 98.5652 0.0088
17355.0000 98.5532 0.0088
17360.0000 98.5206 0.0088
17365.0000 98.5203 0.0093
17370.0000 98.5567 0.0092
17375.0000 98.5340 0.0087
17380.0000 98.5426 0.0084
17385.0000 98.5093 0.0088
17390.0000 98.5071 0.0084
17395.0000 98.5072 0.0089
17400.0000 98.5469 0.0093
17405.0000 98.5465 0.0093
17410.0000 98.5367 0.0090
17415.0000 98.5964 0.0083
17420.0000 98.6032 0.0088
17425.0000 98.6492 0.0081
17430.0000 98.6352 0.0080
17435.0000 98.6405 0.0083
17440.0000 98.6767 0.0074
17445.0000 98.6896 0.0074
17450.0000 98.7168 0.0076
17455.0000 98.6964 0.0073
17460.0000 98.6595 0.0081
17465.0000 98.6739 0.0076
17470.0000 98.6688 0.0073
17475.0000 98.7060 0.0071
17480.0000 98.6938 0.0073
17485.0000 98.6923 0.0072
17490.0000 98.7110 0.0074
17495.0000 98.6798 0.0079
17500.0000 98.7066 0.0074
17505.0000 98.7128 0.0074
17510.0000 98.7206 0.0069
17515.0000 98.7348 0.0071
17520.0000 98.7491 0.0070
17525.0000 98.7378 0.0070
17530.0000 98.7346 0.0070
17535.0000 98.7041 0.0076
17540.0000 98.6833 0.0079
17545.0000 98.6829 0.0075
17550.0000 98.7206 0.0066
17555.0000 98.7371 0.0068
17560.0000 98.7006 0.0071
17565.0000 98.7201 0.0068
17570.0000 98.7471 0.0064
17575.0000 98.7220 0.0070
17580.0000 98.7128 0.0070
17585.0000 98.7375 0.0067
17590.0000 98.7515 0.0063
17595.0000 98.7669 0.0061
17600.0000 98.7466 0.0067
17605.0000 98.7612 0.0064
17610.0000 98.7345 0.0072
17615.0000 98.7798 0.0061
17620.0000 98.7748 0.0064
17625.0000 98.7575 0.0065
17630.0000 98.7629 0.0064
17635.0000 98.7125 0.0069
17640.0000 98.7236 0.0068
17645.0000 98.7179 0.0068
17650.0000 98.7078 0.0068
17655.0000 98.7233 0.0066
17660.0000 98.7379 0.0065
17665.0000 98.7210 0.0069
17670.0000 98.7110 0.0069
17675.0000 98.7438 0.0066
17680.0000 98.7429 0.0066
17685.0000 98.7423 0.0069
17690.0000 98.7567 0.0063
17695.0000 98.7362 0.0066
17700.0000 98.7503 0.0066
17705.0000 98.7503 0.0066
17710.0000 98.7351 0.0066
17715.0000 98.7595 0.0061
17720.0000 98.7366 0.0063
17725.0000 98.7417 0.0066
17730.0000 98.7339 0.0068
17735.0000 98.7442 0.0065
17740.0000 98.7449 0.0064
17745.0000 98.7666 0.0062
17750.0000 98.7640 0.0061
17755.0000 98.7204 0.0064
17760.0000 98.6966 0.0067
17765.0000 98.7165 0.0063
17770.0000 98.6865 0.0068
17775.0000 98.7042 0.0065
17780.0000 98.7017 0.0069
17785.0000 98.7256 0.0069
17790.0000 98.7232 0.0070
17795.0000 98.7115 0.0072
17800.0000 98.7531 0.0062
17805.0000 98.7671 0.0059
17810.0000 98.7369 0.0068
17815.0000 98.7560 0.0065
17820.0000 98.7498 0.0066
17825.0000 98.7585 0.0067
17830.0000 98.7489 0.0067
17835.0000 98.7073 0.0075
17840.0000 98.7337 0.0068
17845.0000 98.7061 0.0071
17850.0000 98.6904 0.0072
17855.0000 98.6963 0.0072
17860.0000 98.7088 0.0068
17865.0000 98.7224 0.0068
17870.0000 98.7000 0.0073
17875.0000 98.6906 0.0077
17880.0000 98.6880 0.0074
17885.0000 98.7107 0.0073
17890.0000 98.6791 0.0076
17895.0000 98.6811 0.0076
17900.0000 98.6630 0.0076
17905.0000 98.6725 0.0078
17910.0000 98.6491 0.0086
17915.0000 98.6250 0.0089
17920.0000 98.6319 0.0084
17925.0000 98.6056 0.0092
17930.0000 98.6042 0.0090
17935.0000 98.6579 0.0088
17940.0000 98.5381 0.0100
17945.0000 98.5704 0.0099
17950.0000 98.6007 0.0093
17955.0000 98.5927 0.0091
17960.0000 98.5701 0.0096
17965.0000 98.5612 0.0097
17970.0000 98.5785 0.0094
17975.0000 98.5565 0.0098
17980.0000 98.5711 0.0094
17985.0000 98.5363 0.0097
17990.0000 98.5669 0.0094
17995.0000 98.5681 0.0097
18000.0000 98.5560 0.0094
