5.0000 0.0000 0.0000
10.0000 0.0000 0.0000
15.0000 0.0000 0.0000
20.0000 0.0000 0.0000
25.0000 0.0000 0.0000
30.0000 0.0000 0.0000
35.0000 0.0000 0.0000
40.0000 0.0000 0.0000
45.0000 0.0000 0.0000
50.0000 0.0000 0.0000
55.0000 0.0000 0.0000
60.0000 0.0000 0.0000
65.0000 0.0000 0.0000
70.0000 0.0000 0.0000
75.0000 0.0000 0.0000
80.0000 0.0000 0.0000
85.0000 0.0036 0.0000
90.0000 0.0072 0.0001
95.0000 0.0180 0.0002
100.0000 0.0216 0.0003
105.0000 0.0216 0.0003
110.0000 0.0216 0.0003
115.0000 0.0216 0.0003
120.0000 0.0216 0.0003
125.0000 0.0252 0.0003
130.0000 0.0288 0.0003
135.0000 0.0288 0.0003
140.0000 0.0288 0.0003
145.0000 0.0359 0.0004
150.0000 0.0467 0.0005
155.0000 0.0575 0.0006
160.0000 0.0647 0.0007
165.0000 0.0683 0.0008
170.0000 0.0755 0.0008
175.0000 0.1006 0.0011
180.0000 0.1294 0.0014
185.0000 0.1833 0.0018
190.0000 0.2264 0.0022
195.0000 0.2624 0.0024
200.0000 0.3306 0.0028
205.0000 0.3846 0.0031
210.0000 0.4528 0.0033
215.0000 0.5175 0.0035
220.0000 0.5822 0.0035
225.0000 0.6325 0.0035
230.0000 0.6793 0.0034
235.0000 0.7321 0.0034
240.0000 0.7992 0.0033
245.0000 0.8316 0.0032
250.0000 0.8603 0.0030
255.0000 0.8962 0.0028
260.0000 0.9394 0.0026
265.0000 0.9717 0.0023
270.0000 1.0041 0.0021
275.0000 1.0077 0.0020
280.0000 1.0220 0.0019
285.0000 1.0508 0.0017
290.0000 1.0831 0.0014
295.0000 1.0975 0.0012
300.0000 1.1011 0.0012
305.0000 1.1119 0.0011
310.0000 1.1299 0.0009
315.0000 1.1528 0.0010
320.0000 1.1564 0.0010
325.0000 1.1564 0.0010
330.0000 1.1635 0.0009
335.0000 1.1743 0.0008
340.0000 1.1779 0.0007
345.0000 1.1815 0.0007
350.0000 1.1854 0.0007
355.0000 1.1967 0.0008
360.0000 1.2003 0.0007
365.0000 1.2003 0.0007
370.0000 1.2042 0.0008
375.0000 1.2117 0.0008
380.0000 1.2191 0.0008
385.0000 1.2343 0.0009
390.0000 1.2421 0.0010
395.0000 1.2459 0.0010
400.0000 1.2653 0.0012
405.0000 1.2882 0.0014
410.0000 1.3037 0.0016
415.0000 1.3112 0.0016
420.0000 1.3228 0.0017
425.0000 1.3422 0.0019
430.0000 1.3963 0.0024
435.0000 1.4389 0.0027
440.0000 1.4931 0.0031
445.0000 1.5241 0.0033
450.0000 1.5783 0.0037
455.0000 1.6540 0.0041
460.0000 1.6966 0.0042
465.0000 1.7508 0.0045
470.0000 1.8381 0.0047
475.0000 1.9117 0.0047
480.0000 1.9736 0.0046
485.0000 2.0665 0.0042
490.0000 2.1052 0.0040
495.0000 2.1478 0.0038
500.0000 2.1865 0.0035
505.0000 2.1981 0.0034
510.0000 2.2446 0.0031
515.0000 2.2755 0.0028
520.0000 2.2949 0.0026
525.0000 2.3336 0.0022
530.0000 2.3607 0.0019
535.0000 2.3878 0.0016
540.0000 2.4071 0.0014
545.0000 2.4188 0.0013
550.0000 2.4420 0.0010
555.0000 2.4497 0.0009
560.0000 2.4575 0.0008
565.0000 2.4613 0.0008
570.0000 2.4652 0.0007
575.0000 2.4729 0.0006
580.0000 2.4768 0.0007
585.0000 2.4807 0.0007
590.0000 2.4807 0.0007
595.0000 2.4807 0.0007
600.0000 2.4807 0.0007
605.0000 2.4884 0.0006
610.0000 2.4884 0.0006
615.0000 2.4923 0.0005
620.0000 2.4984 0.0006
625.0000 2.5105 0.0009
630.0000 2.5468 0.0015
635.0000 2.5953 0.0024
640.0000 2.6770 0.0040
645.0000 2.7179 0.0046
650.0000 2.7874 0.0055
655.0000 2.8736 0.0065
660.0000 2.9355 0.0071
665.0000 3.0035 0.0077
670.0000 3.0473 0.0081
675.0000 3.1242 0.0086
680.0000 3.2104 0.0098
685.0000 3.3293 0.0120
690.0000 3.4123 0.0133
695.0000 3.5146 0.0140
700.0000 3.6245 0.0152
705.0000 3.7499 0.0157
710.0000 3.8754 0.0164
715.0000 4.0577 0.0178
720.0000 4.1771 0.0186
725.0000 4.3128 0.0190
730.0000 4.4607 0.0184
735.0000 4.6246 0.0172
740.0000 4.7931 0.0167
745.0000 4.9554 0.0153
750.0000 5.0632 0.0146
755.0000 5.1429 0.0142
760.0000 5.2091 0.0138
765.0000 5.3195 0.0126
770.0000 5.3972 0.0115
775.0000 5.5000 0.0110
780.0000 5.5751 0.0108
785.0000 5.6515 0.0111
790.0000 5.7321 0.0111
795.0000 5.8081 0.0106
800.0000 5.8846 0.0105
805.0000 5.9430 0.0104
810.0000 6.0368 0.0098
815.0000 6.1188 0.0099
820.0000 6.1969 0.0096
825.0000 6.3052 0.0090
830.0000 6.3633 0.0081
835.0000 6.4457 0.0082
840.0000 6.5259 0.0078
845.0000 6.6167 0.0071
850.0000 6.6797 0.0064
855.0000 6.7261 0.0060
860.0000 6.7847 0.0057
865.0000 6.8301 0.0055
870.0000 6.8893 0.0049
875.0000 6.9302 0.0045
880.0000 6.9717 0.0038
885.0000 7.0071 0.0034
890.0000 7.0419 0.0031
895.0000 7.0458 0.0031
900.0000 7.0651 0.0029
905.0000 7.0806 0.0028
910.0000 7.0999 0.0026
915.0000 7.1154 0.0024
920.0000 7.1270 0.0023
925.0000 7.1463 0.0019
930.0000 7.1663 0.0017
935.0000 7.1663 0.0017
940.0000 7.1817 0.0015
945.0000 7.1856 0.0015
950.0000 7.1895 0.0014
955.0000 7.1895 0.0014
960.0000 7.1895 0.0014
965.0000 7.2077 0.0007
970.0000 7.2116 0.0006
975.0000 7.2116 0.0006
980.0000 7.2150 0.0007
985.0000 7.2253 0.0008
990.0000 7.2425 0.0010
995.0000 7.2807 0.0013
1000.0000 7.2978 0.0015
1005.0000 7.3150 0.0016
1010.0000 7.3356 0.0018
1015.0000 7.3493 0.0019
1020.0000 7.3794 0.0022
1025.0000 7.4103 0.0025
1030.0000 7.4352 0.0025
1035.0000 7.4733 0.0027
1040.0000 7.5214 0.0030
1045.0000 7.5420 0.0031
1050.0000 7.5855 0.0035
1055.0000 7.6290 0.0037
1060.0000 7.6921 0.0039
1065.0000 7.7391 0.0043
1070.0000 7.8148 0.0045
1075.0000 7.9148 0.0052
1080.0000 7.9817 0.0060
1085.0000 8.0414 0.0062
1090.0000 8.0770 0.0063
1095.0000 8.1400 0.0063
1100.0000 8.2329 0.0061
1105.0000 8.3099 0.0062
1110.0000 8.3731 0.0068
1115.0000 8.4330 0.0070
1120.0000 8.4941 0.0075
1125.0000 8.5529 0.0077
1130.0000 8.6350 0.0086
1135.0000 8.6824 0.0090
1140.0000 8.7403 0.0098
1145.0000 8.7912 0.0100
1150.0000 8.8536 0.0103
1155.0000 8.9044 0.0106
1160.0000 8.9668 0.0107
1165.0000 9.0398 0.0111
1170.0000 9.1011 0.0113
1175.0000 9.1532 0.0115
1180.0000 9.2736 0.0114
1185.0000 9.3478 0.0111
1190.0000 9.4160 0.0109
1195.0000 9.5008 0.0108
1200.0000 9.6214 0.0113
1205.0000 9.7241 0.0111
1210.0000 9.8352 0.0111
1215.0000 9.9376 0.0103
1220.0000 10.0322 0.0107
1225.0000 10.1383 0.0107
1230.0000 10.1950 0.0106
1235.0000 10.2719 0.0106
1240.0000 10.3585 0.0107
1245.0000 10.4831 0.0105
1250.0000 10.5903 0.0107
1255.0000 10.6733 0.0102
1260.0000 10.7397 0.0107
1265.0000 10.7876 0.0107
1270.0000 10.8603 0.0116
1275.0000 10.9209 0.0120
1280.0000 11.0171 0.0122
1285.0000 11.0651 0.0118
1290.0000 11.1473 0.0118
1295.0000 11.2137 0.0117
1300.0000 11.2561 0.0118
1305.0000 11.3167 0.0117
1310.0000 11.3531 0.0117
1315.0000 11.4195 0.0113
1320.0000 11.5286 0.0113
1325.0000 11.6351 0.0113
1330.0000 11.7079 0.0112
1335.0000 11.7745 0.0118
1340.0000 11.8470 0.0115
1345.0000 11.9536 0.0113
1350.0000 12.0445 0.0117
1355.0000 12.1657 0.0121
1360.0000 12.2662 0.0122
1365.0000 12.3668 0.0127
1370.0000 12.4637 0.0137
1375.0000 12.5832 0.0142
1380.0000 12.7611 0.0145
1385.0000 12.9208 0.0149
1390.0000 13.0501 0.0151
1395.0000 13.2240 0.0145
1400.0000 13.3691 0.0141
1405.0000 13.4817 0.0145
1410.0000 13.5894 0.0145
1415.0000 13.7380 0.0140
1420.0000 13.8613 0.0134
1425.0000 13.9654 0.0125
1430.0000 14.0680 0.0120
1435.0000 14.1439 0.0112
1440.0000 14.2077 0.0106
1445.0000 14.3287 0.0102
1450.0000 14.4063 0.0102
1455.0000 14.4611 0.0101
1460.0000 14.5337 0.0099
1465.0000 14.5967 0.0099
1470.0000 14.6554 0.0092
1475.0000 14.6975 0.0083
1480.0000 14.7573 0.0077
1485.0000 14.8227 0.0074
1490.0000 14.8547 0.0074
1495.0000 14.8832 0.0074
1500.0000 14.9512 0.0059
1505.0000 15.0131 0.0052
1510.0000 15.0775 0.0046
1515.0000 15.1059 0.0045
1520.0000 15.1700 0.0041
1525.0000 15.2116 0.0036
1530.0000 15.2664 0.0028
1535.0000 15.3009 0.0023
1540.0000 15.3151 0.0022
1545.0000 15.3222 0.0021
1550.0000 15.3329 0.0022
1555.0000 15.3496 0.0021
1560.0000 15.3628 0.0021
1565.0000 15.3699 0.0020
1570.0000 15.3902 0.0016
1575.0000 15.4035 0.0016
1580.0000 15.4035 0.0016
1585.0000 15.4222 0.0019
1590.0000 15.4320 0.0019
1595.0000 15.4449 0.0018
1600.0000 15.4613 0.0019
1605.0000 15.4742 0.0019
1610.0000 15.4938 0.0020
1615.0000 15.5155 0.0023
1620.0000 15.5373 0.0025
1625.0000 15.5684 0.0028
1630.0000 15.5840 0.0029
1635.0000 15.6093 0.0030
1640.0000 15.6436 0.0033
1645.0000 15.6747 0.0035
1650.0000 15.7124 0.0035
1655.0000 15.7596 0.0035
1660.0000 15.7978 0.0036
1665.0000 15.8196 0.0037
1670.0000 15.8693 0.0038
1675.0000 15.9284 0.0039
1680.0000 15.9818 0.0039
1685.0000 16.0221 0.0040
1690.0000 16.0718 0.0039
1695.0000 16.1092 0.0038
1700.0000 16.1527 0.0036
1705.0000 16.1963 0.0034
1710.0000 16.2118 0.0034
1715.0000 16.2523 0.0031
1720.0000 16.2710 0.0030
1725.0000 16.2927 0.0029
1730.0000 16.3083 0.0026
1735.0000 16.3330 0.0026
1740.0000 16.3821 0.0030
1745.0000 16.4188 0.0034
1750.0000 16.4737 0.0042
1755.0000 16.5436 0.0052
1760.0000 16.6077 0.0059
1765.0000 16.6624 0.0067
1770.0000 16.7082 0.0068
1775.0000 16.8146 0.0081
1780.0000 16.9423 0.0090
1785.0000 17.0485 0.0100
1790.0000 17.1546 0.0107
1795.0000 17.2436 0.0115
1800.0000 17.3628 0.0119
1805.0000 17.5063 0.0121
1810.0000 17.6176 0.0121
1815.0000 17.7368 0.0117
1820.0000 17.8322 0.0112
1825.0000 17.9243 0.0105
1830.0000 18.0193 0.0096
1835.0000 18.1356 0.0083
1840.0000 18.2025 0.0075
1845.0000 18.2653 0.0068
1850.0000 18.3081 0.0069
1855.0000 18.3887 0.0070
1860.0000 18.4214 0.0072
1865.0000 18.5051 0.0073
1870.0000 18.5726 0.0075
1875.0000 18.6462 0.0076
1880.0000 18.7053 0.0077
1885.0000 18.7935 0.0080
1890.0000 18.8673 0.0077
1895.0000 18.9166 0.0078
1900.0000 18.9986 0.0078
1905.0000 19.0932 0.0078
1910.0000 19.1679 0.0077
1915.0000 19.2833 0.0070
1920.0000 19.3377 0.0066
1925.0000 19.4256 0.0069
1930.0000 19.4902 0.0066
1935.0000 19.5506 0.0063
1940.0000 19.5751 0.0060
1945.0000 19.6374 0.0057
1950.0000 19.7029 0.0056
1955.0000 19.7447 0.0057
1960.0000 19.7621 0.0056
1965.0000 19.8203 0.0056
1970.0000 19.8662 0.0060
1975.0000 19.9162 0.0061
1980.0000 19.9618 0.0066
1985.0000 20.0197 0.0070
1990.0000 20.0542 0.0073
1995.0000 20.1090 0.0077
2000.0000 20.1811 0.0080
2005.0000 20.2359 0.0083
2010.0000 20.2856 0.0086
2015.0000 20.3464 0.0089
2020.0000 20.4245 0.0093
2025.0000 20.4961 0.0092
2030.0000 20.5955 0.0091
2035.0000 20.7392 0.0089
2040.0000 20.8859 0.0082
2045.0000 20.9949 0.0080
2050.0000 21.0527 0.0079
2055.0000 21.0996 0.0080
2060.0000 21.1502 0.0081
2065.0000 21.2101 0.0080
2070.0000 21.2600 0.0079
2075.0000 21.3328 0.0079
2080.0000 21.3847 0.0078
2085.0000 21.4510 0.0077
2090.0000 21.5107 0.0078
2095.0000 21.5647 0.0077
2100.0000 21.6196 0.0070
2105.0000 21.6751 0.0066
2110.0000 21.7506 0.0063
2115.0000 21.7996 0.0060
2120.0000 21.8629 0.0058
2125.0000 21.9096 0.0061
2130.0000 21.9613 0.0061
2135.0000 22.0262 0.0060
2140.0000 22.0876 0.0061
2145.0000 22.1315 0.0057
2150.0000 22.1867 0.0056
2155.0000 22.2262 0.0055
2160.0000 22.2657 0.0053
2165.0000 22.3087 0.0052
2170.0000 22.3533 0.0048
2175.0000 22.3855 0.0047
2180.0000 22.4322 0.0044
2185.0000 22.4860 0.0041
2190.0000 22.5199 0.0037
2195.0000 22.5502 0.0032
2200.0000 22.5683 0.0032
2205.0000 22.5863 0.0031
2210.0000 22.6194 0.0032
2215.0000 22.6343 0.0034
2220.0000 22.6861 0.0040
2225.0000 22.7117 0.0039
2230.0000 22.7265 0.0040
2235.0000 22.7599 0.0044
2240.0000 22.7930 0.0045
2245.0000 22.8188 0.0045
2250.0000 22.8262 0.0046
2255.0000 22.8518 0.0045
2260.0000 22.8814 0.0047
2265.0000 22.8963 0.0048
2270.0000 22.9408 0.0049
2275.0000 23.0085 0.0047
2280.0000 23.0824 0.0056
2285.0000 23.1317 0.0060
2290.0000 23.1772 0.0063
2295.0000 23.2252 0.0069
2300.0000 23.3462 0.0087
2305.0000 23.4709 0.0097
2310.0000 23.6423 0.0107
2315.0000 23.7463 0.0114
2320.0000 23.8528 0.0125
2325.0000 23.9766 0.0138
2330.0000 24.1305 0.0145
2335.0000 24.3322 0.0161
2340.0000 24.5292 0.0165
2345.0000 24.7301 0.0181
2350.0000 24.9470 0.0196
2355.0000 25.1753 0.0222
2360.0000 25.3652 0.0256
2365.0000 25.5401 0.0263
2370.0000 25.7188 0.0278
2375.0000 25.8599 0.0294
2380.0000 25.9791 0.0301
2385.0000 26.1531 0.0302
2390.0000 26.3123 0.0297
2395.0000 26.5034 0.0303
2400.0000 26.6443 0.0296
2405.0000 26.7719 0.0303
2410.0000 26.9105 0.0289
2415.0000 27.0634 0.0283
2420.0000 27.2213 0.0287
2425.0000 27.4057 0.0301
2430.0000 27.5491 0.0301
2435.0000 27.6850 0.0305
2440.0000 27.8087 0.0308
2445.0000 27.9882 0.0302
2450.0000 28.0755 0.0300
2455.0000 28.1737 0.0303
2460.0000 28.2794 0.0283
2465.0000 28.4044 0.0268
2470.0000 28.4991 0.0259
2475.0000 28.5683 0.0244
2480.0000 28.6435 0.0230
2485.0000 28.7225 0.0220
2490.0000 28.8220 0.0194
2495.0000 28.9021 0.0176
2500.0000 28.9811 0.0156
2505.0000 29.0370 0.0142
2510.0000 29.0625 0.0140
2515.0000 29.1038 0.0132
2520.0000 29.1439 0.0122
2525.0000 29.2071 0.0104
2530.0000 29.2459 0.0095
2535.0000 29.3030 0.0078
2540.0000 29.3248 0.0075
2545.0000 29.3528 0.0070
2550.0000 29.3892 0.0062
2555.0000 29.4062 0.0059
2560.0000 29.4244 0.0056
2565.0000 29.4475 0.0047
2570.0000 29.4683 0.0041
2575.0000 29.4781 0.0041
2580.0000 29.5012 0.0036
2585.0000 29.5172 0.0039
2590.0000 29.5332 0.0039
2595.0000 29.5431 0.0041
2600.0000 29.5580 0.0043
2605.0000 29.5728 0.0045
2610.0000 29.5926 0.0049
2615.0000 29.6224 0.0053
2620.0000 29.6422 0.0056
2625.0000 29.6780 0.0059
2630.0000 29.7127 0.0061
2635.0000 29.7424 0.0064
2640.0000 29.7771 0.0070
2645.0000 29.8415 0.0076
2650.0000 29.9455 0.0084
2655.0000 30.0617 0.0087
2660.0000 30.1459 0.0088
2665.0000 30.2648 0.0089
2670.0000 30.3788 0.0090
2675.0000 30.4927 0.0088
2680.0000 30.6067 0.0083
2685.0000 30.7057 0.0076
2690.0000 30.7652 0.0071
2695.0000 30.8247 0.0066
2700.0000 30.8791 0.0058
2705.0000 30.9248 0.0049
2710.0000 30.9546 0.0045
2715.0000 30.9941 0.0038
2720.0000 31.0090 0.0036
2725.0000 31.0238 0.0034
2730.0000 31.0238 0.0034
2735.0000 31.0288 0.0034
2740.0000 31.0338 0.0033
2745.0000 31.0387 0.0032
2750.0000 31.0437 0.0032
2755.0000 31.0526 0.0032
2760.0000 31.0616 0.0032
2765.0000 31.0755 0.0031
2770.0000 31.0945 0.0032
2775.0000 31.1195 0.0034
2780.0000 31.1375 0.0035
2785.0000 31.1584 0.0038
2790.0000 31.1794 0.0037
2795.0000 31.2044 0.0038
2800.0000 31.2325 0.0041
2805.0000 31.2865 0.0044
2810.0000 31.3626 0.0054
2815.0000 31.4467 0.0061
2820.0000 31.4988 0.0063
2825.0000 31.5809 0.0065
2830.0000 31.6731 0.0066
2835.0000 31.7211 0.0068
2840.0000 31.7813 0.0069
2845.0000 31.8574 0.0069
2850.0000 31.9385 0.0064
2855.0000 31.9946 0.0061
2860.0000 32.0427 0.0059
2865.0000 32.0748 0.0058
2870.0000 32.0948 0.0058
2875.0000 32.1149 0.0057
2880.0000 32.1429 0.0055
2885.0000 32.1750 0.0052
2890.0000 32.2070 0.0050
2895.0000 32.2271 0.0049
2900.0000 32.2511 0.0046
2905.0000 32.2672 0.0045
2910.0000 32.2832 0.0043
2915.0000 32.2912 0.0042
2920.0000 32.3153 0.0040
2925.0000 32.3333 0.0040
2930.0000 32.3574 0.0036
2935.0000 32.3694 0.0035
2940.0000 32.3975 0.0031
2945.0000 32.4138 0.0030
2950.0000 32.4223 0.0032
2955.0000 32.4391 0.0033
2960.0000 32.4643 0.0033
2965.0000 32.4856 0.0036
2970.0000 32.5125 0.0036
2975.0000 32.5605 0.0039
2980.0000 32.6129 0.0049
2985.0000 32.6531 0.0053
2990.0000 32.6949 0.0059
2995.0000 32.7686 0.0065
3000.0000 32.8697 0.0077
3005.0000 32.9518 0.0085
3010.0000 33.0612 0.0093
3015.0000 33.1392 0.0103
3020.0000 33.2586 0.0115
3025.0000 33.3553 0.0129
3030.0000 33.4982 0.0149
3035.0000 33.6198 0.0167
3040.0000 33.7864 0.0174
3045.0000 33.9827 0.0192
3050.0000 34.1578 0.0209
3055.0000 34.3165 0.0230
3060.0000 34.4360 0.0234
3065.0000 34.6030 0.0233
3070.0000 34.7361 0.0239
3075.0000 34.8586 0.0241
3080.0000 35.0101 0.0241
3085.0000 35.1764 0.0244
3090.0000 35.3325 0.0245
3095.0000 35.4242 0.0242
3100.0000 35.5980 0.0225
3105.0000 35.7177 0.0223
3110.0000 35.9018 0.0205
3115.0000 36.0109 0.0203
3120.0000 36.1509 0.0181
3125.0000 36.2392 0.0172
3130.0000 36.3563 0.0161
3135.0000 36.4184 0.0157
3140.0000 36.5101 0.0151
3145.0000 36.5810 0.0152
3150.0000 36.6454 0.0142
3155.0000 36.6985 0.0130
3160.0000 36.7758 0.0126
3165.0000 36.8253 0.0125
3170.0000 36.8898 0.0119
3175.0000 36.9735 0.0105
3180.0000 37.0182 0.0098
3185.0000 37.0865 0.0087
3190.0000 37.1444 0.0083
3195.0000 37.2273 0.0076
3200.0000 37.2724 0.0068
3205.0000 37.3468 0.0070
3210.0000 37.4116 0.0069
3215.0000 37.4988 0.0079
3220.0000 37.5476 0.0085
3225.0000 37.6375 0.0099
3230.0000 37.7273 0.0110
3235.0000 37.8149 0.0117
3240.0000 37.9305 0.0132
3245.0000 38.0196 0.0146
3250.0000 38.1130 0.0161
3255.0000 38.2239 0.0175
3260.0000 38.3358 0.0182
3265.0000 38.4347 0.0189
3270.0000 38.5830 0.0195
3275.0000 38.6870 0.0203
3280.0000 38.8207 0.0212
3285.0000 38.9423 0.0210
3290.0000 39.0820 0.0209
3295.0000 39.1937 0.0206
3300.0000 39.3284 0.0190
3305.0000 39.3992 0.0178
3310.0000 39.4905 0.0166
3315.0000 39.6270 0.0154
3320.0000 39.7355 0.0144
3325.0000 39.8242 0.0133
3330.0000 39.9311 0.0120
3335.0000 39.9872 0.0107
3340.0000 40.0312 0.0095
3345.0000 40.0631 0.0087
3350.0000 40.1088 0.0077
3355.0000 40.1188 0.0077
3360.0000 40.1426 0.0072
3365.0000 40.1688 0.0068
3370.0000 40.1950 0.0067
3375.0000 40.2128 0.0064
3380.0000 40.2364 0.0063
3385.0000 40.2626 0.0058
3390.0000 40.2906 0.0055
3395.0000 40.3103 0.0052
3400.0000 40.3360 0.0054
3405.0000 40.3559 0.0056
3410.0000 40.3778 0.0054
3415.0000 40.4078 0.0055
3420.0000 40.4358 0.0060
3425.0000 40.4798 0.0065
3430.0000 40.5260 0.0064
3435.0000 40.5441 0.0063
3440.0000 40.5681 0.0066
3445.0000 40.6061 0.0067
3450.0000 40.6381 0.0070
3455.0000 40.6581 0.0071
3460.0000 40.6942 0.0072
3465.0000 40.7102 0.0073
3470.0000 40.7382 0.0075
3475.0000 40.7722 0.0077
3480.0000 40.7983 0.0074
3485.0000 40.8523 0.0075
3490.0000 40.8963 0.0075
3495.0000 40.9523 0.0076
3500.0000 41.0083 0.0079
3505.0000 41.0403 0.0077
3510.0000 41.0924 0.0076
3515.0000 41.1364 0.0076
3520.0000 41.1744 0.0071
3525.0000 41.1984 0.0072
3530.0000 41.2584 0.0068
3535.0000 41.3184 0.0065
3540.0000 41.3784 0.0063
3545.0000 41.4285 0.0054
3550.0000 41.4405 0.0053
3555.0000 41.4565 0.0051
3560.0000 41.4765 0.0047
3565.0000 41.5005 0.0045
3570.0000 41.5285 0.0042
3575.0000 41.5445 0.0041
3580.0000 41.5485 0.0040
3585.0000 41.5725 0.0038
3590.0000 41.5925 0.0036
3595.0000 41.5965 0.0035
3600.0000 41.6045 0.0034
3605.0000 41.6169 0.0034
3610.0000 41.6334 0.0033
3615.0000 41.6527 0.0037
3620.0000 41.7284 0.0048
3625.0000 41.7756 0.0054
3630.0000 41.8441 0.0062
3635.0000 41.8740 0.0068
3640.0000 41.9236 0.0075
3645.0000 41.9805 0.0084
3650.0000 42.0484 0.0097
3655.0000 42.1630 0.0118
3660.0000 42.3181 0.0139
3665.0000 42.4493 0.0153
3670.0000 42.5806 0.0182
3675.0000 42.7591 0.0223
3680.0000 42.9352 0.0247
3685.0000 43.0935 0.0286
3690.0000 43.2881 0.0320
3695.0000 43.4489 0.0352
3700.0000 43.6287 0.0377
3705.0000 43.8068 0.0428
3710.0000 43.9832 0.0460
3715.0000 44.1928 0.0457
3720.0000 44.3770 0.0467
3725.0000 44.5244 0.0465
3730.0000 44.6840 0.0456
3735.0000 44.8762 0.0435
3740.0000 45.0576 0.0434
3745.0000 45.2076 0.0407
3750.0000 45.3287 0.0395
3755.0000 45.4976 0.0373
3760.0000 45.6670 0.0353
3765.0000 45.8522 0.0328
3770.0000 46.0367 0.0316
3775.0000 46.1800 0.0294
3780.0000 46.3080 0.0277
3785.0000 46.4344 0.0244
3790.0000 46.6005 0.0217
3795.0000 46.7316 0.0199
3800.0000 46.8311 0.0189
3805.0000 46.9216 0.0181
3810.0000 46.9903 0.0178
3815.0000 47.0907 0.0178
3820.0000 47.1486 0.0178
3825.0000 47.2418 0.0163
3830.0000 47.2990 0.0161
3835.0000 47.3552 0.0162
3840.0000 47.3962 0.0162
3845.0000 47.4735 0.0167
3850.0000 47.5560 0.0167
3855.0000 47.6342 0.0169
3860.0000 47.6909 0.0176
3865.0000 47.7783 0.0175
3870.0000 47.8698 0.0184
3875.0000 47.9430 0.0186
3880.0000 48.0712 0.0192
3885.0000 48.2121 0.0201
3890.0000 48.3580 0.0199
3895.0000 48.4536 0.0200
3900.0000 48.6027 0.0194
3905.0000 48.7432 0.0207
3910.0000 48.8765 0.0217
3915.0000 49.0653 0.0225
3920.0000 49.1829 0.0226
3925.0000 49.3399 0.0230
3930.0000 49.4781 0.0233
3935.0000 49.5823 0.0241
3940.0000 49.7596 0.0233
3945.0000 49.8899 0.0230
3950.0000 50.0145 0.0247
3955.0000 50.2233 0.0251
3960.0000 50.3840 0.0266
3965.0000 50.5213 0.0258
3970.0000 50.6384 0.0266
3975.0000 50.7607 0.0273
3980.0000 50.9055 0.0286
3985.0000 51.0224 0.0298
3990.0000 51.1487 0.0295
3995.0000 51.2562 0.0290
4000.0000 51.4037 0.0292
4005.0000 51.5678 0.0301
4010.0000 51.6610 0.0295
4015.0000 51.7625 0.0302
4020.0000 51.8810 0.0293
4025.0000 52.0047 0.0287
4030.0000 52.1516 0.0268
4035.0000 52.2972 0.0244
4040.0000 52.4057 0.0239
4045.0000 52.5134 0.0234
4050.0000 52.6345 0.0217
4055.0000 52.7419 0.0217
4060.0000 52.8730 0.0214
4065.0000 52.9734 0.0206
4070.0000 53.0887 0.0210
4075.0000 53.2084 0.0203
4080.0000 53.3229 0.0196
4085.0000 53.4430 0.0186
4090.0000 53.5650 0.0174
4095.0000 53.6675 0.0175
4100.0000 53.7618 0.0166
4105.0000 53.8548 0.0157
4110.0000 53.9074 0.0153
4115.0000 53.9596 0.0148
4120.0000 54.0112 0.0133
4125.0000 54.0522 0.0126
4130.0000 54.0966 0.0119
4135.0000 54.1441 0.0116
4140.0000 54.1679 0.0113
4145.0000 54.2059 0.0111
4150.0000 54.2404 0.0104
4155.0000 54.2594 0.0102
4160.0000 54.2774 0.0099
4165.0000 54.2964 0.0098
4170.0000 54.3002 0.0096
4175.0000 54.3157 0.0095
4180.0000 54.3408 0.0087
4185.0000 54.3600 0.0086
4190.0000 54.3742 0.0083
4195.0000 54.3827 0.0083
4200.0000 54.4007 0.0076
4205.0000 54.4150 0.0072
4210.0000 54.4307 0.0072
4215.0000 54.4307 0.0072
4220.0000 54.4307 0.0072
4225.0000 54.4307 0.0072
4230.0000 54.4367 0.0071
4235.0000 54.4367 0.0071
4240.0000 54.4533 0.0073
4245.0000 54.4652 0.0074
4250.0000 54.4711 0.0076
4255.0000 54.4771 0.0075
4260.0000 54.4927 0.0074
4265.0000 54.5153 0.0075
4270.0000 54.5378 0.0079
4275.0000 54.5616 0.0083
4280.0000 54.5855 0.0085
4285.0000 54.6392 0.0097
4290.0000 54.6748 0.0103
4295.0000 54.7342 0.0111
4300.0000 54.7699 0.0120
4305.0000 54.8293 0.0135
4310.0000 54.8946 0.0145
4315.0000 54.9481 0.0151
4320.0000 55.0610 0.0162
4325.0000 55.1799 0.0164
4330.0000 55.2809 0.0175
4335.0000 55.4294 0.0177
4340.0000 55.5601 0.0174
4345.0000 55.6552 0.0172
4350.0000 55.7324 0.0163
4355.0000 55.8096 0.0159
4360.0000 55.8512 0.0154
4365.0000 55.9340 0.0146
4370.0000 55.9815 0.0138
4375.0000 56.0411 0.0130
4380.0000 56.1065 0.0124
4385.0000 56.1362 0.0120
4390.0000 56.1601 0.0120
4395.0000 56.2021 0.0122
4400.0000 56.2680 0.0122
4405.0000 56.3282 0.0127
4410.0000 56.3764 0.0132
4415.0000 56.4365 0.0134
4420.0000 56.4909 0.0147
4425.0000 56.5571 0.0153
4430.0000 56.6963 0.0171
4435.0000 56.8537 0.0197
4440.0000 57.0113 0.0209
4445.0000 57.1685 0.0218
4450.0000 57.3438 0.0235
4455.0000 57.4951 0.0248
4460.0000 57.6221 0.0246
4465.0000 57.8159 0.0254
4470.0000 58.0132 0.0265
4475.0000 58.2469 0.0280
4480.0000 58.4297 0.0295
4485.0000 58.5916 0.0296
4490.0000 58.7501 0.0304
4495.0000 58.9155 0.0308
4500.0000 59.1189 0.0289
4505.0000 59.3026 0.0274
4510.0000 59.5055 0.0270
4515.0000 59.6660 0.0264
4520.0000 59.8103 0.0242
4525.0000 59.9349 0.0214
4530.0000 60.0434 0.0202
4535.0000 60.1765 0.0184
4540.0000 60.3298 0.0174
4545.0000 60.5011 0.0170
4550.0000 60.6685 0.0168
4555.0000 60.8233 0.0178
4560.0000 61.0217 0.0190
4565.0000 61.1670 0.0211
4570.0000 61.3224 0.0238
4575.0000 61.5047 0.0272
4580.0000 61.6799 0.0310
4585.0000 61.9681 0.0366
4590.0000 62.2702 0.0409
4595.0000 62.5850 0.0483
4600.0000 62.9286 0.0563
4605.0000 63.2507 0.0608
4610.0000 63.5548 0.0644
4615.0000 63.8123 0.0656
4620.0000 64.0997 0.0683
4625.0000 64.4224 0.0671
4630.0000 64.6512 0.0657
4635.0000 64.8929 0.0646
4640.0000 65.1344 0.0634
4645.0000 65.3197 0.0593
4650.0000 65.4996 0.0565
4655.0000 65.6457 0.0541
4660.0000 65.8044 0.0510
4665.0000 65.9539 0.0487
4670.0000 66.1020 0.0447
4675.0000 66.2061 0.0426
4680.0000 66.3097 0.0410
4685.0000 66.4007 0.0399
4690.0000 66.5125 0.0352
4695.0000 66.6175 0.0316
4700.0000 66.7126 0.0283
4705.0000 66.8005 0.0250
4710.0000 66.8678 0.0229
4715.0000 66.9088 0.0215
4720.0000 66.9310 0.0210
4725.0000 66.9913 0.0196
4730.0000 67.0383 0.0178
4735.0000 67.0783 0.0168
4740.0000 67.1289 0.0157
4745.0000 67.1790 0.0139
4750.0000 67.2164 0.0127
4755.0000 67.2484 0.0122
4760.0000 67.2600 0.0120
4765.0000 67.2783 0.0115
4770.0000 67.3011 0.0114
4775.0000 67.3118 0.0114
4780.0000 67.3280 0.0115
4785.0000 67.3519 0.0113
4790.0000 67.3682 0.0112
4795.0000 67.3753 0.0112
4800.0000 67.4148 0.0117
4805.0000 67.4726 0.0106
4810.0000 67.5217 0.0111
4815.0000 67.5613 0.0119
4820.0000 67.6286 0.0117
4825.0000 67.7209 0.0126
4830.0000 67.8071 0.0133
4835.0000 67.8877 0.0135
4840.0000 67.9718 0.0145
4845.0000 68.0759 0.0161
4850.0000 68.1798 0.0166
4855.0000 68.2643 0.0175
4860.0000 68.3946 0.0185
4865.0000 68.5233 0.0195
4870.0000 68.6584 0.0202
4875.0000 68.8220 0.0202
4880.0000 68.9496 0.0210
4885.0000 69.1217 0.0213
4890.0000 69.2878 0.0221
4895.0000 69.4107 0.0230
4900.0000 69.5023 0.0223
4905.0000 69.6171 0.0208
4910.0000 69.7196 0.0211
4915.0000 69.7951 0.0203
4920.0000 69.8770 0.0199
4925.0000 69.9505 0.0202
4930.0000 70.0203 0.0188
4935.0000 70.0997 0.0174
4940.0000 70.1154 0.0168
4945.0000 70.1709 0.0156
4950.0000 70.1960 0.0152
4955.0000 70.2283 0.0143
4960.0000 70.2692 0.0139
4965.0000 70.2910 0.0135
4970.0000 70.3127 0.0134
4975.0000 70.3293 0.0131
4980.0000 70.3604 0.0125
4985.0000 70.3959 0.0124
4990.0000 70.4351 0.0122
4995.0000 70.4515 0.0122
5000.0000 70.4654 0.0123
5005.0000 70.4957 0.0123
5010.0000 70.5520 0.0114
5015.0000 70.5775 0.0110
5020.0000 70.6069 0.0105
5025.0000 70.6381 0.0103
5030.0000 70.6916 0.0097
5035.0000 70.7286 0.0101
5040.0000 70.7595 0.0105
5045.0000 70.8112 0.0105
5050.0000 70.8835 0.0109
5055.0000 70.9464 0.0106
5060.0000 71.0185 0.0108
5065.0000 71.0693 0.0111
5070.0000 71.1383 0.0114
5075.0000 71.1798 0.0113
5080.0000 71.2494 0.0110
5085.0000 71.3123 0.0117
5090.0000 71.3811 0.0118
5095.0000 71.4509 0.0121
5100.0000 71.4963 0.0120
5105.0000 71.5886 0.0121
5110.0000 71.6412 0.0122
5115.0000 71.6903 0.0123
5120.0000 71.7465 0.0122
5125.0000 71.8080 0.0124
5130.0000 71.8430 0.0132
5135.0000 71.8928 0.0140
5140.0000 71.9857 0.0155
5145.0000 72.1032 0.0174
5150.0000 72.2245 0.0195
5155.0000 72.3289 0.0206
5160.0000 72.4817 0.0213
5165.0000 72.6081 0.0228
5170.0000 72.8117 0.0252
5175.0000 73.0052 0.0269
5180.0000 73.2514 0.0307
5185.0000 73.5100 0.0341
5190.0000 73.7465 0.0372
5195.0000 73.9640 0.0394
5200.0000 74.2122 0.0428
5205.0000 74.5328 0.0470
5210.0000 74.8195 0.0469
5215.0000 75.0168 0.0460
5220.0000 75.2113 0.0452
5225.0000 75.3902 0.0446
5230.0000 75.5788 0.0421
5235.0000 75.7422 0.0405
5240.0000 75.8763 0.0367
5245.0000 75.9719 0.0341
5250.0000 76.0588 0.0317
5255.0000 76.1241 0.0300
5260.0000 76.1942 0.0282
5265.0000 76.2595 0.0257
5270.0000 76.3309 0.0244
5275.0000 76.4132 0.0209
5280.0000 76.4601 0.0198
5285.0000 76.4940 0.0190
5290.0000 76.5468 0.0177
5295.0000 76.6179 0.0157
5300.0000 76.6493 0.0141
5305.0000 76.6862 0.0133
5310.0000 76.7253 0.0131
5315.0000 76.7558 0.0132
5320.0000 76.7850 0.0138
5325.0000 76.8202 0.0139
5330.0000 76.8741 0.0140
5335.0000 76.9264 0.0147
5340.0000 76.9877 0.0155
5345.0000 77.0402 0.0157
5350.0000 77.1101 0.0160
5355.0000 77.1736 0.0168
5360.0000 77.2544 0.0173
5365.0000 77.3240 0.0174
5370.0000 77.4302 0.0183
5375.0000 77.5419 0.0192
5380.0000 77.6921 0.0204
5385.0000 77.8682 0.0207
5390.0000 78.0512 0.0218
5395.0000 78.2215 0.0234
5400.0000 78.3981 0.0254
5405.0000 78.6360 0.0270
5410.0000 78.8334 0.0265
5415.0000 79.0523 0.0297
5420.0000 79.3106 0.0295
5425.0000 79.5031 0.0320
5430.0000 79.7317 0.0329
5435.0000 79.9118 0.0353
5440.0000 80.1652 0.0400
5445.0000 80.4471 0.0436
5450.0000 80.7614 0.0483
5455.0000 81.0448 0.0504
5460.0000 81.2977 0.0534
5465.0000 81.5883 0.0550
5470.0000 81.8665 0.0563
5475.0000 82.1496 0.0549
5480.0000 82.3542 0.0503
5485.0000 82.5719 0.0475
5490.0000 82.7623 0.0464
5495.0000 82.9446 0.0463
5500.0000 83.1072 0.0438
5505.0000 83.3281 0.0436
5510.0000 83.5012 0.0431
5515.0000 83.7299 0.0426
5520.0000 83.9304 0.0395
5525.0000 84.0902 0.0366
5530.0000 84.2419 0.0346
5535.0000 84.4239 0.0316
5540.0000 84.5292 0.0292
5545.0000 84.6809 0.0277
5550.0000 84.7655 0.0267
5555.0000 84.8404 0.0253
5560.0000 84.9608 0.0252
5565.0000 85.0580 0.0250
5570.0000 85.1491 0.0243
5575.0000 85.2558 0.0224
5580.0000 85.3280 0.0201
5585.0000 85.3744 0.0195
5590.0000 85.4630 0.0189
5595.0000 85.5284 0.0187
5600.0000 85.5791 0.0185
5605.0000 85.6591 0.0173
5610.0000 85.7030 0.0175
5615.0000 85.7465 0.0161
5620.0000 85.7877 0.0156
5625.0000 85.8437 0.0151
5630.0000 85.9084 0.0151
5635.0000 85.9478 0.0155
5640.0000 86.0366 0.0159
5645.0000 86.1265 0.0167
5650.0000 86.2225 0.0179
5655.0000 86.2959 0.0195
5660.0000 86.4221 0.0204
5665.0000 86.5035 0.0209
5670.0000 86.6197 0.0216
5675.0000 86.7398 0.0234
5680.0000 86.8926 0.0249
5685.0000 87.0588 0.0278
5690.0000 87.2226 0.0300
5695.0000 87.3441 0.0319
5700.0000 87.5100 0.0341
5705.0000 87.6964 0.0373
5710.0000 87.8907 0.0407
5715.0000 88.0995 0.0405
5720.0000 88.3038 0.0394
5725.0000 88.4842 0.0394
5730.0000 88.7070 0.0416
5735.0000 88.9542 0.0429
5740.0000 89.1893 0.0438
5745.0000 89.3678 0.0455
5750.0000 89.5806 0.0469
5755.0000 89.7447 0.0457
5760.0000 89.9274 0.0431
5765.0000 90.1017 0.0405
5770.0000 90.2353 0.0387
5775.0000 90.3731 0.0367
5780.0000 90.4826 0.0351
5785.0000 90.5922 0.0340
5790.0000 90.7136 0.0297
5795.0000 90.8129 0.0277
5800.0000 90.9146 0.0258
5805.0000 91.0146 0.0253
5810.0000 91.1044 0.0236
5815.0000 91.2184 0.0208
5820.0000 91.2880 0.0204
5825.0000 91.3740 0.0206
5830.0000 91.4376 0.0208
5835.0000 91.5235 0.0208
5840.0000 91.6626 0.0198
5845.0000 91.7856 0.0192
5850.0000 91.8776 0.0188
5855.0000 91.9984 0.0189
5860.0000 92.1297 0.0198
5865.0000 92.2494 0.0226
5870.0000 92.3614 0.0246
5875.0000 92.4898 0.0254
5880.0000 92.6422 0.0272
5885.0000 92.7845 0.0267
5890.0000 93.0339 0.0303
5895.0000 93.2530 0.0329
5900.0000 93.4697 0.0341
5905.0000 93.7102 0.0372
5910.0000 93.9389 0.0398
5915.0000 94.2404 0.0435
5920.0000 94.5051 0.0460
5925.0000 94.7758 0.0502
5930.0000 95.0501 0.0513
5935.0000 95.3891 0.0567
5940.0000 95.6532 0.0583
5945.0000 95.9424 0.0594
5950.0000 96.2604 0.0582
5955.0000 96.5164 0.0581
5960.0000 96.7051 0.0552
5965.0000 96.8288 0.0511
5970.0000 97.0324 0.0488
5975.0000 97.1809 0.0451
5980.0000 97.2151 0.0402
5985.0000 97.3652 0.0385
5990.0000 97.4647 0.0352
5995.0000 97.5843 0.0325
6000.0000 97.6928 0.0315
6005.0000 97.8694 0.0315
6010.0000 97.9228 0.0289
6015.0000 97.9798 0.0275
6020.0000 98.0225 0.0269
6025.0000 98.0820 0.0258
6030.0000 98.1354 0.0247
6035.0000 98.2428 0.0231
6040.0000 98.3559 0.0226
6045.0000 98.3193 0.0220
6050.0000 98.4116 0.0194
6055.0000 98.5027 0.0181
6060.0000 98.5106 0.0174
6065.0000 98.5589 0.0168
6070.0000 98.5836 0.0159
6075.0000 98.6691 0.0135
6080.0000 98.6984 0.0129
6085.0000 98.6862 0.0129
6090.0000 98.7027 0.0133
6095.0000 98.7172 0.0127
6100.0000 98.7361 0.0119
6105.0000 98.7582 0.0123
6110.0000 98.7511 0.0126
6115.0000 98.7809 0.0114
6120.0000 98.7445 0.0118
6125.0000 98.8294 0.0103
6130.0000 98.7679 0.0112
6135.0000 98.6558 0.0116
6140.0000 98.5929 0.0121
6145.0000 98.5920 0.0113
6150.0000 98.5556 0.0116
6155.0000 98.5399 0.0121
6160.0000 98.5062 0.0124
6165.0000 98.4652 0.0125
6170.0000 98.4699 0.0118
6175.0000 98.4342 0.0120
6180.0000 98.3968 0.0113
6185.0000 98.3531 0.0110
6190.0000 98.2986 0.0113
6195.0000 98.2831 0.0120
6200.0000 98.2360 0.0115
6205.0000 98.2138 0.0118
6210.0000 98.2028 0.0106
6215.0000 98.2477 0.0105
6220.0000 98.2115 0.0098
6225.0000 98.1095 0.0106
6230.0000 98.1554 0.0104
6235.0000 98.2073 0.0094
6240.0000 98.1624 0.0097
6245.0000 98.2133 0.0095
6250.0000 98.2101 0.0101
6255.0000 98.1869 0.0103
6260.0000 98.2062 0.0103
6265.0000 98.2228 0.0106
6270.0000 98.2240 0.0099
6275.0000 98.2219 0.0097
6280.0000 98.2047 0.0094
6285.0000 98.2221 0.0095
6290.0000 98.2041 0.0098
6295.0000 98.2394 0.0101
6300.0000 98.2392 0.0103
6305.0000 98.2510 0.0104
6310.0000 98.2819 0.0105
6315.0000 98.2522 0.0107
6320.0000 98.2775 0.0106
6325.0000 98.2796 0.0105
6330.0000 98.3210 0.0106
6335.0000 98.2373 0.0106
6340.0000 98.2697 0.0109
6345.0000 98.2610 0.0113
6350.0000 98.2980 0.0109
6355.0000 98.2713 0.0115
6360.0000 98.2557 0.0106
6365.0000 98.2921 0.0106
6370.0000 98.2481 0.0109
6375.0000 98.2193 0.0105
6380.0000 98.2216 0.0113
6385.0000 98.2155 0.0108
6390.0000 98.2384 0.0109
6395.0000 98.1970 0.0110
6400.0000 98.1918 0.0111
6405.0000 98.1791 0.0107
6410.0000 98.1530 0.0116
6415.0000 98.1116 0.0118
6420.0000 98.1477 0.0120
6425.0000 98.1420 0.0127
6430.0000 98.1652 0.0126
6435.0000 98.2043 0.0130
6440.0000 98.1547 0.0124
6445.0000 98.1572 0.0119
6450.0000 98.1690 0.0118
6455.0000 98.2018 0.0112
6460.0000 98.2001 0.0115
6465.0000 98.1891 0.0117
6470.0000 98.2100 0.0111
6475.0000 98.2335 0.0107
6480.0000 98.1573 0.0112
6485.0000 98.1401 0.0114
6490.0000 98.0846 0.0122
6495.0000 98.1699 0.0113
6500.0000 98.1215 0.0113
6505.0000 98.1636 0.0118
6510.0000 98.1388 0.0118
6515.0000 98.1698 0.0116
6520.0000 98.1605 0.0116
6525.0000 98.1438 0.0127
6530.0000 98.1314 0.0118
6535.0000 98.0802 0.0119
6540.0000 98.0989 0.0119
6545.0000 98.0726 0.0119
6550.0000 98.0828 0.0115
6555.0000 98.0487 0.0115
6560.0000 98.0680 0.0115
6565.0000 98.0925 0.0118
6570.0000 98.0910 0.0113
6575.0000 98.0956 0.0109
6580.0000 98.0963 0.0114
6585.0000 98.1194 0.0124
6590.0000 98.1218 0.0124
6595.0000 98.1598 0.0115
6600.0000 98.1132 0.0120
6605.0000 98.1080 0.0110
6610.0000 98.0645 0.0118
6615.0000 98.0774 0.0117
6620.0000 98.0916 0.0118
6625.0000 98.0733 0.0117
6630.0000 98.0445 0.0126
6635.0000 98.0903 0.0132
6640.0000 98.1720 0.0120
6645.0000 98.2036 0.0124
6650.0000 98.2412 0.0126
6655.0000 98.2201 0.0128
6660.0000 98.2671 0.0126
6665.0000 98.1670 0.0134
6670.0000 98.1874 0.0128
6675.0000 98.1523 0.0130
6680.0000 98.1340 0.0134
6685.0000 98.1547 0.0130
6690.0000 98.1474 0.0131
6695.0000 98.1295 0.0132
6700.0000 98.1164 0.0135
6705.0000 98.1621 0.0124
6710.0000 98.1489 0.0118
6715.0000 98.2220 0.0117
6720.0000 98.2097 0.0120
6725.0000 98.1972 0.0123
6730.0000 98.1605 0.0117
6735.0000 98.1902 0.0118
6740.0000 98.1701 0.0120
6745.0000 98.1977 0.0118
6750.0000 98.1485 0.0122
6755.0000 98.1773 0.0121
6760.0000 98.2163 0.0120
6765.0000 98.2216 0.0124
6770.0000 98.2139 0.0124
6775.0000 98.1496 0.0126
6780.0000 98.2314 0.0126
6785.0000 98.2044 0.0132
6790.0000 98.2676 0.0120
6795.0000 98.2721 0.0125
6800.0000 98.2746 0.0131
6805.0000 98.3159 0.0126
6810.0000 98.3620 0.0124
6815.0000 98.3579 0.0125
6820.0000 98.3833 0.0119
6825.0000 98.3993 0.0118
6830.0000 98.3984 0.0126
6835.0000 98.4536 0.0119
6840.0000 98.5578 0.0108
6845.0000 98.5381 0.0113
6850.0000 98.5125 0.0114
6855.0000 98.5085 0.0119
6860.0000 98.5365 0.0112
6865.0000 98.5433 0.0107
6870.0000 98.4977 0.0115
6875.0000 98.5497 0.0110
6880.0000 98.5628 0.0108
6885.0000 98.5664 0.0106
6890.0000 98.4791 0.0117
6895.0000 98.5163 0.0108
6900.0000 98.5190 0.0111
6905.0000 98.5002 0.0111
6910.0000 98.4877 0.0114
6915.0000 98.4858 0.0113
6920.0000 98.4824 0.0107
6925.0000 98.4866 0.0107
6930.0000 98.4318 0.0115
6935.0000 98.3968 0.0117
6940.0000 98.4127 0.0116
6945.0000 98.3988 0.0118
6950.0000 98.3979 0.0115
6955.0000 98.4153 0.0114
6960.0000 98.4408 0.0104
6965.0000 98.4368 0.0109
6970.0000 98.3686 0.0111
6975.0000 98.3225 0.0112
6980.0000 98.3319 0.0112
6985.0000 98.3844 0.0105
6990.0000 98.3423 0.0110
6995.0000 98.3726 0.0109
7000.0000 98.4087 0.0107
7005.0000 98.4316 0.0107
7010.0000 98.4439 0.0101
7015.0000 98.4322 0.0109
7020.0000 98.4507 0.0114
7025.0000 98.4649 0.0107
7030.0000 98.5196 0.0098
7035.0000 98.5298 0.0101
7040.0000 98.5516 0.0105
7045.0000 98.5892 0.0102
7050.0000 98.5954 0.0100
7055.0000 98.6506 0.0091
7060.0000 98.6555 0.0092
7065.0000 98.6212 0.0095
7070.0000 98.6347 0.0095
7075.0000 98.6653 0.0094
7080.0000 98.6763 0.0096
7085.0000 98.7001 0.0089
7090.0000 98.6807 0.0092
7095.0000 98.6708 0.0092
7100.0000 98.6379 0.0096
7105.0000 98.6542 0.0097
7110.0000 98.6793 0.0092
7115.0000 98.6784 0.0093
7120.0000 98.6620 0.0095
7125.0000 98.6962 0.0089
7130.0000 98.7184 0.0090
7135.0000 98.6802 0.0100
7140.0000 98.6882 0.0090
7145.0000 98.6720 0.0088
7150.0000 98.6401 0.0097
7155.0000 98.6866 0.0098
7160.0000 98.6802 0.0104
7165.0000 98.6873 0.0101
7170.0000 98.7150 0.0096
7175.0000 98.7035 0.0090
7180.0000 98.7207 0.0089
7185.0000 98.7313 0.0088
7190.0000 98.7606 0.0085
7195.0000 98.8030 0.0082
7200.0000 98.7984 0.0080
7205.0000 98.7818 0.0082
7210.0000 98.7913 0.0079
7215.0000 98.7845 0.0081
7220.0000 98.7843 0.0081
7225.0000 98.8110 0.0081
7230.0000 98.8028 0.0082
7235.0000 98.8612 0.0070
7240.0000 98.8860 0.0067
7245.0000 98.8796 0.0068
7250.0000 98.8623 0.0069
7255.0000 98.8904 0.0063
7260.0000 98.9059 0.0060
7265.0000 98.8947 0.0063
7270.0000 98.8895 0.0063
7275.0000 98.9046 0.0060
7280.0000 98.9068 0.0060
7285.0000 98.9121 0.0059
7290.0000 98.9209 0.0058
7295.0000 98.9119 0.0060
7300.0000 98.9114 0.0062
7305.0000 98.9101 0.0063
7310.0000 98.9069 0.0064
7315.0000 98.9146 0.0062
7320.0000 98.9127 0.0063
7325.0000 98.8932 0.0064
7330.0000 98.9000 0.0062
7335.0000 98.9220 0.0060
7340.0000 98.8937 0.0063
7345.0000 98.8793 0.0062
7350.0000 98.8451 0.0068
7355.0000 98.8163 0.0069
7360.0000 98.7997 0.0073
7365.0000 98.7774 0.0078
7370.0000 98.7653 0.0077
7375.0000 98.7255 0.0084
7380.0000 98.7397 0.0084
7385.0000 98.7333 0.0087
7390.0000 98.7044 0.0096
7395.0000 98.7182 0.0095
7400.0000 98.7624 0.0086
7405.0000 98.7454 0.0089
7410.0000 98.7209 0.0089
7415.0000 98.7189 0.0092
7420.0000 98.7554 0.0088
7425.0000 98.6990 0.0094
7430.0000 98.7340 0.0087
7435.0000 98.7474 0.0091
7440.0000 98.7653 0.0092
7445.0000 98.7756 0.0088
7450.0000 98.7862 0.0087
7455.0000 98.7826 0.0085
7460.0000 98.7877 0.0087
7465.0000 98.8202 0.0081
7470.0000 98.8342 0.0082
7475.0000 98.8231 0.0087
7480.0000 98.8509 0.0083
7485.0000 98.8672 0.0080
7490.0000 98.8627 0.0082
7495.0000 98.8999 0.0076
7500.0000 98.8824 0.0078
7505.0000 98.9064 0.0075
7510.0000 98.9102 0.0074
7515.0000 98.9082 0.0074
7520.0000 98.9026 0.0074
7525.0000 98.9182 0.0070
7530.0000 98.9433 0.0068
7535.0000 98.9452 0.0068
7540.0000 98.9652 0.0064
7545.0000 98.9883 0.0060
7550.0000 98.9874 0.0059
7555.0000 98.9794 0.0062
7560.0000 98.9932 0.0059
7565.0000 98.9919 0.0061
7570.0000 98.9950 0.0059
7575.0000 99.0262 0.0055
7580.0000 99.0135 0.0058
7585.0000 99.0041 0.0060
7590.0000 98.9948 0.0063
7595.0000 99.0101 0.0059
7600.0000 98.9731 0.0062
7605.0000 98.9730 0.0064
7610.0000 98.9748 0.0062
7615.0000 98.9702 0.0065
7620.0000 98.9697 0.0065
7625.0000 98.9768 0.0066
7630.0000 98.9681 0.0070
7635.0000 98.9581 0.0068
7640.0000 98.9061 0.0080
7645.0000 98.8909 0.0082
7650.0000 98.9025 0.0075
7655.0000 98.8906 0.0077
7660.0000 98.9062 0.0069
7665.0000 98.9001 0.0072
7670.0000 98.8996 0.0076
7675.0000 98.8784 0.0076
7680.0000 98.8476 0.0080
7685.0000 98.8342 0.0081
7690.0000 98.8128 0.0081
7695.0000 98.8250 0.0078
7700.0000 98.8022 0.0084
7705.0000 98.8073 0.0083
7710.0000 98.8008 0.0086
7715.0000 98.7845 0.0083
7720.0000 98.7745 0.0082
7725.0000 98.7512 0.0083
7730.0000 98.7250 0.0088
7735.0000 98.6918 0.0095
7740.0000 98.7233 0.0089
7745.0000 98.7353 0.0087
7750.0000 98.7232 0.0088
7755.0000 98.7394 0.0084
7760.0000 98.7275 0.0083
7765.0000 98.7274 0.0083
7770.0000 98.7121 0.0082
7775.0000 98.6728 0.0085
7780.0000 98.6620 0.0087
7785.0000 98.6574 0.0087
7790.0000 98.6599 0.0089
7795.0000 98.6420 0.0090
7800.0000 98.6482 0.0092
7805.0000 98.6555 0.0092
7810.0000 98.6608 0.0088
7815.0000 98.6564 0.0090
7820.0000 98.6533 0.0090
7825.0000 98.6689 0.0088
7830.0000 98.6875 0.0089
7835.0000 98.6925 0.0088
7840.0000 98.6889 0.0090
7845.0000 98.6699 0.0095
7850.0000 98.6791 0.0097
7855.0000 98.6766 0.0094
7860.0000 98.6633 0.0095
7865.0000 98.6522 0.0096
7870.0000 98.6484 0.0094
7875.0000 98.6374 0.0097
7880.0000 98.6008 0.0101
7885.0000 98.6212 0.0098
7890.0000 98.6429 0.0097
7895.0000 98.5880 0.0102
7900.0000 98.6047 0.0100
7905.0000 98.5998 0.0099
7910.0000 98.6156 0.0095
7915.0000 98.6358 0.0093
7920.0000 98.6184 0.0097
7925.0000 98.6638 0.0091
7930.0000 98.6904 0.0085
7935.0000 98.6670 0.0089
7940.0000 98.6499 0.0091
7945.0000 98.6989 0.0081
7950.0000 98.6762 0.0086
7955.0000 98.7120 0.0079
7960.0000 98.6763 0.0080
7965.0000 98.6524 0.0084
7970.0000 98.6903 0.0083
7975.0000 98.7096 0.0078
7980.0000 98.7297 0.0076
7985.0000 98.7865 0.0065
7990.0000 98.8065 0.0061
7995.0000 98.8010 0.0066
8000.0000 98.8038 0.0063
8005.0000 98.8319 0.0057
8010.0000 98.8197 0.0059
8015.0000 98.7950 0.0064
8020.0000 98.8151 0.0062
8025.0000 98.7929 0.0065
8030.0000 98.7445 0.0075
8035.0000 98.7653 0.0069
8040.0000 98.7267 0.0075
8045.0000 98.7013 0.0074
8050.0000 98.7116 0.0070
8055.0000 98.7105 0.0070
8060.0000 98.7551 0.0061
8065.0000 98.7185 0.0074
8070.0000 98.7319 0.0071
8075.0000 98.7196 0.0070
8080.0000 98.7188 0.0073
8085.0000 98.7286 0.0073
8090.0000 98.7155 0.0077
8095.0000 98.6967 0.0082
8100.0000 98.6543 0.0086
8105.0000 98.6314 0.0088
8110.0000 98.5633 0.0094
8115.0000 98.5702 0.0093
8120.0000 98.5623 0.0091
8125.0000 98.4974 0.0096
8130.0000 98.5342 0.0095
8135.0000 98.5587 0.0089
8140.0000 98.6141 0.0088
8145.0000 98.5975 0.0083
8150.0000 98.6013 0.0089
8155.0000 98.6209 0.0088
8160.0000 98.6730 0.0086
8165.0000 98.6662 0.0081
8170.0000 98.7088 0.0077
8175.0000 98.7549 0.0070
8180.0000 98.7493 0.0068
8185.0000 98.7622 0.0067
8190.0000 98.7631 0.0069
8195.0000 98.7875 0.0065
8200.0000 98.7998 0.0062
8205.0000 98.8204 0.0060
8210.0000 98.8159 0.0060
8215.0000 98.8114 0.0064
8220.0000 98.8298 0.0061
8225.0000 98.8161 0.0064
8230.0000 98.8525 0.0056
8235.0000 98.8337 0.0057
8240.0000 98.8256 0.0059
8245.0000 98.8322 0.0059
8250.0000 98.8414 0.0058
8255.0000 98.8441 0.0057
8260.0000 98.8362 0.0058
8265.0000 98.8413 0.0057
8270.0000 98.8300 0.0057
8275.0000 98.8336 0.0059
8280.0000 98.8331 0.0060
8285.0000 98.8274 0.0062
8290.0000 98.8148 0.0063
8295.0000 98.8227 0.0062
8300.0000 98.8382 0.0060
8305.0000 98.7969 0.0070
8310.0000 98.7703 0.0074
8315.0000 98.7644 0.0072
8320.0000 98.7457 0.0077
8325.0000 98.7027 0.0080
8330.0000 98.7441 0.0076
8335.0000 98.7448 0.0075
8340.0000 98.6920 0.0081
8345.0000 98.7000 0.0078
8350.0000 98.6683 0.0083
8355.0000 98.6573 0.0085
8360.0000 98.6078 0.0097
8365.0000 98.5781 0.0093
8370.0000 98.6020 0.0089
8375.0000 98.6098 0.0091
8380.0000 98.5469 0.0099
8385.0000 98.5654 0.0094
8390.0000 98.5976 0.0090
8395.0000 98.5428 0.0099
8400.0000 98.5272 0.0099
8405.0000 98.5877 0.0092
8410.0000 98.5519 0.0095
8415.0000 98.5301 0.0099
8420.0000 98.5024 0.0096
8425.0000 98.4941 0.0095
8430.0000 98.4881 0.0098
8435.0000 98.4014 0.0106
8440.0000 98.4412 0.0105
8445.0000 98.4593 0.0100
8450.0000 98.4258 0.0095
8455.0000 98.3920 0.0104
8460.0000 98.3905 0.0103
8465.0000 98.4375 0.0097
8470.0000 98.3875 0.0104
8475.0000 98.4437 0.0100
8480.0000 98.4426 0.0108
8485.0000 98.4539 0.0095
8490.0000 98.4728 0.0091
8495.0000 98.5019 0.0095
8500.0000 98.5281 0.0091
8505.0000 98.5130 0.0094
8510.0000 98.5267 0.0092
8515.0000 98.5720 0.0088
8520.0000 98.6624 0.0075
8525.0000 98.6810 0.0077
8530.0000 98.6827 0.0078
8535.0000 98.6452 0.0085
8540.0000 98.6994 0.0078
8545.0000 98.7332 0.0072
8550.0000 98.7400 0.0073
8555.0000 98.7426 0.0073
8560.0000 98.7660 0.0070
8565.0000 98.7950 0.0069
8570.0000 98.7832 0.0067
8575.0000 98.8013 0.0065
8580.0000 98.8244 0.0060
8585.0000 98.8233 0.0061
8590.0000 98.8339 0.0063
8595.0000 98.8483 0.0061
8600.0000 98.8468 0.0059
8605.0000 98.8716 0.0056
8610.0000 98.8611 0.0059
8615.0000 98.8729 0.0057
8620.0000 98.8711 0.0058
8625.0000 98.8780 0.0058
8630.0000 98.8905 0.0056
8635.0000 98.9027 0.0052
8640.0000 98.9066 0.0051
8645.0000 98.9197 0.0049
8650.0000 98.9298 0.0047
8655.0000 98.9227 0.0049
8660.0000 98.9196 0.0050
8665.0000 98.9237 0.0050
8670.0000 98.9225 0.0050
8675.0000 98.9149 0.0051
8680.0000 98.9113 0.0053
8685.0000 98.9158 0.0051
8690.0000 98.9143 0.0052
8695.0000 98.9169 0.0051
8700.0000 98.9352 0.0049
8705.0000 98.9247 0.0051
8710.0000 98.9276 0.0051
8715.0000 98.9332 0.0050
8720.0000 98.9373 0.0049
8725.0000 98.9399 0.0048
8730.0000 98.9396 0.0049
8735.0000 98.9433 0.0048
8740.0000 98.9492 0.0047
8745.0000 98.9399 0.0049
8750.0000 98.9423 0.0048
8755.0000 98.9222 0.0051
8760.0000 98.9266 0.0050
8765.0000 98.9032 0.0053
8770.0000 98.9137 0.0049
8775.0000 98.9017 0.0050
8780.0000 98.9079 0.0051
8785.0000 98.9205 0.0047
8790.0000 98.9070 0.0052
8795.0000 98.8695 0.0057
8800.0000 98.8846 0.0060
8805.0000 98.8634 0.0065
8810.0000 98.8506 0.0066
8815.0000 98.8629 0.0064
8820.0000 98.8333 0.0069
8825.0000 98.8551 0.0069
8830.0000 98.8580 0.0067
8835.0000 98.8569 0.0066
8840.0000 98.8651 0.0071
8845.0000 98.8638 0.0069
8850.0000 98.8623 0.0067
8855.0000 98.8422 0.0070
8860.0000 98.8651 0.0064
8865.0000 98.8509 0.0071
8870.0000 98.8598 0.0071
8875.0000 98.8773 0.0064
8880.0000 98.8708 0.0069
8885.0000 98.8742 0.0068
8890.0000 98.8461 0.0073
8895.0000 98.8228 0.0080
8900.0000 98.8632 0.0069
8905.0000 98.8102 0.0077
8910.0000 98.7784 0.0077
8915.0000 98.7530 0.0080
8920.0000 98.7685 0.0073
8925.0000 98.6941 0.0087
8930.0000 98.6888 0.0084
8935.0000 98.6316 0.0093
8940.0000 98.6439 0.0086
8945.0000 98.6003 0.0090
8950.0000 98.5730 0.0096
8955.0000 98.5604 0.0094
8960.0000 98.5517 0.0098
8965.0000 98.5357 0.0101
8970.0000 98.5737 0.0094
8975.0000 98.5245 0.0099
8980.0000 98.4832 0.0100
8985.0000 98.4875 0.0097
8990.0000 98.4386 0.0106
8995.0000 98.4234 0.0109
9000.0000 98.3769 0.0105
9005.0000 98.4543 0.0094
9010.0000 98.4148 0.0099
9015.0000 98.3707 0.0105
9020.0000 98.3533 0.0110
9025.0000 98.3286 0.0105
9030.0000 98.3308 0.0107
9035.0000 98.3403 0.0102
9040.0000 98.2787 0.0103
9045.0000 98.2346 0.0098
9050.0000 98.2644 0.0098
9055.0000 98.2552 0.0104
9060.0000 98.2211 0.0111
9065.0000 98.2255 0.0110
9070.0000 98.2287 0.0114
9075.0000 98.1900 0.0120
9080.0000 98.2529 0.0107
9085.0000 98.2178 0.0112
9090.0000 98.1844 0.0113
9095.0000 98.1973 0.0115
9100.0000 98.1594 0.0116
9105.0000 98.2089 0.0108
9110.0000 98.2079 0.0102
9115.0000 98.2097 0.0111
9120.0000 98.2067 0.0109
9125.0000 98.2465 0.0106
9130.0000 98.2806 0.0101
9135.0000 98.3356 0.0104
9140.0000 98.3654 0.0103
9145.0000 98.4030 0.0107
9150.0000 98.3578 0.0105
9155.0000 98.3756 0.0108
9160.0000 98.4013 0.0110
9165.0000 98.3884 0.0111
9170.0000 98.4468 0.0104
9175.0000 98.4604 0.0108
9180.0000 98.4788 0.0109
9185.0000 98.5438 0.0097
9190.0000 98.5173 0.0099
9195.0000 98.5163 0.0098
9200.0000 98.5359 0.0102
9205.0000 98.5429 0.0099
9210.0000 98.5305 0.0100
9215.0000 98.5418 0.0098
9220.0000 98.5762 0.0090
9225.0000 98.5876 0.0092
9230.0000 98.5652 0.0099
9235.0000 98.5599 0.0099
9240.0000 98.6382 0.0089
9245.0000 98.6352 0.0087
9250.0000 98.6022 0.0091
9255.0000 98.5628 0.0094
9260.0000 98.6339 0.0085
9265.0000 98.6247 0.0082
9270.0000 98.5982 0.0088
9275.0000 98.6157 0.0089
9280.0000 98.6440 0.0082
9285.0000 98.6249 0.0083
9290.0000 98.5537 0.0091
9295.0000 98.5692 0.0092
9300.0000 98.5346 0.0086
9305.0000 98.5359 0.0086
9310.0000 98.4461 0.0097
9315.0000 98.3924 0.0107
9320.0000 98.3857 0.0105
9325.0000 98.3824 0.0108
9330.0000 98.3582 0.0115
9335.0000 98.3962 0.0101
9340.0000 98.3808 0.0102
9345.0000 98.3968 0.0092
9350.0000 98.4360 0.0100
9355.0000 98.4388 0.0097
9360.0000 98.4424 0.0104
9365.0000 98.5018 0.0090
9370.0000 98.4772 0.0099
9375.0000 98.4502 0.0104
9380.0000 98.5063 0.0101
9385.0000 98.5017 0.0098
9390.0000 98.4745 0.0102
9395.0000 98.4809 0.0098
9400.0000 98.4853 0.0098
9405.0000 98.5081 0.0097
9410.0000 98.5388 0.0095
9415.0000 98.5718 0.0098
9420.0000 98.6659 0.0083
9425.0000 98.6355 0.0089
9430.0000 98.7121 0.0083
9435.0000 98.6854 0.0085
9440.0000 98.6703 0.0087
9445.0000 98.6782 0.0086
9450.0000 98.7289 0.0082
9455.0000 98.7654 0.0078
9460.0000 98.7629 0.0079
9465.0000 98.7616 0.0079
9470.0000 98.7641 0.0078
9475.0000 98.8225 0.0070
9480.0000 98.8241 0.0064
9485.0000 98.7990 0.0068
9490.0000 98.7588 0.0079
9495.0000 98.7946 0.0071
9500.0000 98.7959 0.0068
9505.0000 98.7966 0.0072
9510.0000 98.7682 0.0078
9515.0000 98.7632 0.0079
9520.0000 98.7750 0.0075
9525.0000 98.7720 0.0076
9530.0000 98.7966 0.0076
9535.0000 98.7928 0.0078
9540.0000 98.7796 0.0075
9545.0000 98.7425 0.0085
9550.0000 98.7471 0.0076
9555.0000 98.7549 0.0077
9560.0000 98.7386 0.0077
9565.0000 98.6837 0.0077
9570.0000 98.6620 0.0081
9575.0000 98.6556 0.0084
9580.0000 98.5972 0.0084
9585.0000 98.5898 0.0090
9590.0000 98.6314 0.0088
9595.0000 98.5895 0.0088
9600.0000 98.5922 0.0088
9605.0000 98.5506 0.0089
9610.0000 98.5354 0.0092
9615.0000 98.5454 0.0094
9620.0000 98.5512 0.0092
9625.0000 98.5201 0.0096
9630.0000 98.5129 0.0094
9635.0000 98.4981 0.0090
9640.0000 98.4573 0.0092
9645.0000 98.4550 0.0100
9650.0000 98.4431 0.0100
9655.0000 98.5444 0.0097
9660.0000 98.5642 0.0101
9665.0000 98.5313 0.0104
9670.0000 98.5504 0.0091
9675.0000 98.5317 0.0097
9680.0000 98.5965 0.0093
9685.0000 98.5625 0.0103
9690.0000 98.5940 0.0099
9695.0000 98.5893 0.0098
9700.0000 98.6200 0.0089
9705.0000 98.6053 0.0093
9710.0000 98.5992 0.0093
9715.0000 98.6159 0.0096
9720.0000 98.6092 0.0092
9725.0000 98.6460 0.0084
9730.0000 98.6557 0.0090
9735.0000 98.6709 0.0086
9740.0000 98.6769 0.0083
9745.0000 98.6696 0.0085
9750.0000 98.7174 0.0081
9755.0000 98.7276 0.0080
9760.0000 98.7610 0.0078
9765.0000 98.7288 0.0082
9770.0000 98.7109 0.0084
9775.0000 98.6950 0.0082
9780.0000 98.7247 0.0077
9785.0000 98.6886 0.0083
9790.0000 98.7019 0.0080
9795.0000 98.6429 0.0088
9800.0000 98.6663 0.0086
9805.0000 98.6758 0.0086
9810.0000 98.6194 0.0091
9815.0000 98.5922 0.0099
9820.0000 98.6146 0.0100
9825.0000 98.5687 0.0108
9830.0000 98.5077 0.0114
9835.0000 98.4883 0.0116
9840.0000 98.4812 0.0119
9845.0000 98.5072 0.0110
9850.0000 98.5540 0.0106
9855.0000 98.4894 0.0112
9860.0000 98.4615 0.0109
9865.0000 98.4526 0.0110
9870.0000 98.4988 0.0109
9875.0000 98.5063 0.0101
9880.0000 98.4798 0.0100
9885.0000 98.4004 0.0106
9890.0000 98.4743 0.0089
9895.0000 98.4604 0.0099
9900.0000 98.4915 0.0097
9905.0000 98.4991 0.0102
9910.0000 98.4699 0.0104
9915.0000 98.5011 0.0104
9920.0000 98.5010 0.0104
9925.0000 98.5184 0.0105
9930.0000 98.5155 0.0105
9935.0000 98.5095 0.0101
9940.0000 98.5491 0.0105
9945.0000 98.5592 0.0095
9950.0000 98.5128 0.0101
9955.0000 98.5226 0.0099
9960.0000 98.5580 0.0101
9965.0000 98.6191 0.0091
9970.0000 98.6806 0.0084
9975.0000 98.6235 0.0092
9980.0000 98.5669 0.0099
9985.0000 98.5928 0.0098
9990.0000 98.6265 0.0095
9995.0000 98.5601 0.0102
10000.0000 98.5931 0.0100
10005.0000 98.5693 0.0106
10010.0000 98.5828 0.0103
10015.0000 98.5731 0.0103
10020.0000 98.5505 0.0104
10025.0000 98.5865 0.0095
10030.0000 98.5647 0.0098
10035.0000 98.5913 0.0095
10040.0000 98.6006 0.0101
10045.0000 98.5984 0.0095
10050.0000 98.5571 0.0103
10055.0000 98.5555 0.0101
10060.0000 98.5618 0.0103
10065.0000 98.5778 0.0095
10070.0000 98.5342 0.0096
10075.0000 98.5246 0.0100
10080.0000 98.5586 0.0101
10085.0000 98.5670 0.0091
10090.0000 98.5968 0.0090
10095.0000 98.5554 0.0094
10100.0000 98.5326 0.0099
10105.0000 98.5187 0.0094
10110.0000 98.5426 0.0094
10115.0000 98.4780 0.0100
10120.0000 98.4763 0.0098
10125.0000 98.4633 0.0100
10130.0000 98.4214 0.0100
10135.0000 98.4160 0.0102
10140.0000 98.4463 0.0098
10145.0000 98.4493 0.0101
10150.0000 98.4003 0.0111
10155.0000 98.3722 0.0108
10160.0000 98.3507 0.0107
10165.0000 98.3133 0.0108
10170.0000 98.2867 0.0105
10175.0000 98.2451 0.0104
10180.0000 98.2652 0.0107
10185.0000 98.2040 0.0107
10190.0000 98.2168 0.0108
10195.0000 98.1803 0.0120
10200.0000 98.1945 0.0108
10205.0000 98.1916 0.0107
10210.0000 98.2234 0.0113
10215.0000 98.2145 0.0109
10220.0000 98.2288 0.0097
10225.0000 98.2532 0.0098
10230.0000 98.2473 0.0101
10235.0000 98.3091 0.0099
10240.0000 98.3891 0.0092
10245.0000 98.3483 0.0106
10250.0000 98.3229 0.0105
10255.0000 98.3153 0.0109
10260.0000 98.2660 0.0107
10265.0000 98.3231 0.0102
10270.0000 98.3211 0.0110
10275.0000 98.3574 0.0103
10280.0000 98.3738 0.0103
10285.0000 98.3548 0.0108
10290.0000 98.2803 0.0111
10295.0000 98.3198 0.0103
10300.0000 98.3632 0.0099
10305.0000 98.4294 0.0102
10310.0000 98.4462 0.0093
10315.0000 98.5117 0.0083
10320.0000 98.4676 0.0093
10325.0000 98.4567 0.0098
10330.0000 98.4506 0.0100
10335.0000 98.4641 0.0102
10340.0000 98.5040 0.0097
10345.0000 98.4849 0.0100
10350.0000 98.4622 0.0100
10355.0000 98.4602 0.0101
10360.0000 98.4465 0.0101
10365.0000 98.5181 0.0091
10370.0000 98.5737 0.0088
10375.0000 98.5658 0.0094
10380.0000 98.5306 0.0100
10385.0000 98.5220 0.0103
10390.0000 98.5473 0.0104
10395.0000 98.5678 0.0096
10400.0000 98.5954 0.0089
10405.0000 98.5759 0.0093
10410.0000 98.5872 0.0084
10415.0000 98.5973 0.0085
10420.0000 98.5960 0.0086
10425.0000 98.6019 0.0089
10430.0000 98.6654 0.0084
10435.0000 98.6054 0.0093
10440.0000 98.6283 0.0093
10445.0000 98.6316 0.0086
10450.0000 98.6857 0.0081
10455.0000 98.6992 0.0082
10460.0000 98.6804 0.0086
10465.0000 98.7379 0.0071
10470.0000 98.7132 0.0073
10475.0000 98.7414 0.0071
10480.0000 98.7155 0.0077
10485.0000 98.7382 0.0071
10490.0000 98.7344 0.0072
10495.0000 98.7358 0.0070
10500.0000 98.7820 0.0064
10505.0000 98.7927 0.0063
10510.0000 98.7948 0.0065
10515.0000 98.7894 0.0067
10520.0000 98.7637 0.0066
10525.0000 98.7450 0.0071
10530.0000 98.7598 0.0064
10535.0000 98.7438 0.0070
10540.0000 98.7164 0.0071
10545.0000 98.7559 0.0067
10550.0000 98.7715 0.0064
10555.0000 98.7681 0.0065
10560.0000 98.7500 0.0063
10565.0000 98.6942 0.0068
10570.0000 98.7158 0.0070
10575.0000 98.7127 0.0067
10580.0000 98.6950 0.0073
10585.0000 98.6849 0.0071
10590.0000 98.6573 0.0081
10595.0000 98.6381 0.0082
10600.0000 98.6398 0.0084
10605.0000 98.6349 0.0088
10610.0000 98.5992 0.0099
10615.0000 98.5912 0.0093
10620.0000 98.6222 0.0095
10625.0000 98.6214 0.0096
10630.0000 98.6158 0.0093
10635.0000 98.6198 0.0095
10640.0000 98.5697 0.0103
10645.0000 98.5772 0.0098
10650.0000 98.6010 0.0092
10655.0000 98.5763 0.0090
10660.0000 98.5699 0.0099
10665.0000 98.5676 0.0089
10670.0000 98.5871 0.0088
10675.0000 98.5692 0.0097
10680.0000 98.5473 0.0098
10685.0000 98.5751 0.0098
10690.0000 98.6265 0.0099
10695.0000 98.5624 0.0102
10700.0000 98.6054 0.0093
10705.0000 98.6028 0.0099
10710.0000 98.5652 0.0098
10715.0000 98.6019 0.0095
10720.0000 98.5938 0.0096
10725.0000 98.6400 0.0089
10730.0000 98.5662 0.0096
10735.0000 98.5779 0.0089
10740.0000 98.5929 0.0088
10745.0000 98.5940 0.0090
10750.0000 98.5529 0.0094
10755.0000 98.6037 0.0092
10760.0000 98.6301 0.0087
10765.0000 98.6394 0.0085
10770.0000 98.6783 0.0083
10775.0000 98.6319 0.0089
10780.0000 98.6637 0.0084
10785.0000 98.6648 0.0082
10790.0000 98.6884 0.0080
10795.0000 98.7237 0.0076
10800.0000 98.6845 0.0080
10805.0000 98.7368 0.0072
10810.0000 98.7176 0.0078
10815.0000 98.7326 0.0074
10820.0000 98.6931 0.0080
10825.0000 98.7071 0.0080
10830.0000 98.7400 0.0076
10835.0000 98.7459 0.0072
10840.0000 98.7581 0.0073
10845.0000 98.7541 0.0074
10850.0000 98.7675 0.0071
10855.0000 98.7900 0.0068
10860.0000 98.7551 0.0073
10865.0000 98.7668 0.0072
10870.0000 98.7641 0.0070
10875.0000 98.7554 0.0071
10880.0000 98.7538 0.0069
10885.0000 98.7200 0.0074
10890.0000 98.7019 0.0075
10895.0000 98.7038 0.0077
10900.0000 98.6452 0.0083
10905.0000 98.6134 0.0082
10910.0000 98.6222 0.0081
10915.0000 98.6184 0.0083
10920.0000 98.6273 0.0078
10925.0000 98.5813 0.0087
10930.0000 98.5965 0.0084
10935.0000 98.6202 0.0080
10940.0000 98.6319 0.0080
10945.0000 98.5821 0.0082
10950.0000 98.5641 0.0085
10955.0000 98.5384 0.0092
10960.0000 98.5724 0.0086
10965.0000 98.5236 0.0096
10970.0000 98.5556 0.0098
10975.0000 98.5690 0.0097
10980.0000 98.5662 0.0093
10985.0000 98.5293 0.0096
10990.0000 98.5912 0.0088
10995.0000 98.5914 0.0092
11000.0000 98.6213 0.0090
11005.0000 98.6318 0.0085
11010.0000 98.6057 0.0088
11015.0000 98.6115 0.0089
11020.0000 98.6186 0.0089
11025.0000 98.6413 0.0087
11030.0000 98.6956 0.0079
11035.0000 98.7120 0.0074
11040.0000 98.7418 0.0073
11045.0000 98.7255 0.0074
11050.0000 98.6977 0.0083
11055.0000 98.7375 0.0072
11060.0000 98.7528 0.0068
11065.0000 98.7430 0.0070
11070.0000 98.7822 0.0065
11075.0000 98.7782 0.0065
11080.0000 98.7878 0.0064
11085.0000 98.7887 0.0064
11090.0000 98.7878 0.0063
11095.0000 98.8074 0.0063
11100.0000 98.8122 0.0062
11105.0000 98.7726 0.0071
11110.0000 98.7749 0.0072
11115.0000 98.7996 0.0068
11120.0000 98.8080 0.0067
11125.0000 98.8263 0.0066
11130.0000 98.8120 0.0064
11135.0000 98.7969 0.0069
11140.0000 98.7795 0.0069
11145.0000 98.7894 0.0069
11150.0000 98.7730 0.0071
11155.0000 98.7722 0.0070
11160.0000 98.7875 0.0065
11165.0000 98.7537 0.0071
11170.0000 98.7481 0.0072
11175.0000 98.7295 0.0079
11180.0000 98.6850 0.0084
11185.0000 98.6578 0.0087
11190.0000 98.6718 0.0087
11195.0000 98.6126 0.0097
11200.0000 98.6342 0.0089
11205.0000 98.6039 0.0086
11210.0000 98.5846 0.0086
11215.0000 98.5494 0.0092
11220.0000 98.5695 0.0094
11225.0000 98.5681 0.0098
11230.0000 98.6130 0.0089
11235.0000 98.5896 0.0094
11240.0000 98.5438 0.0100
11245.0000 98.5624 0.0100
11250.0000 98.5899 0.0091
11255.0000 98.5732 0.0097
11260.0000 98.5849 0.0095
11265.0000 98.5914 0.0091
11270.0000 98.5753 0.0092
11275.0000 98.6165 0.0086
11280.0000 98.6627 0.0078
11285.0000 98.6846 0.0076
11290.0000 98.6582 0.0085
11295.0000 98.6816 0.0088
11300.0000 98.7218 0.0079
11305.0000 98.7374 0.0077
11310.0000 98.7626 0.0076
11315.0000 98.7783 0.0073
11320.0000 98.7669 0.0071
11325.0000 98.7664 0.0070
11330.0000 98.7748 0.0071
11335.0000 98.8144 0.0065
11340.0000 98.8208 0.0068
11345.0000 98.8420 0.0066
11350.0000 98.8553 0.0064
11355.0000 98.8346 0.0068
11360.0000 98.8186 0.0068
11365.0000 98.7987 0.0073
11370.0000 98.7878 0.0071
11375.0000 98.8099 0.0069
11380.0000 98.7879 0.0070
11385.0000 98.7683 0.0073
11390.0000 98.8002 0.0070
11395.0000 98.8009 0.0070
11400.0000 98.7877 0.0078
11405.0000 98.8069 0.0074
11410.0000 98.7870 0.0078
11415.0000 98.7894 0.0074
11420.0000 98.8014 0.0071
11425.0000 98.7464 0.0080
11430.0000 98.7642 0.0079
11435.0000 98.7698 0.0078
11440.0000 98.7179 0.0086
11445.0000 98.7358 0.0087
11450.0000 98.7683 0.0083
11455.0000 98.7733 0.0086
11460.0000 98.7702 0.0086
11465.0000 98.7800 0.0075
11470.0000 98.7684 0.0081
11475.0000 98.7534 0.0078
11480.0000 98.7731 0.0075
11485.0000 98.7826 0.0074
11490.0000 98.8240 0.0065
11495.0000 98.8352 0.0062
11500.0000 98.8349 0.0063
11505.0000 98.8379 0.0065
11510.0000 98.8341 0.0065
11515.0000 98.8394 0.0066
11520.0000 98.8101 0.0068
11525.0000 98.8303 0.0066
11530.0000 98.8192 0.0067
11535.0000 98.8212 0.0067
11540.0000 98.8518 0.0064
11545.0000 98.8627 0.0063
11550.0000 98.8703 0.0061
11555.0000 98.8842 0.0058
11560.0000 98.8741 0.0057
11565.0000 98.8692 0.0061
11570.0000 98.8814 0.0059
11575.0000 98.9037 0.0055
11580.0000 98.8980 0.0055
11585.0000 98.9028 0.0056
11590.0000 98.8708 0.0061
11595.0000 98.8603 0.0057
11600.0000 98.8714 0.0058
11605.0000 98.8826 0.0056
11610.0000 98.8966 0.0055
11615.0000 98.8841 0.0056
11620.0000 98.8856 0.0056
11625.0000 98.8917 0.0053
11630.0000 98.8814 0.0057
11635.0000 98.8729 0.0057
11640.0000 98.8717 0.0057
11645.0000 98.8663 0.0057
11650.0000 98.8722 0.0057
11655.0000 98.8809 0.0055
11660.0000 98.8858 0.0055
11665.0000 98.8899 0.0053
11670.0000 98.8804 0.0055
11675.0000 98.8982 0.0052
11680.0000 98.8778 0.0057
11685.0000 98.8843 0.0055
11690.0000 98.8710 0.0057
11695.0000 98.8709 0.0058
11700.0000 98.8717 0.0057
11705.0000 98.8772 0.0056
11710.0000 98.8765 0.0058
11715.0000 98.8868 0.0058
11720.0000 98.8673 0.0059
11725.0000 98.8730 0.0059
11730.0000 98.8673 0.0060
11735.0000 98.8720 0.0060
11740.0000 98.8714 0.0061
11745.0000 98.8888 0.0060
11750.0000 98.9028 0.0060
11755.0000 98.8807 0.0065
11760.0000 98.8977 0.0060
11765.0000 98.9031 0.0059
11770.0000 98.8845 0.0060
11775.0000 98.8891 0.0062
11780.0000 98.8933 0.0059
11785.0000 98.8739 0.0059
11790.0000 98.8485 0.0067
11795.0000 98.8273 0.0066
11800.0000 98.8264 0.0067
11805.0000 98.8338 0.0066
11810.0000 98.8095 0.0074
11815.0000 98.7768 0.0083
11820.0000 98.7981 0.0072
11825.0000 98.7487 0.0078
11830.0000 98.7205 0.0083
11835.0000 98.7011 0.0088
11840.0000 98.6491 0.0087
11845.0000 98.6292 0.0087
11850.0000 98.6231 0.0095
11855.0000 98.6272 0.0100
11860.0000 98.5862 0.0102
11865.0000 98.5649 0.0101
11870.0000 98.5451 0.0104
11875.0000 98.5006 0.0105
11880.0000 98.5294 0.0106
11885.0000 98.4699 0.0110
11890.0000 98.4405 0.0101
11895.0000 98.4113 0.0102
11900.0000 98.4086 0.0098
11905.0000 98.3878 0.0102
11910.0000 98.3679 0.0097
11915.0000 98.2821 0.0106
11920.0000 98.2743 0.0106
11925.0000 98.2849 0.0114
11930.0000 98.3405 0.0105
11935.0000 98.2759 0.0106
11940.0000 98.2852 0.0105
11945.0000 98.3424 0.0098
11950.0000 98.3860 0.0100
11955.0000 98.3805 0.0103
11960.0000 98.3685 0.0105
11965.0000 98.3445 0.0109
11970.0000 98.4222 0.0104
11975.0000 98.4235 0.0108
11980.0000 98.4396 0.0106
11985.0000 98.3844 0.0102
11990.0000 98.4305 0.0103
11995.0000 98.4158 0.0106
12000.0000 98.4304 0.0104
12005.0000 98.4565 0.0107
12010.0000 98.4870 0.0099
12015.0000 98.5218 0.0102
12020.0000 98.5275 0.0094
12025.0000 98.4763 0.0104
12030.0000 98.4848 0.0096
12035.0000 98.4883 0.0099
12040.0000 98.4362 0.0096
12045.0000 98.4402 0.0096
12050.0000 98.4604 0.0099
12055.0000 98.4823 0.0094
12060.0000 98.4629 0.0103
12065.0000 98.4774 0.0104
12070.0000 98.4352 0.0105
12075.0000 98.4231 0.0105
12080.0000 98.4118 0.0108
12085.0000 98.4272 0.0101
12090.0000 98.4550 0.0104
12095.0000 98.4398 0.0106
12100.0000 98.4044 0.0102
12105.0000 98.4037 0.0102
12110.0000 98.3803 0.0109
12115.0000 98.3836 0.0101
12120.0000 98.3896 0.0102
12125.0000 98.3587 0.0103
12130.0000 98.3768 0.0104
12135.0000 98.3920 0.0098
12140.0000 98.3969 0.0104
12145.0000 98.4109 0.0103
12150.0000 98.3671 0.0108
12155.0000 98.3536 0.0106
12160.0000 98.3973 0.0102
12165.0000 98.3423 0.0111
12170.0000 98.2645 0.0115
12175.0000 98.3028 0.0105
12180.0000 98.3122 0.0111
12185.0000 98.2828 0.0106
12190.0000 98.3217 0.0107
12195.0000 98.2823 0.0111
12200.0000 98.2958 0.0111
12205.0000 98.3412 0.0101
12210.0000 98.2985 0.0102
12215.0000 98.3308 0.0104
12220.0000 98.3534 0.0102
12225.0000 98.3845 0.0104
12230.0000 98.3868 0.0103
12235.0000 98.3713 0.0113
12240.0000 98.3428 0.0110
12245.0000 98.3111 0.0110
12250.0000 98.3657 0.0099
12255.0000 98.3623 0.0108
12260.0000 98.3348 0.0111
12265.0000 98.3170 0.0103
12270.0000 98.3791 0.0105
12275.0000 98.3745 0.0105
12280.0000 98.4382 0.0105
12285.0000 98.3598 0.0114
12290.0000 98.3301 0.0112
12295.0000 98.3532 0.0102
12300.0000 98.4229 0.0098
12305.0000 98.4510 0.0107
12310.0000 98.4063 0.0117
12315.0000 98.4286 0.0117
12320.0000 98.4597 0.0107
12325.0000 98.4547 0.0105
12330.0000 98.4271 0.0112
12335.0000 98.4801 0.0107
12340.0000 98.4425 0.0117
12345.0000 98.4312 0.0120
12350.0000 98.4349 0.0113
12355.0000 98.4526 0.0109
12360.0000 98.4958 0.0107
12365.0000 98.5133 0.0097
12370.0000 98.5187 0.0094
12375.0000 98.5486 0.0092
12380.0000 98.5305 0.0100
12385.0000 98.5049 0.0099
12390.0000 98.4772 0.0107
12395.0000 98.5148 0.0102
12400.0000 98.4923 0.0107
12405.0000 98.4953 0.0101
12410.0000 98.4946 0.0104
12415.0000 98.4877 0.0096
12420.0000 98.4725 0.0104
12425.0000 98.4591 0.0102
12430.0000 98.4304 0.0102
12435.0000 98.4458 0.0097
12440.0000 98.4211 0.0097
12445.0000 98.4589 0.0099
12450.0000 98.4246 0.0098
12455.0000 98.4441 0.0099
12460.0000 98.4315 0.0100
12465.0000 98.4546 0.0099
12470.0000 98.4248 0.0102
12475.0000 98.4540 0.0101
12480.0000 98.4105 0.0098
12485.0000 98.4355 0.0099
12490.0000 98.3957 0.0105
12495.0000 98.4460 0.0101
12500.0000 98.4482 0.0102
12505.0000 98.4248 0.0106
12510.0000 98.4389 0.0106
12515.0000 98.4399 0.0104
12520.0000 98.4810 0.0101
12525.0000 98.4105 0.0111
12530.0000 98.4053 0.0106
12535.0000 98.4062 0.0106
12540.0000 98.3806 0.0108
12545.0000 98.3909 0.0106
12550.0000 98.3765 0.0115
12555.0000 98.3819 0.0116
12560.0000 98.3699 0.0110
12565.0000 98.4171 0.0108
12570.0000 98.4553 0.0100
12575.0000 98.4242 0.0103
12580.0000 98.4404 0.0106
12585.0000 98.4425 0.0104
12590.0000 98.4109 0.0108
12595.0000 98.4416 0.0103
12600.0000 98.4385 0.0096
12605.0000 98.4509 0.0104
12610.0000 98.4671 0.0101
12615.0000 98.4324 0.0102
12620.0000 98.4118 0.0101
12625.0000 98.4507 0.0102
12630.0000 98.4215 0.0104
12635.0000 98.4322 0.0103
12640.0000 98.4620 0.0100
12645.0000 98.4978 0.0099
12650.0000 98.4566 0.0105
12655.0000 98.4672 0.0100
12660.0000 98.4919 0.0101
12665.0000 98.4788 0.0103
12670.0000 98.5345 0.0100
12675.0000 98.5129 0.0101
12680.0000 98.4529 0.0102
12685.0000 98.5222 0.0098
12690.0000 98.4815 0.0098
12695.0000 98.4819 0.0094
12700.0000 98.4782 0.0097
12705.0000 98.5418 0.0092
12710.0000 98.5475 0.0088
12715.0000 98.5861 0.0089
12720.0000 98.5819 0.0095
12725.0000 98.5712 0.0095
12730.0000 98.5543 0.0094
12735.0000 98.5669 0.0094
12740.0000 98.6161 0.0090
12745.0000 98.6481 0.0092
12750.0000 98.6410 0.0089
12755.0000 98.6414 0.0084
12760.0000 98.6727 0.0089
12765.0000 98.6812 0.0086
12770.0000 98.6900 0.0087
12775.0000 98.7340 0.0078
12780.0000 98.7330 0.0074
12785.0000 98.7503 0.0076
12790.0000 98.7433 0.0077
12795.0000 98.7224 0.0082
12800.0000 98.7612 0.0075
12805.0000 98.7438 0.0074
12810.0000 98.7935 0.0067
12815.0000 98.7855 0.0068
12820.0000 98.7843 0.0070
12825.0000 98.7870 0.0069
12830.0000 98.7681 0.0070
12835.0000 98.7949 0.0069
12840.0000 98.7927 0.0070
12845.0000 98.7863 0.0074
12850.0000 98.8207 0.0066
12855.0000 98.8115 0.0071
12860.0000 98.8131 0.0066
12865.0000 98.8187 0.0064
12870.0000 98.8467 0.0060
12875.0000 98.8541 0.0061
12880.0000 98.8279 0.0064
12885.0000 98.8191 0.0065
12890.0000 98.8296 0.0063
12895.0000 98.7778 0.0070
12900.0000 98.7562 0.0073
12905.0000 98.7331 0.0079
12910.0000 98.7678 0.0070
12915.0000 98.7598 0.0073
12920.0000 98.7956 0.0066
12925.0000 98.7692 0.0072
12930.0000 98.7686 0.0075
12935.0000 98.7715 0.0075
12940.0000 98.7452 0.0081
12945.0000 98.7001 0.0083
12950.0000 98.6669 0.0084
12955.0000 98.6505 0.0086
12960.0000 98.6314 0.0092
12965.0000 98.6657 0.0088
12970.0000 98.7009 0.0081
12975.0000 98.7273 0.0079
12980.0000 98.7109 0.0083
12985.0000 98.6786 0.0086
12990.0000 98.7165 0.0081
12995.0000 98.7153 0.0090
13000.0000 98.6623 0.0093
13005.0000 98.6677 0.0093
13010.0000 98.6693 0.0092
13015.0000 98.6688 0.0094
13020.0000 98.5891 0.0095
13025.0000 98.6158 0.0096
13030.0000 98.5861 0.0093
13035.0000 98.5912 0.0095
13040.0000 98.6396 0.0097
13045.0000 98.5938 0.0094
13050.0000 98.5568 0.0102
13055.0000 98.5467 0.0108
13060.0000 98.5848 0.0101
13065.0000 98.5327 0.0107
13070.0000 98.5637 0.0104
13075.0000 98.5483 0.0104
13080.0000 98.4854 0.0105
13085.0000 98.4455 0.0099
13090.0000 98.4873 0.0099
13095.0000 98.5354 0.0100
13100.0000 98.4735 0.0110
13105.0000 98.4520 0.0106
13110.0000 98.4590 0.0111
13115.0000 98.5007 0.0105
13120.0000 98.4335 0.0105
13125.0000 98.4264 0.0108
13130.0000 98.3853 0.0110
13135.0000 98.3415 0.0112
13140.0000 98.3245 0.0108
13145.0000 98.3973 0.0106
13150.0000 98.3557 0.0114
13155.0000 98.3585 0.0106
13160.0000 98.3974 0.0108
13165.0000 98.3145 0.0121
13170.0000 98.3736 0.0109
13175.0000 98.3684 0.0111
13180.0000 98.3584 0.0114
13185.0000 98.4500 0.0106
13190.0000 98.4161 0.0102
13195.0000 98.4272 0.0100
13200.0000 98.3815 0.0106
13205.0000 98.4048 0.0110
13210.0000 98.4164 0.0113
13215.0000 98.4240 0.0114
13220.0000 98.3965 0.0111
13225.0000 98.4184 0.0109
13230.0000 98.3657 0.0112
13235.0000 98.3728 0.0105
13240.0000 98.3518 0.0105
13245.0000 98.3830 0.0108
13250.0000 98.3682 0.0110
13255.0000 98.4521 0.0105
13260.0000 98.4064 0.0111
13265.0000 98.3944 0.0109
13270.0000 98.4456 0.0106
13275.0000 98.4700 0.0098
13280.0000 98.4335 0.0112
13285.0000 98.4786 0.0107
13290.0000 98.4710 0.0106
13295.0000 98.4726 0.0104
13300.0000 98.4570 0.0106
13305.0000 98.5024 0.0104
13310.0000 98.5425 0.0093
13315.0000 98.5876 0.0097
13320.0000 98.5623 0.0098
13325.0000 98.5821 0.0094
13330.0000 98.5842 0.0095
13335.0000 98.5994 0.0089
13340.0000 98.5997 0.0090
13345.0000 98.5795 0.0097
13350.0000 98.5680 0.0104
13355.0000 98.5917 0.0095
13360.0000 98.5838 0.0090
13365.0000 98.5625 0.0095
13370.0000 98.5408 0.0096
13375.0000 98.5547 0.0094
13380.0000 98.5869 0.0087
13385.0000 98.5178 0.0095
13390.0000 98.4997 0.0096
13395.0000 98.5426 0.0097
13400.0000 98.5229 0.0093
13405.0000 98.5072 0.0089
13410.0000 98.4845 0.0101
13415.0000 98.4290 0.0101
13420.0000 98.4146 0.0104
13425.0000 98.4471 0.0100
13430.0000 98.3954 0.0102
13435.0000 98.4052 0.0101
13440.0000 98.3777 0.0109
13445.0000 98.4168 0.0093
13450.0000 98.4241 0.0094
13455.0000 98.4443 0.0100
13460.0000 98.4608 0.0099
13465.0000 98.4649 0.0096
13470.0000 98.4619 0.0094
13475.0000 98.4480 0.0096
13480.0000 98.4709 0.0091
13485.0000 98.5121 0.0094
13490.0000 98.5535 0.0089
13495.0000 98.4595 0.0093
13500.0000 98.4337 0.0090
13505.0000 98.4212 0.0097
13510.0000 98.4662 0.0097
13515.0000 98.4220 0.0094
13520.0000 98.4578 0.0097
13525.0000 98.4933 0.0096
13530.0000 98.4707 0.0105
13535.0000 98.4649 0.0102
13540.0000 98.4283 0.0102
13545.0000 98.4618 0.0101
13550.0000 98.4716 0.0102
13555.0000 98.4224 0.0109
13560.0000 98.4892 0.0099
13565.0000 98.4897 0.0104
13570.0000 98.4444 0.0106
13575.0000 98.5319 0.0097
13580.0000 98.4783 0.0106
13585.0000 98.4952 0.0102
13590.0000 98.5493 0.0100
13595.0000 98.5292 0.0106
13600.0000 98.5432 0.0107
13605.0000 98.5603 0.0104
13610.0000 98.5753 0.0102
13615.0000 98.5661 0.0106
13620.0000 98.5740 0.0101
13625.0000 98.6259 0.0094
13630.0000 98.5966 0.0105
13635.0000 98.6309 0.0097
13640.0000 98.6521 0.0095
13645.0000 98.6707 0.0094
13650.0000 98.7022 0.0093
13655.0000 98.6503 0.0105
13660.0000 98.6833 0.0099
13665.0000 98.6681 0.0097
13670.0000 98.6327 0.0092
13675.0000 98.6096 0.0103
13680.0000 98.6522 0.0091
13685.0000 98.6696 0.0090
13690.0000 98.6805 0.0086
13695.0000 98.6546 0.0092
13700.0000 98.6624 0.0089
13705.0000 98.5654 0.0106
13710.0000 98.6397 0.0089
13715.0000 98.6086 0.0094
13720.0000 98.5909 0.0097
13725.0000 98.5315 0.0103
13730.0000 98.5370 0.0103
13735.0000 98.5562 0.0107
13740.0000 98.4980 0.0112
13745.0000 98.5198 0.0107
13750.0000 98.4900 0.0109
13755.0000 98.4715 0.0108
13760.0000 98.4857 0.0098
13765.0000 98.5110 0.0102
13770.0000 98.5420 0.0104
13775.0000 98.5542 0.0097
13780.0000 98.4619 0.0102
13785.0000 98.4737 0.0097
13790.0000 98.4593 0.0094
13795.0000 98.4066 0.0101
13800.0000 98.4909 0.0093
13805.0000 98.5166 0.0096
13810.0000 98.5162 0.0094
13815.0000 98.4925 0.0098
13820.0000 98.5142 0.0101
13825.0000 98.4677 0.0107
13830.0000 98.4950 0.0099
13835.0000 98.5500 0.0099
13840.0000 98.5591 0.0089
13845.0000 98.4924 0.0097
13850.0000 98.4610 0.0100
13855.0000 98.4874 0.0103
13860.0000 98.5201 0.0095
13865.0000 98.4760 0.0108
13870.0000 98.4706 0.0115
13875.0000 98.4917 0.0102
13880.0000 98.4999 0.0105
13885.0000 98.4899 0.0107
13890.0000 98.5116 0.0107
13895.0000 98.5186 0.0101
13900.0000 98.5063 0.0099
13905.0000 98.5042 0.0095
13910.0000 98.5548 0.0098
13915.0000 98.5881 0.0094
13920.0000 98.5415 0.0102
13925.0000 98.5514 0.0101
13930.0000 98.5933 0.0099
13935.0000 98.6035 0.0093
13940.0000 98.6436 0.0090
13945.0000 98.6298 0.0092
13950.0000 98.6856 0.0086
13955.0000 98.6690 0.0088
13960.0000 98.6159 0.0098
13965.0000 98.6344 0.0095
13970.0000 98.6461 0.0093
13975.0000 98.6159 0.0094
13980.0000 98.6584 0.0087
13985.0000 98.6689 0.0085
13990.0000 98.6692 0.0086
13995.0000 98.6457 0.0092
14000.0000 98.6482 0.0089
14005.0000 98.6482 0.0091
14010.0000 98.6421 0.0094
14015.0000 98.6740 0.0093
14020.0000 98.7025 0.0088
14025.0000 98.7210 0.0083
14030.0000 98.6873 0.0086
14035.0000 98.6322 0.0093
14040.0000 98.6477 0.0088
14045.0000 98.6684 0.0090
14050.0000 98.6549 0.0095
14055.0000 98.6656 0.0097
14060.0000 98.6537 0.0095
14065.0000 98.6669 0.0088
14070.0000 98.6456 0.0091
14075.0000 98.6253 0.0095
14080.0000 98.6307 0.0096
14085.0000 98.6223 0.0102
14090.0000 98.6066 0.0097
14095.0000 98.6269 0.0100
14100.0000 98.6363 0.0096
14105.0000 98.5536 0.0111
14110.0000 98.5938 0.0099
14115.0000 98.5896 0.0099
14120.0000 98.5232 0.0102
14125.0000 98.5508 0.0092
14130.0000 98.5088 0.0099
14135.0000 98.5375 0.0096
14140.0000 98.5251 0.0098
14145.0000 98.4834 0.0101
14150.0000 98.5154 0.0088
14155.0000 98.5071 0.0094
14160.0000 98.4829 0.0099
14165.0000 98.4533 0.0113
14170.0000 98.4769 0.0108
14175.0000 98.4980 0.0103
14180.0000 98.4914 0.0105
14185.0000 98.5000 0.0105
14190.0000 98.5036 0.0103
14195.0000 98.4513 0.0111
14200.0000 98.3875 0.0112
14205.0000 98.3755 0.0108
14210.0000 98.4050 0.0105
14215.0000 98.3821 0.0106
14220.0000 98.3944 0.0109
14225.0000 98.3659 0.0110
14230.0000 98.3516 0.0103
14235.0000 98.3834 0.0100
14240.0000 98.4167 0.0100
14245.0000 98.4577 0.0103
14250.0000 98.4299 0.0103
14255.0000 98.4012 0.0106
14260.0000 98.4292 0.0101
14265.0000 98.4065 0.0106
14270.0000 98.4112 0.0108
14275.0000 98.4491 0.0104
14280.0000 98.4400 0.0107
14285.0000 98.3962 0.0106
14290.0000 98.3966 0.0101
14295.0000 98.4005 0.0104
14300.0000 98.4084 0.0098
14305.0000 98.3929 0.0101
14310.0000 98.4299 0.0098
14315.0000 98.3943 0.0103
14320.0000 98.3940 0.0100
14325.0000 98.3749 0.0099
14330.0000 98.3942 0.0089
14335.0000 98.4083 0.0099
14340.0000 98.4058 0.0100
14345.0000 98.3375 0.0098
14350.0000 98.3358 0.0101
14355.0000 98.3470 0.0099
14360.0000 98.3755 0.0096
14365.0000 98.4082 0.0095
14370.0000 98.4584 0.0088
14375.0000 98.3555 0.0100
14380.0000 98.3906 0.0094
14385.0000 98.3395 0.0095
14390.0000 98.3043 0.0100
14395.0000 98.3718 0.0100
14400.0000 98.4317 0.0088
14405.0000 98.4179 0.0096
14410.0000 98.3780 0.0098
14415.0000 98.3175 0.0099
14420.0000 98.3275 0.0104
14425.0000 98.3622 0.0098
14430.0000 98.3906 0.0094
14435.0000 98.3613 0.0095
14440.0000 98.3226 0.0092
14445.0000 98.3615 0.0091
14450.0000 98.4260 0.0091
14455.0000 98.3797 0.0089
14460.0000 98.3439 0.0098
14465.0000 98.3565 0.0092
14470.0000 98.3258 0.0100
14475.0000 98.3776 0.0097
14480.0000 98.3497 0.0107
14485.0000 98.3211 0.0105
14490.0000 98.3520 0.0103
14495.0000 98.3447 0.0100
14500.0000 98.2996 0.0100
14505.0000 98.2946 0.0101
14510.0000 98.2976 0.0100
14515.0000 98.3489 0.0098
14520.0000 98.3296 0.0103
14525.0000 98.3051 0.0094
14530.0000 98.3558 0.0098
14535.0000 98.3859 0.0090
14540.0000 98.3711 0.0098
14545.0000 98.4041 0.0091
14550.0000 98.3936 0.0094
14555.0000 98.4516 0.0090
14560.0000 98.4161 0.0095
14565.0000 98.4088 0.0103
14570.0000 98.4237 0.0093
14575.0000 98.4334 0.0092
14580.0000 98.5081 0.0083
14585.0000 98.5106 0.0084
14590.0000 98.5496 0.0078
14595.0000 98.4789 0.0089
14600.0000 98.4696 0.0087
14605.0000 98.4322 0.0092
14610.0000 98.4065 0.0098
14615.0000 98.4264 0.0094
14620.0000 98.4592 0.0093
14625.0000 98.4867 0.0092
14630.0000 98.5082 0.0091
14635.0000 98.5180 0.0088
14640.0000 98.4976 0.0091
14645.0000 98.5149 0.0094
14650.0000 98.5161 0.0090
14655.0000 98.5058 0.0085
14660.0000 98.4667 0.0087
14665.0000 98.4627 0.0090
14670.0000 98.4557 0.0087
14675.0000 98.3954 0.0087
14680.0000 98.3834 0.0088
14685.0000 98.3826 0.0094
14690.0000 98.3873 0.0095
14695.0000 98.4261 0.0096
14700.0000 98.4874 0.0087
14705.0000 98.5125 0.0084
14710.0000 98.5190 0.0090
14715.0000 98.5199 0.0091
14720.0000 98.5406 0.0089
14725.0000 98.5928 0.0085
14730.0000 98.5223 0.0089
14735.0000 98.5349 0.0090
14740.0000 98.5534 0.0090
14745.0000 98.5074 0.0098
14750.0000 98.5085 0.0100
14755.0000 98.5020 0.0102
14760.0000 98.4880 0.0105
14765.0000 98.4875 0.0107
14770.0000 98.4841 0.0111
14775.0000 98.4376 0.0116
14780.0000 98.4447 0.0108
14785.0000 98.4410 0.0105
14790.0000 98.4729 0.0102
14795.0000 98.4498 0.0106
14800.0000 98.4384 0.0103
14805.0000 98.3912 0.0104
14810.0000 98.3635 0.0109
14815.0000 98.3448 0.0105
14820.0000 98.3499 0.0106
14825.0000 98.3230 0.0105
14830.0000 98.3476 0.0110
14835.0000 98.3431 0.0104
14840.0000 98.3519 0.0101
14845.0000 98.4133 0.0094
14850.0000 98.3787 0.0102
14855.0000 98.4105 0.0098
14860.0000 98.4184 0.0100
14865.0000 98.4344 0.0096
14870.0000 98.4279 0.0099
14875.0000 98.4132 0.0101
14880.0000 98.4439 0.0097
14885.0000 98.4714 0.0098
14890.0000 98.5225 0.0095
14895.0000 98.5511 0.0099
14900.0000 98.5854 0.0093
14905.0000 98.5948 0.0090
14910.0000 98.5660 0.0098
14915.0000 98.5926 0.0096
14920.0000 98.5390 0.0103
14925.0000 98.5553 0.0102
14930.0000 98.5401 0.0108
14935.0000 98.5366 0.0097
14940.0000 98.5447 0.0099
14945.0000 98.4821 0.0107
14950.0000 98.4406 0.0106
14955.0000 98.5105 0.0105
14960.0000 98.4995 0.0104
14965.0000 98.4318 0.0108
14970.0000 98.4786 0.0102
14975.0000 98.5415 0.0098
14980.0000 98.5174 0.0100
14985.0000 98.4926 0.0107
14990.0000 98.4899 0.0107
14995.0000 98.4646 0.0103
15000.0000 98.5035 0.0105
15005.0000 98.4487 0.0108
15010.0000 98.4762 0.0107
15015.0000 98.4908 0.0097
15020.0000 98.4649 0.0108
15025.0000 98.4836 0.0104
15030.0000 98.4541 0.0103
15035.0000 98.4502 0.0102
15040.0000 98.4836 0.0102
15045.0000 98.4908 0.0099
15050.0000 98.4769 0.0105
15055.0000 98.4362 0.0112
15060.0000 98.4319 0.0116
15065.0000 98.4701 0.0108
15070.0000 98.4639 0.0109
15075.0000 98.4860 0.0110
15080.0000 98.5057 0.0108
15085.0000 98.4794 0.0110
15090.0000 98.5333 0.0102
15095.0000 98.5215 0.0105
15100.0000 98.4942 0.0106
15105.0000 98.4580 0.0111
15110.0000 98.5278 0.0108
15115.0000 98.4823 0.0109
15120.0000 98.5255 0.0103
15125.0000 98.5870 0.0106
15130.0000 98.5972 0.0101
15135.0000 98.6318 0.0098
15140.0000 98.6264 0.0100
15145.0000 98.6659 0.0088
15150.0000 98.6584 0.0094
15155.0000 98.6150 0.0099
15160.0000 98.6314 0.0095
15165.0000 98.6555 0.0089
15170.0000 98.7113 0.0082
15175.0000 98.7061 0.0089
15180.0000 98.6976 0.0091
15185.0000 98.6909 0.0094
15190.0000 98.7289 0.0084
15195.0000 98.7412 0.0084
15200.0000 98.7717 0.0084
15205.0000 98.7132 0.0088
15210.0000 98.7597 0.0079
15215.0000 98.7357 0.0085
15220.0000 98.7352 0.0084
15225.0000 98.7128 0.0090
15230.0000 98.7504 0.0079
15235.0000 98.7736 0.0081
15240.0000 98.7536 0.0083
15245.0000 98.7684 0.0083
15250.0000 98.7688 0.0082
15255.0000 98.7758 0.0082
15260.0000 98.7477 0.0086
15265.0000 98.7838 0.0080
15270.0000 98.7866 0.0082
15275.0000 98.8182 0.0076
15280.0000 98.8157 0.0075
15285.0000 98.8015 0.0075
15290.0000 98.8016 0.0080
15295.0000 98.7888 0.0085
15300.0000 98.8352 0.0077
15305.0000 98.8435 0.0075
15310.0000 98.8658 0.0072
15315.0000 98.8404 0.0077
15320.0000 98.8216 0.0077
15325.0000 98.7955 0.0080
15330.0000 98.8088 0.0078
15335.0000 98.7805 0.0081
15340.0000 98.8239 0.0078
15345.0000 98.8411 0.0073
15350.0000 98.8483 0.0070
15355.0000 98.8595 0.0071
15360.0000 98.8796 0.0069
15365.0000 98.8496 0.0074
15370.0000 98.8283 0.0079
15375.0000 98.8500 0.0074
15380.0000 98.8478 0.0072
15385.0000 98.8204 0.0078
15390.0000 98.8284 0.0079
15395.0000 98.7959 0.0085
15400.0000 98.8227 0.0079
15405.0000 98.8017 0.0082
15410.0000 98.7887 0.0081
15415.0000 98.7992 0.0080
15420.0000 98.7856 0.0086
15425.0000 98.8154 0.0077
15430.0000 98.7714 0.0083
15435.0000 98.7486 0.0083
15440.0000 98.7864 0.0079
15445.0000 98.7484 0.0084
15450.0000 98.7209 0.0087
15455.0000 98.7263 0.0082
15460.0000 98.6739 0.0094
15465.0000 98.6314 0.0099
15470.0000 98.6458 0.0098
15475.0000 98.6197 0.0103
15480.0000 98.6168 0.0097
15485.0000 98.6845 0.0089
15490.0000 98.6896 0.0083
15495.0000 98.6833 0.0084
15500.0000 98.6317 0.0089
15505.0000 98.6202 0.0092
15510.0000 98.5819 0.0089
15515.0000 98.6501 0.0077
15520.0000 98.6166 0.0079
15525.0000 98.6212 0.0085
15530.0000 98.6098 0.0083
15535.0000 98.5897 0.0088
15540.0000 98.6167 0.0080
15545.0000 98.5705 0.0089
15550.0000 98.5814 0.0091
15555.0000 98.5978 0.0090
15560.0000 98.5808 0.0098
15565.0000 98.5667 0.0099
15570.0000 98.6215 0.0086
15575.0000 98.5628 0.0094
15580.0000 98.5452 0.0095
15585.0000 98.5452 0.0097
15590.0000 98.5368 0.0097
15595.0000 98.5211 0.0099
15600.0000 98.5759 0.0100
15605.0000 98.5440 0.0098
15610.0000 98.5141 0.0101
15615.0000 98.5622 0.0092
15620.0000 98.5463 0.0090
15625.0000 98.5333 0.0093
15630.0000 98.5429 0.0090
15635.0000 98.5418 0.0092
15640.0000 98.5781 0.0093
15645.0000 98.6100 0.0086
15650.0000 98.6230 0.0084
15655.0000 98.6006 0.0085
15660.0000 98.6494 0.0075
15665.0000 98.6490 0.0076
15670.0000 98.6426 0.0077
15675.0000 98.6070 0.0085
15680.0000 98.6429 0.0081
15685.0000 98.6760 0.0080
15690.0000 98.6779 0.0078
15695.0000 98.6646 0.0080
15700.0000 98.6742 0.0076
15705.0000 98.6515 0.0079
15710.0000 98.6804 0.0076
15715.0000 98.7039 0.0071
15720.0000 98.7014 0.0073
15725.0000 98.7226 0.0070
15730.0000 98.6909 0.0078
15735.0000 98.7052 0.0078
15740.0000 98.7341 0.0077
15745.0000 98.7286 0.0076
15750.0000 98.7635 0.0070
15755.0000 98.7778 0.0063
15760.0000 98.7604 0.0065
15765.0000 98.7678 0.0066
15770.0000 98.7727 0.0067
15775.0000 98.8055 0.0060
15780.0000 98.8238 0.0059
15785.0000 98.8371 0.0054
15790.0000 98.8343 0.0057
15795.0000 98.8242 0.0057
15800.0000 98.8286 0.0058
15805.0000 98.8036 0.0063
15810.0000 98.8013 0.0068
15815.0000 98.8114 0.0064
15820.0000 98.8205 0.0058
15825.0000 98.7696 0.0063
15830.0000 98.8128 0.0057
15835.0000 98.8203 0.0056
15840.0000 98.8008 0.0059
15845.0000 98.8033 0.0060
15850.0000 98.7858 0.0061
15855.0000 98.7781 0.0062
15860.0000 98.7990 0.0063
15865.0000 98.8286 0.0059
15870.0000 98.8213 0.0058
15875.0000 98.8505 0.0054
15880.0000 98.8137 0.0060
15885.0000 98.8252 0.0059
15890.0000 98.8331 0.0058
15895.0000 98.8394 0.0055
15900.0000 98.8179 0.0060
15905.0000 98.7957 0.0061
15910.0000 98.8038 0.0062
15915.0000 98.8188 0.0060
15920.0000 98.8096 0.0060
15925.0000 98.8151 0.0057
15930.0000 98.8290 0.0057
15935.0000 98.8175 0.0059
15940.0000 98.8347 0.0058
15945.0000 98.8407 0.0059
15950.0000 98.8544 0.0057
15955.0000 98.8653 0.0058
15960.0000 98.8674 0.0055
15965.0000 98.8547 0.0055
15970.0000 98.8475 0.0058
15975.0000 98.8262 0.0060
15980.0000 98.8621 0.0054
15985.0000 98.8322 0.0059
15990.0000 98.8109 0.0063
15995.0000 98.7840 0.0065
16000.0000 98.7874 0.0065
16005.0000 98.7717 0.0071
16010.0000 98.7816 0.0066
16015.0000 98.7667 0.0068
16020.0000 98.7602 0.0068
16025.0000 98.7824 0.0064
16030.0000 98.7798 0.0068
16035.0000 98.7717 0.0070
16040.0000 98.7824 0.0066
16045.0000 98.7596 0.0069
16050.0000 98.7628 0.0070
16055.0000 98.7565 0.0073
16060.0000 98.7680 0.0070
16065.0000 98.7623 0.0068
16070.0000 98.6810 0.0078
16075.0000 98.7086 0.0075
16080.0000 98.7755 0.0066
16085.0000 98.7611 0.0074
16090.0000 98.7548 0.0078
16095.0000 98.7675 0.0076
16100.0000 98.8023 0.0071
16105.0000 98.7426 0.0080
16110.0000 98.7601 0.0077
16115.0000 98.7348 0.0079
16120.0000 98.7840 0.0077
16125.0000 98.7304 0.0083
16130.0000 98.7201 0.0089
16135.0000 98.7026 0.0091
16140.0000 98.6945 0.0089
16145.0000 98.7069 0.0094
16150.0000 98.7315 0.0091
16155.0000 98.7303 0.0088
16160.0000 98.7776 0.0078
16165.0000 98.7366 0.0083
16170.0000 98.7688 0.0075
16175.0000 98.7521 0.0079
16180.0000 98.6927 0.0090
16185.0000 98.7198 0.0087
16190.0000 98.7375 0.0086
16195.0000 98.6917 0.0090
16200.0000 98.7192 0.0088
16205.0000 98.7215 0.0085
16210.0000 98.7038 0.0084
16215.0000 98.7006 0.0084
16220.0000 98.7197 0.0087
16225.0000 98.7139 0.0083
16230.0000 98.6937 0.0088
16235.0000 98.6228 0.0095
16240.0000 98.5907 0.0097
16245.0000 98.6119 0.0098
16250.0000 98.6677 0.0096
16255.0000 98.6089 0.0094
16260.0000 98.6035 0.0095
16265.0000 98.6130 0.0097
16270.0000 98.5807 0.0091
16275.0000 98.5963 0.0092
16280.0000 98.6046 0.0096
16285.0000 98.6264 0.0090
16290.0000 98.5900 0.0104
16295.0000 98.5693 0.0102
16300.0000 98.5788 0.0103
16305.0000 98.5540 0.0101
16310.0000 98.5817 0.0100
16315.0000 98.5803 0.0104
16320.0000 98.5806 0.0101
16325.0000 98.5966 0.0102
16330.0000 98.5855 0.0101
16335.0000 98.5986 0.0102
16340.0000 98.6192 0.0096
16345.0000 98.6404 0.0090
16350.0000 98.5973 0.0100
16355.0000 98.6538 0.0092
16360.0000 98.6385 0.0093
16365.0000 98.6372 0.0096
16370.0000 98.6843 0.0093
16375.0000 98.7149 0.0086
16380.0000 98.6981 0.0090
16385.0000 98.7140 0.0085
16390.0000 98.6945 0.0091
16395.0000 98.6618 0.0093
16400.0000 98.6922 0.0088
16405.0000 98.7126 0.0083
16410.0000 98.6984 0.0088
16415.0000 98.6734 0.0089
16420.0000 98.6747 0.0090
16425.0000 98.6802 0.0088
16430.0000 98.7141 0.0081
16435.0000 98.6731 0.0088
16440.0000 98.6580 0.0086
16445.0000 98.6462 0.0088
16450.0000 98.6357 0.0087
16455.0000 98.6788 0.0081
16460.0000 98.6990 0.0077
16465.0000 98.7215 0.0078
16470.0000 98.7208 0.0078
16475.0000 98.6976 0.0080
16480.0000 98.7004 0.0077
16485.0000 98.6147 0.0092
16490.0000 98.6652 0.0088
16495.0000 98.7273 0.0077
16500.0000 98.6915 0.0082
16505.0000 98.7287 0.0081
16510.0000 98.7444 0.0079
16515.0000 98.7473 0.0078
16520.0000 98.7859 0.0076
16525.0000 98.7855 0.0076
16530.0000 98.7756 0.0072
16535.0000 98.7839 0.0075
16540.0000 98.7777 0.0076
16545.0000 98.7868 0.0073
16550.0000 98.7703 0.0078
16555.0000 98.7829 0.0079
16560.0000 98.7861 0.0078
16565.0000 98.7849 0.0078
16570.0000 98.8011 0.0078
16575.0000 98.7897 0.0077
16580.0000 98.8000 0.0073
16585.0000 98.7886 0.0078
16590.0000 98.8083 0.0071
16595.0000 98.7922 0.0075
16600.0000 98.8125 0.0071
16605.0000 98.8360 0.0068
16610.0000 98.8213 0.0074
16615.0000 98.7945 0.0080
16620.0000 98.7964 0.0078
16625.0000 98.8131 0.0074
16630.0000 98.8007 0.0079
16635.0000 98.8121 0.0078
16640.0000 98.7914 0.0083
16645.0000 98.8046 0.0080
16650.0000 98.8405 0.0074
16655.0000 98.8354 0.0075
16660.0000 98.8245 0.0076
16665.0000 98.8155 0.0075
16670.0000 98.8265 0.0074
16675.0000 98.8015 0.0079
16680.0000 98.8113 0.0073
16685.0000 98.7945 0.0077
16690.0000 98.8000 0.0073
16695.0000 98.7982 0.0070
16700.0000 98.8251 0.0068
16705.0000 98.8139 0.0073
16710.0000 98.7803 0.0079
16715.0000 98.7479 0.0085
16720.0000 98.6777 0.0090
16725.0000 98.6953 0.0086
16730.0000 98.6764 0.0090
16735.0000 98.6745 0.0089
16740.0000 98.6765 0.0083
16745.0000 98.6467 0.0088
16750.0000 98.6320 0.0090
16755.0000 98.6010 0.0090
16760.0000 98.5503 0.0101
16765.0000 98.5700 0.0092
16770.0000 98.5462 0.0097
16775.0000 98.5692 0.0095
16780.0000 98.5485 0.0098
16785.0000 98.6179 0.0093
16790.0000 98.6112 0.0089
16795.0000 98.6055 0.0086
16800.0000 98.6033 0.0093
16805.0000 98.5826 0.0097
16810.0000 98.5920 0.0091
16815.0000 98.5599 0.0094
16820.0000 98.5581 0.0094
16825.0000 98.5126 0.0098
16830.0000 98.5683 0.0095
16835.0000 98.5442 0.0089
16840.0000 98.5400 0.0089
16845.0000 98.5388 0.0090
16850.0000 98.5159 0.0090
16855.0000 98.5172 0.0091
16860.0000 98.5603 0.0087
16865.0000 98.4997 0.0090
16870.0000 98.5178 0.0091
16875.0000 98.5331 0.0093
16880.0000 98.5845 0.0081
16885.0000 98.5602 0.0088
16890.0000 98.5455 0.0087
16895.0000 98.5799 0.0079
16900.0000 98.5490 0.0083
16905.0000 98.5278 0.0089
16910.0000 98.5703 0.0084
16915.0000 98.6029 0.0078
16920.0000 98.5289 0.0084
16925.0000 98.5557 0.0083
16930.0000 98.5452 0.0083
16935.0000 98.5566 0.0081
16940.0000 98.5794 0.0083
16945.0000 98.5384 0.0086
16950.0000 98.5667 0.0082
16955.0000 98.5103 0.0091
16960.0000 98.5282 0.0089
16965.0000 98.5618 0.0085
16970.0000 98.6063 0.0084
16975.0000 98.5840 0.0087
16980.0000 98.5315 0.0085
16985.0000 98.5343 0.0094
16990.0000 98.5419 0.0089
16995.0000 98.5785 0.0088
17000.0000 98.5758 0.0093
17005.0000 98.5700 0.0093
17010.0000 98.5559 0.0097
17015.0000 98.5338 0.0096
17020.0000 98.5332 0.0094
17025.0000 98.5050 0.0097
17030.0000 98.4572 0.0096
17035.0000 98.4533 0.0097
17040.0000 98.4117 0.0095
17045.0000 98.3933 0.0102
17050.0000 98.3918 0.0098
17055.0000 98.4228 0.0097
17060.0000 98.4303 0.0098
17065.0000 98.4296 0.0096
17070.0000 98.4001 0.0100
17075.0000 98.3863 0.0105
17080.0000 98.3565 0.0103
17085.0000 98.3620 0.0101
17090.0000 98.3900 0.0103
17095.0000 98.3829 0.0104
17100.0000 98.3557 0.0103
17105.0000 98.4252 0.0099
17110.0000 98.4407 0.0093
17115.0000 98.3583 0.0102
17120.0000 98.3658 0.0100
17125.0000 98.3481 0.0101
17130.0000 98.3929 0.0094
17135.0000 98.3823 0.0102
17140.0000 98.3218 0.0101
17145.0000 98.2916 0.0096
17150.0000 98.3454 0.0100
17155.0000 98.2771 0.0112
17160.0000 98.3412 0.0106
17165.0000 98.2747 0.0111
17170.0000 98.2012 0.0112
17175.0000 98.2390 0.0102
17180.0000 98.2052 0.0109
17185.0000 98.1996 0.0105
17190.0000 98.2150 0.0103
17195.0000 98.1808 0.0099
17200.0000 98.1988 0.0101
17205.0000 98.1352 0.0107
17210.0000 98.0818 0.0106
17215.0000 98.0789 0.0105
17220.0000 98.1209 0.0102
17225.0000 98.1341 0.0099
17230.0000 98.1428 0.0098
17235.0000 98.1441 0.0107
17240.0000 98.2459 0.0100
17245.0000 98.2205 0.0107
17250.0000 98.1957 0.0101
17255.0000 98.2196 0.0097
17260.0000 98.2339 0.0091
17265.0000 98.2191 0.0097
17270.0000 98.1768 0.0095
17275.0000 98.1801 0.0094
17280.0000 98.2313 0.0096
17285.0000 98.2601 0.0097
17290.0000 98.2827 0.0098
17295.0000 98.3233 0.0092
17300.0000 98.2400 0.0099
17305.0000 98.2790 0.0097
17310.0000 98.1978 0.0098
17315.0000 98.1725 0.0096
17320.0000 98.2163 0.0095
17325.0000 98.2348 0.0087
17330.0000 98.2266 0.0093
17335.0000 98.2315 0.0093
17340.0000 98.2377 0.0092
17345.0000 98.2315 0.0092
17350.0000 98.2345 0.0096
17355.0000 98.2475 0.0088
17360.0000 98.2344 0.0096
17365.0000 98.2354 0.0093
17370.0000 98.2505 0.0095
17375.0000 98.2334 0.0097
17380.0000 98.2836 0.0098
17385.0000 98.2928 0.0097
17390.0000 98.2342 0.0101
17395.0000 98.1921 0.0094
17400.0000 98.2959 0.0096
17405.0000 98.3156 0.0098
17410.0000 98.3534 0.0097
17415.0000 98.3099 0.0103
17420.0000 98.3428 0.0100
17425.0000 98.3366 0.0098
17430.0000 98.3700 0.0096
17435.0000 98.3876 0.0093
17440.0000 98.3485 0.0099
17445.0000 98.3884 0.0099
17450.0000 98.3715 0.0103
17455.0000 98.3872 0.0101
17460.0000 98.4238 0.0100
17465.0000 98.4666 0.0095
17470.0000 98.4024 0.0103
17475.0000 98.4110 0.0098
17480.0000 98.4208 0.0098
17485.0000 98.4897 0.0093
17490.0000 98.4872 0.0099
17495.0000 98.4402 0.0101
17500.0000 98.4272 0.0101
17505.0000 98.4274 0.0096
17510.0000 98.4289 0.0096
17515.0000 98.4790 0.0093
17520.0000 98.5318 0.0086
17525.0000 98.5055 0.0089
17530.0000 98.4959 0.0087
17535.0000 98.4712 0.0087
17540.0000 98.4380 0.0095
17545.0000 98.4769 0.0096
17550.0000 98.5039 0.0096
17555.0000 98.4846 0.0093
17560.0000 98.4881 0.0088
17565.0000 98.4919 0.0091
17570.0000 98.4511 0.0094
17575.0000 98.4974 0.0087
17580.0000 98.4457 0.0098
17585.0000 98.4589 0.0097
17590.0000 98.4966 0.0094
17595.0000 98.5052 0.0093
17600.0000 98.5052 0.0090
17605.0000 98.4950 0.0088
17610.0000 98.5178 0.0090
17615.0000 98.5450 0.0088
17620.0000 98.5417 0.0088
17625.0000 98.5587 0.0092
17630.0000 98.5494 0.0090
17635.0000 98.6011 0.0086
17640.0000 98.5508 0.0088
17645.0000 98.5904 0.0081
17650.0000 98.5310 0.0088
17655.0000 98.5546 0.0090
17660.0000 98.5367 0.0091
17665.0000 98.5142 0.0089
17670.0000 98.5519 0.0085
17675.0000 98.5594 0.0087
17680.0000 98.5362 0.0087
17685.0000 98.5638 0.0088
17690.0000 98.5801 0.0087
17695.0000 98.5872 0.0091
17700.0000 98.5917 0.0094
17705.0000 98.5976 0.0092
17710.0000 98.5843 0.0098
17715.0000 98.5730 0.0098
17720.0000 98.5875 0.0087
17725.0000 98.5886 0.0089
17730.0000 98.5837 0.0090
17735.0000 98.5783 0.0083
17740.0000 98.5993 0.0087
17745.0000 98.5187 0.0092
17750.0000 98.5325 0.0096
17755.0000 98.4985 0.0092
17760.0000 98.4896 0.0093
17765.0000 98.4379 0.0091
17770.0000 98.4326 0.0092
17775.0000 98.4718 0.0091
17780.0000 98.4683 0.0094
17785.0000 98.4714 0.0098
17790.0000 98.4746 0.0092
17795.0000 98.4779 0.0092
17800.0000 98.4759 0.0097
17805.0000 98.4594 0.0105
17810.0000 98.4808 0.0104
17815.0000 98.5042 0.0100
17820.0000 98.4506 0.0100
17825.0000 98.4934 0.0089
17830.0000 98.4708 0.0094
17835.0000 98.5152 0.0090
17840.0000 98.5525 0.0085
17845.0000 98.5093 0.0090
17850.0000 98.5254 0.0089
17855.0000 98.5017 0.0099
17860.0000 98.5104 0.0097
17865.0000 98.5036 0.0094
17870.0000 98.5588 0.0095
17875.0000 98.5120 0.0100
17880.0000 98.5300 0.0091
17885.0000 98.5471 0.0094
17890.0000 98.5242 0.0100
17895.0000 98.5428 0.0092
17900.0000 98.5034 0.0088
17905.0000 98.4710 0.0098
17910.0000 98.5237 0.0089
17915.0000 98.5162 0.0093
17920.0000 98.5193 0.0095
17925.0000 98.5503 0.0089
17930.0000 98.4706 0.0098
17935.0000 98.4856 0.0097
17940.0000 98.4761 0.0092
17945.0000 98.4931 0.0088
17950.0000 98.4637 0.0091
17955.0000 98.4406 0.0093
17960.0000 98.4657 0.0099
17965.0000 98.4624 0.0101
17970.0000 98.4087 0.0104
17975.0000 98.3857 0.0111
17980.0000 98.4297 0.0102
17985.0000 98.4073 0.0104
17990.0000 98.4115 0.0097
17995.0000 98.3505 0.0106
18000.0000 98.3560 0.0102
