5.0000 0.0000 0.0000
10.0000 0.0000 0.0000
15.0000 0.0000 0.0000
20.0000 0.0000 0.0000
25.0000 0.0000 0.0000
30.0000 0.0000 0.0000
35.0000 0.0000 0.0000
40.0000 0.0000 0.0000
45.0000 0.0000 0.0000
50.0000 0.0000 0.0000
55.0000 0.0000 0.0000
60.0000 0.0000 0.0000
65.0000 0.0000 0.0000
70.0000 0.0000 0.0000
75.0000 0.0000 0.0000
80.0000 0.0000 0.0000
85.0000 0.0036 0.0000
90.0000 0.0072 0.0001
95.0000 0.0180 0.0002
100.0000 0.0216 0.0003
105.0000 0.0216 0.0003
110.0000 0.0216 0.0003
115.0000 0.0216 0.0003
120.0000 0.0216 0.0003
125.0000 0.0252 0.0003
130.0000 0.0288 0.0003
135.0000 0.0288 0.0003
140.0000 0.0288 0.0003
145.0000 0.0359 0.0004
150.0000 0.0467 0.0005
155.0000 0.0575 0.0006
160.0000 0.0647 0.0007
165.0000 0.0683 0.0008
170.0000 0.0755 0.0008
175.0000 0.1006 0.0011
180.0000 0.1294 0.0014
185.0000 0.1833 0.0018
190.0000 0.2264 0.0022
195.0000 0.2624 0.0024
200.0000 0.3306 0.0028
205.0000 0.3846 0.0031
210.0000 0.4528 0.0033
215.0000 0.5175 0.0035
220.0000 0.5822 0.0035
225.0000 0.6325 0.0035
230.0000 0.6793 0.0034
235.0000 0.7321 0.0034
240.0000 0.7992 0.0033
245.0000 0.8316 0.0032
250.0000 0.8603 0.0030
255.0000 0.8962 0.0028
260.0000 0.9394 0.0026
265.0000 0.9717 0.0023
270.0000 1.0041 0.0021
275.0000 1.0077 0.0020
280.0000 1.0220 0.0019
285.0000 1.0508 0.0017
290.0000 1.0831 0.0014
295.0000 1.0975 0.0012
300.0000 1.1011 0.0012
305.0000 1.1119 0.0011
310.0000 1.1299 0.0009
315.0000 1.1528 0.0010
320.0000 1.1564 0.0010
325.0000 1.1564 0.0010
330.0000 1.1635 0.0009
335.0000 1.1743 0.0008
340.0000 1.1779 0.0007
345.0000 1.1815 0.0007
350.0000 1.1854 0.0007
355.0000 1.1967 0.0008
360.0000 1.2003 0.0007
365.0000 1.2003 0.0007
370.0000 1.2042 0.0008
375.0000 1.2117 0.0008
380.0000 1.2191 0.0008
385.0000 1.2343 0.0009
390.0000 1.2421 0.0010
395.0000 1.2459 0.0010
400.0000 1.2653 0.0012
405.0000 1.2882 0.0014
410.0000 1.3037 0.0016
415.0000 1.3112 0.0016
420.0000 1.3228 0.0017
425.0000 1.3422 0.0019
430.0000 1.3963 0.0024
435.0000 1.4389 0.0027
440.0000 1.4931 0.0031
445.0000 1.5241 0.0033
450.0000 1.5783 0.0037
455.0000 1.6540 0.0041
460.0000 1.6966 0.0042
465.0000 1.7508 0.0045
470.0000 1.8381 0.0047
475.0000 1.9117 0.0047
480.0000 1.9736 0.0046
485.0000 2.0665 0.0042
490.0000 2.1052 0.0040
495.0000 2.1478 0.0038
500.0000 2.1865 0.0035
505.0000 2.1981 0.0034
510.0000 2.2446 0.0031
515.0000 2.2755 0.0028
520.0000 2.2949 0.0026
525.0000 2.3336 0.0022
530.0000 2.3607 0.0019
535.0000 2.3878 0.0016
540.0000 2.4071 0.0014
545.0000 2.4188 0.0013
550.0000 2.4420 0.0010
555.0000 2.4497 0.0009
560.0000 2.4575 0.0008
565.0000 2.4613 0.0008
570.0000 2.4652 0.0007
575.0000 2.4729 0.0006
580.0000 2.4768 0.0007
585.0000 2.4807 0.0007
590.0000 2.4807 0.0007
595.0000 2.4807 0.0007
600.0000 2.4807 0.0007
605.0000 2.4884 0.0006
610.0000 2.4884 0.0006
615.0000 2.4923 0.0005
620.0000 2.4984 0.0006
625.0000 2.5105 0.0009
630.0000 2.5468 0.0015
635.0000 2.5953 0.0024
640.0000 2.6770 0.0040
645.0000 2.7179 0.0046
650.0000 2.7874 0.0055
655.0000 2.8736 0.0065
660.0000 2.9355 0.0071
665.0000 3.0035 0.0077
670.0000 3.0473 0.0081
675.0000 3.1242 0.0086
680.0000 3.2104 0.0098
685.0000 3.3293 0.0120
690.0000 3.4123 0.0133
695.0000 3.5146 0.0140
700.0000 3.6245 0.0152
705.0000 3.7499 0.0157
710.0000 3.8754 0.0164
715.0000 4.0577 0.0178
720.0000 4.1771 0.0186
725.0000 4.3128 0.0190
730.0000 4.4607 0.0184
735.0000 4.6246 0.0172
740.0000 4.7931 0.0167
745.0000 4.9554 0.0153
750.0000 5.0632 0.0146
755.0000 5.1429 0.0142
760.0000 5.2091 0.0138
765.0000 5.3195 0.0126
770.0000 5.3972 0.0115
775.0000 5.5000 0.0110
780.0000 5.5751 0.0108
785.0000 5.6515 0.0111
790.0000 5.7321 0.0111
795.0000 5.8081 0.0106
800.0000 5.8846 0.0105
805.0000 5.9430 0.0104
810.0000 6.0368 0.0098
815.0000 6.1188 0.0099
820.0000 6.1969 0.0096
825.0000 6.3052 0.0090
830.0000 6.3633 0.0081
835.0000 6.4457 0.0082
840.0000 6.5259 0.0078
845.0000 6.6167 0.0071
850.0000 6.6797 0.0064
855.0000 6.7261 0.0060
860.0000 6.7847 0.0057
865.0000 6.8301 0.0055
870.0000 6.8893 0.0049
875.0000 6.9302 0.0045
880.0000 6.9717 0.0038
885.0000 7.0071 0.0034
890.0000 7.0419 0.0031
895.0000 7.0458 0.0031
900.0000 7.0651 0.0029
905.0000 7.0806 0.0028
910.0000 7.0999 0.0026
915.0000 7.1154 0.0024
920.0000 7.1270 0.0023
925.0000 7.1463 0.0019
930.0000 7.1663 0.0017
935.0000 7.1663 0.0017
940.0000 7.1817 0.0015
945.0000 7.1856 0.0015
950.0000 7.1895 0.0014
955.0000 7.1895 0.0014
960.0000 7.1895 0.0014
965.0000 7.2077 0.0007
970.0000 7.2116 0.0006
975.0000 7.2116 0.0006
980.0000 7.2150 0.0007
985.0000 7.2253 0.0008
990.0000 7.2425 0.0010
995.0000 7.2807 0.0013
1000.0000 7.2978 0.0015
1005.0000 7.3150 0.0016
1010.0000 7.3356 0.0018
1015.0000 7.3493 0.0019
1020.0000 7.3794 0.0022
1025.0000 7.4103 0.0025
1030.0000 7.4352 0.0025
1035.0000 7.4733 0.0027
1040.0000 7.5214 0.0030
1045.0000 7.5420 0.0031
1050.0000 7.5855 0.0035
1055.0000 7.6290 0.0037
1060.0000 7.6921 0.0039
1065.0000 7.7391 0.0043
1070.0000 7.8148 0.0045
1075.0000 7.9148 0.0052
1080.0000 7.9817 0.0060
1085.0000 8.0414 0.0062
1090.0000 8.0770 0.0063
1095.0000 8.1400 0.0063
1100.0000 8.2329 0.0061
1105.0000 8.3099 0.0062
1110.0000 8.3731 0.0068
1115.0000 8.4330 0.0070
1120.0000 8.4941 0.0075
1125.0000 8.5529 0.0077
1130.0000 8.6350 0.0086
1135.0000 8.6824 0.0090
1140.0000 8.7403 0.0098
1145.0000 8.7912 0.0100
1150.0000 8.8536 0.0103
1155.0000 8.9044 0.0106
1160.0000 8.9668 0.0107
1165.0000 9.0398 0.0111
1170.0000 9.1011 0.0113
1175.0000 9.1532 0.0115
1180.0000 9.2736 0.0114
1185.0000 9.3478 0.0111
1190.0000 9.4160 0.0109
1195.0000 9.5008 0.0108
1200.0000 9.6214 0.0113
1205.0000 9.7241 0.0111
1210.0000 9.8352 0.0111
1215.0000 9.9376 0.0103
1220.0000 10.0322 0.0107
1225.0000 10.1383 0.0107
1230.0000 10.1950 0.0106
1235.0000 10.2719 0.0106
1240.0000 10.3585 0.0107
1245.0000 10.4831 0.0105
1250.0000 10.5903 0.0107
1255.0000 10.6733 0.0102
1260.0000 10.7397 0.0107
1265.0000 10.7876 0.0107
1270.0000 10.8603 0.0116
1275.0000 10.9209 0.0120
1280.0000 11.0171 0.0122
1285.0000 11.0651 0.0118
1290.0000 11.1473 0.0118
1295.0000 11.2137 0.0117
1300.0000 11.2561 0.0118
1305.0000 11.3167 0.0117
1310.0000 11.3531 0.0117
1315.0000 11.4195 0.0113
1320.0000 11.5286 0.0113
1325.0000 11.6351 0.0113
1330.0000 11.7079 0.0112
1335.0000 11.7745 0.0118
1340.0000 11.8470 0.0115
1345.0000 11.9536 0.0113
1350.0000 12.0445 0.0117
1355.0000 12.1657 0.0121
1360.0000 12.2662 0.0122
1365.0000 12.3668 0.0127
1370.0000 12.4637 0.0137
1375.0000 12.5832 0.0142
1380.0000 12.7611 0.0145
1385.0000 12.9208 0.0149
1390.0000 13.0501 0.0151
1395.0000 13.2240 0.0145
1400.0000 13.3691 0.0141
1405.0000 13.4817 0.0145
1410.0000 13.5894 0.0145
1415.0000 13.7380 0.0140
1420.0000 13.8613 0.0134
1425.0000 13.9654 0.0125
1430.0000 14.0680 0.0120
1435.0000 14.1439 0.0112
1440.0000 14.2077 0.0106
1445.0000 14.3287 0.0102
1450.0000 14.4063 0.0102
1455.0000 14.4611 0.0101
1460.0000 14.5337 0.0099
1465.0000 14.5967 0.0099
1470.0000 14.6554 0.0092
1475.0000 14.6975 0.0083
1480.0000 14.7573 0.0077
1485.0000 14.8227 0.0074
1490.0000 14.8547 0.0074
1495.0000 14.8832 0.0074
1500.0000 14.9512 0.0059
1505.0000 15.0131 0.0052
1510.0000 15.0775 0.0046
1515.0000 15.1059 0.0045
1520.0000 15.1700 0.0041
1525.0000 15.2116 0.0036
1530.0000 15.2664 0.0028
1535.0000 15.3009 0.0023
1540.0000 15.3151 0.0022
1545.0000 15.3222 0.0021
1550.0000 15.3329 0.0022
1555.0000 15.3496 0.0021
1560.0000 15.3628 0.0021
1565.0000 15.3699 0.0020
1570.0000 15.3902 0.0016
1575.0000 15.4035 0.0016
1580.0000 15.4035 0.0016
1585.0000 15.4222 0.0019
1590.0000 15.4320 0.0019
1595.0000 15.4449 0.0018
1600.0000 15.4613 0.0019
1605.0000 15.4742 0.0019
1610.0000 15.4938 0.0020
1615.0000 15.5155 0.0023
1620.0000 15.5373 0.0025
1625.0000 15.5684 0.0028
1630.0000 15.5840 0.0029
1635.0000 15.6093 0.0030
1640.0000 15.6436 0.0033
1645.0000 15.6747 0.0035
1650.0000 15.7124 0.0035
1655.0000 15.7596 0.0035
1660.0000 15.7978 0.0036
1665.0000 15.8196 0.0037
1670.0000 15.8693 0.0038
1675.0000 15.9284 0.0039
1680.0000 15.9818 0.0039
1685.0000 16.0221 0.0040
1690.0000 16.0718 0.0039
1695.0000 16.1092 0.0038
1700.0000 16.1527 0.0036
1705.0000 16.1963 0.0034
1710.0000 16.2118 0.0034
1715.0000 16.2523 0.0031
1720.0000 16.2710 0.0030
1725.0000 16.2927 0.0029
1730.0000 16.3083 0.0026
1735.0000 16.3330 0.0026
1740.0000 16.3821 0.0030
1745.0000 16.4188 0.0034
1750.0000 16.4737 0.0042
1755.0000 16.5436 0.0052
1760.0000 16.6077 0.0059
1765.0000 16.6624 0.0067
1770.0000 16.7082 0.0068
1775.0000 16.8146 0.0081
1780.0000 16.9423 0.0090
1785.0000 17.0485 0.0100
1790.0000 17.1546 0.0107
1795.0000 17.2436 0.0115
1800.0000 17.3628 0.0119
1805.0000 17.5063 0.0121
1810.0000 17.6176 0.0121
1815.0000 17.7368 0.0117
1820.0000 17.8322 0.0112
1825.0000 17.9243 0.0105
1830.0000 18.0193 0.0096
1835.0000 18.1356 0.0083
1840.0000 18.2025 0.0075
1845.0000 18.2653 0.0068
1850.0000 18.3081 0.0069
1855.0000 18.3887 0.0070
1860.0000 18.4214 0.0072
1865.0000 18.5051 0.0073
1870.0000 18.5726 0.0075
1875.0000 18.6462 0.0076
1880.0000 18.7053 0.0077
1885.0000 18.7935 0.0080
1890.0000 18.8673 0.0077
1895.0000 18.9166 0.0078
1900.0000 18.9986 0.0078
1905.0000 19.0932 0.0078
1910.0000 19.1679 0.0077
1915.0000 19.2833 0.0070
1920.0000 19.3377 0.0066
1925.0000 19.4256 0.0069
1930.0000 19.4902 0.0066
1935.0000 19.5506 0.0063
1940.0000 19.5751 0.0060
1945.0000 19.6374 0.0057
1950.0000 19.7029 0.0056
1955.0000 19.7447 0.0057
1960.0000 19.7621 0.0056
1965.0000 19.8203 0.0056
1970.0000 19.8662 0.0060
1975.0000 19.9162 0.0061
1980.0000 19.9618 0.0066
1985.0000 20.0197 0.0070
1990.0000 20.0542 0.0073
1995.0000 20.1090 0.0077
2000.0000 20.1811 0.0080
2005.0000 20.2359 0.0083
2010.0000 20.2856 0.0086
2015.0000 20.3464 0.0089
2020.0000 20.4245 0.0093
2025.0000 20.4961 0.0092
2030.0000 20.5955 0.0091
2035.0000 20.7392 0.0089
2040.0000 20.8859 0.0082
2045.0000 20.9949 0.0080
2050.0000 21.0527 0.0079
2055.0000 21.0996 0.0080
2060.0000 21.1502 0.0081
2065.0000 21.2101 0.0080
2070.0000 21.2600 0.0079
2075.0000 21.3328 0.0079
2080.0000 21.3847 0.0078
2085.0000 21.4510 0.0077
2090.0000 21.5107 0.0078
2095.0000 21.5647 0.0077
2100.0000 21.6196 0.0070
2105.0000 21.6751 0.0066
2110.0000 21.7506 0.0063
2115.0000 21.7996 0.0060
2120.0000 21.8629 0.0058
2125.0000 21.9096 0.0061
2130.0000 21.9613 0.0061
2135.0000 22.0262 0.0060
2140.0000 22.0876 0.0061
2145.0000 22.1315 0.0057
2150.0000 22.1867 0.0056
2155.0000 22.2262 0.0055
2160.0000 22.2657 0.0053
2165.0000 22.3087 0.0052
2170.0000 22.3533 0.0048
2175.0000 22.3855 0.0047
2180.0000 22.4322 0.0044
2185.0000 22.4860 0.0041
2190.0000 22.5199 0.0037
2195.0000 22.5502 0.0032
2200.0000 22.5683 0.0032
2205.0000 22.5863 0.0031
2210.0000 22.6194 0.0032
2215.0000 22.6343 0.0034
2220.0000 22.6861 0.0040
2225.0000 22.7117 0.0039
2230.0000 22.7265 0.0040
2235.0000 22.7599 0.0044
2240.0000 22.7930 0.0045
2245.0000 22.8188 0.0045
2250.0000 22.8262 0.0046
2255.0000 22.8518 0.0045
2260.0000 22.8814 0.0047
2265.0000 22.8963 0.0048
2270.0000 22.9408 0.0049
2275.0000 23.0085 0.0047
2280.0000 23.0824 0.0056
2285.0000 23.1317 0.0060
2290.0000 23.1772 0.0063
2295.0000 23.2252 0.0069
2300.0000 23.3462 0.0087
2305.0000 23.4709 0.0097
2310.0000 23.6423 0.0107
2315.0000 23.7463 0.0114
2320.0000 23.8528 0.0125
2325.0000 23.9766 0.0138
2330.0000 24.1305 0.0145
2335.0000 24.3322 0.0161
2340.0000 24.5292 0.0165
2345.0000 24.7301 0.0181
2350.0000 24.9470 0.0196
2355.0000 25.1753 0.0222
2360.0000 25.3652 0.0256
2365.0000 25.5401 0.0263
2370.0000 25.7188 0.0278
2375.0000 25.8599 0.0294
2380.0000 25.9791 0.0301
2385.0000 26.1531 0.0302
2390.0000 26.3123 0.0297
2395.0000 26.5034 0.0303
2400.0000 26.6443 0.0296
2405.0000 26.7719 0.0303
2410.0000 26.9105 0.0289
2415.0000 27.0634 0.0283
2420.0000 27.2213 0.0287
2425.0000 27.4057 0.0301
2430.0000 27.5491 0.0301
2435.0000 27.6850 0.0305
2440.0000 27.8087 0.0308
2445.0000 27.9882 0.0302
2450.0000 28.0755 0.0300
2455.0000 28.1737 0.0303
2460.0000 28.2794 0.0283
2465.0000 28.4044 0.0268
2470.0000 28.4991 0.0259
2475.0000 28.5683 0.0244
2480.0000 28.6435 0.0230
2485.0000 28.7225 0.0220
2490.0000 28.8220 0.0194
2495.0000 28.9021 0.0176
2500.0000 28.9811 0.0156
2505.0000 29.0370 0.0142
2510.0000 29.0625 0.0140
2515.0000 29.1038 0.0132
2520.0000 29.1439 0.0122
2525.0000 29.2071 0.0104
2530.0000 29.2459 0.0095
2535.0000 29.3030 0.0078
2540.0000 29.3248 0.0075
2545.0000 29.3528 0.0070
2550.0000 29.3892 0.0062
2555.0000 29.4062 0.0059
2560.0000 29.4244 0.0056
2565.0000 29.4475 0.0047
2570.0000 29.4683 0.0041
2575.0000 29.4781 0.0041
2580.0000 29.5012 0.0036
2585.0000 29.5172 0.0039
2590.0000 29.5332 0.0039
2595.0000 29.5431 0.0041
2600.0000 29.5580 0.0043
2605.0000 29.5728 0.0045
2610.0000 29.5926 0.0049
2615.0000 29.6224 0.0053
2620.0000 29.6422 0.0056
2625.0000 29.6780 0.0059
2630.0000 29.7127 0.0061
2635.0000 29.7424 0.0064
2640.0000 29.7771 0.0070
2645.0000 29.8415 0.0076
2650.0000 29.9455 0.0084
2655.0000 30.0617 0.0087
2660.0000 30.1459 0.0088
2665.0000 30.2648 0.0089
2670.0000 30.3788 0.0090
2675.0000 30.4927 0.0088
2680.0000 30.6067 0.0083
2685.0000 30.7057 0.0076
2690.0000 30.7652 0.0071
2695.0000 30.8247 0.0066
2700.0000 30.8791 0.0058
2705.0000 30.9248 0.0049
2710.0000 30.9546 0.0045
2715.0000 30.9941 0.0038
2720.0000 31.0090 0.0036
2725.0000 31.0238 0.0034
2730.0000 31.0238 0.0034
2735.0000 31.0288 0.0034
2740.0000 31.0338 0.0033
2745.0000 31.0387 0.0032
2750.0000 31.0437 0.0032
2755.0000 31.0526 0.0032
2760.0000 31.0616 0.0032
2765.0000 31.0755 0.0031
2770.0000 31.0945 0.0032
2775.0000 31.1195 0.0034
2780.0000 31.1375 0.0035
2785.0000 31.1584 0.0038
2790.0000 31.1794 0.0037
2795.0000 31.2044 0.0038
2800.0000 31.2325 0.0041
2805.0000 31.2865 0.0044
2810.0000 31.3626 0.0054
2815.0000 31.4467 0.0061
2820.0000 31.4988 0.0063
2825.0000 31.5809 0.0065
2830.0000 31.6731 0.0066
2835.0000 31.7211 0.0068
2840.0000 31.7813 0.0069
2845.0000 31.8574 0.0069
2850.0000 31.9385 0.0064
2855.0000 31.9946 0.0061
2860.0000 32.0427 0.0059
2865.0000 32.0748 0.0058
2870.0000 32.0948 0.0058
2875.0000 32.1149 0.0057
2880.0000 32.1429 0.0055
2885.0000 32.1750 0.0052
2890.0000 32.2070 0.0050
2895.0000 32.2271 0.0049
2900.0000 32.2511 0.0046
2905.0000 32.2672 0.0045
2910.0000 32.2832 0.0043
2915.0000 32.2912 0.0042
2920.0000 32.3153 0.0040
2925.0000 32.3333 0.0040
2930.0000 32.3574 0.0036
2935.0000 32.3694 0.0035
2940.0000 32.3975 0.0031
2945.0000 32.4138 0.0030
2950.0000 32.4223 0.0032
2955.0000 32.4391 0.0033
2960.0000 32.4643 0.0033
2965.0000 32.4856 0.0036
2970.0000 32.5125 0.0036
2975.0000 32.5605 0.0039
2980.0000 32.6129 0.0049
2985.0000 32.6531 0.0053
2990.0000 32.6949 0.0059
2995.0000 32.7686 0.0065
3000.0000 32.8697 0.0077
3005.0000 32.9518 0.0085
3010.0000 33.0612 0.0093
3015.0000 33.1392 0.0103
3020.0000 33.2586 0.0115
3025.0000 33.3553 0.0129
3030.0000 33.4982 0.0149
3035.0000 33.6198 0.0167
3040.0000 33.7864 0.0174
3045.0000 33.9827 0.0192
3050.0000 34.1578 0.0209
3055.0000 34.3165 0.0230
3060.0000 34.4360 0.0234
3065.0000 34.6030 0.0233
3070.0000 34.7361 0.0239
3075.0000 34.8586 0.0241
3080.0000 35.0101 0.0241
3085.0000 35.1764 0.0244
3090.0000 35.3325 0.0245
3095.0000 35.4242 0.0242
3100.0000 35.5980 0.0225
3105.0000 35.7177 0.0223
3110.0000 35.9018 0.0205
3115.0000 36.0109 0.0203
3120.0000 36.1509 0.0181
3125.0000 36.2392 0.0172
3130.0000 36.3563 0.0161
3135.0000 36.4184 0.0157
3140.0000 36.5101 0.0151
3145.0000 36.5810 0.0152
3150.0000 36.6454 0.0142
3155.0000 36.6985 0.0130
3160.0000 36.7758 0.0126
3165.0000 36.8253 0.0125
3170.0000 36.8898 0.0119
3175.0000 36.9735 0.0105
3180.0000 37.0182 0.0098
3185.0000 37.0865 0.0087
3190.0000 37.1444 0.0083
3195.0000 37.2234 0.0074
3200.0000 37.2686 0.0067
3205.0000 37.3430 0.0069
3210.0000 37.4077 0.0068
3215.0000 37.4768 0.0071
3220.0000 37.5316 0.0079
3225.0000 37.6276 0.0095
3230.0000 37.7113 0.0105
3235.0000 37.8050 0.0114
3240.0000 37.9047 0.0123
3245.0000 37.9998 0.0140
3250.0000 38.1054 0.0158
3255.0000 38.2162 0.0173
3260.0000 38.3281 0.0180
3265.0000 38.4331 0.0188
3270.0000 38.5754 0.0193
3275.0000 38.6794 0.0201
3280.0000 38.8131 0.0210
3285.0000 38.9346 0.0209
3290.0000 39.0744 0.0208
3295.0000 39.1861 0.0205
3300.0000 39.3207 0.0190
3305.0000 39.3916 0.0177
3310.0000 39.4828 0.0166
3315.0000 39.6194 0.0153
3320.0000 39.7240 0.0144
3325.0000 39.8127 0.0133
3330.0000 39.9196 0.0120
3335.0000 39.9757 0.0108
3340.0000 40.0197 0.0096
3345.0000 40.0516 0.0088
3350.0000 40.0934 0.0078
3355.0000 40.1035 0.0078
3360.0000 40.1273 0.0073
3365.0000 40.1535 0.0070
3370.0000 40.1797 0.0067
3375.0000 40.1974 0.0065
3380.0000 40.2211 0.0063
3385.0000 40.2473 0.0059
3390.0000 40.2752 0.0056
3395.0000 40.2949 0.0052
3400.0000 40.3207 0.0055
3405.0000 40.3367 0.0057
3410.0000 40.3586 0.0055
3415.0000 40.3887 0.0057
3420.0000 40.4167 0.0062
3425.0000 40.4607 0.0067
3430.0000 40.5069 0.0066
3435.0000 40.5249 0.0065
3440.0000 40.5489 0.0068
3445.0000 40.5870 0.0069
3450.0000 40.6190 0.0072
3455.0000 40.6390 0.0074
3460.0000 40.6750 0.0075
3465.0000 40.6910 0.0076
3470.0000 40.7190 0.0078
3475.0000 40.7531 0.0080
3480.0000 40.7791 0.0077
3485.0000 40.8332 0.0078
3490.0000 40.8772 0.0079
3495.0000 40.9332 0.0079
3500.0000 40.9892 0.0082
3505.0000 41.0212 0.0081
3510.0000 41.0732 0.0080
3515.0000 41.1172 0.0080
3520.0000 41.1553 0.0076
3525.0000 41.1793 0.0077
3530.0000 41.2393 0.0072
3535.0000 41.2993 0.0069
3540.0000 41.3593 0.0067
3545.0000 41.4093 0.0058
3550.0000 41.4213 0.0057
3555.0000 41.4373 0.0055
3560.0000 41.4573 0.0051
3565.0000 41.4813 0.0049
3570.0000 41.5093 0.0046
3575.0000 41.5253 0.0044
3580.0000 41.5293 0.0043
3585.0000 41.5533 0.0041
3590.0000 41.5733 0.0038
3595.0000 41.5773 0.0037
3600.0000 41.5853 0.0036
3605.0000 41.5978 0.0036
3610.0000 41.6142 0.0034
3615.0000 41.6336 0.0038
3620.0000 41.7092 0.0049
3625.0000 41.7564 0.0056
3630.0000 41.8250 0.0064
3635.0000 41.8548 0.0070
3640.0000 41.9045 0.0077
3645.0000 41.9614 0.0086
3650.0000 42.0292 0.0099
3655.0000 42.1439 0.0121
3660.0000 42.2989 0.0141
3665.0000 42.4302 0.0156
3670.0000 42.5570 0.0183
3675.0000 42.7251 0.0219
3680.0000 42.8938 0.0239
3685.0000 43.0344 0.0262
3690.0000 43.2041 0.0286
3695.0000 43.3649 0.0325
3700.0000 43.5358 0.0350
3705.0000 43.7144 0.0400
3710.0000 43.8582 0.0412
3715.0000 44.0428 0.0411
3720.0000 44.2274 0.0415
3725.0000 44.3526 0.0408
3730.0000 44.4885 0.0390
3735.0000 44.6359 0.0370
3740.0000 44.8145 0.0370
3745.0000 44.9629 0.0350
3750.0000 45.0940 0.0351
3755.0000 45.2408 0.0333
3760.0000 45.4242 0.0307
3765.0000 45.5915 0.0296
3770.0000 45.7383 0.0289
3775.0000 45.8652 0.0272
3780.0000 46.0033 0.0249
3785.0000 46.1469 0.0223
3790.0000 46.2844 0.0211
3795.0000 46.4027 0.0204
3800.0000 46.4583 0.0207
3805.0000 46.5123 0.0197
3810.0000 46.5803 0.0191
3815.0000 46.6678 0.0199
3820.0000 46.7257 0.0198
3825.0000 46.8007 0.0191
3830.0000 46.8778 0.0186
3835.0000 46.9415 0.0181
3840.0000 47.0027 0.0177
3845.0000 47.0851 0.0182
3850.0000 47.1853 0.0178
3855.0000 47.2801 0.0182
3860.0000 47.3277 0.0186
3865.0000 47.4192 0.0184
3870.0000 47.5107 0.0197
3875.0000 47.5903 0.0209
3880.0000 47.7276 0.0219
3885.0000 47.8685 0.0225
3890.0000 48.0076 0.0229
3895.0000 48.0985 0.0233
3900.0000 48.2439 0.0227
3905.0000 48.3812 0.0240
3910.0000 48.5168 0.0251
3915.0000 48.7124 0.0261
3920.0000 48.8375 0.0259
3925.0000 48.9945 0.0257
3930.0000 49.1326 0.0258
3935.0000 49.2368 0.0259
3940.0000 49.4128 0.0263
3945.0000 49.5333 0.0263
3950.0000 49.6653 0.0275
3955.0000 49.8764 0.0281
3960.0000 50.0372 0.0298
3965.0000 50.1651 0.0294
3970.0000 50.2775 0.0308
3975.0000 50.3961 0.0311
3980.0000 50.5455 0.0324
3985.0000 50.6638 0.0333
3990.0000 50.7793 0.0327
3995.0000 50.8929 0.0323
4000.0000 51.0405 0.0318
4005.0000 51.2045 0.0329
4010.0000 51.2961 0.0327
4015.0000 51.3976 0.0338
4020.0000 51.5161 0.0329
4025.0000 51.6534 0.0327
4030.0000 51.7937 0.0313
4035.0000 51.9408 0.0282
4040.0000 52.0456 0.0275
4045.0000 52.1658 0.0256
4050.0000 52.2781 0.0243
4055.0000 52.3893 0.0240
4060.0000 52.5204 0.0235
4065.0000 52.6255 0.0237
4070.0000 52.7387 0.0240
4075.0000 52.8557 0.0231
4080.0000 52.9675 0.0233
4085.0000 53.0853 0.0218
4090.0000 53.2086 0.0205
4095.0000 53.3063 0.0204
4100.0000 53.4006 0.0193
4105.0000 53.4936 0.0187
4110.0000 53.5462 0.0184
4115.0000 53.5985 0.0183
4120.0000 53.6490 0.0168
4125.0000 53.6911 0.0157
4130.0000 53.7354 0.0148
4135.0000 53.7829 0.0142
4140.0000 53.8067 0.0138
4145.0000 53.8447 0.0138
4150.0000 53.8793 0.0133
4155.0000 53.8983 0.0132
4160.0000 53.9163 0.0128
4165.0000 53.9353 0.0127
4170.0000 53.9400 0.0125
4175.0000 53.9593 0.0126
4180.0000 53.9844 0.0117
4185.0000 54.0036 0.0117
4190.0000 54.0131 0.0117
4195.0000 54.0226 0.0115
4200.0000 54.0358 0.0112
4205.0000 54.0491 0.0106
4210.0000 54.0696 0.0104
4215.0000 54.0696 0.0104
4220.0000 54.0696 0.0104
4225.0000 54.0696 0.0104
4230.0000 54.0755 0.0105
4235.0000 54.0755 0.0105
4240.0000 54.0921 0.0105
4245.0000 54.1040 0.0106
4250.0000 54.1100 0.0107
4255.0000 54.1159 0.0109
4260.0000 54.1315 0.0110
4265.0000 54.1541 0.0109
4270.0000 54.1767 0.0113
4275.0000 54.2004 0.0117
4280.0000 54.2243 0.0121
4285.0000 54.2780 0.0133
4290.0000 54.3137 0.0138
4295.0000 54.3731 0.0142
4300.0000 54.4087 0.0150
4305.0000 54.4681 0.0162
4310.0000 54.5335 0.0171
4315.0000 54.5869 0.0178
4320.0000 54.6998 0.0193
4325.0000 54.8188 0.0189
4330.0000 54.9197 0.0195
4335.0000 55.0683 0.0197
4340.0000 55.1990 0.0199
4345.0000 55.2940 0.0202
4350.0000 55.3712 0.0189
4355.0000 55.4485 0.0186
4360.0000 55.4900 0.0183
4365.0000 55.5728 0.0176
4370.0000 55.6204 0.0171
4375.0000 55.6799 0.0162
4380.0000 55.7454 0.0161
4385.0000 55.7751 0.0158
4390.0000 55.7990 0.0156
4395.0000 55.8409 0.0154
4400.0000 55.9068 0.0143
4405.0000 55.9671 0.0149
4410.0000 56.0152 0.0152
4415.0000 56.0753 0.0154
4420.0000 56.1298 0.0166
4425.0000 56.1960 0.0170
4430.0000 56.3351 0.0203
4435.0000 56.4926 0.0230
4440.0000 56.6501 0.0235
4445.0000 56.8074 0.0246
4450.0000 56.9826 0.0268
4455.0000 57.1400 0.0283
4460.0000 57.2670 0.0285
4465.0000 57.4669 0.0291
4470.0000 57.6642 0.0304
4475.0000 57.8979 0.0320
4480.0000 58.0746 0.0329
4485.0000 58.2426 0.0329
4490.0000 58.3950 0.0334
4495.0000 58.5545 0.0337
4500.0000 58.7519 0.0318
4505.0000 58.9296 0.0299
4510.0000 59.1325 0.0292
4515.0000 59.2929 0.0289
4520.0000 59.4373 0.0275
4525.0000 59.5619 0.0246
4530.0000 59.6703 0.0237
4535.0000 59.8070 0.0222
4540.0000 59.9568 0.0200
4545.0000 60.1281 0.0195
4550.0000 60.2954 0.0196
4555.0000 60.4503 0.0210
4560.0000 60.6486 0.0225
4565.0000 60.7939 0.0239
4570.0000 60.9550 0.0260
4575.0000 61.1372 0.0304
4580.0000 61.3008 0.0347
4585.0000 61.5970 0.0399
4590.0000 61.8951 0.0449
4595.0000 62.2059 0.0537
4600.0000 62.5522 0.0621
4605.0000 62.8742 0.0668
4610.0000 63.1792 0.0710
4615.0000 63.4412 0.0712
4620.0000 63.7094 0.0725
4625.0000 64.0240 0.0699
4630.0000 64.2447 0.0696
4635.0000 64.4818 0.0685
4640.0000 64.7156 0.0663
4645.0000 64.9127 0.0623
4650.0000 65.0967 0.0606
4655.0000 65.2320 0.0589
4660.0000 65.3959 0.0564
4665.0000 65.5530 0.0539
4670.0000 65.6774 0.0509
4675.0000 65.8036 0.0474
4680.0000 65.9174 0.0462
4685.0000 66.0024 0.0444
4690.0000 66.1278 0.0383
4695.0000 66.2359 0.0352
4700.0000 66.3330 0.0313
4705.0000 66.4245 0.0276
4710.0000 66.4973 0.0248
4715.0000 66.5383 0.0240
4720.0000 66.5610 0.0236
4725.0000 66.6157 0.0227
4730.0000 66.6657 0.0207
4735.0000 66.7057 0.0195
4740.0000 66.7558 0.0181
4745.0000 66.8059 0.0165
4750.0000 66.8434 0.0153
4755.0000 66.8753 0.0147
4760.0000 66.8869 0.0142
4765.0000 66.9052 0.0137
4770.0000 66.9280 0.0136
4775.0000 66.9387 0.0137
4780.0000 66.9550 0.0139
4785.0000 66.9789 0.0137
4790.0000 66.9951 0.0139
4795.0000 67.0023 0.0139
4800.0000 67.0418 0.0141
4805.0000 67.0991 0.0136
4810.0000 67.1482 0.0140
4815.0000 67.1878 0.0150
4820.0000 67.2551 0.0146
4825.0000 67.3474 0.0157
4830.0000 67.4336 0.0157
4835.0000 67.5142 0.0156
4840.0000 67.5983 0.0167
4845.0000 67.7024 0.0185
4850.0000 67.8063 0.0191
4855.0000 67.8883 0.0201
4860.0000 68.0166 0.0208
4865.0000 68.1502 0.0222
4870.0000 68.2900 0.0217
4875.0000 68.4632 0.0233
4880.0000 68.5872 0.0242
4885.0000 68.7594 0.0248
4890.0000 68.9255 0.0252
4895.0000 69.0448 0.0252
4900.0000 69.1400 0.0245
4905.0000 69.2512 0.0226
4910.0000 69.3512 0.0226
4915.0000 69.4291 0.0217
4920.0000 69.5111 0.0209
4925.0000 69.5846 0.0212
4930.0000 69.6509 0.0201
4935.0000 69.7327 0.0188
4940.0000 69.7484 0.0182
4945.0000 69.8039 0.0171
4950.0000 69.8291 0.0165
4955.0000 69.8614 0.0159
4960.0000 69.9022 0.0154
4965.0000 69.9179 0.0154
4970.0000 69.9397 0.0155
4975.0000 69.9563 0.0153
4980.0000 69.9874 0.0147
4985.0000 70.0229 0.0149
4990.0000 70.0621 0.0146
4995.0000 70.0785 0.0145
5000.0000 70.0923 0.0146
5005.0000 70.1227 0.0145
5010.0000 70.1764 0.0136
5015.0000 70.2044 0.0131
5020.0000 70.2339 0.0127
5025.0000 70.2651 0.0125
5030.0000 70.3210 0.0117
5035.0000 70.3555 0.0122
5040.0000 70.3865 0.0125
5045.0000 70.4382 0.0127
5050.0000 70.5105 0.0128
5055.0000 70.5733 0.0122
5060.0000 70.6455 0.0126
5065.0000 70.6962 0.0129
5070.0000 70.7653 0.0134
5075.0000 70.8068 0.0135
5080.0000 70.8764 0.0125
5085.0000 70.9393 0.0133
5090.0000 71.0081 0.0133
5095.0000 71.0778 0.0135
5100.0000 71.1232 0.0134
5105.0000 71.2156 0.0134
5110.0000 71.2681 0.0133
5115.0000 71.3173 0.0132
5120.0000 71.3734 0.0136
5125.0000 71.4350 0.0139
5130.0000 71.4700 0.0145
5135.0000 71.5198 0.0151
5140.0000 71.6126 0.0164
5145.0000 71.7301 0.0189
5150.0000 71.8515 0.0209
5155.0000 71.9559 0.0223
5160.0000 72.1086 0.0236
5165.0000 72.2387 0.0250
5170.0000 72.4423 0.0273
5175.0000 72.6384 0.0289
5180.0000 72.8819 0.0325
5185.0000 73.1432 0.0354
5190.0000 73.3735 0.0383
5195.0000 73.5885 0.0410
5200.0000 73.8428 0.0445
5205.0000 74.1599 0.0482
5210.0000 74.4451 0.0489
5215.0000 74.6556 0.0485
5220.0000 74.8465 0.0478
5225.0000 75.0219 0.0477
5230.0000 75.2044 0.0451
5235.0000 75.3556 0.0430
5240.0000 75.4982 0.0392
5245.0000 75.5998 0.0364
5250.0000 75.6867 0.0342
5255.0000 75.7460 0.0328
5260.0000 75.8198 0.0304
5265.0000 75.8912 0.0283
5270.0000 75.9589 0.0273
5275.0000 76.0413 0.0247
5280.0000 76.0942 0.0234
5285.0000 76.1256 0.0224
5290.0000 76.1774 0.0207
5295.0000 76.2509 0.0191
5300.0000 76.2799 0.0179
5305.0000 76.3143 0.0168
5310.0000 76.3498 0.0168
5315.0000 76.3828 0.0164
5320.0000 76.4119 0.0168
5325.0000 76.4447 0.0171
5330.0000 76.5011 0.0167
5335.0000 76.5533 0.0173
5340.0000 76.6171 0.0178
5345.0000 76.6672 0.0177
5350.0000 76.7370 0.0182
5355.0000 76.8005 0.0187
5360.0000 76.8814 0.0187
5365.0000 76.9509 0.0191
5370.0000 77.0572 0.0202
5375.0000 77.1689 0.0204
5380.0000 77.3191 0.0214
5385.0000 77.4952 0.0225
5390.0000 77.6782 0.0239
5395.0000 77.8485 0.0255
5400.0000 78.0251 0.0268
5405.0000 78.2629 0.0275
5410.0000 78.4579 0.0282
5415.0000 78.6792 0.0312
5420.0000 78.9373 0.0306
5425.0000 79.1361 0.0338
5430.0000 79.3708 0.0352
5435.0000 79.5511 0.0379
5440.0000 79.8045 0.0424
5445.0000 80.0744 0.0463
5450.0000 80.3887 0.0498
5455.0000 80.6784 0.0513
5460.0000 80.9434 0.0530
5465.0000 81.2222 0.0540
5470.0000 81.4822 0.0552
5475.0000 81.7535 0.0542
5480.0000 81.9578 0.0503
5485.0000 82.1694 0.0489
5490.0000 82.3598 0.0482
5495.0000 82.5421 0.0485
5500.0000 82.7105 0.0465
5505.0000 82.9256 0.0461
5510.0000 83.1054 0.0458
5515.0000 83.3404 0.0458
5520.0000 83.5427 0.0434
5525.0000 83.7025 0.0404
5530.0000 83.8539 0.0382
5535.0000 84.0301 0.0347
5540.0000 84.1250 0.0325
5545.0000 84.2904 0.0309
5550.0000 84.3689 0.0301
5555.0000 84.4463 0.0289
5560.0000 84.5667 0.0283
5565.0000 84.6639 0.0281
5570.0000 84.7550 0.0274
5575.0000 84.8600 0.0255
5580.0000 84.9407 0.0240
5585.0000 84.9829 0.0232
5590.0000 85.0611 0.0223
5595.0000 85.1083 0.0225
5600.0000 85.1530 0.0226
5605.0000 85.2269 0.0217
5610.0000 85.2587 0.0217
5615.0000 85.3022 0.0201
5620.0000 85.3312 0.0188
5625.0000 85.3709 0.0176
5630.0000 85.4009 0.0176
5635.0000 85.4343 0.0177
5640.0000 85.5092 0.0174
5645.0000 85.5627 0.0178
5650.0000 85.6041 0.0180
5655.0000 85.6516 0.0188
5660.0000 85.7232 0.0179
5665.0000 85.7864 0.0179
5670.0000 85.8481 0.0184
5675.0000 85.9318 0.0191
5680.0000 86.0300 0.0202
5685.0000 86.1115 0.0212
5690.0000 86.2146 0.0218
5695.0000 86.2714 0.0216
5700.0000 86.4011 0.0231
5705.0000 86.5231 0.0244
5710.0000 86.6569 0.0262
5715.0000 86.7848 0.0267
5720.0000 86.9022 0.0273
5725.0000 86.9897 0.0276
5730.0000 87.1579 0.0289
5735.0000 87.3344 0.0286
5740.0000 87.5009 0.0279
5745.0000 87.6043 0.0289
5750.0000 87.7363 0.0284
5755.0000 87.8318 0.0281
5760.0000 87.9377 0.0270
5765.0000 88.0595 0.0265
5770.0000 88.1669 0.0255
5775.0000 88.3005 0.0247
5780.0000 88.3656 0.0242
5785.0000 88.4610 0.0228
5790.0000 88.5440 0.0211
5795.0000 88.6291 0.0198
5800.0000 88.7167 0.0188
5805.0000 88.8026 0.0193
5810.0000 88.8926 0.0184
5815.0000 88.9479 0.0184
5820.0000 89.0031 0.0182
5825.0000 89.0871 0.0194
5830.0000 89.1406 0.0198
5835.0000 89.2226 0.0205
5840.0000 89.3456 0.0201
5845.0000 89.4605 0.0196
5850.0000 89.5322 0.0200
5855.0000 89.6347 0.0205
5860.0000 89.7639 0.0219
5865.0000 89.8776 0.0244
5870.0000 89.9915 0.0260
5875.0000 90.1158 0.0268
5880.0000 90.2682 0.0286
5885.0000 90.4005 0.0290
5890.0000 90.6438 0.0327
5895.0000 90.8549 0.0354
5900.0000 91.0614 0.0372
5905.0000 91.3120 0.0411
5910.0000 91.5428 0.0435
5915.0000 91.8443 0.0472
5920.0000 92.1110 0.0501
5925.0000 92.3920 0.0557
5930.0000 92.6872 0.0601
5935.0000 93.0409 0.0664
5940.0000 93.3340 0.0695
5945.0000 93.7139 0.0745
5950.0000 94.1001 0.0805
5955.0000 94.4598 0.0840
5960.0000 94.8276 0.0849
5965.0000 95.0950 0.0839
5970.0000 95.3853 0.0826
5975.0000 95.6172 0.0801
5980.0000 95.8436 0.0768
5985.0000 96.0937 0.0727
5990.0000 96.3157 0.0689
5995.0000 96.4779 0.0627
6000.0000 96.6594 0.0594
6005.0000 96.8627 0.0574
6010.0000 97.0182 0.0517
6015.0000 97.1359 0.0488
6020.0000 97.2697 0.0458
6025.0000 97.3942 0.0422
6030.0000 97.5040 0.0403
6035.0000 97.6116 0.0380
6040.0000 97.7234 0.0361
6045.0000 97.8251 0.0333
6050.0000 97.8623 0.0298
6055.0000 97.9793 0.0282
6060.0000 98.0501 0.0247
6065.0000 98.1367 0.0232
6070.0000 98.2110 0.0209
6075.0000 98.2989 0.0181
6080.0000 98.3571 0.0169
6085.0000 98.3621 0.0164
6090.0000 98.4069 0.0159
6095.0000 98.3984 0.0158
6100.0000 98.3998 0.0153
6105.0000 98.4153 0.0150
6110.0000 98.4347 0.0147
6115.0000 98.4294 0.0149
6120.0000 98.4140 0.0147
6125.0000 98.4703 0.0150
6130.0000 98.4394 0.0145
6135.0000 98.4367 0.0146
6140.0000 98.4406 0.0138
6145.0000 98.4980 0.0136
6150.0000 98.4460 0.0130
6155.0000 98.4011 0.0131
6160.0000 98.3916 0.0126
6165.0000 98.3692 0.0121
6170.0000 98.3405 0.0116
6175.0000 98.3731 0.0117
6180.0000 98.3487 0.0119
6185.0000 98.3189 0.0117
6190.0000 98.2983 0.0120
6195.0000 98.2736 0.0118
6200.0000 98.3059 0.0113
6205.0000 98.3210 0.0115
6210.0000 98.2779 0.0111
6215.0000 98.2758 0.0116
6220.0000 98.2564 0.0111
6225.0000 98.2391 0.0107
6230.0000 98.2763 0.0106
6235.0000 98.3154 0.0107
6240.0000 98.2728 0.0105
6245.0000 98.3297 0.0104
6250.0000 98.3760 0.0101
6255.0000 98.3801 0.0101
6260.0000 98.3687 0.0114
6265.0000 98.3928 0.0113
6270.0000 98.3645 0.0110
6275.0000 98.4282 0.0107
6280.0000 98.4240 0.0111
6285.0000 98.4731 0.0103
6290.0000 98.4807 0.0108
6295.0000 98.4610 0.0106
6300.0000 98.4611 0.0106
6305.0000 98.4624 0.0108
6310.0000 98.5057 0.0098
6315.0000 98.4693 0.0102
6320.0000 98.4849 0.0105
6325.0000 98.4987 0.0105
6330.0000 98.4879 0.0111
6335.0000 98.4184 0.0112
6340.0000 98.4380 0.0108
6345.0000 98.4284 0.0105
6350.0000 98.4392 0.0103
6355.0000 98.4288 0.0102
6360.0000 98.4242 0.0107
6365.0000 98.5150 0.0096
6370.0000 98.4932 0.0100
6375.0000 98.5426 0.0096
6380.0000 98.5337 0.0095
6385.0000 98.5797 0.0093
6390.0000 98.5815 0.0089
6395.0000 98.6148 0.0086
6400.0000 98.5346 0.0095
6405.0000 98.5190 0.0094
6410.0000 98.5202 0.0093
6415.0000 98.5319 0.0092
6420.0000 98.4911 0.0097
6425.0000 98.5170 0.0088
6430.0000 98.5528 0.0088
6435.0000 98.5782 0.0084
6440.0000 98.5542 0.0089
6445.0000 98.4845 0.0091
6450.0000 98.4667 0.0098
6455.0000 98.4620 0.0094
6460.0000 98.4631 0.0094
6465.0000 98.4684 0.0090
6470.0000 98.4589 0.0094
6475.0000 98.4532 0.0088
6480.0000 98.4236 0.0091
6485.0000 98.4701 0.0089
6490.0000 98.4707 0.0083
6495.0000 98.4387 0.0087
6500.0000 98.4579 0.0092
6505.0000 98.5027 0.0092
6510.0000 98.4796 0.0096
6515.0000 98.4978 0.0089
6520.0000 98.5567 0.0085
6525.0000 98.5871 0.0079
6530.0000 98.6226 0.0082
6535.0000 98.6083 0.0079
6540.0000 98.6166 0.0077
6545.0000 98.6429 0.0075
6550.0000 98.6894 0.0071
6555.0000 98.6826 0.0073
6560.0000 98.6704 0.0079
6565.0000 98.7158 0.0072
6570.0000 98.6934 0.0077
6575.0000 98.7311 0.0072
6580.0000 98.7190 0.0077
6585.0000 98.7113 0.0076
6590.0000 98.7438 0.0073
6595.0000 98.6951 0.0074
6600.0000 98.6953 0.0073
6605.0000 98.6865 0.0075
6610.0000 98.6760 0.0079
6615.0000 98.6739 0.0079
6620.0000 98.7145 0.0076
6625.0000 98.7058 0.0076
6630.0000 98.7267 0.0069
6635.0000 98.7377 0.0070
6640.0000 98.7075 0.0074
6645.0000 98.7042 0.0073
6650.0000 98.6961 0.0071
6655.0000 98.6731 0.0078
6660.0000 98.6521 0.0081
6665.0000 98.6134 0.0086
6670.0000 98.5670 0.0098
6675.0000 98.6155 0.0088
6680.0000 98.6078 0.0091
6685.0000 98.5886 0.0090
6690.0000 98.5985 0.0095
6695.0000 98.6251 0.0084
6700.0000 98.6511 0.0090
6705.0000 98.5934 0.0094
6710.0000 98.5635 0.0096
6715.0000 98.6007 0.0098
6720.0000 98.5616 0.0105
6725.0000 98.5647 0.0100
6730.0000 98.5159 0.0109
6735.0000 98.5733 0.0101
6740.0000 98.5617 0.0104
6745.0000 98.5373 0.0108
6750.0000 98.6144 0.0101
6755.0000 98.6363 0.0095
6760.0000 98.6364 0.0100
6765.0000 98.6897 0.0091
6770.0000 98.6411 0.0097
6775.0000 98.6389 0.0097
6780.0000 98.6843 0.0092
6785.0000 98.6635 0.0096
6790.0000 98.6554 0.0095
6795.0000 98.6779 0.0092
6800.0000 98.7129 0.0091
6805.0000 98.6565 0.0098
6810.0000 98.6788 0.0092
6815.0000 98.6574 0.0096
6820.0000 98.6880 0.0090
6825.0000 98.7020 0.0091
6830.0000 98.7058 0.0090
6835.0000 98.7029 0.0087
6840.0000 98.7006 0.0087
6845.0000 98.6984 0.0086
6850.0000 98.7170 0.0082
6855.0000 98.7266 0.0083
6860.0000 98.7153 0.0080
6865.0000 98.6929 0.0081
6870.0000 98.7487 0.0078
6875.0000 98.7100 0.0080
6880.0000 98.6658 0.0087
6885.0000 98.6720 0.0086
6890.0000 98.6585 0.0090
6895.0000 98.6811 0.0090
6900.0000 98.6791 0.0092
6905.0000 98.6704 0.0092
6910.0000 98.6610 0.0095
6915.0000 98.6469 0.0098
6920.0000 98.5894 0.0107
6925.0000 98.6447 0.0096
6930.0000 98.6329 0.0098
6935.0000 98.6627 0.0094
6940.0000 98.6868 0.0093
6945.0000 98.6772 0.0096
6950.0000 98.6846 0.0096
6955.0000 98.6869 0.0094
6960.0000 98.7111 0.0093
6965.0000 98.7113 0.0094
6970.0000 98.7254 0.0094
6975.0000 98.6967 0.0097
6980.0000 98.7149 0.0093
6985.0000 98.7086 0.0087
6990.0000 98.7000 0.0093
6995.0000 98.7170 0.0090
7000.0000 98.7486 0.0090
7005.0000 98.7880 0.0081
7010.0000 98.7748 0.0085
7015.0000 98.8059 0.0079
7020.0000 98.8478 0.0071
7025.0000 98.8834 0.0069
7030.0000 98.9045 0.0065
7035.0000 98.9238 0.0062
7040.0000 98.8973 0.0069
7045.0000 98.9017 0.0064
7050.0000 98.9240 0.0061
7055.0000 98.9158 0.0061
7060.0000 98.9057 0.0065
7065.0000 98.8951 0.0064
7070.0000 98.8855 0.0064
7075.0000 98.8897 0.0066
7080.0000 98.9064 0.0065
7085.0000 98.8754 0.0066
7090.0000 98.8667 0.0072
7095.0000 98.8707 0.0068
7100.0000 98.8408 0.0070
7105.0000 98.8325 0.0069
7110.0000 98.8145 0.0076
7115.0000 98.7762 0.0083
7120.0000 98.7859 0.0077
7125.0000 98.7911 0.0080
7130.0000 98.7455 0.0084
7135.0000 98.7332 0.0085
7140.0000 98.7579 0.0081
7145.0000 98.7139 0.0088
7150.0000 98.6874 0.0088
7155.0000 98.6464 0.0093
7160.0000 98.6507 0.0093
7165.0000 98.6708 0.0090
7170.0000 98.6927 0.0087
7175.0000 98.6759 0.0089
7180.0000 98.6912 0.0085
7185.0000 98.6873 0.0088
7190.0000 98.6729 0.0092
7195.0000 98.7164 0.0085
7200.0000 98.7379 0.0075
7205.0000 98.7674 0.0069
7210.0000 98.7721 0.0072
7215.0000 98.7862 0.0072
7220.0000 98.8126 0.0070
7225.0000 98.8174 0.0068
7230.0000 98.8167 0.0068
7235.0000 98.8424 0.0065
7240.0000 98.8219 0.0071
7245.0000 98.8452 0.0067
7250.0000 98.8545 0.0064
7255.0000 98.8650 0.0063
7260.0000 98.8639 0.0064
7265.0000 98.8832 0.0061
7270.0000 98.8919 0.0059
7275.0000 98.8954 0.0059
7280.0000 98.9033 0.0056
7285.0000 98.8903 0.0058
7290.0000 98.8920 0.0059
7295.0000 98.8821 0.0060
7300.0000 98.8753 0.0062
7305.0000 98.8699 0.0062
7310.0000 98.8821 0.0058
7315.0000 98.8789 0.0059
7320.0000 98.8699 0.0061
7325.0000 98.8663 0.0060
7330.0000 98.8655 0.0063
7335.0000 98.8690 0.0061
7340.0000 98.8684 0.0061
7345.0000 98.8277 0.0067
7350.0000 98.8269 0.0070
7355.0000 98.8507 0.0065
7360.0000 98.8113 0.0069
7365.0000 98.7668 0.0074
7370.0000 98.7389 0.0082
7375.0000 98.7049 0.0089
7380.0000 98.7015 0.0088
7385.0000 98.6612 0.0093
7390.0000 98.6543 0.0092
7395.0000 98.6688 0.0085
7400.0000 98.6548 0.0089
7405.0000 98.6008 0.0091
7410.0000 98.6521 0.0094
7415.0000 98.6016 0.0097
7420.0000 98.6067 0.0096
7425.0000 98.6262 0.0095
7430.0000 98.6095 0.0095
7435.0000 98.6009 0.0102
7440.0000 98.5944 0.0098
7445.0000 98.5891 0.0093
7450.0000 98.5836 0.0092
7455.0000 98.6327 0.0088
7460.0000 98.5717 0.0100
7465.0000 98.5847 0.0094
7470.0000 98.6228 0.0087
7475.0000 98.6263 0.0088
7480.0000 98.6485 0.0085
7485.0000 98.6925 0.0076
7490.0000 98.6863 0.0081
7495.0000 98.7271 0.0074
7500.0000 98.7226 0.0075
7505.0000 98.7396 0.0075
7510.0000 98.7450 0.0073
7515.0000 98.7483 0.0073
7520.0000 98.7510 0.0072
7525.0000 98.7823 0.0068
7530.0000 98.8029 0.0064
7535.0000 98.8039 0.0068
7540.0000 98.8016 0.0068
7545.0000 98.7937 0.0068
7550.0000 98.7816 0.0070
7555.0000 98.7831 0.0070
7560.0000 98.7807 0.0070
7565.0000 98.8005 0.0066
7570.0000 98.7954 0.0068
7575.0000 98.8008 0.0066
7580.0000 98.7968 0.0069
7585.0000 98.7535 0.0072
7590.0000 98.7365 0.0074
7595.0000 98.7274 0.0075
7600.0000 98.7126 0.0081
7605.0000 98.6782 0.0079
7610.0000 98.6857 0.0078
7615.0000 98.6697 0.0084
7620.0000 98.6604 0.0080
7625.0000 98.6215 0.0082
7630.0000 98.5838 0.0090
7635.0000 98.5472 0.0091
7640.0000 98.5331 0.0099
7645.0000 98.5665 0.0095
7650.0000 98.5950 0.0089
7655.0000 98.6000 0.0093
7660.0000 98.5473 0.0105
7665.0000 98.5308 0.0109
7670.0000 98.4798 0.0105
7675.0000 98.4738 0.0110
7680.0000 98.4377 0.0109
7685.0000 98.4521 0.0108
7690.0000 98.4323 0.0120
7695.0000 98.4681 0.0112
7700.0000 98.4892 0.0112
7705.0000 98.5690 0.0107
7710.0000 98.5652 0.0111
7715.0000 98.5989 0.0103
7720.0000 98.6258 0.0101
7725.0000 98.6461 0.0099
7730.0000 98.6584 0.0095
7735.0000 98.6874 0.0094
7740.0000 98.6771 0.0100
7745.0000 98.6396 0.0102
7750.0000 98.6399 0.0099
7755.0000 98.6488 0.0097
7760.0000 98.6541 0.0096
7765.0000 98.6631 0.0095
7770.0000 98.6320 0.0102
7775.0000 98.6052 0.0106
7780.0000 98.6146 0.0105
7785.0000 98.5983 0.0104
7790.0000 98.5884 0.0109
7795.0000 98.5855 0.0109
7800.0000 98.5694 0.0112
7805.0000 98.5827 0.0106
7810.0000 98.5529 0.0107
7815.0000 98.5744 0.0106
7820.0000 98.5586 0.0109
7825.0000 98.5469 0.0111
7830.0000 98.4961 0.0118
7835.0000 98.4907 0.0115
7840.0000 98.4921 0.0118
7845.0000 98.4567 0.0120
7850.0000 98.4349 0.0115
7855.0000 98.4502 0.0111
7860.0000 98.4139 0.0109
7865.0000 98.4428 0.0105
7870.0000 98.4324 0.0107
7875.0000 98.4052 0.0113
7880.0000 98.4071 0.0114
7885.0000 98.3888 0.0113
7890.0000 98.3708 0.0113
7895.0000 98.3744 0.0110
7900.0000 98.3986 0.0108
7905.0000 98.3963 0.0108
7910.0000 98.3800 0.0107
7915.0000 98.4242 0.0107
7920.0000 98.3784 0.0112
7925.0000 98.3952 0.0109
7930.0000 98.3556 0.0111
7935.0000 98.3379 0.0107
7940.0000 98.2840 0.0109
7945.0000 98.2257 0.0115
7950.0000 98.2679 0.0121
7955.0000 98.2548 0.0115
7960.0000 98.3091 0.0111
7965.0000 98.3469 0.0116
7970.0000 98.3333 0.0125
7975.0000 98.3450 0.0119
7980.0000 98.3658 0.0117
7985.0000 98.4140 0.0116
7990.0000 98.4303 0.0109
7995.0000 98.4510 0.0110
8000.0000 98.4276 0.0111
8005.0000 98.4730 0.0103
8010.0000 98.4538 0.0113
8015.0000 98.4329 0.0114
8020.0000 98.5073 0.0105
8025.0000 98.5104 0.0104
8030.0000 98.4951 0.0110
8035.0000 98.5073 0.0104
8040.0000 98.5073 0.0104
8045.0000 98.5425 0.0099
8050.0000 98.5228 0.0107
8055.0000 98.5525 0.0102
8060.0000 98.5615 0.0099
8065.0000 98.5377 0.0101
8070.0000 98.5636 0.0100
8075.0000 98.5441 0.0101
8080.0000 98.4884 0.0113
8085.0000 98.4982 0.0110
8090.0000 98.5168 0.0110
8095.0000 98.5169 0.0103
8100.0000 98.4879 0.0110
8105.0000 98.4460 0.0116
8110.0000 98.4884 0.0115
8115.0000 98.5056 0.0114
8120.0000 98.5588 0.0109
8125.0000 98.5553 0.0106
8130.0000 98.5985 0.0098
8135.0000 98.6138 0.0096
8140.0000 98.6515 0.0086
8145.0000 98.6363 0.0086
8150.0000 98.6620 0.0087
8155.0000 98.6777 0.0087
8160.0000 98.6796 0.0089
8165.0000 98.7005 0.0083
8170.0000 98.6784 0.0088
8175.0000 98.7000 0.0082
8180.0000 98.7103 0.0080
8185.0000 98.6994 0.0085
8190.0000 98.7072 0.0083
8195.0000 98.7009 0.0084
8200.0000 98.7245 0.0079
8205.0000 98.7419 0.0079
8210.0000 98.7546 0.0075
8215.0000 98.7311 0.0080
8220.0000 98.7386 0.0079
8225.0000 98.7479 0.0077
8230.0000 98.7538 0.0075
8235.0000 98.7310 0.0080
8240.0000 98.7460 0.0076
8245.0000 98.7562 0.0076
8250.0000 98.7579 0.0076
8255.0000 98.7547 0.0076
8260.0000 98.7488 0.0077
8265.0000 98.7546 0.0075
8270.0000 98.7683 0.0073
8275.0000 98.7802 0.0072
8280.0000 98.7763 0.0073
8285.0000 98.7687 0.0074
8290.0000 98.7616 0.0076
8295.0000 98.7417 0.0075
8300.0000 98.7141 0.0081
8305.0000 98.7288 0.0080
8310.0000 98.7182 0.0080
8315.0000 98.7155 0.0083
8320.0000 98.7008 0.0083
8325.0000 98.6848 0.0085
8330.0000 98.6619 0.0085
8335.0000 98.6797 0.0081
8340.0000 98.6321 0.0087
8345.0000 98.6515 0.0084
8350.0000 98.6177 0.0090
8355.0000 98.6229 0.0088
8360.0000 98.6275 0.0093
8365.0000 98.6255 0.0094
8370.0000 98.6396 0.0092
8375.0000 98.6016 0.0096
8380.0000 98.5627 0.0100
8385.0000 98.5646 0.0100
8390.0000 98.5631 0.0099
8395.0000 98.5727 0.0101
8400.0000 98.5836 0.0105
8405.0000 98.5778 0.0096
8410.0000 98.5258 0.0104
8415.0000 98.5520 0.0106
8420.0000 98.5279 0.0105
8425.0000 98.5187 0.0103
8430.0000 98.5357 0.0103
8435.0000 98.5342 0.0102
8440.0000 98.5401 0.0097
8445.0000 98.5837 0.0092
8450.0000 98.5707 0.0100
8455.0000 98.5413 0.0100
8460.0000 98.5884 0.0093
8465.0000 98.6169 0.0093
8470.0000 98.6077 0.0091
8475.0000 98.6219 0.0089
8480.0000 98.6207 0.0089
8485.0000 98.5922 0.0087
8490.0000 98.6310 0.0085
8495.0000 98.6699 0.0080
8500.0000 98.6416 0.0083
8505.0000 98.6282 0.0083
8510.0000 98.6179 0.0088
8515.0000 98.6261 0.0090
8520.0000 98.6364 0.0088
8525.0000 98.6268 0.0087
8530.0000 98.6286 0.0087
8535.0000 98.6574 0.0085
8540.0000 98.6689 0.0083
8545.0000 98.6580 0.0088
8550.0000 98.6624 0.0086
8555.0000 98.6646 0.0084
8560.0000 98.6731 0.0083
8565.0000 98.6687 0.0083
8570.0000 98.6787 0.0081
8575.0000 98.6824 0.0083
8580.0000 98.6883 0.0082
8585.0000 98.6846 0.0082
8590.0000 98.6743 0.0081
8595.0000 98.6731 0.0082
8600.0000 98.6721 0.0084
8605.0000 98.6699 0.0084
8610.0000 98.6762 0.0084
8615.0000 98.6821 0.0084
8620.0000 98.6817 0.0085
8625.0000 98.6895 0.0084
8630.0000 98.6834 0.0085
8635.0000 98.6785 0.0085
8640.0000 98.6850 0.0084
8645.0000 98.6790 0.0086
8650.0000 98.6787 0.0086
8655.0000 98.6787 0.0086
8660.0000 98.6773 0.0086
8665.0000 98.6712 0.0086
8670.0000 98.6741 0.0084
8675.0000 98.6750 0.0085
8680.0000 98.6886 0.0082
8685.0000 98.6886 0.0082
8690.0000 98.6886 0.0082
8695.0000 98.6885 0.0083
8700.0000 98.6961 0.0082
8705.0000 98.6999 0.0082
8710.0000 98.6999 0.0082
8715.0000 98.6939 0.0081
8720.0000 98.6942 0.0082
8725.0000 98.6942 0.0082
8730.0000 98.6904 0.0082
8735.0000 98.6868 0.0083
8740.0000 98.6822 0.0082
8745.0000 98.6851 0.0082
8750.0000 98.6824 0.0082
8755.0000 98.6794 0.0082
8760.0000 98.6819 0.0081
8765.0000 98.6817 0.0081
8770.0000 98.6747 0.0083
8775.0000 98.6601 0.0082
8780.0000 98.6549 0.0081
8785.0000 98.6426 0.0081
8790.0000 98.6570 0.0086
8795.0000 98.6219 0.0085
8800.0000 98.6398 0.0086
8805.0000 98.6852 0.0080
8810.0000 98.6898 0.0081
8815.0000 98.6957 0.0087
8820.0000 98.6948 0.0085
8825.0000 98.6978 0.0084
8830.0000 98.7098 0.0084
8835.0000 98.7011 0.0080
8840.0000 98.7113 0.0074
8845.0000 98.6942 0.0076
8850.0000 98.6825 0.0079
8855.0000 98.6609 0.0082
8860.0000 98.6484 0.0082
8865.0000 98.6595 0.0083
8870.0000 98.6695 0.0084
8875.0000 98.6761 0.0082
8880.0000 98.6525 0.0085
8885.0000 98.6694 0.0082
8890.0000 98.6567 0.0083
8895.0000 98.6532 0.0080
8900.0000 98.6249 0.0082
8905.0000 98.6406 0.0083
8910.0000 98.6333 0.0084
8915.0000 98.6434 0.0077
8920.0000 98.5931 0.0086
8925.0000 98.6178 0.0080
8930.0000 98.6646 0.0079
8935.0000 98.6773 0.0077
8940.0000 98.6767 0.0076
8945.0000 98.6789 0.0085
8950.0000 98.6547 0.0084
8955.0000 98.6539 0.0085
8960.0000 98.6129 0.0090
8965.0000 98.6482 0.0095
8970.0000 98.6562 0.0095
8975.0000 98.7241 0.0086
8980.0000 98.7267 0.0083
8985.0000 98.7170 0.0084
8990.0000 98.7354 0.0081
8995.0000 98.6734 0.0089
9000.0000 98.6353 0.0090
9005.0000 98.6126 0.0094
9010.0000 98.5238 0.0103
9015.0000 98.5279 0.0098
9020.0000 98.5892 0.0094
9025.0000 98.6308 0.0090
9030.0000 98.5907 0.0094
9035.0000 98.5790 0.0099
9040.0000 98.5572 0.0095
9045.0000 98.5102 0.0098
9050.0000 98.4565 0.0103
9055.0000 98.4433 0.0098
9060.0000 98.3809 0.0097
9065.0000 98.4496 0.0095
9070.0000 98.4305 0.0102
9075.0000 98.4420 0.0103
9080.0000 98.5013 0.0092
9085.0000 98.4689 0.0102
9090.0000 98.5004 0.0096
9095.0000 98.4676 0.0101
9100.0000 98.4935 0.0095
9105.0000 98.5010 0.0096
9110.0000 98.4980 0.0102
9115.0000 98.4483 0.0099
9120.0000 98.4811 0.0095
9125.0000 98.4739 0.0100
9130.0000 98.4601 0.0098
9135.0000 98.4784 0.0099
9140.0000 98.4657 0.0099
9145.0000 98.4838 0.0098
9150.0000 98.4351 0.0105
9155.0000 98.4607 0.0101
9160.0000 98.4858 0.0100
9165.0000 98.5084 0.0098
9170.0000 98.5323 0.0100
9175.0000 98.5225 0.0104
9180.0000 98.5043 0.0103
9185.0000 98.5140 0.0103
9190.0000 98.5138 0.0099
9195.0000 98.5122 0.0097
9200.0000 98.5235 0.0096
9205.0000 98.5318 0.0096
9210.0000 98.5700 0.0089
9215.0000 98.5838 0.0089
9220.0000 98.5863 0.0087
9225.0000 98.5828 0.0087
9230.0000 98.5744 0.0083
9235.0000 98.5454 0.0082
9240.0000 98.5478 0.0078
9245.0000 98.4782 0.0087
9250.0000 98.4637 0.0081
9255.0000 98.4796 0.0083
9260.0000 98.5517 0.0078
9265.0000 98.5457 0.0081
9270.0000 98.5832 0.0081
9275.0000 98.5862 0.0082
9280.0000 98.5425 0.0094
9285.0000 98.5684 0.0089
9290.0000 98.5510 0.0094
9295.0000 98.6043 0.0096
9300.0000 98.6223 0.0087
9305.0000 98.6173 0.0091
9310.0000 98.5661 0.0093
9315.0000 98.5994 0.0092
9320.0000 98.6305 0.0091
9325.0000 98.6153 0.0089
9330.0000 98.6461 0.0086
9335.0000 98.6377 0.0093
9340.0000 98.6287 0.0090
9345.0000 98.6277 0.0093
9350.0000 98.6647 0.0088
9355.0000 98.6418 0.0092
9360.0000 98.6063 0.0095
9365.0000 98.6548 0.0085
9370.0000 98.6701 0.0084
9375.0000 98.6877 0.0084
9380.0000 98.7029 0.0081
9385.0000 98.6788 0.0082
9390.0000 98.6886 0.0081
9395.0000 98.6964 0.0079
9400.0000 98.6895 0.0081
9405.0000 98.7011 0.0081
9410.0000 98.7027 0.0082
9415.0000 98.6949 0.0084
9420.0000 98.6807 0.0084
9425.0000 98.6628 0.0086
9430.0000 98.6476 0.0091
9435.0000 98.6560 0.0088
9440.0000 98.6547 0.0086
9445.0000 98.6671 0.0084
9450.0000 98.6629 0.0084
9455.0000 98.6487 0.0086
9460.0000 98.6568 0.0086
9465.0000 98.6439 0.0087
9470.0000 98.6250 0.0088
9475.0000 98.6284 0.0088
9480.0000 98.6394 0.0087
9485.0000 98.6398 0.0087
9490.0000 98.6449 0.0087
9495.0000 98.6190 0.0090
9500.0000 98.5998 0.0092
9505.0000 98.5970 0.0091
9510.0000 98.5727 0.0097
9515.0000 98.5907 0.0095
9520.0000 98.5889 0.0095
9525.0000 98.5739 0.0097
9530.0000 98.5546 0.0103
9535.0000 98.5364 0.0103
9540.0000 98.5526 0.0103
9545.0000 98.5382 0.0102
9550.0000 98.5158 0.0103
9555.0000 98.5249 0.0101
9560.0000 98.5272 0.0103
9565.0000 98.4870 0.0103
9570.0000 98.4624 0.0107
9575.0000 98.4892 0.0104
9580.0000 98.4667 0.0102
9585.0000 98.4712 0.0105
9590.0000 98.5157 0.0100
9595.0000 98.5097 0.0102
9600.0000 98.4706 0.0104
9605.0000 98.4793 0.0104
9610.0000 98.4871 0.0102
9615.0000 98.4424 0.0101
9620.0000 98.4432 0.0106
9625.0000 98.4539 0.0105
9630.0000 98.4694 0.0100
9635.0000 98.4663 0.0103
9640.0000 98.4670 0.0108
9645.0000 98.5029 0.0104
9650.0000 98.4966 0.0103
9655.0000 98.5104 0.0099
9660.0000 98.4821 0.0102
9665.0000 98.5096 0.0097
9670.0000 98.5215 0.0094
9675.0000 98.4925 0.0096
9680.0000 98.4712 0.0096
9685.0000 98.4836 0.0092
9690.0000 98.4949 0.0095
9695.0000 98.4387 0.0093
9700.0000 98.4844 0.0089
9705.0000 98.4843 0.0090
9710.0000 98.5135 0.0088
9715.0000 98.5704 0.0083
9720.0000 98.5561 0.0086
9725.0000 98.5783 0.0087
9730.0000 98.5432 0.0087
9735.0000 98.5279 0.0088
9740.0000 98.4853 0.0090
9745.0000 98.4954 0.0090
9750.0000 98.4899 0.0091
9755.0000 98.5064 0.0088
9760.0000 98.5321 0.0089
9765.0000 98.5451 0.0085
9770.0000 98.5319 0.0085
9775.0000 98.5472 0.0085
9780.0000 98.5455 0.0086
9785.0000 98.5520 0.0085
9790.0000 98.5674 0.0084
9795.0000 98.5820 0.0083
9800.0000 98.5566 0.0088
9805.0000 98.5448 0.0089
9810.0000 98.5581 0.0085
9815.0000 98.5711 0.0085
9820.0000 98.5599 0.0083
9825.0000 98.5641 0.0082
9830.0000 98.5465 0.0082
9835.0000 98.5663 0.0083
9840.0000 98.5530 0.0084
9845.0000 98.5738 0.0081
9850.0000 98.5985 0.0081
9855.0000 98.5864 0.0083
9860.0000 98.5712 0.0083
9865.0000 98.5820 0.0079
9870.0000 98.6295 0.0081
9875.0000 98.6439 0.0086
9880.0000 98.5834 0.0090
9885.0000 98.6130 0.0090
9890.0000 98.6644 0.0081
9895.0000 98.6243 0.0080
9900.0000 98.6754 0.0071
9905.0000 98.6823 0.0070
9910.0000 98.7030 0.0072
9915.0000 98.7019 0.0072
9920.0000 98.7204 0.0068
9925.0000 98.7348 0.0067
9930.0000 98.7629 0.0060
9935.0000 98.7512 0.0063
9940.0000 98.7403 0.0065
9945.0000 98.7302 0.0068
9950.0000 98.6861 0.0071
9955.0000 98.6806 0.0070
9960.0000 98.6653 0.0069
9965.0000 98.6517 0.0071
9970.0000 98.6389 0.0074
9975.0000 98.5887 0.0081
9980.0000 98.5480 0.0085
9985.0000 98.5048 0.0094
9990.0000 98.5318 0.0086
9995.0000 98.5092 0.0090
10000.0000 98.4717 0.0091
10005.0000 98.4218 0.0099
10010.0000 98.4447 0.0092
10015.0000 98.4965 0.0085
10020.0000 98.5162 0.0088
10025.0000 98.5039 0.0093
10030.0000 98.5126 0.0098
10035.0000 98.5085 0.0099
10040.0000 98.4777 0.0098
10045.0000 98.5036 0.0105
10050.0000 98.3798 0.0110
10055.0000 98.3620 0.0117
10060.0000 98.3336 0.0116
10065.0000 98.3168 0.0110
10070.0000 98.2874 0.0110
10075.0000 98.3362 0.0105
10080.0000 98.3112 0.0109
10085.0000 98.3272 0.0108
10090.0000 98.3197 0.0113
10095.0000 98.3526 0.0115
10100.0000 98.3864 0.0113
10105.0000 98.3998 0.0109
10110.0000 98.3988 0.0115
10115.0000 98.4341 0.0114
10120.0000 98.4466 0.0120
10125.0000 98.4217 0.0113
10130.0000 98.4505 0.0116
10135.0000 98.4320 0.0116
10140.0000 98.4448 0.0117
10145.0000 98.4651 0.0111
10150.0000 98.4701 0.0110
10155.0000 98.5118 0.0105
10160.0000 98.4986 0.0106
10165.0000 98.4577 0.0111
10170.0000 98.4934 0.0109
10175.0000 98.4767 0.0108
10180.0000 98.4707 0.0112
10185.0000 98.4917 0.0115
10190.0000 98.5165 0.0116
10195.0000 98.5672 0.0107
10200.0000 98.6052 0.0096
10205.0000 98.6606 0.0091
10210.0000 98.6941 0.0087
10215.0000 98.6926 0.0087
10220.0000 98.6705 0.0084
10225.0000 98.6706 0.0089
10230.0000 98.6805 0.0086
10235.0000 98.6868 0.0086
10240.0000 98.6966 0.0084
10245.0000 98.7082 0.0083
10250.0000 98.7210 0.0082
10255.0000 98.7353 0.0076
10260.0000 98.7373 0.0077
10265.0000 98.7630 0.0071
10270.0000 98.7315 0.0076
10275.0000 98.7560 0.0069
10280.0000 98.7145 0.0075
10285.0000 98.7121 0.0078
10290.0000 98.7188 0.0075
10295.0000 98.7146 0.0075
10300.0000 98.6954 0.0076
10305.0000 98.7180 0.0075
10310.0000 98.7114 0.0076
10315.0000 98.7235 0.0075
10320.0000 98.7198 0.0075
10325.0000 98.7001 0.0080
10330.0000 98.6723 0.0085
10335.0000 98.7226 0.0081
10340.0000 98.7005 0.0083
10345.0000 98.6828 0.0087
10350.0000 98.7059 0.0081
10355.0000 98.7200 0.0079
10360.0000 98.7215 0.0081
10365.0000 98.7198 0.0083
10370.0000 98.7055 0.0080
10375.0000 98.6899 0.0083
10380.0000 98.7105 0.0081
10385.0000 98.6753 0.0088
10390.0000 98.6859 0.0085
10395.0000 98.6771 0.0088
10400.0000 98.6839 0.0087
10405.0000 98.6928 0.0086
10410.0000 98.6542 0.0090
10415.0000 98.6727 0.0085
10420.0000 98.6712 0.0090
10425.0000 98.6603 0.0093
10430.0000 98.6817 0.0089
10435.0000 98.6725 0.0088
10440.0000 98.6311 0.0096
10445.0000 98.6516 0.0092
10450.0000 98.6672 0.0091
10455.0000 98.5859 0.0095
10460.0000 98.5712 0.0096
10465.0000 98.5335 0.0095
10470.0000 98.5737 0.0095
10475.0000 98.5353 0.0103
10480.0000 98.5339 0.0103
10485.0000 98.5483 0.0096
10490.0000 98.5466 0.0093
10495.0000 98.5188 0.0100
10500.0000 98.4841 0.0103
10505.0000 98.4736 0.0102
10510.0000 98.4361 0.0103
10515.0000 98.4923 0.0103
10520.0000 98.4152 0.0108
10525.0000 98.4328 0.0105
10530.0000 98.4027 0.0101
10535.0000 98.4252 0.0105
10540.0000 98.3880 0.0107
10545.0000 98.4044 0.0114
10550.0000 98.4249 0.0111
10555.0000 98.4906 0.0107
10560.0000 98.5171 0.0101
10565.0000 98.4855 0.0097
10570.0000 98.5291 0.0098
10575.0000 98.5051 0.0107
10580.0000 98.5202 0.0101
10585.0000 98.5173 0.0097
10590.0000 98.5281 0.0097
10595.0000 98.4980 0.0103
10600.0000 98.5464 0.0095
10605.0000 98.5761 0.0089
10610.0000 98.5601 0.0094
10615.0000 98.5774 0.0087
10620.0000 98.5741 0.0087
10625.0000 98.5869 0.0085
10630.0000 98.5912 0.0083
10635.0000 98.5994 0.0083
10640.0000 98.5725 0.0089
10645.0000 98.5308 0.0090
10650.0000 98.5478 0.0089
10655.0000 98.5796 0.0088
10660.0000 98.5678 0.0086
10665.0000 98.5974 0.0084
10670.0000 98.6007 0.0084
10675.0000 98.6137 0.0086
10680.0000 98.6247 0.0085
10685.0000 98.6456 0.0079
10690.0000 98.5723 0.0089
10695.0000 98.5630 0.0093
10700.0000 98.5799 0.0091
10705.0000 98.6241 0.0083
10710.0000 98.6660 0.0081
10715.0000 98.6727 0.0076
10720.0000 98.6630 0.0076
10725.0000 98.6681 0.0078
10730.0000 98.6426 0.0084
10735.0000 98.6296 0.0085
10740.0000 98.6485 0.0086
10745.0000 98.6673 0.0080
10750.0000 98.6451 0.0086
10755.0000 98.6533 0.0084
10760.0000 98.6953 0.0079
10765.0000 98.6805 0.0081
10770.0000 98.6935 0.0080
10775.0000 98.6861 0.0079
10780.0000 98.7221 0.0076
10785.0000 98.7162 0.0079
10790.0000 98.7378 0.0075
10795.0000 98.7281 0.0077
10800.0000 98.7288 0.0076
10805.0000 98.7146 0.0074
10810.0000 98.7401 0.0070
10815.0000 98.7098 0.0074
10820.0000 98.7536 0.0069
10825.0000 98.7655 0.0068
10830.0000 98.7663 0.0070
10835.0000 98.7695 0.0071
10840.0000 98.7612 0.0070
10845.0000 98.7708 0.0072
10850.0000 98.7735 0.0069
10855.0000 98.7538 0.0073
10860.0000 98.7299 0.0077
10865.0000 98.7302 0.0075
10870.0000 98.7226 0.0075
10875.0000 98.7122 0.0078
10880.0000 98.6802 0.0081
10885.0000 98.6554 0.0082
10890.0000 98.6287 0.0091
10895.0000 98.6367 0.0091
10900.0000 98.6438 0.0087
10905.0000 98.5979 0.0091
10910.0000 98.5397 0.0096
10915.0000 98.5485 0.0091
10920.0000 98.5200 0.0092
10925.0000 98.5240 0.0093
10930.0000 98.5241 0.0090
10935.0000 98.5424 0.0089
10940.0000 98.5119 0.0095
10945.0000 98.4932 0.0089
10950.0000 98.5395 0.0096
10955.0000 98.4686 0.0103
10960.0000 98.4642 0.0108
10965.0000 98.4816 0.0095
10970.0000 98.4972 0.0093
10975.0000 98.5222 0.0089
10980.0000 98.5332 0.0087
10985.0000 98.5070 0.0088
10990.0000 98.5245 0.0092
10995.0000 98.5246 0.0091
11000.0000 98.4851 0.0097
11005.0000 98.4985 0.0095
11010.0000 98.4914 0.0094
11015.0000 98.5247 0.0092
11020.0000 98.5180 0.0094
11025.0000 98.5620 0.0091
11030.0000 98.5922 0.0088
11035.0000 98.5588 0.0100
11040.0000 98.5922 0.0094
11045.0000 98.6082 0.0096
11050.0000 98.6293 0.0091
11055.0000 98.6500 0.0086
11060.0000 98.5870 0.0094
11065.0000 98.6280 0.0086
11070.0000 98.6248 0.0085
11075.0000 98.6514 0.0083
11080.0000 98.6200 0.0088
11085.0000 98.6293 0.0087
11090.0000 98.5759 0.0096
11095.0000 98.5849 0.0096
11100.0000 98.5206 0.0105
11105.0000 98.5022 0.0106
11110.0000 98.5020 0.0101
11115.0000 98.4993 0.0094
11120.0000 98.4890 0.0107
11125.0000 98.4711 0.0111
11130.0000 98.4251 0.0114
11135.0000 98.4743 0.0106
11140.0000 98.4188 0.0113
11145.0000 98.4841 0.0108
11150.0000 98.4388 0.0105
11155.0000 98.4452 0.0108
11160.0000 98.4228 0.0107
11165.0000 98.4069 0.0106
11170.0000 98.3860 0.0105
11175.0000 98.3788 0.0107
11180.0000 98.4035 0.0105
11185.0000 98.4365 0.0102
11190.0000 98.4136 0.0101
11195.0000 98.4056 0.0100
11200.0000 98.4000 0.0103
11205.0000 98.3713 0.0106
11210.0000 98.3851 0.0104
11215.0000 98.3924 0.0105
11220.0000 98.4321 0.0107
11225.0000 98.4071 0.0107
11230.0000 98.4143 0.0101
11235.0000 98.4480 0.0097
11240.0000 98.5008 0.0099
11245.0000 98.4769 0.0107
11250.0000 98.5206 0.0102
11255.0000 98.5677 0.0096
11260.0000 98.5571 0.0095
11265.0000 98.5538 0.0093
11270.0000 98.5922 0.0087
11275.0000 98.6196 0.0084
11280.0000 98.5761 0.0088
11285.0000 98.5967 0.0085
11290.0000 98.5693 0.0084
11295.0000 98.5612 0.0087
11300.0000 98.5702 0.0088
11305.0000 98.5575 0.0088
11310.0000 98.5855 0.0084
11315.0000 98.6138 0.0083
11320.0000 98.5782 0.0087
11325.0000 98.5877 0.0086
11330.0000 98.6078 0.0087
11335.0000 98.6179 0.0085
11340.0000 98.6164 0.0085
11345.0000 98.6313 0.0084
11350.0000 98.6334 0.0083
11355.0000 98.6157 0.0085
11360.0000 98.6153 0.0085
11365.0000 98.5883 0.0088
11370.0000 98.6032 0.0089
11375.0000 98.5512 0.0094
11380.0000 98.5562 0.0093
11385.0000 98.5632 0.0091
11390.0000 98.5193 0.0096
11395.0000 98.5359 0.0098
11400.0000 98.5252 0.0093
11405.0000 98.4802 0.0098
11410.0000 98.4650 0.0101
11415.0000 98.4594 0.0097
11420.0000 98.4053 0.0102
11425.0000 98.4550 0.0098
11430.0000 98.4945 0.0102
11435.0000 98.5230 0.0102
11440.0000 98.4632 0.0108
11445.0000 98.5097 0.0104
11450.0000 98.4597 0.0112
11455.0000 98.4837 0.0102
11460.0000 98.4419 0.0102
11465.0000 98.4533 0.0098
11470.0000 98.4977 0.0098
11475.0000 98.5434 0.0092
11480.0000 98.5402 0.0097
11485.0000 98.5578 0.0097
11490.0000 98.5632 0.0101
11495.0000 98.5856 0.0098
11500.0000 98.5763 0.0101
11505.0000 98.6051 0.0102
11510.0000 98.6291 0.0096
11515.0000 98.6319 0.0093
11520.0000 98.6661 0.0090
11525.0000 98.6482 0.0091
11530.0000 98.6675 0.0090
11535.0000 98.6855 0.0087
11540.0000 98.6930 0.0089
11545.0000 98.7079 0.0088
11550.0000 98.7014 0.0091
11555.0000 98.7047 0.0091
11560.0000 98.6959 0.0093
11565.0000 98.6688 0.0094
11570.0000 98.6540 0.0096
11575.0000 98.6563 0.0096
11580.0000 98.6754 0.0094
11585.0000 98.6823 0.0094
11590.0000 98.6671 0.0097
11595.0000 98.6668 0.0098
11600.0000 98.6723 0.0104
11605.0000 98.6851 0.0099
11610.0000 98.6572 0.0100
11615.0000 98.6654 0.0098
11620.0000 98.6404 0.0102
11625.0000 98.6739 0.0096
11630.0000 98.6474 0.0100
11635.0000 98.6437 0.0102
11640.0000 98.6370 0.0101
11645.0000 98.6460 0.0102
11650.0000 98.5717 0.0114
11655.0000 98.5516 0.0107
11660.0000 98.5503 0.0105
11665.0000 98.5346 0.0112
11670.0000 98.5734 0.0097
11675.0000 98.5419 0.0105
11680.0000 98.5567 0.0100
11685.0000 98.5730 0.0100
11690.0000 98.5315 0.0103
11695.0000 98.5230 0.0104
11700.0000 98.5640 0.0101
11705.0000 98.5771 0.0097
11710.0000 98.5845 0.0096
11715.0000 98.5698 0.0098
11720.0000 98.5750 0.0094
11725.0000 98.5994 0.0094
11730.0000 98.5976 0.0093
11735.0000 98.5431 0.0100
11740.0000 98.6059 0.0096
11745.0000 98.6137 0.0094
11750.0000 98.5937 0.0098
11755.0000 98.5488 0.0104
11760.0000 98.5430 0.0100
11765.0000 98.5107 0.0105
11770.0000 98.4816 0.0107
11775.0000 98.5053 0.0104
11780.0000 98.4547 0.0107
11785.0000 98.4685 0.0108
11790.0000 98.4533 0.0103
11795.0000 98.4448 0.0103
11800.0000 98.4793 0.0098
11805.0000 98.4416 0.0105
11810.0000 98.4844 0.0102
11815.0000 98.4561 0.0100
11820.0000 98.4851 0.0099
11825.0000 98.5075 0.0100
11830.0000 98.4919 0.0099
11835.0000 98.5086 0.0095
11840.0000 98.5208 0.0093
11845.0000 98.5343 0.0095
11850.0000 98.5807 0.0089
11855.0000 98.5981 0.0087
11860.0000 98.5644 0.0087
11865.0000 98.6254 0.0079
11870.0000 98.6050 0.0082
11875.0000 98.6189 0.0077
11880.0000 98.6439 0.0078
11885.0000 98.6641 0.0078
11890.0000 98.6625 0.0079
11895.0000 98.6443 0.0085
11900.0000 98.6562 0.0088
11905.0000 98.6779 0.0081
11910.0000 98.6226 0.0089
11915.0000 98.6207 0.0091
11920.0000 98.6498 0.0087
11925.0000 98.6836 0.0082
11930.0000 98.7256 0.0074
11935.0000 98.7026 0.0079
11940.0000 98.7162 0.0081
11945.0000 98.7040 0.0080
11950.0000 98.6859 0.0076
11955.0000 98.6971 0.0079
11960.0000 98.7107 0.0075
11965.0000 98.7120 0.0079
11970.0000 98.7038 0.0081
11975.0000 98.6942 0.0082
11980.0000 98.6855 0.0086
11985.0000 98.6626 0.0088
11990.0000 98.6742 0.0087
11995.0000 98.6873 0.0087
12000.0000 98.6701 0.0085
12005.0000 98.6521 0.0088
12010.0000 98.6444 0.0085
12015.0000 98.5967 0.0091
12020.0000 98.5762 0.0084
12025.0000 98.5468 0.0089
12030.0000 98.5729 0.0089
12035.0000 98.5611 0.0085
12040.0000 98.5744 0.0090
12045.0000 98.5601 0.0088
12050.0000 98.5179 0.0089
12055.0000 98.4561 0.0094
12060.0000 98.5015 0.0102
12065.0000 98.4840 0.0097
12070.0000 98.4945 0.0093
12075.0000 98.4741 0.0101
12080.0000 98.4611 0.0109
12085.0000 98.4966 0.0095
12090.0000 98.4586 0.0106
12095.0000 98.4410 0.0106
12100.0000 98.4386 0.0104
12105.0000 98.4109 0.0107
12110.0000 98.4136 0.0107
12115.0000 98.3757 0.0111
12120.0000 98.3573 0.0119
12125.0000 98.4079 0.0111
12130.0000 98.3702 0.0114
12135.0000 98.3505 0.0112
12140.0000 98.4096 0.0109
12145.0000 98.4235 0.0107
12150.0000 98.4306 0.0104
12155.0000 98.3884 0.0110
12160.0000 98.3467 0.0106
12165.0000 98.3206 0.0112
12170.0000 98.3785 0.0110
12175.0000 98.3878 0.0109
12180.0000 98.4035 0.0107
12185.0000 98.4112 0.0097
12190.0000 98.4265 0.0105
12195.0000 98.4544 0.0102
12200.0000 98.4502 0.0107
12205.0000 98.4635 0.0108
12210.0000 98.4796 0.0105
12215.0000 98.4990 0.0104
12220.0000 98.5473 0.0105
12225.0000 98.5043 0.0103
12230.0000 98.5310 0.0100
12235.0000 98.5253 0.0096
12240.0000 98.5287 0.0096
12245.0000 98.5146 0.0102
12250.0000 98.5848 0.0096
12255.0000 98.5614 0.0100
12260.0000 98.5836 0.0095
12265.0000 98.6124 0.0092
12270.0000 98.6057 0.0094
12275.0000 98.6204 0.0093
12280.0000 98.6377 0.0088
12285.0000 98.6487 0.0088
12290.0000 98.6312 0.0089
12295.0000 98.6147 0.0086
12300.0000 98.6250 0.0086
12305.0000 98.6811 0.0077
12310.0000 98.6576 0.0082
12315.0000 98.6521 0.0089
12320.0000 98.6161 0.0092
12325.0000 98.5845 0.0092
12330.0000 98.5741 0.0089
12335.0000 98.6080 0.0082
12340.0000 98.6120 0.0084
12345.0000 98.5692 0.0089
12350.0000 98.5349 0.0091
12355.0000 98.5507 0.0092
12360.0000 98.5097 0.0100
12365.0000 98.4600 0.0107
12370.0000 98.4654 0.0108
12375.0000 98.4404 0.0105
12380.0000 98.4548 0.0105
12385.0000 98.4603 0.0095
12390.0000 98.4460 0.0105
12395.0000 98.4468 0.0099
12400.0000 98.5134 0.0096
12405.0000 98.4631 0.0103
12410.0000 98.4286 0.0100
12415.0000 98.4344 0.0099
12420.0000 98.4684 0.0098
12425.0000 98.4531 0.0099
12430.0000 98.4076 0.0107
12435.0000 98.3921 0.0104
12440.0000 98.4274 0.0092
12445.0000 98.4341 0.0105
12450.0000 98.4308 0.0099
12455.0000 98.4214 0.0104
12460.0000 98.4593 0.0103
12465.0000 98.4882 0.0105
12470.0000 98.5085 0.0101
12475.0000 98.4777 0.0101
12480.0000 98.4834 0.0103
12485.0000 98.5289 0.0105
12490.0000 98.5658 0.0104
12495.0000 98.5737 0.0111
12500.0000 98.6290 0.0099
12505.0000 98.5866 0.0104
12510.0000 98.5720 0.0105
12515.0000 98.5855 0.0105
12520.0000 98.5356 0.0111
12525.0000 98.5450 0.0115
12530.0000 98.5334 0.0110
12535.0000 98.5416 0.0112
12540.0000 98.4875 0.0115
12545.0000 98.5440 0.0107
12550.0000 98.5503 0.0111
12555.0000 98.5831 0.0099
12560.0000 98.5894 0.0096
12565.0000 98.5853 0.0101
12570.0000 98.5707 0.0100
12575.0000 98.5838 0.0100
12580.0000 98.5851 0.0101
12585.0000 98.6070 0.0099
12590.0000 98.5832 0.0100
12595.0000 98.6227 0.0095
12600.0000 98.6046 0.0098
12605.0000 98.5863 0.0100
12610.0000 98.6168 0.0098
12615.0000 98.6047 0.0098
12620.0000 98.5381 0.0099
12625.0000 98.5603 0.0099
12630.0000 98.5348 0.0097
12635.0000 98.5242 0.0097
12640.0000 98.5249 0.0102
12645.0000 98.5596 0.0097
12650.0000 98.5377 0.0090
12655.0000 98.6051 0.0091
12660.0000 98.5925 0.0088
12665.0000 98.5539 0.0090
12670.0000 98.5457 0.0094
12675.0000 98.5097 0.0099
12680.0000 98.5062 0.0098
12685.0000 98.5856 0.0091
12690.0000 98.6032 0.0088
12695.0000 98.5936 0.0088
12700.0000 98.6386 0.0088
12705.0000 98.6349 0.0088
12710.0000 98.6648 0.0082
12715.0000 98.6914 0.0076
12720.0000 98.6613 0.0079
12725.0000 98.6469 0.0084
12730.0000 98.6372 0.0082
12735.0000 98.6231 0.0089
12740.0000 98.6619 0.0078
12745.0000 98.6280 0.0086
12750.0000 98.6334 0.0083
12755.0000 98.6592 0.0079
12760.0000 98.6066 0.0084
12765.0000 98.6176 0.0084
12770.0000 98.6032 0.0087
12775.0000 98.6237 0.0085
12780.0000 98.5940 0.0092
12785.0000 98.6153 0.0092
12790.0000 98.6629 0.0085
12795.0000 98.6438 0.0086
12800.0000 98.6521 0.0085
12805.0000 98.6366 0.0091
12810.0000 98.6244 0.0093
12815.0000 98.6271 0.0091
12820.0000 98.6305 0.0088
12825.0000 98.6235 0.0088
12830.0000 98.5843 0.0093
12835.0000 98.5795 0.0096
12840.0000 98.5627 0.0094
12845.0000 98.5670 0.0095
12850.0000 98.5714 0.0092
12855.0000 98.5611 0.0098
12860.0000 98.5613 0.0100
12865.0000 98.5769 0.0097
12870.0000 98.6118 0.0089
12875.0000 98.6108 0.0098
12880.0000 98.6016 0.0092
12885.0000 98.5993 0.0097
12890.0000 98.5996 0.0099
12895.0000 98.6180 0.0095
12900.0000 98.5738 0.0103
12905.0000 98.5502 0.0099
12910.0000 98.5307 0.0102
12915.0000 98.5142 0.0105
12920.0000 98.4733 0.0102
12925.0000 98.4379 0.0105
12930.0000 98.4802 0.0102
12935.0000 98.4776 0.0101
12940.0000 98.4231 0.0097
12945.0000 98.4115 0.0101
12950.0000 98.3819 0.0096
12955.0000 98.4404 0.0093
12960.0000 98.4411 0.0095
12965.0000 98.4558 0.0104
12970.0000 98.5178 0.0092
12975.0000 98.5160 0.0097
12980.0000 98.5290 0.0099
12985.0000 98.5504 0.0095
12990.0000 98.5389 0.0092
12995.0000 98.5724 0.0086
13000.0000 98.5629 0.0094
13005.0000 98.5855 0.0089
13010.0000 98.5848 0.0094
13015.0000 98.6158 0.0093
13020.0000 98.5316 0.0102
13025.0000 98.5528 0.0096
13030.0000 98.5551 0.0099
13035.0000 98.5342 0.0105
13040.0000 98.4869 0.0106
13045.0000 98.4281 0.0110
13050.0000 98.4275 0.0105
13055.0000 98.4600 0.0103
13060.0000 98.4330 0.0109
13065.0000 98.4403 0.0105
13070.0000 98.4037 0.0112
13075.0000 98.3902 0.0106
13080.0000 98.4507 0.0101
13085.0000 98.4578 0.0095
13090.0000 98.4561 0.0100
13095.0000 98.5080 0.0087
13100.0000 98.4662 0.0086
13105.0000 98.4611 0.0091
13110.0000 98.4653 0.0097
13115.0000 98.5190 0.0099
13120.0000 98.4908 0.0096
13125.0000 98.4913 0.0096
13130.0000 98.4921 0.0090
13135.0000 98.4815 0.0095
13140.0000 98.5170 0.0091
13145.0000 98.5304 0.0095
13150.0000 98.5254 0.0094
13155.0000 98.5013 0.0093
13160.0000 98.5576 0.0085
13165.0000 98.5374 0.0090
13170.0000 98.5782 0.0082
13175.0000 98.5680 0.0088
13180.0000 98.5475 0.0092
13185.0000 98.5681 0.0085
13190.0000 98.5356 0.0091
13195.0000 98.5378 0.0092
13200.0000 98.5282 0.0088
13205.0000 98.5702 0.0092
13210.0000 98.5841 0.0092
13215.0000 98.5425 0.0090
13220.0000 98.5393 0.0093
13225.0000 98.5317 0.0090
13230.0000 98.5553 0.0089
13235.0000 98.5275 0.0095
13240.0000 98.5443 0.0098
13245.0000 98.5479 0.0096
13250.0000 98.5447 0.0094
13255.0000 98.5252 0.0096
13260.0000 98.5144 0.0102
13265.0000 98.5290 0.0102
13270.0000 98.5422 0.0099
13275.0000 98.5464 0.0097
13280.0000 98.5853 0.0092
13285.0000 98.5741 0.0093
13290.0000 98.6103 0.0092
13295.0000 98.5780 0.0094
13300.0000 98.5737 0.0101
13305.0000 98.6040 0.0101
13310.0000 98.5866 0.0102
13315.0000 98.5514 0.0103
13320.0000 98.5133 0.0103
13325.0000 98.5093 0.0108
13330.0000 98.4487 0.0118
13335.0000 98.4463 0.0117
13340.0000 98.4597 0.0114
13345.0000 98.4467 0.0110
13350.0000 98.4435 0.0108
13355.0000 98.4117 0.0109
13360.0000 98.4531 0.0107
13365.0000 98.4802 0.0103
13370.0000 98.4115 0.0106
13375.0000 98.3912 0.0111
13380.0000 98.3367 0.0119
13385.0000 98.3587 0.0112
13390.0000 98.3512 0.0115
13395.0000 98.3144 0.0124
13400.0000 98.3858 0.0120
13405.0000 98.4572 0.0112
13410.0000 98.5240 0.0108
13415.0000 98.4942 0.0109
13420.0000 98.5368 0.0104
13425.0000 98.5341 0.0105
13430.0000 98.4980 0.0109
13435.0000 98.4866 0.0108
13440.0000 98.5421 0.0098
13445.0000 98.5458 0.0106
13450.0000 98.5554 0.0097
13455.0000 98.6130 0.0097
13460.0000 98.5737 0.0100
13465.0000 98.5670 0.0101
13470.0000 98.6559 0.0091
13475.0000 98.6262 0.0093
13480.0000 98.5880 0.0101
13485.0000 98.6038 0.0098
13490.0000 98.6193 0.0097
13495.0000 98.5672 0.0097
13500.0000 98.5897 0.0089
13505.0000 98.5836 0.0091
13510.0000 98.5867 0.0090
13515.0000 98.6053 0.0083
13520.0000 98.6021 0.0087
13525.0000 98.6249 0.0088
13530.0000 98.6149 0.0087
13535.0000 98.6302 0.0092
13540.0000 98.6345 0.0093
13545.0000 98.6289 0.0093
13550.0000 98.6343 0.0092
13555.0000 98.6219 0.0093
13560.0000 98.6078 0.0095
13565.0000 98.6298 0.0093
13570.0000 98.6245 0.0094
13575.0000 98.5964 0.0099
13580.0000 98.6540 0.0093
13585.0000 98.6705 0.0086
13590.0000 98.6563 0.0086
13595.0000 98.6514 0.0090
13600.0000 98.6984 0.0085
13605.0000 98.6789 0.0090
13610.0000 98.6896 0.0086
13615.0000 98.6433 0.0087
13620.0000 98.6755 0.0084
13625.0000 98.6698 0.0087
13630.0000 98.6516 0.0090
13635.0000 98.6599 0.0091
13640.0000 98.6909 0.0084
13645.0000 98.6827 0.0086
13650.0000 98.6917 0.0085
13655.0000 98.6805 0.0085
13660.0000 98.7025 0.0082
13665.0000 98.6857 0.0083
13670.0000 98.6957 0.0082
13675.0000 98.7157 0.0078
13680.0000 98.7144 0.0080
13685.0000 98.7095 0.0081
13690.0000 98.6909 0.0081
13695.0000 98.6867 0.0084
13700.0000 98.6666 0.0086
13705.0000 98.6752 0.0087
13710.0000 98.6695 0.0087
13715.0000 98.6843 0.0085
13720.0000 98.6794 0.0086
13725.0000 98.7158 0.0081
13730.0000 98.7008 0.0083
13735.0000 98.7011 0.0081
13740.0000 98.6741 0.0088
13745.0000 98.6559 0.0087
13750.0000 98.6671 0.0086
13755.0000 98.6817 0.0083
13760.0000 98.6783 0.0080
13765.0000 98.6691 0.0084
13770.0000 98.6706 0.0081
13775.0000 98.6735 0.0076
13780.0000 98.6410 0.0087
13785.0000 98.6745 0.0081
13790.0000 98.7072 0.0078
13795.0000 98.6780 0.0085
13800.0000 98.6632 0.0085
13805.0000 98.6791 0.0080
13810.0000 98.6808 0.0080
13815.0000 98.6853 0.0081
13820.0000 98.7163 0.0077
13825.0000 98.6922 0.0077
13830.0000 98.6942 0.0076
13835.0000 98.6587 0.0085
13840.0000 98.6699 0.0084
13845.0000 98.6845 0.0078
13850.0000 98.6703 0.0082
13855.0000 98.6765 0.0083
13860.0000 98.6697 0.0084
13865.0000 98.6546 0.0085
13870.0000 98.6882 0.0082
13875.0000 98.7198 0.0076
13880.0000 98.7026 0.0082
13885.0000 98.7199 0.0079
13890.0000 98.7233 0.0079
13895.0000 98.7197 0.0077
13900.0000 98.7146 0.0075
13905.0000 98.7233 0.0074
13910.0000 98.7141 0.0072
13915.0000 98.7232 0.0072
13920.0000 98.6746 0.0080
13925.0000 98.6772 0.0078
13930.0000 98.6698 0.0081
13935.0000 98.6878 0.0078
13940.0000 98.7020 0.0074
13945.0000 98.7077 0.0072
13950.0000 98.7017 0.0073
13955.0000 98.7061 0.0071
13960.0000 98.7035 0.0074
13965.0000 98.7043 0.0074
13970.0000 98.7070 0.0073
13975.0000 98.7104 0.0073
13980.0000 98.7118 0.0073
13985.0000 98.7240 0.0071
13990.0000 98.7228 0.0070
13995.0000 98.7141 0.0072
14000.0000 98.7089 0.0072
14005.0000 98.7085 0.0074
14010.0000 98.7105 0.0073
14015.0000 98.6931 0.0072
14020.0000 98.6886 0.0075
14025.0000 98.6926 0.0073
14030.0000 98.6903 0.0073
14035.0000 98.6782 0.0077
14040.0000 98.6482 0.0084
14045.0000 98.6786 0.0079
14050.0000 98.6706 0.0078
14055.0000 98.6629 0.0076
14060.0000 98.6437 0.0079
14065.0000 98.6482 0.0082
14070.0000 98.6090 0.0084
14075.0000 98.5760 0.0089
14080.0000 98.6060 0.0085
14085.0000 98.5925 0.0087
14090.0000 98.5804 0.0087
14095.0000 98.5809 0.0090
14100.0000 98.5433 0.0090
14105.0000 98.5498 0.0092
14110.0000 98.5509 0.0087
14115.0000 98.5781 0.0090
14120.0000 98.5700 0.0090
14125.0000 98.5370 0.0089
14130.0000 98.5529 0.0092
14135.0000 98.5682 0.0092
14140.0000 98.5309 0.0098
14145.0000 98.4784 0.0094
14150.0000 98.4145 0.0106
14155.0000 98.4543 0.0100
14160.0000 98.3827 0.0104
14165.0000 98.4154 0.0102
14170.0000 98.3772 0.0103
14175.0000 98.3668 0.0104
14180.0000 98.3346 0.0109
14185.0000 98.4310 0.0100
14190.0000 98.4107 0.0103
14195.0000 98.4389 0.0100
14200.0000 98.4174 0.0103
14205.0000 98.4312 0.0102
14210.0000 98.4396 0.0097
14215.0000 98.4147 0.0105
14220.0000 98.3882 0.0100
14225.0000 98.3325 0.0108
14230.0000 98.3958 0.0101
14235.0000 98.4287 0.0098
14240.0000 98.4762 0.0091
14245.0000 98.4665 0.0095
14250.0000 98.5143 0.0092
14255.0000 98.5254 0.0094
14260.0000 98.4958 0.0095
14265.0000 98.5522 0.0090
14270.0000 98.5472 0.0091
14275.0000 98.5513 0.0095
14280.0000 98.5296 0.0090
14285.0000 98.5630 0.0095
14290.0000 98.5273 0.0104
14295.0000 98.5823 0.0093
14300.0000 98.6051 0.0092
14305.0000 98.6247 0.0086
14310.0000 98.5800 0.0094
14315.0000 98.5406 0.0098
14320.0000 98.5571 0.0102
14325.0000 98.5482 0.0097
14330.0000 98.5508 0.0099
14335.0000 98.5688 0.0094
14340.0000 98.5540 0.0100
14345.0000 98.4734 0.0115
14350.0000 98.4610 0.0110
14355.0000 98.4786 0.0110
14360.0000 98.5044 0.0107
14365.0000 98.4857 0.0106
14370.0000 98.5035 0.0107
14375.0000 98.5049 0.0104
14380.0000 98.5131 0.0108
14385.0000 98.5517 0.0107
14390.0000 98.5668 0.0101
14395.0000 98.5247 0.0100
14400.0000 98.5172 0.0100
14405.0000 98.4806 0.0108
14410.0000 98.5284 0.0096
14415.0000 98.5387 0.0092
14420.0000 98.5546 0.0093
14425.0000 98.5893 0.0092
14430.0000 98.6070 0.0091
14435.0000 98.5542 0.0098
14440.0000 98.5260 0.0100
14445.0000 98.5165 0.0100
14450.0000 98.5184 0.0106
14455.0000 98.5087 0.0106
14460.0000 98.5504 0.0098
14465.0000 98.5724 0.0099
14470.0000 98.5800 0.0094
14475.0000 98.5897 0.0093
14480.0000 98.6131 0.0087
14485.0000 98.6238 0.0086
14490.0000 98.6813 0.0082
14495.0000 98.6276 0.0092
14500.0000 98.6514 0.0086
14505.0000 98.6350 0.0088
14510.0000 98.6389 0.0084
14515.0000 98.6412 0.0081
14520.0000 98.6189 0.0087
14525.0000 98.6252 0.0088
14530.0000 98.6449 0.0081
14535.0000 98.6558 0.0084
14540.0000 98.6846 0.0081
14545.0000 98.6807 0.0078
14550.0000 98.6791 0.0084
14555.0000 98.6872 0.0084
14560.0000 98.6852 0.0087
14565.0000 98.6470 0.0090
14570.0000 98.6652 0.0081
14575.0000 98.6400 0.0083
14580.0000 98.6310 0.0087
14585.0000 98.6229 0.0089
14590.0000 98.5741 0.0088
14595.0000 98.5699 0.0088
14600.0000 98.5988 0.0084
14605.0000 98.5764 0.0084
14610.0000 98.5318 0.0086
14615.0000 98.5440 0.0088
14620.0000 98.5834 0.0084
14625.0000 98.5484 0.0090
14630.0000 98.5199 0.0093
14635.0000 98.4851 0.0096
14640.0000 98.4568 0.0098
14645.0000 98.4970 0.0097
14650.0000 98.4935 0.0095
14655.0000 98.4685 0.0099
14660.0000 98.5027 0.0102
14665.0000 98.5141 0.0097
14670.0000 98.4787 0.0099
14675.0000 98.4373 0.0107
14680.0000 98.4259 0.0101
14685.0000 98.3856 0.0106
14690.0000 98.3690 0.0116
14695.0000 98.3850 0.0108
14700.0000 98.4235 0.0098
14705.0000 98.3746 0.0101
14710.0000 98.3679 0.0100
14715.0000 98.4255 0.0106
14720.0000 98.3861 0.0111
14725.0000 98.3562 0.0109
14730.0000 98.3569 0.0113
14735.0000 98.3375 0.0103
14740.0000 98.3267 0.0105
14745.0000 98.3036 0.0105
14750.0000 98.3072 0.0107
14755.0000 98.3544 0.0105
14760.0000 98.3213 0.0109
14765.0000 98.3203 0.0103
14770.0000 98.3278 0.0106
14775.0000 98.3351 0.0114
14780.0000 98.3410 0.0109
14785.0000 98.3804 0.0103
14790.0000 98.4257 0.0098
14795.0000 98.4810 0.0099
14800.0000 98.4810 0.0101
14805.0000 98.4475 0.0100
14810.0000 98.4335 0.0099
14815.0000 98.4478 0.0099
14820.0000 98.4104 0.0098
14825.0000 98.3853 0.0104
14830.0000 98.3393 0.0111
14835.0000 98.3835 0.0107
14840.0000 98.4073 0.0103
14845.0000 98.4046 0.0102
14850.0000 98.4069 0.0102
14855.0000 98.4071 0.0108
14860.0000 98.4626 0.0103
14865.0000 98.5019 0.0100
14870.0000 98.4973 0.0102
14875.0000 98.4867 0.0107
14880.0000 98.5068 0.0104
14885.0000 98.4899 0.0106
14890.0000 98.5470 0.0092
14895.0000 98.5306 0.0100
14900.0000 98.5142 0.0098
14905.0000 98.5533 0.0100
14910.0000 98.5532 0.0094
14915.0000 98.5666 0.0095
14920.0000 98.5139 0.0099
14925.0000 98.4733 0.0103
14930.0000 98.5005 0.0101
14935.0000 98.4774 0.0105
14940.0000 98.4928 0.0109
14945.0000 98.4635 0.0106
14950.0000 98.4201 0.0108
14955.0000 98.4792 0.0105
14960.0000 98.4827 0.0106
14965.0000 98.4844 0.0104
14970.0000 98.4666 0.0106
14975.0000 98.4805 0.0106
14980.0000 98.4676 0.0109
14985.0000 98.4543 0.0109
14990.0000 98.4372 0.0103
14995.0000 98.3967 0.0106
15000.0000 98.4686 0.0102
15005.0000 98.4700 0.0105
15010.0000 98.4506 0.0094
15015.0000 98.4686 0.0095
15020.0000 98.4817 0.0095
15025.0000 98.4497 0.0100
15030.0000 98.4453 0.0104
15035.0000 98.4264 0.0102
15040.0000 98.4049 0.0103
15045.0000 98.4019 0.0107
15050.0000 98.4170 0.0110
15055.0000 98.4446 0.0103
15060.0000 98.3928 0.0104
15065.0000 98.3959 0.0104
15070.0000 98.3817 0.0100
15075.0000 98.4241 0.0098
15080.0000 98.4223 0.0103
15085.0000 98.4088 0.0108
15090.0000 98.4369 0.0100
15095.0000 98.4628 0.0097
15100.0000 98.4698 0.0096
15105.0000 98.3675 0.0106
15110.0000 98.3764 0.0106
15115.0000 98.3808 0.0107
15120.0000 98.4239 0.0107
15125.0000 98.4646 0.0100
15130.0000 98.4919 0.0108
15135.0000 98.4461 0.0112
15140.0000 98.4993 0.0103
15145.0000 98.4565 0.0107
15150.0000 98.5547 0.0095
15155.0000 98.5299 0.0098
15160.0000 98.5874 0.0094
15165.0000 98.5163 0.0102
15170.0000 98.5480 0.0097
15175.0000 98.5565 0.0100
15180.0000 98.5094 0.0099
15185.0000 98.5677 0.0090
15190.0000 98.6049 0.0093
15195.0000 98.5797 0.0097
15200.0000 98.6283 0.0093
15205.0000 98.5548 0.0093
15210.0000 98.6063 0.0084
15215.0000 98.5286 0.0097
15220.0000 98.4877 0.0106
15225.0000 98.5120 0.0103
15230.0000 98.5098 0.0109
15235.0000 98.4990 0.0106
15240.0000 98.4987 0.0111
15245.0000 98.5077 0.0106
15250.0000 98.5137 0.0104
15255.0000 98.4883 0.0104
15260.0000 98.4692 0.0104
15265.0000 98.4652 0.0096
15270.0000 98.4570 0.0098
15275.0000 98.4883 0.0093
15280.0000 98.4935 0.0100
15285.0000 98.5291 0.0098
15290.0000 98.6027 0.0088
15295.0000 98.5937 0.0091
15300.0000 98.6187 0.0088
15305.0000 98.6435 0.0091
15310.0000 98.6116 0.0094
15315.0000 98.5934 0.0099
15320.0000 98.6126 0.0093
15325.0000 98.6493 0.0089
15330.0000 98.6229 0.0084
15335.0000 98.6538 0.0082
15340.0000 98.6559 0.0085
15345.0000 98.6302 0.0089
15350.0000 98.6487 0.0087
15355.0000 98.6514 0.0086
15360.0000 98.6760 0.0084
15365.0000 98.6704 0.0089
15370.0000 98.6601 0.0089
15375.0000 98.6525 0.0090
15380.0000 98.6531 0.0090
15385.0000 98.6542 0.0091
15390.0000 98.6491 0.0090
15395.0000 98.6604 0.0086
15400.0000 98.6751 0.0088
15405.0000 98.6749 0.0087
15410.0000 98.6660 0.0085
15415.0000 98.6479 0.0087
15420.0000 98.6518 0.0088
15425.0000 98.6691 0.0085
15430.0000 98.6420 0.0091
15435.0000 98.5748 0.0098
15440.0000 98.5504 0.0099
15445.0000 98.5466 0.0098
15450.0000 98.5629 0.0094
15455.0000 98.5663 0.0095
15460.0000 98.5476 0.0092
15465.0000 98.5453 0.0093
15470.0000 98.5042 0.0096
15475.0000 98.5158 0.0090
15480.0000 98.4914 0.0096
15485.0000 98.4516 0.0097
15490.0000 98.4862 0.0092
15495.0000 98.4914 0.0092
15500.0000 98.4601 0.0090
15505.0000 98.4533 0.0090
15510.0000 98.4989 0.0089
15515.0000 98.5027 0.0091
15520.0000 98.4423 0.0093
15525.0000 98.5067 0.0086
15530.0000 98.5083 0.0094
15535.0000 98.4315 0.0095
15540.0000 98.4739 0.0088
15545.0000 98.4436 0.0089
15550.0000 98.4000 0.0094
15555.0000 98.4073 0.0094
15560.0000 98.4313 0.0094
15565.0000 98.4582 0.0093
15570.0000 98.4621 0.0090
15575.0000 98.4481 0.0090
15580.0000 98.3707 0.0100
15585.0000 98.3819 0.0099
15590.0000 98.3667 0.0100
15595.0000 98.4097 0.0101
15600.0000 98.3873 0.0109
15605.0000 98.4422 0.0094
15610.0000 98.4324 0.0103
15615.0000 98.4331 0.0106
15620.0000 98.4365 0.0104
15625.0000 98.4644 0.0104
15630.0000 98.4621 0.0107
15635.0000 98.4982 0.0098
15640.0000 98.5272 0.0098
15645.0000 98.4790 0.0104
15650.0000 98.5220 0.0096
15655.0000 98.5158 0.0094
15660.0000 98.5025 0.0093
15665.0000 98.4829 0.0095
15670.0000 98.5252 0.0095
15675.0000 98.5551 0.0096
15680.0000 98.5640 0.0090
15685.0000 98.5487 0.0091
15690.0000 98.5390 0.0092
15695.0000 98.5344 0.0091
15700.0000 98.5226 0.0103
15705.0000 98.4894 0.0104
15710.0000 98.4883 0.0100
15715.0000 98.4889 0.0105
15720.0000 98.4856 0.0104
15725.0000 98.5341 0.0102
15730.0000 98.4659 0.0113
15735.0000 98.4903 0.0108
15740.0000 98.5142 0.0100
15745.0000 98.5355 0.0103
15750.0000 98.5312 0.0102
15755.0000 98.5817 0.0091
15760.0000 98.5658 0.0097
15765.0000 98.5899 0.0094
15770.0000 98.5910 0.0098
15775.0000 98.5954 0.0102
15780.0000 98.5513 0.0108
15785.0000 98.5611 0.0105
15790.0000 98.5725 0.0098
15795.0000 98.5924 0.0096
15800.0000 98.5668 0.0102
15805.0000 98.5514 0.0103
15810.0000 98.5640 0.0101
15815.0000 98.5870 0.0098
15820.0000 98.6261 0.0100
15825.0000 98.6159 0.0098
15830.0000 98.6085 0.0101
15835.0000 98.5755 0.0108
15840.0000 98.5321 0.0115
15845.0000 98.5530 0.0109
15850.0000 98.5586 0.0106
15855.0000 98.5405 0.0109
15860.0000 98.5617 0.0101
15865.0000 98.5223 0.0103
15870.0000 98.4848 0.0102
15875.0000 98.4693 0.0106
15880.0000 98.5366 0.0103
15885.0000 98.5769 0.0096
15890.0000 98.5384 0.0104
15895.0000 98.5235 0.0101
15900.0000 98.5159 0.0106
15905.0000 98.5347 0.0104
15910.0000 98.5546 0.0101
15915.0000 98.5546 0.0099
15920.0000 98.5627 0.0101
15925.0000 98.5663 0.0101
15930.0000 98.6013 0.0095
15935.0000 98.6523 0.0084
15940.0000 98.6573 0.0090
15945.0000 98.6823 0.0086
15950.0000 98.6780 0.0085
15955.0000 98.6840 0.0084
15960.0000 98.6670 0.0088
15965.0000 98.7161 0.0084
15970.0000 98.7011 0.0087
15975.0000 98.7169 0.0087
15980.0000 98.7482 0.0081
15985.0000 98.7486 0.0077
15990.0000 98.7331 0.0083
15995.0000 98.7441 0.0081
16000.0000 98.7058 0.0088
16005.0000 98.6982 0.0089
16010.0000 98.7195 0.0086
16015.0000 98.7161 0.0086
16020.0000 98.7114 0.0083
16025.0000 98.7137 0.0082
16030.0000 98.7035 0.0094
16035.0000 98.6833 0.0094
16040.0000 98.6997 0.0086
16045.0000 98.6918 0.0087
16050.0000 98.6867 0.0090
16055.0000 98.6738 0.0087
16060.0000 98.6903 0.0088
16065.0000 98.6528 0.0094
16070.0000 98.6026 0.0094
16075.0000 98.6352 0.0088
16080.0000 98.6448 0.0089
16085.0000 98.6948 0.0081
16090.0000 98.6971 0.0081
16095.0000 98.6810 0.0078
16100.0000 98.7134 0.0076
16105.0000 98.6687 0.0085
16110.0000 98.7041 0.0080
16115.0000 98.7046 0.0080
16120.0000 98.6853 0.0080
16125.0000 98.6481 0.0086
16130.0000 98.6861 0.0079
16135.0000 98.7213 0.0077
16140.0000 98.7213 0.0082
16145.0000 98.7528 0.0081
16150.0000 98.7402 0.0078
16155.0000 98.7466 0.0075
16160.0000 98.7550 0.0075
16165.0000 98.7408 0.0076
16170.0000 98.7291 0.0082
16175.0000 98.7470 0.0077
16180.0000 98.7625 0.0075
16185.0000 98.7423 0.0077
16190.0000 98.7493 0.0078
16195.0000 98.7212 0.0078
16200.0000 98.6732 0.0087
16205.0000 98.6730 0.0086
16210.0000 98.6874 0.0087
16215.0000 98.6577 0.0088
16220.0000 98.6266 0.0090
16225.0000 98.5893 0.0092
16230.0000 98.6076 0.0090
16235.0000 98.5466 0.0095
16240.0000 98.5483 0.0096
16245.0000 98.5010 0.0100
16250.0000 98.5298 0.0101
16255.0000 98.4883 0.0103
16260.0000 98.4624 0.0099
16265.0000 98.5067 0.0094
16270.0000 98.5202 0.0088
16275.0000 98.4695 0.0099
16280.0000 98.5157 0.0094
16285.0000 98.5457 0.0096
16290.0000 98.5452 0.0096
16295.0000 98.5503 0.0095
16300.0000 98.5181 0.0101
16305.0000 98.5441 0.0101
16310.0000 98.5557 0.0094
16315.0000 98.5590 0.0094
16320.0000 98.5625 0.0094
16325.0000 98.5732 0.0095
16330.0000 98.5785 0.0093
16335.0000 98.6118 0.0089
16340.0000 98.6602 0.0085
16345.0000 98.6651 0.0085
16350.0000 98.6446 0.0084
16355.0000 98.6631 0.0082
16360.0000 98.6676 0.0080
16365.0000 98.6455 0.0082
16370.0000 98.6328 0.0086
16375.0000 98.6554 0.0087
16380.0000 98.6870 0.0081
16385.0000 98.6963 0.0082
16390.0000 98.6820 0.0086
16395.0000 98.6538 0.0089
16400.0000 98.6652 0.0084
16405.0000 98.6506 0.0087
16410.0000 98.6247 0.0091
16415.0000 98.6562 0.0086
16420.0000 98.6203 0.0090
16425.0000 98.6476 0.0090
16430.0000 98.6406 0.0090
16435.0000 98.6226 0.0093
16440.0000 98.6264 0.0093
16445.0000 98.6149 0.0092
16450.0000 98.6498 0.0094
16455.0000 98.6509 0.0093
16460.0000 98.6296 0.0095
16465.0000 98.6455 0.0095
16470.0000 98.6338 0.0096
16475.0000 98.6265 0.0095
16480.0000 98.6251 0.0095
16485.0000 98.6012 0.0098
16490.0000 98.6102 0.0098
16495.0000 98.6034 0.0097
16500.0000 98.5751 0.0101
16505.0000 98.5873 0.0099
16510.0000 98.5843 0.0099
16515.0000 98.5998 0.0098
16520.0000 98.5967 0.0102
16525.0000 98.5758 0.0102
16530.0000 98.5464 0.0105
16535.0000 98.5307 0.0103
16540.0000 98.5518 0.0106
16545.0000 98.5542 0.0106
16550.0000 98.5611 0.0103
16555.0000 98.5644 0.0103
16560.0000 98.5738 0.0101
16565.0000 98.5721 0.0099
16570.0000 98.5613 0.0103
16575.0000 98.5649 0.0105
16580.0000 98.5655 0.0105
16585.0000 98.5323 0.0106
16590.0000 98.5158 0.0109
16595.0000 98.5228 0.0106
16600.0000 98.5020 0.0110
16605.0000 98.4759 0.0112
16610.0000 98.5070 0.0108
16615.0000 98.5370 0.0106
16620.0000 98.5372 0.0108
16625.0000 98.5490 0.0107
16630.0000 98.5278 0.0108
16635.0000 98.5106 0.0109
16640.0000 98.5225 0.0109
16645.0000 98.5371 0.0109
16650.0000 98.5325 0.0108
16655.0000 98.5152 0.0114
16660.0000 98.5297 0.0109
16665.0000 98.5050 0.0110
16670.0000 98.5377 0.0104
16675.0000 98.5253 0.0102
16680.0000 98.5009 0.0102
16685.0000 98.5190 0.0103
16690.0000 98.5105 0.0102
16695.0000 98.5260 0.0102
16700.0000 98.4940 0.0104
16705.0000 98.4908 0.0104
16710.0000 98.4430 0.0103
16715.0000 98.4716 0.0096
16720.0000 98.5045 0.0094
16725.0000 98.4785 0.0093
16730.0000 98.4792 0.0095
16735.0000 98.4554 0.0089
16740.0000 98.4548 0.0094
16745.0000 98.4603 0.0095
16750.0000 98.4318 0.0099
16755.0000 98.4515 0.0094
16760.0000 98.4301 0.0098
16765.0000 98.4658 0.0096
16770.0000 98.5008 0.0093
16775.0000 98.4893 0.0089
16780.0000 98.4786 0.0090
16785.0000 98.4893 0.0088
16790.0000 98.4864 0.0085
16795.0000 98.5148 0.0083
16800.0000 98.5226 0.0085
16805.0000 98.5437 0.0085
16810.0000 98.5363 0.0086
16815.0000 98.5619 0.0082
16820.0000 98.5304 0.0081
16825.0000 98.5102 0.0085
16830.0000 98.5272 0.0090
16835.0000 98.5037 0.0092
16840.0000 98.5257 0.0088
16845.0000 98.5316 0.0087
16850.0000 98.5506 0.0086
16855.0000 98.5514 0.0087
16860.0000 98.5762 0.0084
16865.0000 98.5623 0.0086
16870.0000 98.5589 0.0088
16875.0000 98.5649 0.0084
16880.0000 98.5691 0.0086
16885.0000 98.5429 0.0089
16890.0000 98.5494 0.0087
16895.0000 98.5971 0.0084
16900.0000 98.5665 0.0086
16905.0000 98.5941 0.0083
16910.0000 98.5999 0.0083
16915.0000 98.5865 0.0083
16920.0000 98.5876 0.0086
16925.0000 98.5630 0.0089
16930.0000 98.5469 0.0086
16935.0000 98.5611 0.0087
16940.0000 98.5499 0.0088
16945.0000 98.5287 0.0090
16950.0000 98.5650 0.0084
16955.0000 98.5831 0.0083
16960.0000 98.5656 0.0085
16965.0000 98.5649 0.0085
16970.0000 98.5499 0.0085
16975.0000 98.5346 0.0087
16980.0000 98.5312 0.0087
16985.0000 98.5179 0.0088
16990.0000 98.5146 0.0088
16995.0000 98.4987 0.0090
17000.0000 98.5039 0.0089
17005.0000 98.5003 0.0088
17010.0000 98.5151 0.0086
17015.0000 98.5078 0.0087
17020.0000 98.5314 0.0085
17025.0000 98.5529 0.0084
17030.0000 98.5535 0.0086
17035.0000 98.5514 0.0086
17040.0000 98.5368 0.0088
17045.0000 98.5670 0.0086
17050.0000 98.5507 0.0089
17055.0000 98.5539 0.0089
17060.0000 98.5592 0.0088
17065.0000 98.5762 0.0081
17070.0000 98.5675 0.0088
17075.0000 98.5391 0.0091
17080.0000 98.4680 0.0096
17085.0000 98.4992 0.0094
17090.0000 98.5011 0.0092
17095.0000 98.5347 0.0095
17100.0000 98.5936 0.0087
17105.0000 98.5666 0.0092
17110.0000 98.5773 0.0089
17115.0000 98.6158 0.0084
17120.0000 98.6457 0.0086
17125.0000 98.6047 0.0087
17130.0000 98.5589 0.0091
17135.0000 98.5114 0.0093
17140.0000 98.4725 0.0103
17145.0000 98.4900 0.0099
17150.0000 98.4327 0.0099
17155.0000 98.4267 0.0100
17160.0000 98.4513 0.0100
17165.0000 98.4931 0.0102
17170.0000 98.4828 0.0096
17175.0000 98.4928 0.0098
17180.0000 98.4761 0.0098
17185.0000 98.4275 0.0105
17190.0000 98.4634 0.0097
17195.0000 98.4781 0.0101
17200.0000 98.4787 0.0107
17205.0000 98.4874 0.0106
17210.0000 98.4399 0.0111
17215.0000 98.4384 0.0101
17220.0000 98.4857 0.0102
17225.0000 98.4435 0.0107
17230.0000 98.5115 0.0099
17235.0000 98.4869 0.0102
17240.0000 98.4244 0.0106
17245.0000 98.3642 0.0105
17250.0000 98.3586 0.0108
17255.0000 98.3559 0.0104
17260.0000 98.3382 0.0105
17265.0000 98.3422 0.0104
17270.0000 98.3613 0.0103
17275.0000 98.3665 0.0096
17280.0000 98.3338 0.0102
17285.0000 98.3645 0.0103
17290.0000 98.3479 0.0099
17295.0000 98.2729 0.0100
17300.0000 98.2800 0.0099
17305.0000 98.2539 0.0101
17310.0000 98.2862 0.0099
17315.0000 98.2781 0.0108
17320.0000 98.2089 0.0113
17325.0000 98.2367 0.0116
17330.0000 98.2665 0.0106
17335.0000 98.2814 0.0108
17340.0000 98.3359 0.0102
17345.0000 98.2787 0.0106
17350.0000 98.3743 0.0100
17355.0000 98.3604 0.0103
17360.0000 98.3477 0.0103
17365.0000 98.4155 0.0096
17370.0000 98.3737 0.0103
17375.0000 98.3407 0.0107
17380.0000 98.3096 0.0111
17385.0000 98.3712 0.0106
17390.0000 98.4270 0.0102
17395.0000 98.4061 0.0098
17400.0000 98.4304 0.0100
17405.0000 98.4326 0.0100
17410.0000 98.4835 0.0098
17415.0000 98.4898 0.0100
17420.0000 98.5201 0.0097
17425.0000 98.5274 0.0095
17430.0000 98.4916 0.0099
17435.0000 98.5525 0.0092
17440.0000 98.5362 0.0095
17445.0000 98.5632 0.0095
17450.0000 98.5586 0.0097
17455.0000 98.5527 0.0095
17460.0000 98.5378 0.0095
17465.0000 98.5648 0.0096
17470.0000 98.5783 0.0094
17475.0000 98.6086 0.0092
17480.0000 98.5884 0.0094
17485.0000 98.5635 0.0095
17490.0000 98.5985 0.0091
17495.0000 98.6117 0.0091
17500.0000 98.5753 0.0096
17505.0000 98.6185 0.0089
17510.0000 98.5888 0.0095
17515.0000 98.5841 0.0098
17520.0000 98.6201 0.0093
17525.0000 98.6216 0.0092
17530.0000 98.6026 0.0093
17535.0000 98.5951 0.0092
17540.0000 98.5856 0.0093
17545.0000 98.5881 0.0091
17550.0000 98.5728 0.0092
17555.0000 98.5762 0.0095
17560.0000 98.5846 0.0093
17565.0000 98.5851 0.0096
17570.0000 98.6196 0.0092
17575.0000 98.6289 0.0091
17580.0000 98.6339 0.0091
17585.0000 98.6353 0.0091
17590.0000 98.6406 0.0090
17595.0000 98.6339 0.0089
17600.0000 98.6237 0.0088
17605.0000 98.6568 0.0087
17610.0000 98.6484 0.0090
17615.0000 98.6454 0.0090
17620.0000 98.6455 0.0090
17625.0000 98.6385 0.0090
17630.0000 98.6456 0.0089
17635.0000 98.6335 0.0092
17640.0000 98.6054 0.0096
17645.0000 98.6027 0.0098
17650.0000 98.6307 0.0093
17655.0000 98.6486 0.0094
17660.0000 98.6618 0.0090
17665.0000 98.6344 0.0095
17670.0000 98.6586 0.0090
17675.0000 98.6528 0.0090
17680.0000 98.6670 0.0090
17685.0000 98.6761 0.0090
17690.0000 98.6515 0.0091
17695.0000 98.6494 0.0090
17700.0000 98.6321 0.0090
17705.0000 98.6095 0.0093
17710.0000 98.6195 0.0090
17715.0000 98.6388 0.0087
17720.0000 98.6372 0.0087
17725.0000 98.6479 0.0087
17730.0000 98.6418 0.0089
17735.0000 98.6323 0.0090
17740.0000 98.6098 0.0094
17745.0000 98.6078 0.0093
17750.0000 98.6253 0.0090
17755.0000 98.6417 0.0090
17760.0000 98.6454 0.0090
17765.0000 98.6653 0.0089
17770.0000 98.6688 0.0087
17775.0000 98.6732 0.0088
17780.0000 98.6804 0.0087
17785.0000 98.6834 0.0087
17790.0000 98.6744 0.0089
17795.0000 98.6754 0.0089
17800.0000 98.6842 0.0089
17805.0000 98.6794 0.0089
17810.0000 98.6905 0.0086
17815.0000 98.6837 0.0090
17820.0000 98.6659 0.0090
17825.0000 98.6640 0.0091
17830.0000 98.6566 0.0092
17835.0000 98.6443 0.0096
17840.0000 98.6520 0.0092
17845.0000 98.6542 0.0093
17850.0000 98.6364 0.0093
17855.0000 98.6476 0.0092
17860.0000 98.6362 0.0093
17865.0000 98.6253 0.0095
17870.0000 98.6282 0.0098
17875.0000 98.5887 0.0097
17880.0000 98.6109 0.0092
17885.0000 98.5977 0.0099
17890.0000 98.6335 0.0093
17895.0000 98.5876 0.0100
17900.0000 98.5857 0.0097
17905.0000 98.5831 0.0096
17910.0000 98.5999 0.0097
17915.0000 98.5904 0.0099
17920.0000 98.5390 0.0111
17925.0000 98.4984 0.0110
17930.0000 98.4944 0.0103
17935.0000 98.5202 0.0110
17940.0000 98.5615 0.0107
17945.0000 98.5161 0.0114
17950.0000 98.4785 0.0110
17955.0000 98.5298 0.0111
17960.0000 98.5410 0.0102
17965.0000 98.5462 0.0102
17970.0000 98.5123 0.0107
17975.0000 98.5192 0.0105
17980.0000 98.5356 0.0108
17985.0000 98.5551 0.0099
17990.0000 98.5749 0.0093
17995.0000 98.5825 0.0095
18000.0000 98.5487 0.0101
