5.0000 0.0000 0.0000
10.0000 0.0000 0.0000
15.0000 0.0000 0.0000
20.0000 0.0000 0.0000
25.0000 0.0000 0.0000
30.0000 0.0000 0.0000
35.0000 0.0000 0.0000
40.0000 0.0000 0.0000
45.0000 0.0000 0.0000
50.0000 0.0000 0.0000
55.0000 0.0000 0.0000
60.0000 0.0000 0.0000
65.0000 0.0000 0.0000
70.0000 0.0000 0.0000
75.0000 0.0000 0.0000
80.0000 0.0000 0.0000
85.0000 0.0036 0.0000
90.0000 0.0072 0.0001
95.0000 0.0180 0.0002
100.0000 0.0216 0.0003
105.0000 0.0216 0.0003
110.0000 0.0216 0.0003
115.0000 0.0216 0.0003
120.0000 0.0216 0.0003
125.0000 0.0252 0.0003
130.0000 0.0288 0.0003
135.0000 0.0288 0.0003
140.0000 0.0288 0.0003
145.0000 0.0359 0.0004
150.0000 0.0467 0.0005
155.0000 0.0575 0.0006
160.0000 0.0647 0.0007
165.0000 0.0683 0.0008
170.0000 0.0755 0.0008
175.0000 0.1006 0.0011
180.0000 0.1294 0.0014
185.0000 0.1833 0.0018
190.0000 0.2264 0.0022
195.0000 0.2624 0.0024
200.0000 0.3306 0.0028
205.0000 0.3846 0.0031
210.0000 0.4528 0.0033
215.0000 0.5175 0.0035
220.0000 0.5822 0.0035
225.0000 0.6325 0.0035
230.0000 0.6793 0.0034
235.0000 0.7321 0.0034
240.0000 0.7992 0.0033
245.0000 0.8316 0.0032
250.0000 0.8603 0.0030
255.0000 0.8962 0.0028
260.0000 0.9394 0.0026
265.0000 0.9717 0.0023
270.0000 1.0041 0.0021
275.0000 1.0077 0.0020
280.0000 1.0220 0.0019
285.0000 1.0508 0.0017
290.0000 1.0831 0.0014
295.0000 1.0975 0.0012
300.0000 1.1011 0.0012
305.0000 1.1119 0.0011
310.0000 1.1299 0.0009
315.0000 1.1528 0.0010
320.0000 1.1564 0.0010
325.0000 1.1564 0.0010
330.0000 1.1635 0.0009
335.0000 1.1743 0.0008
340.0000 1.1779 0.0007
345.0000 1.1815 0.0007
350.0000 1.1854 0.0007
355.0000 1.1967 0.0008
360.0000 1.2003 0.0007
365.0000 1.2003 0.0007
370.0000 1.2042 0.0008
375.0000 1.2117 0.0008
380.0000 1.2191 0.0008
385.0000 1.2343 0.0009
390.0000 1.2421 0.0010
395.0000 1.2459 0.0010
400.0000 1.2653 0.0012
405.0000 1.2882 0.0014
410.0000 1.3037 0.0016
415.0000 1.3112 0.0016
420.0000 1.3228 0.0017
425.0000 1.3422 0.0019
430.0000 1.3963 0.0024
435.0000 1.4389 0.0027
440.0000 1.4931 0.0031
445.0000 1.5241 0.0033
450.0000 1.5783 0.0037
455.0000 1.6540 0.0041
460.0000 1.6966 0.0042
465.0000 1.7508 0.0045
470.0000 1.8381 0.0047
475.0000 1.9117 0.0047
480.0000 1.9736 0.0046
485.0000 2.0665 0.0042
490.0000 2.1052 0.0040
495.0000 2.1478 0.0038
500.0000 2.1865 0.0035
505.0000 2.1981 0.0034
510.0000 2.2446 0.0031
515.0000 2.2755 0.0028
520.0000 2.2949 0.0026
525.0000 2.3336 0.0022
530.0000 2.3607 0.0019
535.0000 2.3878 0.0016
540.0000 2.4071 0.0014
545.0000 2.4188 0.0013
550.0000 2.4420 0.0010
555.0000 2.4497 0.0009
560.0000 2.4575 0.0008
565.0000 2.4613 0.0008
570.0000 2.4652 0.0007
575.0000 2.4729 0.0006
580.0000 2.4768 0.0007
585.0000 2.4807 0.0007
590.0000 2.4807 0.0007
595.0000 2.4807 0.0007
600.0000 2.4807 0.0007
605.0000 2.4884 0.0006
610.0000 2.4884 0.0006
615.0000 2.4923 0.0005
620.0000 2.4984 0.0006
625.0000 2.5105 0.0009
630.0000 2.5468 0.0015
635.0000 2.5953 0.0024
640.0000 2.6770 0.0040
645.0000 2.7179 0.0046
650.0000 2.7874 0.0055
655.0000 2.8736 0.0065
660.0000 2.9355 0.0071
665.0000 3.0035 0.0077
670.0000 3.0473 0.0081
675.0000 3.1242 0.0086
680.0000 3.2104 0.0098
685.0000 3.3293 0.0120
690.0000 3.4123 0.0133
695.0000 3.5146 0.0140
700.0000 3.6245 0.0152
705.0000 3.7499 0.0157
710.0000 3.8754 0.0164
715.0000 4.0577 0.0178
720.0000 4.1771 0.0186
725.0000 4.3128 0.0190
730.0000 4.4607 0.0184
735.0000 4.6246 0.0172
740.0000 4.7931 0.0167
745.0000 4.9554 0.0153
750.0000 5.0632 0.0146
755.0000 5.1429 0.0142
760.0000 5.2091 0.0138
765.0000 5.3195 0.0126
770.0000 5.3972 0.0115
775.0000 5.5000 0.0110
780.0000 5.5751 0.0108
785.0000 5.6515 0.0111
790.0000 5.7321 0.0111
795.0000 5.8081 0.0106
800.0000 5.8846 0.0105
805.0000 5.9430 0.0104
810.0000 6.0368 0.0098
815.0000 6.1188 0.0099
820.0000 6.1969 0.0096
825.0000 6.3052 0.0090
830.0000 6.3633 0.0081
835.0000 6.4457 0.0082
840.0000 6.5259 0.0078
845.0000 6.6167 0.0071
850.0000 6.6797 0.0064
855.0000 6.7261 0.0060
860.0000 6.7847 0.0057
865.0000 6.8301 0.0055
870.0000 6.8893 0.0049
875.0000 6.9302 0.0045
880.0000 6.9717 0.0038
885.0000 7.0071 0.0034
890.0000 7.0419 0.0031
895.0000 7.0458 0.0031
900.0000 7.0651 0.0029
905.0000 7.0806 0.0028
910.0000 7.0999 0.0026
915.0000 7.1154 0.0024
920.0000 7.1270 0.0023
925.0000 7.1463 0.0019
930.0000 7.1663 0.0017
935.0000 7.1663 0.0017
940.0000 7.1817 0.0015
945.0000 7.1856 0.0015
950.0000 7.1895 0.0014
955.0000 7.1895 0.0014
960.0000 7.1895 0.0014
965.0000 7.2077 0.0007
970.0000 7.2116 0.0006
975.0000 7.2116 0.0006
980.0000 7.2150 0.0007
985.0000 7.2253 0.0008
990.0000 7.2425 0.0010
995.0000 7.2807 0.0013
1000.0000 7.2978 0.0015
1005.0000 7.3150 0.0016
1010.0000 7.3356 0.0018
1015.0000 7.3493 0.0019
1020.0000 7.3794 0.0022
1025.0000 7.4103 0.0025
1030.0000 7.4352 0.0025
1035.0000 7.4733 0.0027
1040.0000 7.5214 0.0030
1045.0000 7.5420 0.0031
1050.0000 7.5855 0.0035
1055.0000 7.6290 0.0037
1060.0000 7.6921 0.0039
1065.0000 7.7391 0.0043
1070.0000 7.8148 0.0045
1075.0000 7.9148 0.0052
1080.0000 7.9817 0.0060
1085.0000 8.0414 0.0062
1090.0000 8.0770 0.0063
1095.0000 8.1400 0.0063
1100.0000 8.2329 0.0061
1105.0000 8.3099 0.0062
1110.0000 8.3731 0.0068
1115.0000 8.4330 0.0070
1120.0000 8.4941 0.0075
1125.0000 8.5529 0.0077
1130.0000 8.6350 0.0086
1135.0000 8.6824 0.0090
1140.0000 8.7403 0.0098
1145.0000 8.7912 0.0100
1150.0000 8.8536 0.0103
1155.0000 8.9044 0.0106
1160.0000 8.9668 0.0107
1165.0000 9.0398 0.0111
1170.0000 9.1011 0.0113
1175.0000 9.1532 0.0115
1180.0000 9.2736 0.0114
1185.0000 9.3478 0.0111
1190.0000 9.4160 0.0109
1195.0000 9.5008 0.0108
1200.0000 9.6214 0.0113
1205.0000 9.7241 0.0111
1210.0000 9.8352 0.0111
1215.0000 9.9376 0.0103
1220.0000 10.0322 0.0107
1225.0000 10.1383 0.0107
1230.0000 10.1950 0.0106
1235.0000 10.2719 0.0106
1240.0000 10.3585 0.0107
1245.0000 10.4831 0.0105
1250.0000 10.5903 0.0107
1255.0000 10.6733 0.0102
1260.0000 10.7397 0.0107
1265.0000 10.7876 0.0107
1270.0000 10.8603 0.0116
1275.0000 10.9209 0.0120
1280.0000 11.0171 0.0122
1285.0000 11.0651 0.0118
1290.0000 11.1473 0.0118
1295.0000 11.2137 0.0117
1300.0000 11.2561 0.0118
1305.0000 11.3167 0.0117
1310.0000 11.3531 0.0117
1315.0000 11.4195 0.0113
1320.0000 11.5286 0.0113
1325.0000 11.6351 0.0113
1330.0000 11.7079 0.0112
1335.0000 11.7745 0.0118
1340.0000 11.8470 0.0115
1345.0000 11.9536 0.0113
1350.0000 12.0445 0.0117
1355.0000 12.1657 0.0121
1360.0000 12.2662 0.0122
1365.0000 12.3668 0.0127
1370.0000 12.4637 0.0137
1375.0000 12.5832 0.0142
1380.0000 12.7611 0.0145
1385.0000 12.9208 0.0149
1390.0000 13.0501 0.0151
1395.0000 13.2240 0.0145
1400.0000 13.3691 0.0141
1405.0000 13.4817 0.0145
1410.0000 13.5894 0.0145
1415.0000 13.7380 0.0140
1420.0000 13.8613 0.0134
1425.0000 13.9654 0.0125
1430.0000 14.0680 0.0120
1435.0000 14.1439 0.0112
1440.0000 14.2077 0.0106
1445.0000 14.3287 0.0102
1450.0000 14.4063 0.0102
1455.0000 14.4611 0.0101
1460.0000 14.5337 0.0099
1465.0000 14.5967 0.0099
1470.0000 14.6554 0.0092
1475.0000 14.6975 0.0083
1480.0000 14.7573 0.0077
1485.0000 14.8227 0.0074
1490.0000 14.8547 0.0074
1495.0000 14.8832 0.0074
1500.0000 14.9512 0.0059
1505.0000 15.0131 0.0052
1510.0000 15.0775 0.0046
1515.0000 15.1059 0.0045
1520.0000 15.1700 0.0041
1525.0000 15.2116 0.0036
1530.0000 15.2664 0.0028
1535.0000 15.3009 0.0023
1540.0000 15.3151 0.0022
1545.0000 15.3222 0.0021
1550.0000 15.3329 0.0022
1555.0000 15.3496 0.0021
1560.0000 15.3628 0.0021
1565.0000 15.3699 0.0020
1570.0000 15.3902 0.0016
1575.0000 15.4035 0.0016
1580.0000 15.4035 0.0016
1585.0000 15.4222 0.0019
1590.0000 15.4320 0.0019
1595.0000 15.4449 0.0018
1600.0000 15.4613 0.0019
1605.0000 15.4742 0.0019
1610.0000 15.4938 0.0020
1615.0000 15.5155 0.0023
1620.0000 15.5373 0.0025
1625.0000 15.5684 0.0028
1630.0000 15.5840 0.0029
1635.0000 15.6093 0.0030
1640.0000 15.6436 0.0033
1645.0000 15.6747 0.0035
1650.0000 15.7124 0.0035
1655.0000 15.7596 0.0035
1660.0000 15.7978 0.0036
1665.0000 15.8196 0.0037
1670.0000 15.8693 0.0038
1675.0000 15.9284 0.0039
1680.0000 15.9818 0.0039
1685.0000 16.0221 0.0040
1690.0000 16.0718 0.0039
1695.0000 16.1092 0.0038
1700.0000 16.1527 0.0036
1705.0000 16.1963 0.0034
1710.0000 16.2118 0.0034
1715.0000 16.2523 0.0031
1720.0000 16.2710 0.0030
1725.0000 16.2927 0.0029
1730.0000 16.3083 0.0026
1735.0000 16.3330 0.0026
1740.0000 16.3821 0.0030
1745.0000 16.4188 0.0034
1750.0000 16.4737 0.0042
1755.0000 16.5436 0.0052
1760.0000 16.6077 0.0059
1765.0000 16.6624 0.0067
1770.0000 16.7082 0.0068
1775.0000 16.8146 0.0081
1780.0000 16.9423 0.0090
1785.0000 17.0485 0.0100
1790.0000 17.1546 0.0107
1795.0000 17.2436 0.0115
1800.0000 17.3628 0.0119
1805.0000 17.5063 0.0121
1810.0000 17.6176 0.0121
1815.0000 17.7368 0.0117
1820.0000 17.8322 0.0112
1825.0000 17.9243 0.0105
1830.0000 18.0193 0.0096
1835.0000 18.1356 0.0083
1840.0000 18.2025 0.0075
1845.0000 18.2653 0.0068
1850.0000 18.3081 0.0069
1855.0000 18.3887 0.0070
1860.0000 18.4214 0.0072
1865.0000 18.5051 0.0073
1870.0000 18.5726 0.0075
1875.0000 18.6462 0.0076
1880.0000 18.7053 0.0077
1885.0000 18.7935 0.0080
1890.0000 18.8673 0.0077
1895.0000 18.9166 0.0078
1900.0000 18.9986 0.0078
1905.0000 19.0932 0.0078
1910.0000 19.1679 0.0077
1915.0000 19.2833 0.0070
1920.0000 19.3377 0.0066
1925.0000 19.4256 0.0069
1930.0000 19.4902 0.0066
1935.0000 19.5506 0.0063
1940.0000 19.5751 0.0060
1945.0000 19.6374 0.0057
1950.0000 19.7029 0.0056
1955.0000 19.7447 0.0057
1960.0000 19.7621 0.0056
1965.0000 19.8203 0.0056
1970.0000 19.8662 0.0060
1975.0000 19.9162 0.0061
1980.0000 19.9618 0.0066
1985.0000 20.0197 0.0070
1990.0000 20.0542 0.0073
1995.0000 20.1090 0.0077
2000.0000 20.1811 0.0080
2005.0000 20.2359 0.0083
2010.0000 20.2856 0.0086
2015.0000 20.3464 0.0089
2020.0000 20.4245 0.0093
2025.0000 20.4961 0.0092
2030.0000 20.5955 0.0091
2035.0000 20.7392 0.0089
2040.0000 20.8859 0.0082
2045.0000 20.9949 0.0080
2050.0000 21.0527 0.0079
2055.0000 21.0996 0.0080
2060.0000 21.1502 0.0081
2065.0000 21.2101 0.0080
2070.0000 21.2600 0.0079
2075.0000 21.3328 0.0079
2080.0000 21.3847 0.0078
2085.0000 21.4510 0.0077
2090.0000 21.5107 0.0078
2095.0000 21.5647 0.0077
2100.0000 21.6196 0.0070
2105.0000 21.6751 0.0066
2110.0000 21.7506 0.0063
2115.0000 21.7996 0.0060
2120.0000 21.8629 0.0058
2125.0000 21.9096 0.0061
2130.0000 21.9613 0.0061
2135.0000 22.0262 0.0060
2140.0000 22.0876 0.0061
2145.0000 22.1315 0.0057
2150.0000 22.1867 0.0056
2155.0000 22.2262 0.0055
2160.0000 22.2657 0.0053
2165.0000 22.3087 0.0052
2170.0000 22.3533 0.0048
2175.0000 22.3855 0.0047
2180.0000 22.4322 0.0044
2185.0000 22.4860 0.0041
2190.0000 22.5199 0.0037
2195.0000 22.5502 0.0032
2200.0000 22.5683 0.0032
2205.0000 22.5863 0.0031
2210.0000 22.6194 0.0032
2215.0000 22.6343 0.0034
2220.0000 22.6861 0.0040
2225.0000 22.7117 0.0039
2230.0000 22.7265 0.0040
2235.0000 22.7599 0.0044
2240.0000 22.7930 0.0045
2245.0000 22.8188 0.0045
2250.0000 22.8262 0.0046
2255.0000 22.8518 0.0045
2260.0000 22.8814 0.0047
2265.0000 22.8963 0.0048
2270.0000 22.9408 0.0049
2275.0000 23.0085 0.0047
2280.0000 23.0824 0.0056
2285.0000 23.1317 0.0060
2290.0000 23.1772 0.0063
2295.0000 23.2252 0.0069
2300.0000 23.3462 0.0087
2305.0000 23.4709 0.0097
2310.0000 23.6423 0.0107
2315.0000 23.7463 0.0114
2320.0000 23.8528 0.0125
2325.0000 23.9766 0.0138
2330.0000 24.1305 0.0145
2335.0000 24.3322 0.0161
2340.0000 24.5292 0.0165
2345.0000 24.7301 0.0181
2350.0000 24.9470 0.0196
2355.0000 25.1753 0.0222
2360.0000 25.3652 0.0256
2365.0000 25.5401 0.0263
2370.0000 25.7188 0.0278
2375.0000 25.8599 0.0294
2380.0000 25.9791 0.0301
2385.0000 26.1531 0.0302
2390.0000 26.3123 0.0297
2395.0000 26.5034 0.0303
2400.0000 26.6443 0.0296
2405.0000 26.7719 0.0303
2410.0000 26.9105 0.0289
2415.0000 27.0634 0.0283
2420.0000 27.2213 0.0287
2425.0000 27.4057 0.0301
2430.0000 27.5491 0.0301
2435.0000 27.6850 0.0305
2440.0000 27.8087 0.0308
2445.0000 27.9882 0.0302
2450.0000 28.0755 0.0300
2455.0000 28.1737 0.0303
2460.0000 28.2794 0.0283
2465.0000 28.4044 0.0268
2470.0000 28.4991 0.0259
2475.0000 28.5683 0.0244
2480.0000 28.6435 0.0230
2485.0000 28.7225 0.0220
2490.0000 28.8220 0.0194
2495.0000 28.9021 0.0176
2500.0000 28.9811 0.0156
2505.0000 29.0370 0.0142
2510.0000 29.0625 0.0140
2515.0000 29.1038 0.0132
2520.0000 29.1439 0.0122
2525.0000 29.2071 0.0104
2530.0000 29.2459 0.0095
2535.0000 29.3030 0.0078
2540.0000 29.3248 0.0075
2545.0000 29.3528 0.0070
2550.0000 29.3892 0.0062
2555.0000 29.4062 0.0059
2560.0000 29.4244 0.0056
2565.0000 29.4475 0.0047
2570.0000 29.4683 0.0041
2575.0000 29.4781 0.0041
2580.0000 29.5012 0.0036
2585.0000 29.5172 0.0039
2590.0000 29.5332 0.0039
2595.0000 29.5431 0.0041
2600.0000 29.5580 0.0043
2605.0000 29.5728 0.0045
2610.0000 29.5926 0.0049
2615.0000 29.6224 0.0053
2620.0000 29.6422 0.0056
2625.0000 29.6780 0.0059
2630.0000 29.7127 0.0061
2635.0000 29.7424 0.0064
2640.0000 29.7771 0.0070
2645.0000 29.8415 0.0076
2650.0000 29.9455 0.0084
2655.0000 30.0617 0.0087
2660.0000 30.1459 0.0088
2665.0000 30.2648 0.0089
2670.0000 30.3788 0.0090
2675.0000 30.4927 0.0088
2680.0000 30.6067 0.0083
2685.0000 30.7057 0.0076
2690.0000 30.7652 0.0071
2695.0000 30.8247 0.0066
2700.0000 30.8791 0.0058
2705.0000 30.9248 0.0049
2710.0000 30.9546 0.0045
2715.0000 30.9941 0.0038
2720.0000 31.0090 0.0036
2725.0000 31.0238 0.0034
2730.0000 31.0238 0.0034
2735.0000 31.0288 0.0034
2740.0000 31.0338 0.0033
2745.0000 31.0387 0.0032
2750.0000 31.0437 0.0032
2755.0000 31.0526 0.0032
2760.0000 31.0616 0.0032
2765.0000 31.0755 0.0031
2770.0000 31.0945 0.0032
2775.0000 31.1195 0.0034
2780.0000 31.1375 0.0035
2785.0000 31.1584 0.0038
2790.0000 31.1794 0.0037
2795.0000 31.2044 0.0038
2800.0000 31.2325 0.0041
2805.0000 31.2865 0.0044
2810.0000 31.3626 0.0054
2815.0000 31.4467 0.0061
2820.0000 31.4988 0.0063
2825.0000 31.5809 0.0065
2830.0000 31.6731 0.0066
2835.0000 31.7211 0.0068
2840.0000 31.7813 0.0069
2845.0000 31.8574 0.0069
2850.0000 31.9385 0.0064
2855.0000 31.9946 0.0061
2860.0000 32.0427 0.0059
2865.0000 32.0748 0.0058
2870.0000 32.0948 0.0058
2875.0000 32.1149 0.0057
2880.0000 32.1429 0.0055
2885.0000 32.1750 0.0052
2890.0000 32.2070 0.0050
2895.0000 32.2271 0.0049
2900.0000 32.2511 0.0046
2905.0000 32.2672 0.0045
2910.0000 32.2832 0.0043
2915.0000 32.2912 0.0042
2920.0000 32.3153 0.0040
2925.0000 32.3333 0.0040
2930.0000 32.3574 0.0036
2935.0000 32.3694 0.0035
2940.0000 32.3975 0.0031
2945.0000 32.4138 0.0030
2950.0000 32.4223 0.0032
2955.0000 32.4391 0.0033
2960.0000 32.4643 0.0033
2965.0000 32.4856 0.0036
2970.0000 32.5125 0.0036
2975.0000 32.5605 0.0039
2980.0000 32.6129 0.0049
2985.0000 32.6531 0.0053
2990.0000 32.6949 0.0059
2995.0000 32.7686 0.0065
3000.0000 32.8697 0.0077
3005.0000 32.9518 0.0085
3010.0000 33.0612 0.0093
3015.0000 33.1392 0.0103
3020.0000 33.2586 0.0115
3025.0000 33.3553 0.0129
3030.0000 33.4982 0.0149
3035.0000 33.6198 0.0167
3040.0000 33.7864 0.0174
3045.0000 33.9827 0.0192
3050.0000 34.1578 0.0209
3055.0000 34.3165 0.0230
3060.0000 34.4360 0.0234
3065.0000 34.6030 0.0233
3070.0000 34.7361 0.0239
3075.0000 34.8586 0.0241
3080.0000 35.0101 0.0241
3085.0000 35.1764 0.0244
3090.0000 35.3325 0.0245
3095.0000 35.4242 0.0242
3100.0000 35.5980 0.0225
3105.0000 35.7177 0.0223
3110.0000 35.9018 0.0205
3115.0000 36.0109 0.0203
3120.0000 36.1509 0.0181
3125.0000 36.2392 0.0172
3130.0000 36.3563 0.0161
3135.0000 36.4184 0.0157
3140.0000 36.5101 0.0151
3145.0000 36.5810 0.0152
3150.0000 36.6454 0.0142
3155.0000 36.6985 0.0130
3160.0000 36.7758 0.0126
3165.0000 36.8253 0.0125
3170.0000 36.8898 0.0119
3175.0000 36.9735 0.0105
3180.0000 37.0182 0.0098
3185.0000 37.0865 0.0087
3190.0000 37.1444 0.0083
3195.0000 37.2234 0.0074
3200.0000 37.2686 0.0067
3205.0000 37.3430 0.0069
3210.0000 37.4077 0.0068
3215.0000 37.4768 0.0071
3220.0000 37.5316 0.0079
3225.0000 37.6276 0.0095
3230.0000 37.7113 0.0105
3235.0000 37.8050 0.0114
3240.0000 37.9047 0.0123
3245.0000 37.9998 0.0140
3250.0000 38.1054 0.0158
3255.0000 38.2162 0.0173
3260.0000 38.3281 0.0180
3265.0000 38.4331 0.0188
3270.0000 38.5754 0.0193
3275.0000 38.6794 0.0201
3280.0000 38.8131 0.0210
3285.0000 38.9346 0.0209
3290.0000 39.0744 0.0208
3295.0000 39.1861 0.0205
3300.0000 39.3207 0.0190
3305.0000 39.3877 0.0177
3310.0000 39.4790 0.0166
3315.0000 39.6156 0.0153
3320.0000 39.7202 0.0144
3325.0000 39.8089 0.0133
3330.0000 39.9157 0.0121
3335.0000 39.9719 0.0108
3340.0000 40.0159 0.0096
3345.0000 40.0478 0.0088
3350.0000 40.0896 0.0078
3355.0000 40.0997 0.0078
3360.0000 40.1235 0.0074
3365.0000 40.1496 0.0070
3370.0000 40.1758 0.0067
3375.0000 40.1936 0.0065
3380.0000 40.2173 0.0064
3385.0000 40.2435 0.0059
3390.0000 40.2714 0.0056
3395.0000 40.2873 0.0053
3400.0000 40.3131 0.0054
3405.0000 40.3291 0.0056
3410.0000 40.3509 0.0055
3415.0000 40.3810 0.0056
3420.0000 40.4090 0.0062
3425.0000 40.4530 0.0066
3430.0000 40.4992 0.0065
3435.0000 40.5173 0.0065
3440.0000 40.5413 0.0068
3445.0000 40.5793 0.0069
3450.0000 40.6113 0.0072
3455.0000 40.6313 0.0074
3460.0000 40.6673 0.0075
3465.0000 40.6833 0.0076
3470.0000 40.7113 0.0078
3475.0000 40.7454 0.0080
3480.0000 40.7715 0.0077
3485.0000 40.8255 0.0078
3490.0000 40.8695 0.0079
3495.0000 40.9255 0.0080
3500.0000 40.9815 0.0083
3505.0000 41.0135 0.0082
3510.0000 41.0655 0.0081
3515.0000 41.1095 0.0080
3520.0000 41.1476 0.0075
3525.0000 41.1716 0.0076
3530.0000 41.2316 0.0071
3535.0000 41.2916 0.0068
3540.0000 41.3516 0.0066
3545.0000 41.4017 0.0057
3550.0000 41.4137 0.0056
3555.0000 41.4297 0.0054
3560.0000 41.4497 0.0050
3565.0000 41.4737 0.0048
3570.0000 41.5017 0.0045
3575.0000 41.5177 0.0043
3580.0000 41.5217 0.0042
3585.0000 41.5457 0.0040
3590.0000 41.5657 0.0037
3595.0000 41.5697 0.0036
3600.0000 41.5777 0.0036
3605.0000 41.5901 0.0035
3610.0000 41.6065 0.0034
3615.0000 41.6259 0.0037
3620.0000 41.7016 0.0049
3625.0000 41.7487 0.0055
3630.0000 41.8173 0.0063
3635.0000 41.8471 0.0069
3640.0000 41.8968 0.0077
3645.0000 41.9537 0.0085
3650.0000 42.0215 0.0098
3655.0000 42.1362 0.0120
3660.0000 42.2913 0.0140
3665.0000 42.4225 0.0155
3670.0000 42.5493 0.0183
3675.0000 42.7174 0.0219
3680.0000 42.8862 0.0239
3685.0000 43.0312 0.0266
3690.0000 43.1964 0.0288
3695.0000 43.3484 0.0324
3700.0000 43.5193 0.0352
3705.0000 43.6934 0.0401
3710.0000 43.8328 0.0411
3715.0000 44.0069 0.0406
3720.0000 44.1855 0.0409
3725.0000 44.3228 0.0406
3730.0000 44.4719 0.0394
3735.0000 44.6105 0.0373
3740.0000 44.7742 0.0365
3745.0000 44.9230 0.0347
3750.0000 45.0509 0.0344
3755.0000 45.1820 0.0327
3760.0000 45.3512 0.0309
3765.0000 45.5075 0.0295
3770.0000 45.6577 0.0288
3775.0000 45.7978 0.0269
3780.0000 45.9314 0.0246
3785.0000 46.0668 0.0222
3790.0000 46.1918 0.0211
3795.0000 46.3019 0.0206
3800.0000 46.3471 0.0210
3805.0000 46.3890 0.0203
3810.0000 46.4537 0.0198
3815.0000 46.5512 0.0203
3820.0000 46.6061 0.0203
3825.0000 46.6923 0.0192
3830.0000 46.7715 0.0190
3835.0000 46.8381 0.0188
3840.0000 46.8849 0.0184
3845.0000 46.9518 0.0190
3850.0000 47.0376 0.0183
3855.0000 47.1181 0.0183
3860.0000 47.1718 0.0187
3865.0000 47.2545 0.0185
3870.0000 47.3675 0.0200
3875.0000 47.4412 0.0207
3880.0000 47.5715 0.0216
3885.0000 47.7077 0.0219
3890.0000 47.8378 0.0217
3895.0000 47.9227 0.0213
3900.0000 48.0535 0.0210
3905.0000 48.1807 0.0211
3910.0000 48.3048 0.0200
3915.0000 48.4438 0.0196
3920.0000 48.5416 0.0194
3925.0000 48.6729 0.0192
3930.0000 48.7720 0.0184
3935.0000 48.8375 0.0177
3940.0000 48.9226 0.0155
3945.0000 48.9937 0.0146
3950.0000 49.0409 0.0142
3955.0000 49.1435 0.0140
3960.0000 49.2258 0.0147
3965.0000 49.2931 0.0147
3970.0000 49.3315 0.0146
3975.0000 49.4045 0.0153
3980.0000 49.4691 0.0155
3985.0000 49.5449 0.0160
3990.0000 49.6218 0.0159
3995.0000 49.6687 0.0159
4000.0000 49.7319 0.0160
4005.0000 49.8458 0.0161
4010.0000 49.9049 0.0163
4015.0000 49.9519 0.0165
4020.0000 50.0345 0.0161
4025.0000 50.1219 0.0162
4030.0000 50.1934 0.0161
4035.0000 50.2537 0.0157
4040.0000 50.3112 0.0161
4045.0000 50.3914 0.0161
4050.0000 50.4799 0.0154
4055.0000 50.5584 0.0154
4060.0000 50.6531 0.0155
4065.0000 50.7373 0.0164
4070.0000 50.8113 0.0173
4075.0000 50.8948 0.0173
4080.0000 51.0000 0.0173
4085.0000 51.0957 0.0174
4090.0000 51.1948 0.0173
4095.0000 51.2898 0.0174
4100.0000 51.3743 0.0167
4105.0000 51.4588 0.0160
4110.0000 51.5015 0.0159
4115.0000 51.5538 0.0157
4120.0000 51.6030 0.0149
4125.0000 51.6390 0.0144
4130.0000 51.6784 0.0140
4135.0000 51.7201 0.0138
4140.0000 51.7439 0.0132
4145.0000 51.7819 0.0133
4150.0000 51.8141 0.0130
4155.0000 51.8331 0.0127
4160.0000 51.8511 0.0124
4165.0000 51.8701 0.0123
4170.0000 51.8749 0.0120
4175.0000 51.8942 0.0120
4180.0000 51.9132 0.0116
4185.0000 51.9286 0.0118
4190.0000 51.9381 0.0117
4195.0000 51.9476 0.0115
4200.0000 51.9646 0.0109
4205.0000 51.9779 0.0105
4210.0000 51.9885 0.0105
4215.0000 51.9885 0.0105
4220.0000 51.9885 0.0105
4225.0000 51.9885 0.0105
4230.0000 51.9945 0.0106
4235.0000 51.9945 0.0106
4240.0000 52.0111 0.0107
4245.0000 52.0230 0.0109
4250.0000 52.0289 0.0109
4255.0000 52.0349 0.0111
4260.0000 52.0505 0.0110
4265.0000 52.0731 0.0110
4270.0000 52.0957 0.0115
4275.0000 52.1194 0.0117
4280.0000 52.1433 0.0122
4285.0000 52.1970 0.0131
4290.0000 52.2326 0.0133
4295.0000 52.2921 0.0139
4300.0000 52.3277 0.0149
4305.0000 52.3871 0.0162
4310.0000 52.4525 0.0171
4315.0000 52.5120 0.0176
4320.0000 52.6249 0.0191
4325.0000 52.7438 0.0192
4330.0000 52.8448 0.0198
4335.0000 52.9933 0.0202
4340.0000 53.1361 0.0200
4345.0000 53.2615 0.0216
4350.0000 53.3872 0.0215
4355.0000 53.5129 0.0224
4360.0000 53.6393 0.0238
4365.0000 53.8191 0.0247
4370.0000 53.9454 0.0258
4375.0000 54.0716 0.0260
4380.0000 54.1795 0.0261
4385.0000 54.2698 0.0270
4390.0000 54.3664 0.0278
4395.0000 54.5053 0.0281
4400.0000 54.6319 0.0277
4405.0000 54.8255 0.0303
4410.0000 55.0069 0.0305
4415.0000 55.1761 0.0304
4420.0000 55.3336 0.0323
4425.0000 55.4543 0.0325
4430.0000 55.6904 0.0358
4435.0000 55.9327 0.0378
4440.0000 56.1570 0.0389
4445.0000 56.3568 0.0386
4450.0000 56.5625 0.0398
4455.0000 56.7559 0.0398
4460.0000 56.9254 0.0391
4465.0000 57.1436 0.0399
4470.0000 57.3649 0.0402
4475.0000 57.6228 0.0402
4480.0000 57.8359 0.0405
4485.0000 58.0098 0.0392
4490.0000 58.1985 0.0389
4495.0000 58.3702 0.0383
4500.0000 58.5868 0.0356
4505.0000 58.7817 0.0333
4510.0000 59.0027 0.0318
4515.0000 59.1753 0.0315
4520.0000 59.3257 0.0293
4525.0000 59.4538 0.0266
4530.0000 59.5588 0.0258
4535.0000 59.6945 0.0239
4540.0000 59.8200 0.0211
4545.0000 59.9680 0.0196
4550.0000 60.1051 0.0196
4555.0000 60.2140 0.0197
4560.0000 60.3765 0.0212
4565.0000 60.5106 0.0229
4570.0000 60.6327 0.0250
4575.0000 60.7791 0.0282
4580.0000 60.9190 0.0302
4585.0000 61.0976 0.0332
4590.0000 61.3382 0.0367
4595.0000 61.5858 0.0411
4600.0000 61.8638 0.0435
4605.0000 62.1020 0.0446
4610.0000 62.3489 0.0479
4615.0000 62.5324 0.0481
4620.0000 62.7446 0.0483
4625.0000 62.9831 0.0465
4630.0000 63.1002 0.0459
4635.0000 63.2775 0.0432
4640.0000 63.4479 0.0409
4645.0000 63.6258 0.0387
4650.0000 63.7528 0.0394
4655.0000 63.8463 0.0386
4660.0000 63.9647 0.0353
4665.0000 64.0536 0.0331
4670.0000 64.1107 0.0324
4675.0000 64.1501 0.0313
4680.0000 64.1957 0.0308
4685.0000 64.2650 0.0299
4690.0000 64.3580 0.0261
4695.0000 64.4141 0.0235
4700.0000 64.4652 0.0218
4705.0000 64.5344 0.0194
4710.0000 64.5667 0.0182
4715.0000 64.6096 0.0176
4720.0000 64.6152 0.0174
4725.0000 64.6658 0.0170
4730.0000 64.7012 0.0156
4735.0000 64.7291 0.0149
4740.0000 64.7666 0.0142
4745.0000 64.8050 0.0132
4750.0000 64.8385 0.0127
4755.0000 64.8537 0.0128
4760.0000 64.8593 0.0125
4765.0000 64.8755 0.0124
4770.0000 64.8826 0.0125
4775.0000 64.8933 0.0125
4780.0000 64.9040 0.0128
4785.0000 64.9274 0.0131
4790.0000 64.9381 0.0132
4795.0000 64.9452 0.0131
4800.0000 64.9848 0.0133
4805.0000 65.0420 0.0125
4810.0000 65.0912 0.0131
4815.0000 65.1307 0.0141
4820.0000 65.1981 0.0143
4825.0000 65.2868 0.0153
4830.0000 65.3731 0.0155
4835.0000 65.4532 0.0159
4840.0000 65.5373 0.0172
4845.0000 65.6413 0.0187
4850.0000 65.7397 0.0190
4855.0000 65.8217 0.0201
4860.0000 65.9499 0.0207
4865.0000 66.0811 0.0222
4870.0000 66.2162 0.0215
4875.0000 66.3798 0.0222
4880.0000 66.5074 0.0230
4885.0000 66.6785 0.0234
4890.0000 66.8457 0.0245
4895.0000 66.9685 0.0245
4900.0000 67.0601 0.0244
4905.0000 67.1749 0.0230
4910.0000 67.2774 0.0226
4915.0000 67.3554 0.0218
4920.0000 67.4409 0.0203
4925.0000 67.5083 0.0203
4930.0000 67.5781 0.0196
4935.0000 67.6575 0.0190
4940.0000 67.6732 0.0184
4945.0000 67.7287 0.0174
4950.0000 67.7599 0.0171
4955.0000 67.7922 0.0164
4960.0000 67.8331 0.0159
4965.0000 67.8548 0.0156
4970.0000 67.8766 0.0157
4975.0000 67.8957 0.0153
4980.0000 67.9268 0.0150
4985.0000 67.9598 0.0147
4990.0000 68.0026 0.0142
4995.0000 68.0189 0.0140
5000.0000 68.0328 0.0140
5005.0000 68.0632 0.0141
5010.0000 68.1169 0.0135
5015.0000 68.1449 0.0134
5020.0000 68.1647 0.0131
5025.0000 68.1959 0.0128
5030.0000 68.2494 0.0125
5035.0000 68.2864 0.0128
5040.0000 68.3173 0.0132
5045.0000 68.3715 0.0131
5050.0000 68.4402 0.0134
5055.0000 68.5092 0.0125
5060.0000 68.5813 0.0129
5065.0000 68.6321 0.0131
5070.0000 68.7011 0.0135
5075.0000 68.7426 0.0138
5080.0000 68.8123 0.0135
5085.0000 68.8751 0.0146
5090.0000 68.9414 0.0145
5095.0000 69.0112 0.0145
5100.0000 69.0566 0.0141
5105.0000 69.1463 0.0145
5110.0000 69.2024 0.0143
5115.0000 69.2516 0.0142
5120.0000 69.3043 0.0146
5125.0000 69.3658 0.0151
5130.0000 69.4008 0.0159
5135.0000 69.4507 0.0165
5140.0000 69.5435 0.0183
5145.0000 69.6610 0.0207
5150.0000 69.7823 0.0226
5155.0000 69.8867 0.0241
5160.0000 70.0395 0.0252
5165.0000 70.1731 0.0262
5170.0000 70.3731 0.0281
5175.0000 70.5658 0.0297
5180.0000 70.7982 0.0332
5185.0000 71.0752 0.0365
5190.0000 71.3090 0.0394
5195.0000 71.5180 0.0418
5200.0000 71.7712 0.0446
5205.0000 72.0918 0.0477
5210.0000 72.3822 0.0484
5215.0000 72.5899 0.0471
5220.0000 72.7712 0.0461
5225.0000 72.9552 0.0455
5230.0000 73.1498 0.0427
5235.0000 73.2986 0.0414
5240.0000 73.4463 0.0376
5245.0000 73.5394 0.0343
5250.0000 73.6177 0.0332
5255.0000 73.6830 0.0319
5260.0000 73.7592 0.0294
5265.0000 73.8149 0.0277
5270.0000 73.8826 0.0263
5275.0000 73.9722 0.0235
5280.0000 74.0215 0.0222
5285.0000 74.0553 0.0211
5290.0000 74.1071 0.0200
5295.0000 74.1732 0.0187
5300.0000 74.2082 0.0170
5305.0000 74.2476 0.0166
5310.0000 74.2842 0.0165
5315.0000 74.3136 0.0162
5320.0000 74.3428 0.0161
5325.0000 74.3780 0.0161
5330.0000 74.4380 0.0161
5335.0000 74.4903 0.0171
5340.0000 74.5540 0.0174
5345.0000 74.6066 0.0176
5350.0000 74.6740 0.0183
5355.0000 74.7375 0.0189
5360.0000 74.8183 0.0192
5365.0000 74.8879 0.0196
5370.0000 74.9698 0.0201
5375.0000 75.0573 0.0207
5380.0000 75.1893 0.0216
5385.0000 75.3412 0.0225
5390.0000 75.5118 0.0238
5395.0000 75.6699 0.0254
5400.0000 75.8163 0.0261
5405.0000 76.0050 0.0265
5410.0000 76.1716 0.0266
5415.0000 76.3417 0.0288
5420.0000 76.5137 0.0290
5425.0000 76.6220 0.0321
5430.0000 76.7891 0.0354
5435.0000 76.9394 0.0379
5440.0000 77.1562 0.0423
5445.0000 77.3911 0.0446
5450.0000 77.6263 0.0459
5455.0000 77.8309 0.0448
5460.0000 77.9929 0.0440
5465.0000 78.1920 0.0431
5470.0000 78.3493 0.0411
5475.0000 78.4997 0.0390
5480.0000 78.6264 0.0368
5485.0000 78.7773 0.0351
5490.0000 78.8843 0.0347
5495.0000 79.0002 0.0349
5500.0000 79.1386 0.0332
5505.0000 79.2992 0.0343
5510.0000 79.4365 0.0347
5515.0000 79.6334 0.0345
5520.0000 79.7890 0.0317
5525.0000 79.9242 0.0295
5530.0000 80.0456 0.0278
5535.0000 80.1731 0.0266
5540.0000 80.2559 0.0259
5545.0000 80.3730 0.0257
5550.0000 80.4255 0.0258
5555.0000 80.4987 0.0246
5560.0000 80.6113 0.0239
5565.0000 80.6963 0.0236
5570.0000 80.7810 0.0227
5575.0000 80.8835 0.0211
5580.0000 80.9524 0.0198
5585.0000 80.9867 0.0192
5590.0000 81.0589 0.0192
5595.0000 81.1243 0.0192
5600.0000 81.1750 0.0189
5605.0000 81.2490 0.0191
5610.0000 81.2911 0.0196
5615.0000 81.3182 0.0186
5620.0000 81.3533 0.0184
5625.0000 81.4076 0.0190
5630.0000 81.4679 0.0196
5635.0000 81.5073 0.0195
5640.0000 81.5919 0.0195
5645.0000 81.6800 0.0202
5650.0000 81.7759 0.0210
5655.0000 81.8494 0.0226
5660.0000 81.9773 0.0234
5665.0000 82.0570 0.0240
5670.0000 82.1749 0.0247
5675.0000 82.2968 0.0261
5680.0000 82.4374 0.0274
5685.0000 82.6201 0.0310
5690.0000 82.7839 0.0333
5695.0000 82.9054 0.0352
5700.0000 83.0713 0.0370
5705.0000 83.2618 0.0396
5710.0000 83.4541 0.0420
5715.0000 83.6629 0.0426
5720.0000 83.8653 0.0403
5725.0000 84.0476 0.0403
5730.0000 84.2663 0.0420
5735.0000 84.5135 0.0430
5740.0000 84.7405 0.0426
5745.0000 84.9149 0.0446
5750.0000 85.1196 0.0459
5755.0000 85.2736 0.0445
5760.0000 85.4358 0.0426
5765.0000 85.6183 0.0408
5770.0000 85.7783 0.0384
5775.0000 85.9220 0.0377
5780.0000 86.0255 0.0373
5785.0000 86.1329 0.0362
5790.0000 86.2483 0.0323
5795.0000 86.3476 0.0310
5800.0000 86.4513 0.0291
5805.0000 86.5654 0.0282
5810.0000 86.6592 0.0267
5815.0000 86.7449 0.0251
5820.0000 86.8325 0.0238
5825.0000 86.9245 0.0237
5830.0000 86.9982 0.0229
5835.0000 87.0823 0.0233
5840.0000 87.2094 0.0223
5845.0000 87.3488 0.0222
5850.0000 87.4367 0.0220
5855.0000 87.5493 0.0219
5860.0000 87.6965 0.0234
5865.0000 87.7840 0.0252
5870.0000 87.8657 0.0263
5875.0000 87.9679 0.0266
5880.0000 88.0779 0.0271
5885.0000 88.1860 0.0271
5890.0000 88.3607 0.0300
5895.0000 88.5718 0.0327
5900.0000 88.7602 0.0353
5905.0000 88.9926 0.0398
5910.0000 89.1889 0.0429
5915.0000 89.4479 0.0486
5920.0000 89.6945 0.0533
5925.0000 89.9473 0.0570
5930.0000 90.2283 0.0603
5935.0000 90.5013 0.0629
5940.0000 90.7439 0.0647
5945.0000 91.0370 0.0670
5950.0000 91.3444 0.0668
5955.0000 91.6780 0.0689
5960.0000 91.8901 0.0683
5965.0000 92.1165 0.0673
5970.0000 92.3101 0.0647
5975.0000 92.4718 0.0618
5980.0000 92.6619 0.0582
5985.0000 92.8437 0.0537
5990.0000 93.0114 0.0481
5995.0000 93.1549 0.0431
6000.0000 93.2943 0.0403
6005.0000 93.3789 0.0387
6010.0000 93.5160 0.0360
6015.0000 93.6104 0.0335
6020.0000 93.7074 0.0316
6025.0000 93.8043 0.0312
6030.0000 93.9013 0.0320
6035.0000 93.9975 0.0318
6040.0000 94.0638 0.0324
6045.0000 94.1580 0.0325
6050.0000 94.2786 0.0331
6055.0000 94.3867 0.0331
6060.0000 94.5255 0.0306
6065.0000 94.6710 0.0299
6070.0000 94.8459 0.0292
6075.0000 94.9406 0.0291
6080.0000 95.1000 0.0286
6085.0000 95.2282 0.0289
6090.0000 95.3863 0.0294
6095.0000 95.5308 0.0311
6100.0000 95.6940 0.0308
6105.0000 95.8385 0.0312
6110.0000 95.9840 0.0328
6115.0000 96.1978 0.0330
6120.0000 96.3400 0.0310
6125.0000 96.5083 0.0307
6130.0000 96.6767 0.0315
6135.0000 96.7992 0.0314
6140.0000 96.8941 0.0306
6145.0000 97.0011 0.0303
6150.0000 97.1249 0.0308
6155.0000 97.2377 0.0301
6160.0000 97.3429 0.0298
6165.0000 97.3915 0.0275
6170.0000 97.4729 0.0259
6175.0000 97.5556 0.0240
6180.0000 97.6470 0.0220
6185.0000 97.6340 0.0216
6190.0000 97.6820 0.0211
6195.0000 97.7884 0.0203
6200.0000 97.8494 0.0195
6205.0000 97.9103 0.0175
6210.0000 97.9679 0.0169
6215.0000 98.0727 0.0168
6220.0000 98.0919 0.0165
6225.0000 98.0965 0.0162
6230.0000 98.1633 0.0153
6235.0000 98.2068 0.0137
6240.0000 98.2192 0.0131
6245.0000 98.2448 0.0128
6250.0000 98.2588 0.0126
6255.0000 98.2650 0.0125
6260.0000 98.2527 0.0122
6265.0000 98.2489 0.0118
6270.0000 98.3204 0.0114
6275.0000 98.2786 0.0114
6280.0000 98.2854 0.0114
6285.0000 98.3190 0.0104
6290.0000 98.3471 0.0100
6295.0000 98.3254 0.0098
6300.0000 98.3217 0.0093
6305.0000 98.3399 0.0094
6310.0000 98.3176 0.0098
6315.0000 98.3567 0.0096
6320.0000 98.3532 0.0095
6325.0000 98.3373 0.0093
6330.0000 98.3011 0.0096
6335.0000 98.3177 0.0103
6340.0000 98.2964 0.0107
6345.0000 98.3106 0.0107
6350.0000 98.3413 0.0100
6355.0000 98.3839 0.0104
6360.0000 98.3549 0.0110
6365.0000 98.3302 0.0121
6370.0000 98.2875 0.0120
6375.0000 98.3361 0.0107
6380.0000 98.3037 0.0105
6385.0000 98.2954 0.0108
6390.0000 98.2919 0.0104
6395.0000 98.3165 0.0105
6400.0000 98.3128 0.0109
6405.0000 98.3086 0.0106
6410.0000 98.3112 0.0102
6415.0000 98.2861 0.0102
6420.0000 98.2852 0.0101
6425.0000 98.2552 0.0105
6430.0000 98.2859 0.0101
6435.0000 98.3098 0.0100
6440.0000 98.2974 0.0103
6445.0000 98.3379 0.0102
6450.0000 98.3536 0.0098
6455.0000 98.3335 0.0107
6460.0000 98.3689 0.0096
6465.0000 98.3444 0.0099
6470.0000 98.2993 0.0096
6475.0000 98.3365 0.0096
6480.0000 98.3352 0.0094
6485.0000 98.2893 0.0092
6490.0000 98.3420 0.0095
6495.0000 98.4041 0.0093
6500.0000 98.4478 0.0089
6505.0000 98.4658 0.0092
6510.0000 98.4549 0.0097
6515.0000 98.5023 0.0091
6520.0000 98.5174 0.0088
6525.0000 98.5284 0.0088
6530.0000 98.5445 0.0088
6535.0000 98.5463 0.0086
6540.0000 98.5782 0.0081
6545.0000 98.5899 0.0072
6550.0000 98.5524 0.0083
6555.0000 98.5410 0.0081
6560.0000 98.5145 0.0079
6565.0000 98.5314 0.0079
6570.0000 98.5677 0.0075
6575.0000 98.5612 0.0076
6580.0000 98.5780 0.0074
6585.0000 98.5487 0.0083
6590.0000 98.5433 0.0081
6595.0000 98.5528 0.0081
6600.0000 98.5567 0.0082
6605.0000 98.5751 0.0085
6610.0000 98.5629 0.0086
6615.0000 98.5501 0.0083
6620.0000 98.5133 0.0085
6625.0000 98.5399 0.0081
6630.0000 98.5319 0.0085
6635.0000 98.5546 0.0088
6640.0000 98.5274 0.0082
6645.0000 98.4855 0.0090
6650.0000 98.4522 0.0102
6655.0000 98.4136 0.0100
6660.0000 98.4348 0.0095
6665.0000 98.3483 0.0100
6670.0000 98.4008 0.0098
6675.0000 98.4522 0.0100
6680.0000 98.4825 0.0095
6685.0000 98.4072 0.0094
6690.0000 98.3766 0.0095
6695.0000 98.3499 0.0105
6700.0000 98.3430 0.0100
6705.0000 98.3177 0.0097
6710.0000 98.2613 0.0107
6715.0000 98.3137 0.0110
6720.0000 98.3451 0.0103
6725.0000 98.3353 0.0105
6730.0000 98.2553 0.0103
6735.0000 98.2578 0.0105
6740.0000 98.3127 0.0099
6745.0000 98.3567 0.0103
6750.0000 98.3681 0.0106
6755.0000 98.3483 0.0104
6760.0000 98.3634 0.0104
6765.0000 98.3676 0.0109
6770.0000 98.3778 0.0104
6775.0000 98.4489 0.0094
6780.0000 98.4154 0.0101
6785.0000 98.4581 0.0098
6790.0000 98.5320 0.0093
6795.0000 98.5423 0.0096
6800.0000 98.5859 0.0090
6805.0000 98.6000 0.0090
6810.0000 98.6075 0.0094
6815.0000 98.6518 0.0092
6820.0000 98.6563 0.0088
6825.0000 98.6423 0.0089
6830.0000 98.6137 0.0092
6835.0000 98.6053 0.0088
6840.0000 98.6026 0.0095
6845.0000 98.6064 0.0098
6850.0000 98.6072 0.0090
6855.0000 98.6509 0.0084
6860.0000 98.6265 0.0087
6865.0000 98.6172 0.0094
6870.0000 98.6398 0.0094
6875.0000 98.6227 0.0091
6880.0000 98.6117 0.0091
6885.0000 98.6264 0.0089
6890.0000 98.6206 0.0094
6895.0000 98.5954 0.0092
6900.0000 98.6008 0.0094
6905.0000 98.6158 0.0088
6910.0000 98.5865 0.0093
6915.0000 98.5710 0.0095
6920.0000 98.5862 0.0094
6925.0000 98.5816 0.0092
6930.0000 98.5454 0.0098
6935.0000 98.5989 0.0092
6940.0000 98.5499 0.0097
6945.0000 98.5752 0.0094
6950.0000 98.5809 0.0091
6955.0000 98.6217 0.0084
6960.0000 98.5977 0.0091
6965.0000 98.6595 0.0077
6970.0000 98.6819 0.0080
6975.0000 98.6775 0.0078
6980.0000 98.6591 0.0080
6985.0000 98.6898 0.0077
6990.0000 98.7177 0.0073
6995.0000 98.7464 0.0069
7000.0000 98.7352 0.0073
7005.0000 98.7432 0.0071
7010.0000 98.7357 0.0073
7015.0000 98.7514 0.0071
7020.0000 98.7738 0.0070
7025.0000 98.7622 0.0071
7030.0000 98.7915 0.0066
7035.0000 98.7869 0.0068
7040.0000 98.7777 0.0070
7045.0000 98.7872 0.0068
7050.0000 98.7890 0.0068
7055.0000 98.7908 0.0067
7060.0000 98.7992 0.0066
7065.0000 98.7877 0.0069
7070.0000 98.8005 0.0070
7075.0000 98.8059 0.0073
7080.0000 98.8175 0.0070
7085.0000 98.8107 0.0072
7090.0000 98.8231 0.0069
7095.0000 98.8194 0.0071
7100.0000 98.7995 0.0070
7105.0000 98.7703 0.0073
7110.0000 98.7859 0.0075
7115.0000 98.7821 0.0077
7120.0000 98.7876 0.0076
7125.0000 98.7864 0.0076
7130.0000 98.8168 0.0070
7135.0000 98.7819 0.0072
7140.0000 98.8186 0.0068
7145.0000 98.8065 0.0077
7150.0000 98.8048 0.0079
7155.0000 98.7794 0.0083
7160.0000 98.7670 0.0082
7165.0000 98.7963 0.0079
7170.0000 98.8000 0.0080
7175.0000 98.7961 0.0080
7180.0000 98.8081 0.0080
7185.0000 98.8272 0.0082
7190.0000 98.8432 0.0077
7195.0000 98.7979 0.0086
7200.0000 98.8375 0.0081
7205.0000 98.8244 0.0081
7210.0000 98.8405 0.0079
7215.0000 98.8486 0.0079
7220.0000 98.8226 0.0082
7225.0000 98.8319 0.0080
7230.0000 98.8255 0.0081
7235.0000 98.8358 0.0079
7240.0000 98.8557 0.0078
7245.0000 98.8545 0.0077
7250.0000 98.8543 0.0077
7255.0000 98.8575 0.0078
7260.0000 98.8572 0.0078
7265.0000 98.8633 0.0076
7270.0000 98.8595 0.0078
7275.0000 98.8616 0.0077
7280.0000 98.8616 0.0077
7285.0000 98.8698 0.0076
7290.0000 98.8829 0.0073
7295.0000 98.8829 0.0072
7300.0000 98.8874 0.0071
7305.0000 98.8828 0.0071
7310.0000 98.8813 0.0070
7315.0000 98.8883 0.0070
7320.0000 98.8793 0.0070
7325.0000 98.8804 0.0071
7330.0000 98.8945 0.0068
7335.0000 98.8895 0.0069
7340.0000 98.8782 0.0070
7345.0000 98.8824 0.0072
7350.0000 98.8373 0.0077
7355.0000 98.8225 0.0076
7360.0000 98.7723 0.0084
7365.0000 98.7442 0.0091
7370.0000 98.7141 0.0097
7375.0000 98.7597 0.0086
7380.0000 98.7470 0.0085
7385.0000 98.7224 0.0086
7390.0000 98.7100 0.0091
7395.0000 98.7184 0.0090
7400.0000 98.7206 0.0089
7405.0000 98.7230 0.0090
7410.0000 98.7360 0.0086
7415.0000 98.7058 0.0089
7420.0000 98.7201 0.0088
7425.0000 98.7330 0.0084
7430.0000 98.7398 0.0085
7435.0000 98.7278 0.0081
7440.0000 98.7141 0.0081
7445.0000 98.7028 0.0090
7450.0000 98.6317 0.0091
7455.0000 98.6426 0.0096
7460.0000 98.5777 0.0098
7465.0000 98.5719 0.0104
7470.0000 98.5253 0.0113
7475.0000 98.5318 0.0109
7480.0000 98.5224 0.0114
7485.0000 98.4811 0.0114
7490.0000 98.4778 0.0111
7495.0000 98.4291 0.0118
7500.0000 98.4173 0.0118
7505.0000 98.4035 0.0114
7510.0000 98.3535 0.0127
7515.0000 98.3379 0.0127
7520.0000 98.3156 0.0131
7525.0000 98.2631 0.0124
7530.0000 98.2854 0.0121
7535.0000 98.2338 0.0124
7540.0000 98.1964 0.0126
7545.0000 98.2012 0.0122
7550.0000 98.2284 0.0120
7555.0000 98.2096 0.0116
7560.0000 98.1759 0.0121
7565.0000 98.1711 0.0117
7570.0000 98.2256 0.0103
7575.0000 98.1986 0.0111
7580.0000 98.2293 0.0113
7585.0000 98.1531 0.0115
7590.0000 98.1733 0.0116
7595.0000 98.1966 0.0107
7600.0000 98.2148 0.0111
7605.0000 98.2155 0.0111
7610.0000 98.2658 0.0111
7615.0000 98.2558 0.0110
7620.0000 98.3564 0.0106
7625.0000 98.3503 0.0113
7630.0000 98.3639 0.0114
7635.0000 98.3769 0.0114
7640.0000 98.3332 0.0124
7645.0000 98.3671 0.0115
7650.0000 98.3883 0.0118
7655.0000 98.4126 0.0119
7660.0000 98.3697 0.0117
7665.0000 98.3712 0.0112
7670.0000 98.4057 0.0110
7675.0000 98.3860 0.0115
7680.0000 98.3570 0.0118
7685.0000 98.4037 0.0114
7690.0000 98.4240 0.0109
7695.0000 98.4254 0.0112
7700.0000 98.4333 0.0108
7705.0000 98.4151 0.0111
7710.0000 98.4196 0.0110
7715.0000 98.4204 0.0109
7720.0000 98.4242 0.0110
7725.0000 98.4045 0.0112
7730.0000 98.4166 0.0109
7735.0000 98.4042 0.0111
7740.0000 98.4066 0.0113
7745.0000 98.4234 0.0110
7750.0000 98.3961 0.0112
7755.0000 98.3806 0.0113
7760.0000 98.3926 0.0112
7765.0000 98.3958 0.0114
7770.0000 98.4455 0.0110
7775.0000 98.4173 0.0111
7780.0000 98.4175 0.0110
7785.0000 98.3964 0.0113
7790.0000 98.3708 0.0112
7795.0000 98.3629 0.0114
7800.0000 98.3768 0.0112
7805.0000 98.3706 0.0107
7810.0000 98.3580 0.0108
7815.0000 98.3513 0.0104
7820.0000 98.3360 0.0102
7825.0000 98.3080 0.0105
7830.0000 98.3387 0.0105
7835.0000 98.3869 0.0105
7840.0000 98.3664 0.0104
7845.0000 98.3439 0.0103
7850.0000 98.3436 0.0102
7855.0000 98.3048 0.0101
7860.0000 98.3162 0.0101
7865.0000 98.3629 0.0096
7870.0000 98.3190 0.0097
7875.0000 98.3188 0.0100
7880.0000 98.3495 0.0095
7885.0000 98.3523 0.0093
7890.0000 98.3594 0.0094
7895.0000 98.3406 0.0093
7900.0000 98.3738 0.0096
7905.0000 98.4011 0.0089
7910.0000 98.4509 0.0082
7915.0000 98.4806 0.0084
7920.0000 98.4934 0.0082
7925.0000 98.4744 0.0088
7930.0000 98.5056 0.0081
7935.0000 98.5288 0.0081
7940.0000 98.5507 0.0078
7945.0000 98.5368 0.0079
7950.0000 98.5228 0.0081
7955.0000 98.5385 0.0081
7960.0000 98.5360 0.0075
7965.0000 98.5419 0.0076
7970.0000 98.5466 0.0075
7975.0000 98.5689 0.0073
7980.0000 98.5695 0.0076
7985.0000 98.5670 0.0076
7990.0000 98.5647 0.0074
7995.0000 98.5337 0.0081
8000.0000 98.5485 0.0075
8005.0000 98.5513 0.0078
8010.0000 98.5478 0.0075
8015.0000 98.5584 0.0075
8020.0000 98.5790 0.0078
8025.0000 98.5667 0.0078
8030.0000 98.5564 0.0079
8035.0000 98.5515 0.0084
8040.0000 98.5794 0.0078
8045.0000 98.5517 0.0081
8050.0000 98.5530 0.0079
8055.0000 98.5622 0.0083
8060.0000 98.5645 0.0086
8065.0000 98.5370 0.0094
8070.0000 98.4523 0.0103
8075.0000 98.5084 0.0098
8080.0000 98.4901 0.0097
8085.0000 98.5363 0.0094
8090.0000 98.5354 0.0097
8095.0000 98.5046 0.0100
8100.0000 98.5094 0.0103
8105.0000 98.5186 0.0104
8110.0000 98.5424 0.0107
8115.0000 98.5277 0.0109
8120.0000 98.5405 0.0105
8125.0000 98.5288 0.0109
8130.0000 98.5508 0.0107
8135.0000 98.5507 0.0103
8140.0000 98.5326 0.0107
8145.0000 98.5315 0.0107
8150.0000 98.5466 0.0104
8155.0000 98.5312 0.0103
8160.0000 98.5337 0.0100
8165.0000 98.5417 0.0100
8170.0000 98.5372 0.0105
8175.0000 98.5516 0.0104
8180.0000 98.5754 0.0102
8185.0000 98.5619 0.0102
8190.0000 98.5624 0.0103
8195.0000 98.5337 0.0105
8200.0000 98.5305 0.0105
8205.0000 98.4860 0.0108
8210.0000 98.4653 0.0108
8215.0000 98.4714 0.0114
8220.0000 98.4957 0.0108
8225.0000 98.4691 0.0111
8230.0000 98.4488 0.0111
8235.0000 98.4269 0.0111
8240.0000 98.3840 0.0117
8245.0000 98.4417 0.0114
8250.0000 98.4209 0.0122
8255.0000 98.4061 0.0127
8260.0000 98.4318 0.0121
8265.0000 98.4429 0.0120
8270.0000 98.4566 0.0111
8275.0000 98.4917 0.0117
8280.0000 98.5001 0.0121
8285.0000 98.4737 0.0122
8290.0000 98.5333 0.0116
8295.0000 98.5292 0.0117
8300.0000 98.5027 0.0121
8305.0000 98.5251 0.0117
8310.0000 98.5459 0.0113
8315.0000 98.5493 0.0115
8320.0000 98.5561 0.0112
8325.0000 98.4930 0.0116
8330.0000 98.5001 0.0114
8335.0000 98.5236 0.0109
8340.0000 98.5258 0.0105
8345.0000 98.5374 0.0105
8350.0000 98.5382 0.0105
8355.0000 98.5149 0.0108
8360.0000 98.4722 0.0107
8365.0000 98.4628 0.0107
8370.0000 98.4402 0.0111
8375.0000 98.4787 0.0112
8380.0000 98.4466 0.0111
8385.0000 98.4587 0.0112
8390.0000 98.5018 0.0104
8395.0000 98.4330 0.0112
8400.0000 98.4113 0.0115
8405.0000 98.3909 0.0120
8410.0000 98.3892 0.0114
8415.0000 98.3464 0.0117
8420.0000 98.3653 0.0117
8425.0000 98.3282 0.0118
8430.0000 98.2716 0.0123
8435.0000 98.3055 0.0123
8440.0000 98.3045 0.0122
8445.0000 98.3984 0.0111
8450.0000 98.3809 0.0116
8455.0000 98.3779 0.0112
8460.0000 98.3508 0.0115
8465.0000 98.3825 0.0113
8470.0000 98.3956 0.0105
8475.0000 98.4206 0.0103
8480.0000 98.4368 0.0103
8485.0000 98.4327 0.0110
8490.0000 98.3724 0.0118
8495.0000 98.3666 0.0115
8500.0000 98.3385 0.0121
8505.0000 98.3326 0.0121
8510.0000 98.3564 0.0115
8515.0000 98.3556 0.0112
8520.0000 98.3107 0.0116
8525.0000 98.3510 0.0111
8530.0000 98.3297 0.0108
8535.0000 98.3330 0.0108
8540.0000 98.3388 0.0108
8545.0000 98.3078 0.0109
8550.0000 98.3107 0.0107
8555.0000 98.3056 0.0109
8560.0000 98.3507 0.0104
8565.0000 98.4036 0.0099
8570.0000 98.4264 0.0097
8575.0000 98.4119 0.0098
8580.0000 98.3948 0.0105
8585.0000 98.4020 0.0099
8590.0000 98.4161 0.0097
8595.0000 98.4576 0.0095
8600.0000 98.4205 0.0096
8605.0000 98.3997 0.0098
8610.0000 98.4062 0.0094
8615.0000 98.4082 0.0099
8620.0000 98.4487 0.0097
8625.0000 98.4722 0.0092
8630.0000 98.4650 0.0097
8635.0000 98.4663 0.0100
8640.0000 98.4554 0.0099
8645.0000 98.4691 0.0101
8650.0000 98.4979 0.0106
8655.0000 98.4835 0.0107
8660.0000 98.4460 0.0108
8665.0000 98.4875 0.0102
8670.0000 98.4814 0.0105
8675.0000 98.5209 0.0100
8680.0000 98.5465 0.0098
8685.0000 98.5102 0.0099
8690.0000 98.4903 0.0103
8695.0000 98.5026 0.0102
8700.0000 98.5254 0.0100
8705.0000 98.5231 0.0098
8710.0000 98.5182 0.0100
8715.0000 98.5454 0.0097
8720.0000 98.5362 0.0100
8725.0000 98.5430 0.0100
8730.0000 98.5376 0.0099
8735.0000 98.5417 0.0100
8740.0000 98.5545 0.0101
8745.0000 98.5419 0.0103
8750.0000 98.5326 0.0104
8755.0000 98.5392 0.0104
8760.0000 98.5392 0.0104
8765.0000 98.5163 0.0105
8770.0000 98.5156 0.0106
8775.0000 98.5089 0.0105
8780.0000 98.5189 0.0103
8785.0000 98.4998 0.0104
8790.0000 98.5140 0.0102
8795.0000 98.5077 0.0102
8800.0000 98.5015 0.0102
8805.0000 98.4971 0.0100
8810.0000 98.4769 0.0101
8815.0000 98.4246 0.0102
8820.0000 98.4257 0.0101
8825.0000 98.4126 0.0107
8830.0000 98.4444 0.0107
8835.0000 98.4557 0.0108
8840.0000 98.4543 0.0102
8845.0000 98.4692 0.0103
8850.0000 98.4949 0.0097
8855.0000 98.4918 0.0099
8860.0000 98.5092 0.0098
8865.0000 98.4796 0.0096
8870.0000 98.4813 0.0091
8875.0000 98.4629 0.0097
8880.0000 98.4851 0.0094
8885.0000 98.4880 0.0092
8890.0000 98.4314 0.0098
8895.0000 98.4436 0.0099
8900.0000 98.4281 0.0100
8905.0000 98.3923 0.0099
8910.0000 98.4018 0.0104
8915.0000 98.4020 0.0105
8920.0000 98.4064 0.0107
8925.0000 98.4224 0.0111
8930.0000 98.4206 0.0109
8935.0000 98.4154 0.0107
8940.0000 98.3988 0.0109
8945.0000 98.4053 0.0121
8950.0000 98.4113 0.0112
8955.0000 98.3701 0.0117
8960.0000 98.3286 0.0118
8965.0000 98.3756 0.0120
8970.0000 98.4111 0.0112
8975.0000 98.3959 0.0121
8980.0000 98.4026 0.0120
8985.0000 98.4015 0.0119
8990.0000 98.4146 0.0113
8995.0000 98.4021 0.0118
9000.0000 98.4170 0.0114
9005.0000 98.3914 0.0115
9010.0000 98.3556 0.0120
9015.0000 98.3355 0.0122
9020.0000 98.3532 0.0119
9025.0000 98.3919 0.0110
9030.0000 98.3937 0.0104
9035.0000 98.3732 0.0105
9040.0000 98.4121 0.0100
9045.0000 98.3857 0.0102
9050.0000 98.3895 0.0100
9055.0000 98.3709 0.0105
9060.0000 98.3722 0.0103
9065.0000 98.4051 0.0111
9070.0000 98.4477 0.0103
9075.0000 98.4674 0.0101
9080.0000 98.4561 0.0103
9085.0000 98.4235 0.0108
9090.0000 98.4364 0.0107
9095.0000 98.4962 0.0107
9100.0000 98.5045 0.0105
9105.0000 98.5236 0.0098
9110.0000 98.5156 0.0101
9115.0000 98.4901 0.0103
9120.0000 98.5208 0.0099
9125.0000 98.5062 0.0099
9130.0000 98.5081 0.0100
9135.0000 98.5132 0.0099
9140.0000 98.5234 0.0095
9145.0000 98.5238 0.0095
9150.0000 98.5290 0.0094
9155.0000 98.5360 0.0092
9160.0000 98.5566 0.0092
9165.0000 98.5663 0.0093
9170.0000 98.5604 0.0092
9175.0000 98.5665 0.0092
9180.0000 98.5544 0.0093
9185.0000 98.6147 0.0091
9190.0000 98.6297 0.0088
9195.0000 98.6332 0.0090
9200.0000 98.6064 0.0091
9205.0000 98.5869 0.0098
9210.0000 98.6110 0.0097
9215.0000 98.6251 0.0095
9220.0000 98.5874 0.0102
9225.0000 98.5739 0.0104
9230.0000 98.5606 0.0104
9235.0000 98.5216 0.0105
9240.0000 98.5273 0.0102
9245.0000 98.5013 0.0102
9250.0000 98.5052 0.0100
9255.0000 98.5122 0.0096
9260.0000 98.5499 0.0096
9265.0000 98.5125 0.0095
9270.0000 98.5305 0.0097
9275.0000 98.5640 0.0093
9280.0000 98.6026 0.0092
9285.0000 98.5148 0.0106
9290.0000 98.5026 0.0101
9295.0000 98.5063 0.0103
9300.0000 98.4566 0.0105
9305.0000 98.4252 0.0104
9310.0000 98.3779 0.0105
9315.0000 98.3574 0.0113
9320.0000 98.4158 0.0097
9325.0000 98.3688 0.0093
9330.0000 98.3762 0.0095
9335.0000 98.3547 0.0096
9340.0000 98.4005 0.0094
9345.0000 98.4676 0.0088
9350.0000 98.4627 0.0095
9355.0000 98.4596 0.0101
9360.0000 98.4581 0.0100
9365.0000 98.4314 0.0098
9370.0000 98.4829 0.0097
9375.0000 98.4740 0.0100
9380.0000 98.4680 0.0101
9385.0000 98.4697 0.0099
9390.0000 98.4649 0.0099
9395.0000 98.4356 0.0104
9400.0000 98.4256 0.0103
9405.0000 98.4435 0.0099
9410.0000 98.4523 0.0100
9415.0000 98.4328 0.0099
9420.0000 98.4201 0.0099
9425.0000 98.4300 0.0101
9430.0000 98.4207 0.0102
9435.0000 98.4143 0.0103
9440.0000 98.4162 0.0100
9445.0000 98.4224 0.0101
9450.0000 98.4366 0.0099
9455.0000 98.4418 0.0098
9460.0000 98.4654 0.0097
9465.0000 98.4516 0.0100
9470.0000 98.4395 0.0099
9475.0000 98.4519 0.0099
9480.0000 98.4637 0.0097
9485.0000 98.4542 0.0100
9490.0000 98.4624 0.0099
9495.0000 98.4502 0.0100
9500.0000 98.4442 0.0099
9505.0000 98.4496 0.0099
9510.0000 98.4608 0.0099
9515.0000 98.4383 0.0100
9520.0000 98.4594 0.0100
9525.0000 98.4594 0.0100
9530.0000 98.4490 0.0099
9535.0000 98.4523 0.0100
9540.0000 98.4235 0.0106
9545.0000 98.4070 0.0105
9550.0000 98.4113 0.0106
9555.0000 98.4050 0.0107
9560.0000 98.4109 0.0105
9565.0000 98.3966 0.0106
9570.0000 98.3661 0.0107
9575.0000 98.3432 0.0107
9580.0000 98.3370 0.0107
9585.0000 98.3457 0.0106
9590.0000 98.3602 0.0106
9595.0000 98.3373 0.0106
9600.0000 98.3127 0.0107
9605.0000 98.2755 0.0110
9610.0000 98.2305 0.0112
9615.0000 98.1935 0.0109
9620.0000 98.1876 0.0110
9625.0000 98.2030 0.0110
9630.0000 98.1993 0.0117
9635.0000 98.1871 0.0116
9640.0000 98.1722 0.0119
9645.0000 98.1807 0.0117
9650.0000 98.1719 0.0116
9655.0000 98.1530 0.0115
9660.0000 98.1430 0.0111
9665.0000 98.1336 0.0114
9670.0000 98.1058 0.0113
9675.0000 98.0882 0.0114
9680.0000 98.0353 0.0113
9685.0000 98.0401 0.0117
9690.0000 98.0700 0.0116
9695.0000 98.0650 0.0114
9700.0000 98.0666 0.0115
9705.0000 98.0646 0.0115
9710.0000 98.0690 0.0112
9715.0000 98.0934 0.0109
9720.0000 98.1171 0.0108
9725.0000 98.1388 0.0112
9730.0000 98.2333 0.0114
9735.0000 98.2369 0.0113
9740.0000 98.2199 0.0114
9745.0000 98.2461 0.0116
9750.0000 98.2267 0.0118
9755.0000 98.3073 0.0114
9760.0000 98.3509 0.0115
9765.0000 98.4165 0.0107
9770.0000 98.4609 0.0104
9775.0000 98.4833 0.0105
9780.0000 98.4970 0.0098
9785.0000 98.5688 0.0094
9790.0000 98.6048 0.0087
9795.0000 98.6226 0.0090
9800.0000 98.6345 0.0093
9805.0000 98.6465 0.0091
9810.0000 98.6325 0.0097
9815.0000 98.6437 0.0094
9820.0000 98.6424 0.0090
9825.0000 98.6019 0.0095
9830.0000 98.6103 0.0092
9835.0000 98.6200 0.0091
9840.0000 98.6314 0.0090
9845.0000 98.6139 0.0093
9850.0000 98.6285 0.0092
9855.0000 98.6308 0.0092
9860.0000 98.6099 0.0095
9865.0000 98.6282 0.0095
9870.0000 98.6084 0.0098
9875.0000 98.6219 0.0094
9880.0000 98.6139 0.0091
9885.0000 98.6182 0.0095
9890.0000 98.5813 0.0100
9895.0000 98.5892 0.0098
9900.0000 98.6123 0.0098
9905.0000 98.6469 0.0092
9910.0000 98.6320 0.0093
9915.0000 98.6468 0.0098
9920.0000 98.6438 0.0097
9925.0000 98.6792 0.0091
9930.0000 98.6567 0.0095
9935.0000 98.6262 0.0092
9940.0000 98.6521 0.0087
9945.0000 98.6455 0.0089
9950.0000 98.6450 0.0089
9955.0000 98.6428 0.0087
9960.0000 98.6312 0.0092
9965.0000 98.6185 0.0095
9970.0000 98.6456 0.0089
9975.0000 98.6429 0.0092
9980.0000 98.6425 0.0090
9985.0000 98.6536 0.0086
9990.0000 98.6479 0.0087
9995.0000 98.6308 0.0086
10000.0000 98.6040 0.0088
10005.0000 98.6307 0.0083
10010.0000 98.6230 0.0084
10015.0000 98.5999 0.0084
10020.0000 98.6577 0.0081
10025.0000 98.6542 0.0081
10030.0000 98.6157 0.0090
10035.0000 98.6078 0.0088
10040.0000 98.5862 0.0088
10045.0000 98.6009 0.0085
10050.0000 98.6323 0.0082
10055.0000 98.6154 0.0083
10060.0000 98.6001 0.0085
10065.0000 98.5440 0.0091
10070.0000 98.5325 0.0091
10075.0000 98.5324 0.0089
10080.0000 98.5438 0.0087
10085.0000 98.4878 0.0095
10090.0000 98.5151 0.0093
10095.0000 98.5292 0.0093
10100.0000 98.4996 0.0101
10105.0000 98.5766 0.0086
10110.0000 98.5713 0.0087
10115.0000 98.5717 0.0084
10120.0000 98.5624 0.0086
10125.0000 98.5449 0.0091
10130.0000 98.5389 0.0091
10135.0000 98.5320 0.0088
10140.0000 98.5493 0.0085
10145.0000 98.5564 0.0084
10150.0000 98.5716 0.0086
10155.0000 98.5450 0.0093
10160.0000 98.5652 0.0089
10165.0000 98.5903 0.0089
10170.0000 98.6385 0.0082
10175.0000 98.6188 0.0083
10180.0000 98.6016 0.0087
10185.0000 98.6229 0.0084
10190.0000 98.6301 0.0083
10195.0000 98.6320 0.0081
10200.0000 98.5991 0.0083
10205.0000 98.6338 0.0077
10210.0000 98.6484 0.0079
10215.0000 98.6629 0.0078
10220.0000 98.6412 0.0082
10225.0000 98.6375 0.0083
10230.0000 98.6444 0.0079
10235.0000 98.6453 0.0081
10240.0000 98.6509 0.0081
10245.0000 98.6490 0.0080
10250.0000 98.6512 0.0080
10255.0000 98.6325 0.0083
10260.0000 98.6310 0.0083
10265.0000 98.6504 0.0081
10270.0000 98.6372 0.0080
10275.0000 98.6185 0.0081
10280.0000 98.6372 0.0079
10285.0000 98.6219 0.0082
10290.0000 98.5860 0.0083
10295.0000 98.5844 0.0082
10300.0000 98.5947 0.0080
10305.0000 98.6240 0.0078
10310.0000 98.6074 0.0083
10315.0000 98.5980 0.0083
10320.0000 98.6143 0.0082
10325.0000 98.6030 0.0084
10330.0000 98.6169 0.0084
10335.0000 98.6085 0.0087
10340.0000 98.6058 0.0088
10345.0000 98.6079 0.0087
10350.0000 98.6390 0.0082
10355.0000 98.6051 0.0085
10360.0000 98.6291 0.0083
10365.0000 98.5925 0.0087
10370.0000 98.6036 0.0082
10375.0000 98.6306 0.0081
10380.0000 98.5823 0.0086
10385.0000 98.5453 0.0087
10390.0000 98.5313 0.0091
10395.0000 98.5806 0.0089
10400.0000 98.5682 0.0090
10405.0000 98.5525 0.0091
10410.0000 98.5001 0.0096
10415.0000 98.5194 0.0094
10420.0000 98.5126 0.0093
10425.0000 98.5103 0.0093
10430.0000 98.5268 0.0093
10435.0000 98.4387 0.0104
10440.0000 98.4693 0.0094
10445.0000 98.5017 0.0090
10450.0000 98.5182 0.0094
10455.0000 98.4828 0.0090
10460.0000 98.4901 0.0095
10465.0000 98.5341 0.0094
10470.0000 98.5367 0.0095
10475.0000 98.5202 0.0099
10480.0000 98.5884 0.0095
10485.0000 98.5769 0.0101
10490.0000 98.5799 0.0099
10495.0000 98.5675 0.0103
10500.0000 98.5815 0.0100
10505.0000 98.5739 0.0101
10510.0000 98.5663 0.0100
10515.0000 98.5652 0.0097
10520.0000 98.5628 0.0105
10525.0000 98.5540 0.0104
10530.0000 98.5769 0.0101
10535.0000 98.6053 0.0096
10540.0000 98.5848 0.0099
10545.0000 98.5872 0.0098
10550.0000 98.5677 0.0101
10555.0000 98.5336 0.0103
10560.0000 98.5152 0.0104
10565.0000 98.5325 0.0103
10570.0000 98.5437 0.0102
10575.0000 98.5435 0.0105
10580.0000 98.5112 0.0108
10585.0000 98.5142 0.0108
10590.0000 98.4998 0.0109
10595.0000 98.4749 0.0106
10600.0000 98.4516 0.0102
10605.0000 98.4469 0.0100
10610.0000 98.4037 0.0106
10615.0000 98.4253 0.0105
10620.0000 98.4185 0.0109
10625.0000 98.4194 0.0103
10630.0000 98.3774 0.0110
10635.0000 98.3808 0.0105
10640.0000 98.4674 0.0092
10645.0000 98.4577 0.0107
10650.0000 98.4682 0.0103
10655.0000 98.4146 0.0107
10660.0000 98.4719 0.0102
10665.0000 98.5153 0.0095
10670.0000 98.4630 0.0106
10675.0000 98.4844 0.0099
10680.0000 98.4868 0.0098
10685.0000 98.4979 0.0095
10690.0000 98.5498 0.0095
10695.0000 98.5797 0.0089
10700.0000 98.5211 0.0092
10705.0000 98.5171 0.0089
10710.0000 98.5908 0.0084
10715.0000 98.5838 0.0089
10720.0000 98.6173 0.0088
10725.0000 98.5998 0.0087
10730.0000 98.5925 0.0090
10735.0000 98.5593 0.0096
10740.0000 98.5537 0.0095
10745.0000 98.5771 0.0091
10750.0000 98.5554 0.0093
10755.0000 98.5745 0.0092
10760.0000 98.5557 0.0096
10765.0000 98.5839 0.0091
10770.0000 98.5683 0.0089
10775.0000 98.5629 0.0094
10780.0000 98.5726 0.0089
10785.0000 98.6216 0.0087
10790.0000 98.6211 0.0087
10795.0000 98.6108 0.0089
10800.0000 98.6083 0.0088
10805.0000 98.6283 0.0088
10810.0000 98.6226 0.0090
10815.0000 98.6436 0.0087
10820.0000 98.6452 0.0086
10825.0000 98.6153 0.0091
10830.0000 98.6388 0.0088
10835.0000 98.6148 0.0088
10840.0000 98.6175 0.0088
10845.0000 98.5957 0.0093
10850.0000 98.5940 0.0092
10855.0000 98.5939 0.0090
10860.0000 98.5531 0.0095
10865.0000 98.5715 0.0094
10870.0000 98.5480 0.0097
10875.0000 98.5513 0.0097
10880.0000 98.5430 0.0097
10885.0000 98.5547 0.0097
10890.0000 98.5308 0.0098
10895.0000 98.5332 0.0095
10900.0000 98.5114 0.0096
10905.0000 98.5042 0.0097
10910.0000 98.5265 0.0093
10915.0000 98.5116 0.0099
10920.0000 98.5114 0.0101
10925.0000 98.5162 0.0101
10930.0000 98.5306 0.0098
10935.0000 98.4911 0.0103
10940.0000 98.5073 0.0100
10945.0000 98.5169 0.0098
10950.0000 98.4605 0.0098
10955.0000 98.4605 0.0100
10960.0000 98.4421 0.0101
10965.0000 98.4601 0.0100
10970.0000 98.4449 0.0102
10975.0000 98.4385 0.0101
10980.0000 98.4406 0.0099
10985.0000 98.4329 0.0102
10990.0000 98.4287 0.0097
10995.0000 98.4047 0.0100
11000.0000 98.3991 0.0099
11005.0000 98.3840 0.0101
11010.0000 98.3374 0.0102
11015.0000 98.3519 0.0100
11020.0000 98.3445 0.0102
11025.0000 98.3409 0.0101
11030.0000 98.3407 0.0104
11035.0000 98.3538 0.0104
11040.0000 98.3271 0.0106
11045.0000 98.3172 0.0105
11050.0000 98.3361 0.0105
11055.0000 98.3395 0.0103
11060.0000 98.3307 0.0104
11065.0000 98.3382 0.0103
11070.0000 98.3152 0.0104
11075.0000 98.3401 0.0104
11080.0000 98.3327 0.0104
11085.0000 98.3431 0.0104
11090.0000 98.3251 0.0105
11095.0000 98.3379 0.0107
11100.0000 98.3374 0.0108
11105.0000 98.3350 0.0107
11110.0000 98.3204 0.0104
11115.0000 98.3375 0.0104
11120.0000 98.3594 0.0108
11125.0000 98.3454 0.0108
11130.0000 98.3278 0.0112
11135.0000 98.3027 0.0116
11140.0000 98.2895 0.0115
11145.0000 98.3034 0.0117
11150.0000 98.3256 0.0111
11155.0000 98.3410 0.0111
11160.0000 98.3290 0.0109
11165.0000 98.3102 0.0114
11170.0000 98.3162 0.0111
11175.0000 98.3071 0.0116
11180.0000 98.2921 0.0118
11185.0000 98.3270 0.0111
11190.0000 98.3850 0.0108
11195.0000 98.3655 0.0106
11200.0000 98.3846 0.0109
11205.0000 98.3769 0.0107
11210.0000 98.4036 0.0107
11215.0000 98.4215 0.0105
11220.0000 98.3735 0.0109
11225.0000 98.3994 0.0101
11230.0000 98.4294 0.0109
11235.0000 98.4615 0.0102
11240.0000 98.4335 0.0104
11245.0000 98.4978 0.0100
11250.0000 98.5038 0.0102
11255.0000 98.4816 0.0101
11260.0000 98.4813 0.0108
11265.0000 98.5068 0.0109
11270.0000 98.5299 0.0101
11275.0000 98.5184 0.0107
11280.0000 98.4966 0.0112
11285.0000 98.5090 0.0106
11290.0000 98.4935 0.0111
11295.0000 98.5006 0.0106
11300.0000 98.4963 0.0107
11305.0000 98.4738 0.0107
11310.0000 98.5232 0.0105
11315.0000 98.5220 0.0103
11320.0000 98.4938 0.0102
11325.0000 98.4949 0.0105
11330.0000 98.5147 0.0105
11335.0000 98.4990 0.0101
11340.0000 98.4972 0.0103
11345.0000 98.4805 0.0100
11350.0000 98.4994 0.0099
11355.0000 98.4980 0.0100
11360.0000 98.4638 0.0099
11365.0000 98.4719 0.0097
11370.0000 98.4808 0.0095
11375.0000 98.4874 0.0097
11380.0000 98.4928 0.0097
11385.0000 98.4919 0.0092
11390.0000 98.5129 0.0091
11395.0000 98.5342 0.0094
11400.0000 98.5342 0.0095
11405.0000 98.5167 0.0098
11410.0000 98.5260 0.0092
11415.0000 98.5475 0.0091
11420.0000 98.5689 0.0093
11425.0000 98.5552 0.0095
11430.0000 98.5472 0.0093
11435.0000 98.5419 0.0097
11440.0000 98.5147 0.0100
11445.0000 98.5367 0.0095
11450.0000 98.4813 0.0100
11455.0000 98.5008 0.0101
11460.0000 98.4976 0.0097
11465.0000 98.4580 0.0103
11470.0000 98.3980 0.0105
11475.0000 98.4321 0.0105
11480.0000 98.4822 0.0100
11485.0000 98.5030 0.0097
11490.0000 98.5077 0.0095
11495.0000 98.4821 0.0104
11500.0000 98.4447 0.0106
11505.0000 98.4019 0.0111
11510.0000 98.3903 0.0116
11515.0000 98.4324 0.0109
11520.0000 98.4069 0.0107
11525.0000 98.4578 0.0106
11530.0000 98.4401 0.0108
11535.0000 98.4692 0.0113
11540.0000 98.5042 0.0115
11545.0000 98.4827 0.0114
11550.0000 98.5116 0.0111
11555.0000 98.5318 0.0111
11560.0000 98.5353 0.0111
11565.0000 98.5862 0.0109
11570.0000 98.5762 0.0111
11575.0000 98.6015 0.0101
11580.0000 98.6574 0.0095
11585.0000 98.6268 0.0098
11590.0000 98.6396 0.0093
11595.0000 98.6398 0.0095
11600.0000 98.6700 0.0091
11605.0000 98.6961 0.0088
11610.0000 98.6839 0.0094
11615.0000 98.6770 0.0089
11620.0000 98.6810 0.0089
11625.0000 98.6871 0.0089
11630.0000 98.6907 0.0089
11635.0000 98.6541 0.0094
11640.0000 98.6387 0.0094
11645.0000 98.6459 0.0096
11650.0000 98.6567 0.0096
11655.0000 98.6809 0.0089
11660.0000 98.6842 0.0090
11665.0000 98.6963 0.0089
11670.0000 98.6925 0.0089
11675.0000 98.6855 0.0091
11680.0000 98.6632 0.0091
11685.0000 98.6499 0.0093
11690.0000 98.6486 0.0093
11695.0000 98.6430 0.0096
11700.0000 98.6314 0.0094
11705.0000 98.6313 0.0097
11710.0000 98.6286 0.0097
11715.0000 98.6091 0.0101
11720.0000 98.6322 0.0094
11725.0000 98.6383 0.0093
11730.0000 98.6356 0.0093
11735.0000 98.6215 0.0090
11740.0000 98.5953 0.0094
11745.0000 98.5727 0.0097
11750.0000 98.5893 0.0096
11755.0000 98.5681 0.0095
11760.0000 98.5882 0.0091
11765.0000 98.5765 0.0093
11770.0000 98.5753 0.0095
11775.0000 98.5724 0.0094
11780.0000 98.5617 0.0094
11785.0000 98.5607 0.0091
11790.0000 98.5415 0.0092
11795.0000 98.5360 0.0093
11800.0000 98.5005 0.0095
11805.0000 98.5168 0.0093
11810.0000 98.4964 0.0093
11815.0000 98.5010 0.0087
11820.0000 98.4507 0.0094
11825.0000 98.4988 0.0084
11830.0000 98.4994 0.0088
11835.0000 98.4426 0.0096
11840.0000 98.4612 0.0094
11845.0000 98.5212 0.0091
11850.0000 98.5153 0.0092
11855.0000 98.5193 0.0091
11860.0000 98.5223 0.0097
11865.0000 98.5017 0.0096
11870.0000 98.4578 0.0103
11875.0000 98.4746 0.0100
11880.0000 98.4404 0.0104
11885.0000 98.4868 0.0097
11890.0000 98.4570 0.0107
11895.0000 98.4958 0.0101
11900.0000 98.4753 0.0110
11905.0000 98.4324 0.0108
11910.0000 98.3976 0.0110
11915.0000 98.3925 0.0110
11920.0000 98.4282 0.0109
11925.0000 98.4319 0.0113
11930.0000 98.4956 0.0106
11935.0000 98.4611 0.0109
11940.0000 98.4980 0.0108
11945.0000 98.4908 0.0106
11950.0000 98.4966 0.0107
11955.0000 98.4952 0.0103
11960.0000 98.4701 0.0105
11965.0000 98.5083 0.0099
11970.0000 98.5070 0.0105
11975.0000 98.5177 0.0108
11980.0000 98.5543 0.0102
11985.0000 98.5141 0.0106
11990.0000 98.5043 0.0110
11995.0000 98.5171 0.0108
12000.0000 98.4667 0.0110
12005.0000 98.4480 0.0108
12010.0000 98.4697 0.0104
12015.0000 98.4600 0.0109
12020.0000 98.4508 0.0110
12025.0000 98.4570 0.0112
12030.0000 98.3856 0.0119
12035.0000 98.4280 0.0117
12040.0000 98.4353 0.0115
12045.0000 98.4755 0.0109
12050.0000 98.4845 0.0102
12055.0000 98.4735 0.0102
12060.0000 98.4650 0.0111
12065.0000 98.4504 0.0110
12070.0000 98.4461 0.0104
12075.0000 98.4526 0.0106
12080.0000 98.4829 0.0100
12085.0000 98.4664 0.0097
12090.0000 98.4732 0.0106
12095.0000 98.4664 0.0104
12100.0000 98.4498 0.0104
12105.0000 98.4746 0.0100
12110.0000 98.4843 0.0097
12115.0000 98.4473 0.0106
12120.0000 98.4647 0.0097
12125.0000 98.4497 0.0101
12130.0000 98.4463 0.0099
12135.0000 98.3990 0.0098
12140.0000 98.4396 0.0100
12145.0000 98.3830 0.0111
12150.0000 98.4578 0.0106
12155.0000 98.4617 0.0108
12160.0000 98.3930 0.0109
12165.0000 98.3757 0.0114
12170.0000 98.4393 0.0103
12175.0000 98.4361 0.0104
12180.0000 98.4299 0.0105
12185.0000 98.4088 0.0107
12190.0000 98.4231 0.0109
12195.0000 98.4331 0.0107
12200.0000 98.4546 0.0108
12205.0000 98.4300 0.0106
12210.0000 98.4137 0.0104
12215.0000 98.4388 0.0101
12220.0000 98.4781 0.0103
12225.0000 98.5003 0.0098
12230.0000 98.5314 0.0097
12235.0000 98.4853 0.0100
12240.0000 98.4640 0.0097
12245.0000 98.4708 0.0098
12250.0000 98.4494 0.0100
12255.0000 98.4397 0.0095
12260.0000 98.4479 0.0098
12265.0000 98.4058 0.0106
12270.0000 98.3804 0.0106
12275.0000 98.3848 0.0105
12280.0000 98.4335 0.0101
12285.0000 98.4272 0.0105
12290.0000 98.4064 0.0103
12295.0000 98.3725 0.0103
12300.0000 98.3409 0.0108
12305.0000 98.3460 0.0109
12310.0000 98.3533 0.0106
12315.0000 98.3428 0.0104
12320.0000 98.3253 0.0106
12325.0000 98.3321 0.0102
12330.0000 98.3200 0.0108
12335.0000 98.3286 0.0106
12340.0000 98.3528 0.0101
12345.0000 98.3748 0.0100
12350.0000 98.3726 0.0105
12355.0000 98.3294 0.0104
12360.0000 98.3287 0.0105
12365.0000 98.3416 0.0099
12370.0000 98.3362 0.0098
12375.0000 98.3302 0.0097
12380.0000 98.3400 0.0098
12385.0000 98.3550 0.0097
12390.0000 98.3312 0.0100
12395.0000 98.3662 0.0095
12400.0000 98.3487 0.0097
12405.0000 98.3823 0.0093
12410.0000 98.4049 0.0093
12415.0000 98.4018 0.0096
12420.0000 98.4540 0.0090
12425.0000 98.4830 0.0086
12430.0000 98.4967 0.0087
12435.0000 98.5156 0.0086
12440.0000 98.5254 0.0082
12445.0000 98.5728 0.0081
12450.0000 98.5753 0.0077
12455.0000 98.5667 0.0075
12460.0000 98.5713 0.0079
12465.0000 98.5908 0.0077
12470.0000 98.6041 0.0076
12475.0000 98.6268 0.0074
12480.0000 98.6254 0.0075
12485.0000 98.6124 0.0079
12490.0000 98.6032 0.0078
12495.0000 98.5863 0.0077
12500.0000 98.5738 0.0076
12505.0000 98.5740 0.0081
12510.0000 98.6219 0.0076
12515.0000 98.6280 0.0077
12520.0000 98.6172 0.0075
12525.0000 98.6064 0.0074
12530.0000 98.6079 0.0075
12535.0000 98.6212 0.0073
12540.0000 98.5860 0.0076
12545.0000 98.5665 0.0075
12550.0000 98.5766 0.0076
12555.0000 98.5640 0.0079
12560.0000 98.5942 0.0073
12565.0000 98.5872 0.0080
12570.0000 98.5985 0.0080
12575.0000 98.5821 0.0083
12580.0000 98.5694 0.0090
12585.0000 98.5551 0.0088
12590.0000 98.5739 0.0087
12595.0000 98.5797 0.0091
12600.0000 98.5460 0.0093
12605.0000 98.5531 0.0091
12610.0000 98.5344 0.0091
12615.0000 98.5060 0.0094
12620.0000 98.4763 0.0098
12625.0000 98.5405 0.0099
12630.0000 98.5650 0.0097
12635.0000 98.6106 0.0102
12640.0000 98.6226 0.0092
12645.0000 98.6115 0.0102
12650.0000 98.6440 0.0089
12655.0000 98.6837 0.0086
12660.0000 98.7241 0.0080
12665.0000 98.7019 0.0083
12670.0000 98.6635 0.0084
12675.0000 98.6712 0.0087
12680.0000 98.6482 0.0089
12685.0000 98.6926 0.0086
12690.0000 98.6978 0.0082
12695.0000 98.6951 0.0089
12700.0000 98.6486 0.0096
12705.0000 98.6508 0.0092
12710.0000 98.6725 0.0087
12715.0000 98.6373 0.0093
12720.0000 98.6640 0.0090
12725.0000 98.6421 0.0096
12730.0000 98.6530 0.0091
12735.0000 98.6547 0.0093
12740.0000 98.6573 0.0094
12745.0000 98.6360 0.0098
12750.0000 98.6181 0.0099
12755.0000 98.6170 0.0099
12760.0000 98.5859 0.0100
12765.0000 98.5821 0.0098
12770.0000 98.5696 0.0097
12775.0000 98.6065 0.0093
12780.0000 98.5911 0.0096
12785.0000 98.5939 0.0096
12790.0000 98.5767 0.0098
12795.0000 98.5625 0.0099
12800.0000 98.5732 0.0105
12805.0000 98.5770 0.0105
12810.0000 98.5862 0.0107
12815.0000 98.5601 0.0109
12820.0000 98.5680 0.0108
12825.0000 98.5237 0.0112
12830.0000 98.4604 0.0110
12835.0000 98.4685 0.0112
12840.0000 98.4466 0.0121
12845.0000 98.4232 0.0119
12850.0000 98.4114 0.0122
12855.0000 98.4185 0.0122
12860.0000 98.4059 0.0119
12865.0000 98.4295 0.0121
12870.0000 98.3671 0.0124
12875.0000 98.3690 0.0123
12880.0000 98.3226 0.0124
12885.0000 98.3015 0.0122
12890.0000 98.3215 0.0114
12895.0000 98.2988 0.0121
12900.0000 98.3259 0.0114
12905.0000 98.2648 0.0127
12910.0000 98.2795 0.0123
12915.0000 98.3175 0.0123
12920.0000 98.3043 0.0121
12925.0000 98.3583 0.0119
12930.0000 98.3382 0.0117
12935.0000 98.3423 0.0116
12940.0000 98.3794 0.0115
12945.0000 98.4045 0.0114
12950.0000 98.3288 0.0116
12955.0000 98.3198 0.0118
12960.0000 98.3288 0.0116
12965.0000 98.3312 0.0109
12970.0000 98.3495 0.0107
12975.0000 98.3460 0.0107
12980.0000 98.3330 0.0108
12985.0000 98.2989 0.0112
12990.0000 98.3361 0.0109
12995.0000 98.3080 0.0114
13000.0000 98.3447 0.0114
13005.0000 98.2888 0.0113
13010.0000 98.2960 0.0112
13015.0000 98.2728 0.0109
13020.0000 98.2848 0.0106
13025.0000 98.3047 0.0106
13030.0000 98.2959 0.0100
13035.0000 98.3412 0.0102
13040.0000 98.3685 0.0107
13045.0000 98.3974 0.0105
13050.0000 98.3622 0.0112
13055.0000 98.3697 0.0109
13060.0000 98.3307 0.0109
13065.0000 98.3530 0.0103
13070.0000 98.3496 0.0107
13075.0000 98.4053 0.0104
13080.0000 98.4725 0.0101
13085.0000 98.4651 0.0105
13090.0000 98.4289 0.0109
13095.0000 98.4522 0.0109
13100.0000 98.4812 0.0108
13105.0000 98.4776 0.0111
13110.0000 98.4763 0.0111
13115.0000 98.4801 0.0111
13120.0000 98.4567 0.0113
13125.0000 98.4526 0.0116
13130.0000 98.4893 0.0114
13135.0000 98.4636 0.0116
13140.0000 98.4463 0.0123
13145.0000 98.4569 0.0122
13150.0000 98.4575 0.0121
13155.0000 98.4784 0.0124
13160.0000 98.4561 0.0124
13165.0000 98.4588 0.0122
13170.0000 98.4269 0.0125
13175.0000 98.4518 0.0119
13180.0000 98.4730 0.0116
13185.0000 98.4313 0.0119
13190.0000 98.4453 0.0112
13195.0000 98.4638 0.0114
13200.0000 98.4330 0.0115
13205.0000 98.4251 0.0116
13210.0000 98.4241 0.0110
13215.0000 98.4309 0.0113
13220.0000 98.4225 0.0115
13225.0000 98.4351 0.0111
13230.0000 98.4635 0.0110
13235.0000 98.4321 0.0107
13240.0000 98.4518 0.0103
13245.0000 98.4256 0.0104
13250.0000 98.4116 0.0102
13255.0000 98.4620 0.0099
13260.0000 98.4681 0.0095
13265.0000 98.4719 0.0097
13270.0000 98.4977 0.0097
13275.0000 98.5018 0.0095
13280.0000 98.5080 0.0095
13285.0000 98.5052 0.0096
13290.0000 98.5088 0.0093
13295.0000 98.5053 0.0091
13300.0000 98.5215 0.0092
13305.0000 98.5583 0.0088
13310.0000 98.5544 0.0088
13315.0000 98.5514 0.0084
13320.0000 98.5361 0.0088
13325.0000 98.5718 0.0084
13330.0000 98.5765 0.0084
13335.0000 98.5553 0.0086
13340.0000 98.5886 0.0082
13345.0000 98.5947 0.0084
13350.0000 98.5780 0.0086
13355.0000 98.5642 0.0085
13360.0000 98.5756 0.0080
13365.0000 98.5853 0.0082
13370.0000 98.5256 0.0085
13375.0000 98.5262 0.0088
13380.0000 98.4989 0.0089
13385.0000 98.4933 0.0091
13390.0000 98.4625 0.0089
13395.0000 98.4786 0.0084
13400.0000 98.4493 0.0088
13405.0000 98.4749 0.0090
13410.0000 98.4947 0.0087
13415.0000 98.4624 0.0088
13420.0000 98.4791 0.0091
13425.0000 98.4797 0.0094
13430.0000 98.5350 0.0087
13435.0000 98.4577 0.0087
13440.0000 98.4858 0.0090
13445.0000 98.5197 0.0088
13450.0000 98.5367 0.0089
13455.0000 98.5225 0.0090
13460.0000 98.5172 0.0092
13465.0000 98.5063 0.0094
13470.0000 98.4788 0.0099
13475.0000 98.4840 0.0095
13480.0000 98.4749 0.0097
13485.0000 98.4698 0.0100
13490.0000 98.5111 0.0098
13495.0000 98.5000 0.0100
13500.0000 98.4778 0.0107
13505.0000 98.4137 0.0108
13510.0000 98.4599 0.0110
13515.0000 98.4878 0.0101
13520.0000 98.4914 0.0102
13525.0000 98.5045 0.0101
13530.0000 98.5048 0.0104
13535.0000 98.4830 0.0110
13540.0000 98.5036 0.0105
13545.0000 98.5202 0.0099
13550.0000 98.5149 0.0104
13555.0000 98.5169 0.0100
13560.0000 98.5348 0.0099
13565.0000 98.5448 0.0096
13570.0000 98.5430 0.0094
13575.0000 98.5189 0.0098
13580.0000 98.5329 0.0095
13585.0000 98.5138 0.0097
13590.0000 98.5376 0.0098
13595.0000 98.5013 0.0098
13600.0000 98.5243 0.0099
13605.0000 98.5312 0.0101
13610.0000 98.5303 0.0101
13615.0000 98.5079 0.0102
13620.0000 98.5040 0.0102
13625.0000 98.5234 0.0097
13630.0000 98.5231 0.0100
13635.0000 98.5283 0.0099
13640.0000 98.5531 0.0094
13645.0000 98.5488 0.0096
13650.0000 98.5569 0.0096
13655.0000 98.5693 0.0095
13660.0000 98.5636 0.0097
13665.0000 98.5449 0.0093
13670.0000 98.5545 0.0095
13675.0000 98.5571 0.0094
13680.0000 98.5840 0.0091
13685.0000 98.5893 0.0092
13690.0000 98.5558 0.0093
13695.0000 98.5578 0.0098
13700.0000 98.5700 0.0092
13705.0000 98.5815 0.0094
13710.0000 98.5780 0.0091
13715.0000 98.5249 0.0092
13720.0000 98.5441 0.0087
13725.0000 98.5332 0.0096
13730.0000 98.5074 0.0093
13735.0000 98.4899 0.0100
13740.0000 98.5227 0.0099
13745.0000 98.5263 0.0096
13750.0000 98.5265 0.0095
13755.0000 98.5528 0.0089
13760.0000 98.5615 0.0089
13765.0000 98.5402 0.0090
13770.0000 98.4848 0.0091
13775.0000 98.4677 0.0093
13780.0000 98.4862 0.0091
13785.0000 98.5087 0.0096
13790.0000 98.5047 0.0091
13795.0000 98.4834 0.0094
13800.0000 98.4689 0.0102
13805.0000 98.5133 0.0097
13810.0000 98.5336 0.0094
13815.0000 98.5429 0.0091
13820.0000 98.5720 0.0088
13825.0000 98.5960 0.0079
13830.0000 98.5727 0.0081
13835.0000 98.5809 0.0082
13840.0000 98.6146 0.0086
13845.0000 98.5767 0.0089
13850.0000 98.5694 0.0091
13855.0000 98.5121 0.0095
13860.0000 98.5294 0.0089
13865.0000 98.4891 0.0094
13870.0000 98.5409 0.0087
13875.0000 98.5363 0.0085
13880.0000 98.5077 0.0088
13885.0000 98.5177 0.0087
13890.0000 98.5213 0.0094
13895.0000 98.4904 0.0095
13900.0000 98.5229 0.0094
13905.0000 98.5043 0.0096
13910.0000 98.5364 0.0093
13915.0000 98.5288 0.0096
13920.0000 98.5597 0.0094
13925.0000 98.5281 0.0097
13930.0000 98.5100 0.0094
13935.0000 98.5283 0.0092
13940.0000 98.4832 0.0097
13945.0000 98.4487 0.0097
13950.0000 98.4590 0.0096
13955.0000 98.4828 0.0103
13960.0000 98.5667 0.0092
13965.0000 98.5487 0.0096
13970.0000 98.6207 0.0088
13975.0000 98.5516 0.0094
13980.0000 98.6003 0.0086
13985.0000 98.6186 0.0089
13990.0000 98.6659 0.0084
13995.0000 98.6409 0.0088
14000.0000 98.6797 0.0078
14005.0000 98.6557 0.0086
14010.0000 98.6466 0.0088
14015.0000 98.6459 0.0087
14020.0000 98.6601 0.0087
14025.0000 98.6382 0.0087
14030.0000 98.6152 0.0090
14035.0000 98.6350 0.0085
14040.0000 98.6068 0.0090
14045.0000 98.6420 0.0086
14050.0000 98.6380 0.0086
14055.0000 98.6076 0.0089
14060.0000 98.6617 0.0086
14065.0000 98.6525 0.0088
14070.0000 98.6246 0.0089
14075.0000 98.6289 0.0087
14080.0000 98.5983 0.0088
14085.0000 98.5895 0.0090
14090.0000 98.6140 0.0090
14095.0000 98.6521 0.0088
14100.0000 98.6488 0.0088
14105.0000 98.6632 0.0087
14110.0000 98.6420 0.0093
14115.0000 98.6573 0.0093
14120.0000 98.6666 0.0089
14125.0000 98.6609 0.0088
14130.0000 98.6551 0.0091
14135.0000 98.6783 0.0085
14140.0000 98.6887 0.0083
14145.0000 98.6924 0.0085
14150.0000 98.6583 0.0087
14155.0000 98.6921 0.0082
14160.0000 98.6585 0.0083
14165.0000 98.6556 0.0080
14170.0000 98.6747 0.0080
14175.0000 98.7054 0.0077
14180.0000 98.6877 0.0084
14185.0000 98.6877 0.0083
14190.0000 98.7077 0.0081
14195.0000 98.7218 0.0079
14200.0000 98.7211 0.0075
14205.0000 98.7141 0.0077
14210.0000 98.7212 0.0076
14215.0000 98.7214 0.0076
14220.0000 98.7415 0.0073
14225.0000 98.7121 0.0077
14230.0000 98.7004 0.0080
14235.0000 98.7163 0.0076
14240.0000 98.7306 0.0073
14245.0000 98.6969 0.0077
14250.0000 98.6736 0.0080
14255.0000 98.6689 0.0081
14260.0000 98.6492 0.0083
14265.0000 98.6078 0.0090
14270.0000 98.5737 0.0092
14275.0000 98.5405 0.0099
14280.0000 98.5119 0.0099
14285.0000 98.5277 0.0099
14290.0000 98.5287 0.0098
14295.0000 98.5409 0.0097
14300.0000 98.5661 0.0099
14305.0000 98.5745 0.0096
14310.0000 98.5241 0.0098
14315.0000 98.5558 0.0094
14320.0000 98.5276 0.0100
14325.0000 98.6004 0.0089
14330.0000 98.6100 0.0094
14335.0000 98.6240 0.0088
14340.0000 98.5791 0.0090
14345.0000 98.5355 0.0092
14350.0000 98.5350 0.0096
14355.0000 98.5229 0.0095
14360.0000 98.5288 0.0095
14365.0000 98.5437 0.0095
14370.0000 98.5384 0.0096
14375.0000 98.5311 0.0094
14380.0000 98.5954 0.0091
14385.0000 98.5351 0.0098
14390.0000 98.5706 0.0098
14395.0000 98.5849 0.0093
14400.0000 98.5760 0.0091
14405.0000 98.5618 0.0091
14410.0000 98.6379 0.0089
14415.0000 98.6216 0.0091
14420.0000 98.5963 0.0094
14425.0000 98.6344 0.0092
14430.0000 98.6528 0.0087
14435.0000 98.6516 0.0084
14440.0000 98.6602 0.0084
14445.0000 98.6655 0.0084
14450.0000 98.6883 0.0079
14455.0000 98.6374 0.0084
14460.0000 98.6579 0.0081
14465.0000 98.6227 0.0081
14470.0000 98.6667 0.0076
14475.0000 98.6463 0.0078
14480.0000 98.6514 0.0079
14485.0000 98.6482 0.0082
14490.0000 98.6539 0.0078
14495.0000 98.6222 0.0082
14500.0000 98.6426 0.0079
14505.0000 98.6443 0.0078
14510.0000 98.6512 0.0078
14515.0000 98.6410 0.0076
14520.0000 98.6260 0.0080
14525.0000 98.6222 0.0080
14530.0000 98.6336 0.0080
14535.0000 98.6243 0.0080
14540.0000 98.6121 0.0081
14545.0000 98.6394 0.0076
14550.0000 98.6219 0.0078
14555.0000 98.6294 0.0078
14560.0000 98.6039 0.0079
14565.0000 98.6165 0.0079
14570.0000 98.6153 0.0080
14575.0000 98.6178 0.0082
14580.0000 98.5921 0.0085
14585.0000 98.5648 0.0089
14590.0000 98.5569 0.0090
14595.0000 98.5791 0.0089
14600.0000 98.5731 0.0089
14605.0000 98.5387 0.0092
14610.0000 98.5384 0.0095
14615.0000 98.5249 0.0092
14620.0000 98.5396 0.0091
14625.0000 98.5354 0.0092
14630.0000 98.4688 0.0096
14635.0000 98.4787 0.0093
14640.0000 98.4721 0.0092
14645.0000 98.4868 0.0090
14650.0000 98.5029 0.0091
14655.0000 98.5659 0.0086
14660.0000 98.5886 0.0088
14665.0000 98.5798 0.0084
14670.0000 98.5791 0.0090
14675.0000 98.5830 0.0090
14680.0000 98.5970 0.0089
14685.0000 98.5948 0.0098
14690.0000 98.5948 0.0094
14695.0000 98.5843 0.0101
14700.0000 98.5928 0.0094
14705.0000 98.6000 0.0091
14710.0000 98.6165 0.0093
14715.0000 98.6153 0.0092
14720.0000 98.5621 0.0096
14725.0000 98.5513 0.0095
14730.0000 98.5837 0.0095
14735.0000 98.6010 0.0094
14740.0000 98.6099 0.0092
14745.0000 98.5986 0.0093
14750.0000 98.5741 0.0096
14755.0000 98.5824 0.0094
14760.0000 98.5690 0.0096
14765.0000 98.5783 0.0089
14770.0000 98.5878 0.0091
14775.0000 98.5781 0.0095
14780.0000 98.6180 0.0084
14785.0000 98.6316 0.0083
14790.0000 98.6207 0.0088
14795.0000 98.6252 0.0091
14800.0000 98.6321 0.0091
14805.0000 98.6666 0.0085
14810.0000 98.6310 0.0089
14815.0000 98.6715 0.0081
14820.0000 98.6659 0.0085
14825.0000 98.6382 0.0084
14830.0000 98.6391 0.0086
14835.0000 98.6469 0.0089
14840.0000 98.6683 0.0082
14845.0000 98.6763 0.0082
14850.0000 98.6832 0.0082
14855.0000 98.6974 0.0082
14860.0000 98.6697 0.0086
14865.0000 98.6769 0.0083
14870.0000 98.6735 0.0085
14875.0000 98.7047 0.0082
14880.0000 98.6858 0.0082
14885.0000 98.6938 0.0081
14890.0000 98.6742 0.0084
14895.0000 98.6884 0.0081
14900.0000 98.6935 0.0080
14905.0000 98.6695 0.0083
14910.0000 98.6725 0.0084
14915.0000 98.6682 0.0085
14920.0000 98.6570 0.0088
14925.0000 98.6498 0.0088
14930.0000 98.6568 0.0088
14935.0000 98.6202 0.0088
14940.0000 98.5623 0.0094
14945.0000 98.5472 0.0093
14950.0000 98.4978 0.0102
14955.0000 98.4801 0.0105
14960.0000 98.4847 0.0098
14965.0000 98.4897 0.0094
14970.0000 98.4319 0.0107
14975.0000 98.4138 0.0096
14980.0000 98.4277 0.0099
14985.0000 98.3999 0.0098
14990.0000 98.3520 0.0103
14995.0000 98.3116 0.0109
15000.0000 98.3609 0.0104
15005.0000 98.3086 0.0115
15010.0000 98.2962 0.0108
15015.0000 98.3005 0.0108
15020.0000 98.2954 0.0107
15025.0000 98.2996 0.0105
15030.0000 98.2684 0.0103
15035.0000 98.3059 0.0113
15040.0000 98.3018 0.0111
15045.0000 98.3480 0.0101
15050.0000 98.3346 0.0109
15055.0000 98.4496 0.0108
15060.0000 98.4340 0.0109
15065.0000 98.4303 0.0104
15070.0000 98.4374 0.0105
15075.0000 98.4468 0.0104
15080.0000 98.4607 0.0098
15085.0000 98.4562 0.0108
15090.0000 98.4660 0.0102
15095.0000 98.4942 0.0098
15100.0000 98.4718 0.0100
15105.0000 98.4803 0.0103
15110.0000 98.4922 0.0103
15115.0000 98.4969 0.0103
15120.0000 98.5448 0.0097
15125.0000 98.5237 0.0101
15130.0000 98.4966 0.0105
15135.0000 98.5038 0.0103
15140.0000 98.5190 0.0106
15145.0000 98.5093 0.0106
15150.0000 98.5188 0.0105
15155.0000 98.4853 0.0108
15160.0000 98.4653 0.0111
15165.0000 98.4648 0.0114
15170.0000 98.4777 0.0113
15175.0000 98.4730 0.0116
15180.0000 98.4433 0.0116
15185.0000 98.4417 0.0110
15190.0000 98.3889 0.0116
15195.0000 98.4128 0.0111
15200.0000 98.4241 0.0114
15205.0000 98.4333 0.0108
15210.0000 98.3823 0.0110
15215.0000 98.3657 0.0113
15220.0000 98.3862 0.0104
15225.0000 98.3802 0.0104
15230.0000 98.3710 0.0101
15235.0000 98.3673 0.0103
15240.0000 98.3439 0.0110
15245.0000 98.2955 0.0111
15250.0000 98.3783 0.0104
15255.0000 98.3929 0.0106
15260.0000 98.4533 0.0104
15265.0000 98.4245 0.0105
15270.0000 98.4750 0.0096
15275.0000 98.4851 0.0094
15280.0000 98.4656 0.0096
15285.0000 98.4692 0.0099
15290.0000 98.4918 0.0097
15295.0000 98.5021 0.0095
15300.0000 98.5031 0.0095
15305.0000 98.5054 0.0095
15310.0000 98.5245 0.0091
15315.0000 98.5031 0.0098
15320.0000 98.4965 0.0097
15325.0000 98.4754 0.0098
15330.0000 98.4494 0.0098
15335.0000 98.4487 0.0095
15340.0000 98.4125 0.0102
15345.0000 98.4002 0.0105
15350.0000 98.3757 0.0107
15355.0000 98.3605 0.0108
15360.0000 98.3920 0.0106
15365.0000 98.3894 0.0106
15370.0000 98.3704 0.0106
15375.0000 98.3730 0.0104
15380.0000 98.3711 0.0104
15385.0000 98.3673 0.0104
15390.0000 98.3906 0.0104
15395.0000 98.3866 0.0102
15400.0000 98.3480 0.0106
15405.0000 98.3390 0.0103
15410.0000 98.2983 0.0102
15415.0000 98.2881 0.0102
15420.0000 98.3082 0.0103
15425.0000 98.3328 0.0099
15430.0000 98.3383 0.0098
15435.0000 98.3406 0.0099
15440.0000 98.3505 0.0101
15445.0000 98.3504 0.0099
15450.0000 98.3861 0.0098
15455.0000 98.3715 0.0098
15460.0000 98.3697 0.0099
15465.0000 98.4008 0.0102
15470.0000 98.3694 0.0102
15475.0000 98.3513 0.0102
15480.0000 98.3727 0.0102
15485.0000 98.3513 0.0104
15490.0000 98.3608 0.0103
15495.0000 98.3580 0.0098
15500.0000 98.3160 0.0101
15505.0000 98.3389 0.0100
15510.0000 98.4126 0.0101
15515.0000 98.4204 0.0098
15520.0000 98.4224 0.0093
15525.0000 98.4583 0.0092
15530.0000 98.4834 0.0090
15535.0000 98.4975 0.0088
15540.0000 98.5295 0.0086
15545.0000 98.5180 0.0085
15550.0000 98.5404 0.0081
15555.0000 98.5465 0.0081
15560.0000 98.5275 0.0084
15565.0000 98.5235 0.0083
15570.0000 98.5444 0.0080
15575.0000 98.5252 0.0085
15580.0000 98.5214 0.0082
15585.0000 98.5350 0.0077
15590.0000 98.5273 0.0078
15595.0000 98.5342 0.0076
15600.0000 98.5455 0.0077
15605.0000 98.5425 0.0076
15610.0000 98.5475 0.0075
15615.0000 98.5623 0.0076
15620.0000 98.5622 0.0074
15625.0000 98.5598 0.0075
15630.0000 98.5746 0.0075
15635.0000 98.5548 0.0076
15640.0000 98.5579 0.0077
15645.0000 98.5467 0.0081
15650.0000 98.5600 0.0080
15655.0000 98.5676 0.0082
15660.0000 98.5771 0.0082
15665.0000 98.5778 0.0082
15670.0000 98.5823 0.0082
15675.0000 98.5785 0.0082
15680.0000 98.5676 0.0083
15685.0000 98.5713 0.0083
15690.0000 98.5635 0.0082
15695.0000 98.5702 0.0082
15700.0000 98.5580 0.0083
15705.0000 98.5619 0.0083
15710.0000 98.5691 0.0082
15715.0000 98.5733 0.0081
15720.0000 98.5749 0.0082
15725.0000 98.5749 0.0080
15730.0000 98.5772 0.0081
15735.0000 98.5787 0.0080
15740.0000 98.5835 0.0080
15745.0000 98.5737 0.0082
15750.0000 98.5865 0.0080
15755.0000 98.5825 0.0080
15760.0000 98.5720 0.0080
15765.0000 98.5529 0.0085
15770.0000 98.5639 0.0085
15775.0000 98.5598 0.0084
15780.0000 98.5674 0.0084
15785.0000 98.5466 0.0087
15790.0000 98.5813 0.0083
15795.0000 98.5430 0.0088
15800.0000 98.5419 0.0085
15805.0000 98.4937 0.0091
15810.0000 98.4864 0.0092
15815.0000 98.4977 0.0091
15820.0000 98.5093 0.0095
15825.0000 98.5219 0.0095
15830.0000 98.5390 0.0098
15835.0000 98.5813 0.0093
15840.0000 98.6071 0.0098
15845.0000 98.5917 0.0096
15850.0000 98.6070 0.0093
15855.0000 98.5737 0.0093
15860.0000 98.5967 0.0096
15865.0000 98.6292 0.0094
15870.0000 98.6675 0.0090
15875.0000 98.6519 0.0089
15880.0000 98.6672 0.0089
15885.0000 98.6703 0.0087
15890.0000 98.6488 0.0085
15895.0000 98.6536 0.0084
15900.0000 98.6625 0.0088
15905.0000 98.6657 0.0087
15910.0000 98.6757 0.0089
15915.0000 98.6836 0.0084
15920.0000 98.6896 0.0080
15925.0000 98.7088 0.0080
15930.0000 98.7156 0.0079
15935.0000 98.7109 0.0080
15940.0000 98.6909 0.0083
15945.0000 98.7045 0.0082
15950.0000 98.7608 0.0074
15955.0000 98.7650 0.0075
15960.0000 98.7732 0.0071
15965.0000 98.7773 0.0072
15970.0000 98.7708 0.0070
15975.0000 98.7624 0.0072
15980.0000 98.7490 0.0075
15985.0000 98.7380 0.0074
15990.0000 98.7565 0.0073
15995.0000 98.7639 0.0071
16000.0000 98.7885 0.0067
16005.0000 98.7746 0.0068
16010.0000 98.7505 0.0072
16015.0000 98.7598 0.0068
16020.0000 98.7096 0.0076
16025.0000 98.7093 0.0075
16030.0000 98.7183 0.0075
16035.0000 98.7094 0.0079
16040.0000 98.7005 0.0078
16045.0000 98.7109 0.0077
16050.0000 98.7187 0.0073
16055.0000 98.6790 0.0077
16060.0000 98.6843 0.0079
16065.0000 98.6695 0.0081
16070.0000 98.6868 0.0076
16075.0000 98.6930 0.0079
16080.0000 98.7101 0.0074
16085.0000 98.7146 0.0071
16090.0000 98.7175 0.0071
16095.0000 98.7126 0.0075
16100.0000 98.7046 0.0078
16105.0000 98.6962 0.0076
16110.0000 98.6911 0.0078
16115.0000 98.7007 0.0080
16120.0000 98.7167 0.0075
16125.0000 98.6918 0.0083
16130.0000 98.7046 0.0079
16135.0000 98.7332 0.0075
16140.0000 98.7215 0.0074
16145.0000 98.7411 0.0074
16150.0000 98.7465 0.0076
16155.0000 98.7330 0.0079
16160.0000 98.6912 0.0083
16165.0000 98.6730 0.0081
16170.0000 98.6768 0.0076
16175.0000 98.6797 0.0081
16180.0000 98.6842 0.0084
16185.0000 98.6499 0.0083
16190.0000 98.6582 0.0083
16195.0000 98.6582 0.0081
16200.0000 98.6590 0.0084
16205.0000 98.6488 0.0082
16210.0000 98.6221 0.0087
16215.0000 98.6343 0.0090
16220.0000 98.6457 0.0087
16225.0000 98.6309 0.0084
16230.0000 98.6263 0.0088
16235.0000 98.6474 0.0086
16240.0000 98.6743 0.0081
16245.0000 98.6868 0.0077
16250.0000 98.6882 0.0075
16255.0000 98.6680 0.0074
16260.0000 98.6766 0.0076
16265.0000 98.6681 0.0078
16270.0000 98.7059 0.0082
16275.0000 98.7097 0.0086
16280.0000 98.6912 0.0086
16285.0000 98.7051 0.0084
16290.0000 98.7066 0.0087
16295.0000 98.7392 0.0081
16300.0000 98.7317 0.0081
16305.0000 98.6819 0.0090
16310.0000 98.7080 0.0086
16315.0000 98.7260 0.0082
16320.0000 98.7122 0.0086
16325.0000 98.7069 0.0085
16330.0000 98.7081 0.0084
16335.0000 98.7023 0.0086
16340.0000 98.7011 0.0086
16345.0000 98.7295 0.0083
16350.0000 98.7459 0.0081
16355.0000 98.7709 0.0079
16360.0000 98.7619 0.0079
16365.0000 98.7619 0.0080
16370.0000 98.7690 0.0078
16375.0000 98.7703 0.0078
16380.0000 98.7491 0.0081
16385.0000 98.7378 0.0080
16390.0000 98.7065 0.0084
16395.0000 98.6983 0.0081
16400.0000 98.6920 0.0084
16405.0000 98.6975 0.0082
16410.0000 98.6827 0.0087
16415.0000 98.6716 0.0086
16420.0000 98.6472 0.0090
16425.0000 98.6447 0.0087
16430.0000 98.6339 0.0086
16435.0000 98.6166 0.0089
16440.0000 98.6155 0.0089
16445.0000 98.6087 0.0092
16450.0000 98.6037 0.0091
16455.0000 98.5606 0.0097
16460.0000 98.5270 0.0097
16465.0000 98.5861 0.0096
16470.0000 98.5625 0.0101
16475.0000 98.5851 0.0101
16480.0000 98.5983 0.0105
16485.0000 98.5665 0.0110
16490.0000 98.6311 0.0098
16495.0000 98.6314 0.0097
16500.0000 98.6311 0.0097
16505.0000 98.6363 0.0105
16510.0000 98.6369 0.0104
16515.0000 98.6577 0.0099
16520.0000 98.6533 0.0098
16525.0000 98.6314 0.0099
16530.0000 98.6585 0.0098
16535.0000 98.6735 0.0097
16540.0000 98.7032 0.0094
16545.0000 98.6926 0.0094
16550.0000 98.6819 0.0097
16555.0000 98.7219 0.0094
16560.0000 98.7235 0.0091
16565.0000 98.6983 0.0094
16570.0000 98.6917 0.0095
16575.0000 98.6907 0.0093
16580.0000 98.7127 0.0091
16585.0000 98.7119 0.0092
16590.0000 98.7339 0.0090
16595.0000 98.7203 0.0092
16600.0000 98.7291 0.0092
16605.0000 98.7658 0.0086
16610.0000 98.7521 0.0087
16615.0000 98.7443 0.0088
16620.0000 98.7503 0.0088
16625.0000 98.7488 0.0086
16630.0000 98.7288 0.0090
16635.0000 98.7191 0.0091
16640.0000 98.7191 0.0093
16645.0000 98.7187 0.0090
16650.0000 98.7057 0.0093
16655.0000 98.6852 0.0095
16660.0000 98.6842 0.0094
16665.0000 98.6777 0.0094
16670.0000 98.6674 0.0095
16675.0000 98.6543 0.0096
16680.0000 98.6494 0.0095
16685.0000 98.6460 0.0093
16690.0000 98.6274 0.0094
16695.0000 98.5877 0.0096
16700.0000 98.5881 0.0095
16705.0000 98.5930 0.0094
16710.0000 98.5489 0.0100
16715.0000 98.5284 0.0105
16720.0000 98.4901 0.0107
16725.0000 98.5101 0.0099
16730.0000 98.5269 0.0096
16735.0000 98.4426 0.0101
16740.0000 98.4637 0.0100
16745.0000 98.4802 0.0100
16750.0000 98.4883 0.0097
16755.0000 98.4674 0.0098
16760.0000 98.4732 0.0096
16765.0000 98.5071 0.0096
16770.0000 98.5103 0.0098
16775.0000 98.4879 0.0097
16780.0000 98.5000 0.0095
16785.0000 98.5014 0.0094
16790.0000 98.4957 0.0093
16795.0000 98.4801 0.0092
16800.0000 98.4631 0.0090
16805.0000 98.5006 0.0089
16810.0000 98.4735 0.0090
16815.0000 98.4877 0.0085
16820.0000 98.5050 0.0086
16825.0000 98.4908 0.0089
16830.0000 98.4407 0.0091
16835.0000 98.4499 0.0090
16840.0000 98.4318 0.0089
16845.0000 98.3993 0.0090
16850.0000 98.4378 0.0090
16855.0000 98.4179 0.0097
16860.0000 98.4167 0.0097
16865.0000 98.3973 0.0102
16870.0000 98.4415 0.0097
16875.0000 98.4300 0.0101
16880.0000 98.4285 0.0104
16885.0000 98.4717 0.0099
16890.0000 98.5086 0.0105
16895.0000 98.5003 0.0102
16900.0000 98.4547 0.0108
16905.0000 98.4636 0.0104
16910.0000 98.5092 0.0103
16915.0000 98.5067 0.0108
16920.0000 98.5240 0.0112
16925.0000 98.5435 0.0113
16930.0000 98.5179 0.0111
16935.0000 98.5752 0.0104
16940.0000 98.5700 0.0106
16945.0000 98.5393 0.0108
16950.0000 98.5273 0.0113
16955.0000 98.5136 0.0108
16960.0000 98.5205 0.0102
16965.0000 98.4710 0.0109
16970.0000 98.4385 0.0106
16975.0000 98.4527 0.0102
16980.0000 98.4568 0.0108
16985.0000 98.4946 0.0100
16990.0000 98.4671 0.0109
16995.0000 98.4540 0.0106
17000.0000 98.4295 0.0107
17005.0000 98.4172 0.0105
17010.0000 98.4262 0.0104
17015.0000 98.4619 0.0107
17020.0000 98.4533 0.0109
17025.0000 98.4783 0.0103
17030.0000 98.4495 0.0103
17035.0000 98.4070 0.0101
17040.0000 98.3526 0.0108
17045.0000 98.4024 0.0103
17050.0000 98.3791 0.0107
17055.0000 98.3580 0.0102
17060.0000 98.3565 0.0110
17065.0000 98.3124 0.0114
17070.0000 98.3807 0.0113
17075.0000 98.3636 0.0115
17080.0000 98.3483 0.0117
17085.0000 98.3401 0.0121
17090.0000 98.3261 0.0116
17095.0000 98.3703 0.0116
17100.0000 98.3490 0.0114
17105.0000 98.3495 0.0119
17110.0000 98.3899 0.0116
17115.0000 98.3535 0.0113
17120.0000 98.3882 0.0111
17125.0000 98.3717 0.0107
17130.0000 98.3841 0.0112
17135.0000 98.4078 0.0105
17140.0000 98.4178 0.0102
17145.0000 98.4368 0.0096
17150.0000 98.4231 0.0099
17155.0000 98.3665 0.0104
17160.0000 98.4356 0.0092
17165.0000 98.4346 0.0092
17170.0000 98.4009 0.0098
17175.0000 98.4047 0.0101
17180.0000 98.4111 0.0098
17185.0000 98.4395 0.0096
17190.0000 98.4615 0.0097
17195.0000 98.4658 0.0102
17200.0000 98.4669 0.0099
17205.0000 98.4847 0.0097
17210.0000 98.4912 0.0095
17215.0000 98.5213 0.0097
17220.0000 98.4988 0.0096
17225.0000 98.4710 0.0096
17230.0000 98.4717 0.0097
17235.0000 98.4640 0.0089
17240.0000 98.4436 0.0094
17245.0000 98.4505 0.0093
17250.0000 98.4527 0.0096
17255.0000 98.4548 0.0092
17260.0000 98.5099 0.0093
17265.0000 98.4764 0.0100
17270.0000 98.4897 0.0103
17275.0000 98.5269 0.0099
17280.0000 98.5170 0.0100
17285.0000 98.5109 0.0103
17290.0000 98.5285 0.0102
17295.0000 98.5501 0.0099
17300.0000 98.5472 0.0096
17305.0000 98.4925 0.0107
17310.0000 98.4523 0.0105
17315.0000 98.5188 0.0096
17320.0000 98.5233 0.0095
17325.0000 98.4951 0.0092
17330.0000 98.5042 0.0097
17335.0000 98.4963 0.0096
17340.0000 98.4637 0.0096
17345.0000 98.5167 0.0093
17350.0000 98.5448 0.0088
17355.0000 98.5428 0.0090
17360.0000 98.5174 0.0091
17365.0000 98.4906 0.0096
17370.0000 98.5227 0.0093
17375.0000 98.5478 0.0093
17380.0000 98.5811 0.0090
17385.0000 98.6415 0.0084
17390.0000 98.5802 0.0094
17395.0000 98.5476 0.0093
17400.0000 98.4856 0.0103
17405.0000 98.5335 0.0090
17410.0000 98.5458 0.0091
17415.0000 98.5552 0.0089
17420.0000 98.5267 0.0094
17425.0000 98.5126 0.0094
17430.0000 98.5427 0.0090
17435.0000 98.5206 0.0092
17440.0000 98.5835 0.0093
17445.0000 98.6331 0.0092
17450.0000 98.5798 0.0091
17455.0000 98.5468 0.0099
17460.0000 98.5288 0.0098
17465.0000 98.5048 0.0098
17470.0000 98.4928 0.0100
17475.0000 98.5343 0.0095
17480.0000 98.5537 0.0093
17485.0000 98.5320 0.0095
17490.0000 98.5270 0.0099
17495.0000 98.5426 0.0090
17500.0000 98.5289 0.0095
17505.0000 98.5423 0.0097
17510.0000 98.5007 0.0098
17515.0000 98.5292 0.0097
17520.0000 98.5186 0.0100
17525.0000 98.5286 0.0097
17530.0000 98.5592 0.0094
17535.0000 98.4834 0.0099
17540.0000 98.4644 0.0106
17545.0000 98.4109 0.0109
17550.0000 98.3986 0.0111
17555.0000 98.3326 0.0116
17560.0000 98.3569 0.0112
17565.0000 98.3731 0.0110
17570.0000 98.4491 0.0104
17575.0000 98.4433 0.0105
17580.0000 98.4648 0.0099
17585.0000 98.4250 0.0107
17590.0000 98.4469 0.0103
17595.0000 98.4061 0.0102
17600.0000 98.4082 0.0095
17605.0000 98.3539 0.0107
17610.0000 98.3764 0.0105
17615.0000 98.3446 0.0104
17620.0000 98.3328 0.0105
17625.0000 98.3337 0.0108
17630.0000 98.3157 0.0107
17635.0000 98.3627 0.0106
17640.0000 98.4171 0.0097
17645.0000 98.4659 0.0098
17650.0000 98.4497 0.0101
17655.0000 98.4155 0.0108
17660.0000 98.4483 0.0103
17665.0000 98.4846 0.0097
17670.0000 98.5008 0.0098
17675.0000 98.4798 0.0099
17680.0000 98.4824 0.0100
17685.0000 98.4662 0.0101
17690.0000 98.5033 0.0100
17695.0000 98.5034 0.0099
17700.0000 98.5084 0.0097
17705.0000 98.5388 0.0101
17710.0000 98.5284 0.0101
17715.0000 98.5550 0.0098
17720.0000 98.5551 0.0098
17725.0000 98.5536 0.0096
17730.0000 98.5159 0.0102
17735.0000 98.5033 0.0104
17740.0000 98.4999 0.0104
17745.0000 98.4911 0.0106
17750.0000 98.5043 0.0105
17755.0000 98.5082 0.0105
17760.0000 98.5235 0.0103
17765.0000 98.5183 0.0103
17770.0000 98.5119 0.0103
17775.0000 98.5002 0.0105
17780.0000 98.5118 0.0106
17785.0000 98.5091 0.0106
17790.0000 98.5091 0.0105
17795.0000 98.4915 0.0106
17800.0000 98.4834 0.0107
17805.0000 98.4868 0.0105
17810.0000 98.4761 0.0109
17815.0000 98.4723 0.0110
17820.0000 98.4656 0.0110
17825.0000 98.4687 0.0106
17830.0000 98.4430 0.0108
17835.0000 98.4433 0.0109
17840.0000 98.4262 0.0111
17845.0000 98.4471 0.0108
17850.0000 98.4147 0.0106
17855.0000 98.4275 0.0109
17860.0000 98.4219 0.0109
17865.0000 98.4581 0.0104
17870.0000 98.4184 0.0106
17875.0000 98.4041 0.0111
17880.0000 98.4306 0.0107
17885.0000 98.3868 0.0107
17890.0000 98.4097 0.0104
17895.0000 98.4096 0.0112
17900.0000 98.3851 0.0112
17905.0000 98.3419 0.0111
17910.0000 98.3514 0.0108
17915.0000 98.3441 0.0107
17920.0000 98.3470 0.0103
17925.0000 98.3743 0.0102
17930.0000 98.3523 0.0111
17935.0000 98.3525 0.0110
17940.0000 98.4165 0.0108
17945.0000 98.4442 0.0110
17950.0000 98.4270 0.0108
17955.0000 98.4400 0.0106
17960.0000 98.5019 0.0099
17965.0000 98.4045 0.0110
17970.0000 98.4145 0.0101
17975.0000 98.4075 0.0101
17980.0000 98.3580 0.0100
17985.0000 98.3822 0.0095
17990.0000 98.3572 0.0101
17995.0000 98.3937 0.0097
18000.0000 98.3744 0.0099
