# time  created  delivered  delivered/created
1.0000 1 0 0.0000
2.0000 2 0 0.0000
3.0000 3 0 0.0000
4.0000 4 0 0.0000
5.0000 5 0 0.0000
6.0000 6 0 0.0000
7.0000 7 0 0.0000
8.0000 8 0 0.0000
9.0000 9 0 0.0000
10.0000 10 0 0.0000
11.0000 11 0 0.0000
12.0000 12 0 0.0000
13.0000 13 0 0.0000
14.0000 14 0 0.0000
15.0000 15 0 0.0000
16.0000 16 0 0.0000
17.0000 17 0 0.0000
18.0000 18 0 0.0000
19.0000 19 0 0.0000
20.0000 20 0 0.0000
21.0000 21 0 0.0000
22.0000 22 0 0.0000
23.0000 23 0 0.0000
24.0000 24 0 0.0000
25.0000 25 0 0.0000
26.0000 26 0 0.0000
27.0000 27 0 0.0000
28.0000 28 0 0.0000
29.0000 29 0 0.0000
30.0000 30 0 0.0000
31.0000 31 0 0.0000
32.0000 32 0 0.0000
33.0000 33 0 0.0000
34.0000 34 0 0.0000
35.0000 35 0 0.0000
36.0000 36 0 0.0000
37.0000 37 0 0.0000
38.0000 38 0 0.0000
39.0000 39 0 0.0000
40.0000 40 0 0.0000
41.0000 41 0 0.0000
42.0000 42 0 0.0000
43.0000 43 0 0.0000
44.0000 44 0 0.0000
45.0000 45 0 0.0000
46.0000 46 0 0.0000
47.0000 47 0 0.0000
48.0000 48 0 0.0000
49.0000 49 0 0.0000
50.0000 50 0 0.0000
51.0000 51 0 0.0000
52.0000 52 0 0.0000
53.0000 53 0 0.0000
54.0000 54 0 0.0000
55.0000 55 0 0.0000
56.0000 56 0 0.0000
57.0000 57 0 0.0000
58.0000 58 0 0.0000
59.0000 59 0 0.0000
60.0000 60 0 0.0000
61.0000 61 0 0.0000
62.0000 62 0 0.0000
63.0000 63 0 0.0000
64.0000 64 0 0.0000
65.0000 65 0 0.0000
66.0000 66 0 0.0000
67.0000 67 0 0.0000
68.0000 68 0 0.0000
69.0000 69 0 0.0000
70.0000 70 0 0.0000
71.0000 71 0 0.0000
72.0000 72 0 0.0000
73.0000 73 0 0.0000
74.0000 74 0 0.0000
75.0000 75 0 0.0000
76.0000 76 0 0.0000
77.0000 77 0 0.0000
78.0000 78 0 0.0000
79.0000 79 0 0.0000
80.0000 80 0 0.0000
81.0000 81 0 0.0000
82.0000 82 0 0.0000
83.0000 83 0 0.0000
84.0000 84 0 0.0000
85.0000 85 0 0.0000
85.0000 86 0 0.0000
86.0000 87 0 0.0000
87.0000 88 0 0.0000
88.0000 89 0 0.0000
89.0000 90 0 0.0000
90.0000 91 0 0.0000
91.0000 92 0 0.0000
92.0000 93 0 0.0000
93.0000 94 0 0.0000
94.0000 95 0 0.0000
95.0000 96 0 0.0000
96.0000 97 0 0.0000
97.0000 98 0 0.0000
98.0000 99 0 0.0000
99.0000 100 0 0.0000
100.0000 101 0 0.0000
101.0000 102 0 0.0000
102.0000 103 0 0.0000
103.0000 104 0 0.0000
104.0000 105 0 0.0000
105.0000 106 0 0.0000
106.0000 107 0 0.0000
107.0000 108 0 0.0000
108.0000 109 0 0.0000
109.0000 110 0 0.0000
110.0000 111 0 0.0000
111.0000 112 0 0.0000
112.0000 113 0 0.0000
113.0000 114 0 0.0000
114.0000 115 0 0.0000
115.0000 116 0 0.0000
116.0000 117 0 0.0000
117.0000 118 0 0.0000
118.0000 119 0 0.0000
119.0000 120 0 0.0000
120.0000 121 0 0.0000
121.0000 122 0 0.0000
122.0000 123 0 0.0000
123.0000 124 0 0.0000
124.0000 125 0 0.0000
125.0000 126 0 0.0000
130.0000 127 0 0.0000
130.0000 127 1 0.0079
348.0000 128 1 0.0078
511.0000 129 1 0.0078
511.0000 129 2 0.0155
636.0000 130 2 0.0154
756.0000 131 2 0.0153
876.0000 132 2 0.0152
876.0000 132 3 0.0227
912.0000 133 3 0.0226
912.0000 133 4 0.0301
978.0000 134 4 0.0299
1049.0000 135 4 0.0296
1057.0000 136 4 0.0294
1057.0000 136 5 0.0368
1132.0000 136 6 0.0441
1149.0000 136 7 0.0515
1157.0000 137 7 0.0511
1157.0000 137 8 0.0584
1158.0000 138 8 0.0580
1158.0000 138 9 0.0652
1197.0000 139 9 0.0647
1197.0000 139 10 0.0719
1199.0000 140 10 0.0714
1199.0000 140 11 0.0786
1206.0000 141 11 0.0780
1206.0000 141 12 0.0851
1229.0000 142 12 0.0845
1229.0000 142 13 0.0915
1230.0000 143 13 0.0909
1230.0000 143 14 0.0979
1254.0000 144 14 0.0972
1254.0000 144 15 0.1042
1297.0000 145 15 0.1034
1297.0000 145 16 0.1103
1324.0000 146 16 0.1096
1477.0000 147 16 0.1088
1477.0000 147 17 0.1156
1572.0000 148 17 0.1149
1778.0000 149 17 0.1141
1778.0000 149 18 0.1208
1791.0000 150 18 0.1200
1853.0000 151 18 0.1192
2002.0000 152 18 0.1184
2002.0000 152 19 0.1250
2016.0000 153 19 0.1242
2101.0000 154 19 0.1234
2101.0000 154 20 0.1299
2119.0000 154 21 0.1364
2140.0000 155 21 0.1355
2140.0000 155 22 0.1419
2190.0000 156 22 0.1410
2267.0000 156 23 0.1474
2310.0000 157 23 0.1465
2313.0000 158 23 0.1456
2313.0000 158 24 0.1519
2411.0000 159 24 0.1509
2411.0000 159 25 0.1572
2417.0000 159 26 0.1635
2419.0000 160 26 0.1625
2419.0000 160 27 0.1688
2433.0000 160 28 0.1750
2441.0000 161 28 0.1739
2441.0000 161 29 0.1801
2462.0000 162 29 0.1790
2462.0000 162 30 0.1852
2464.0000 163 30 0.1840
2464.0000 163 31 0.1902
2486.0000 164 31 0.1890
2511.0000 165 31 0.1879
2511.0000 165 32 0.1939
2520.0000 166 32 0.1928
2520.0000 166 33 0.1988
2522.0000 167 33 0.1976
2522.0000 167 34 0.2036
2523.0000 168 34 0.2024
2523.0000 168 35 0.2083
2533.0000 169 35 0.2071
2533.0000 169 36 0.2130
2538.0000 170 36 0.2118
2538.0000 170 37 0.2176
2540.0000 171 37 0.2164
2540.0000 171 38 0.2222
2540.0000 172 38 0.2209
2540.0000 172 39 0.2267
2541.0000 173 39 0.2254
2541.0000 173 40 0.2312
2543.0000 174 40 0.2299
2543.0000 174 41 0.2356
2549.0000 175 41 0.2343
2549.0000 175 42 0.2400
2560.0000 176 42 0.2386
2560.0000 176 43 0.2443
2583.0000 177 43 0.2429
2583.0000 177 44 0.2486
2586.0000 178 44 0.2472
2586.0000 178 45 0.2528
2589.0000 179 45 0.2514
2589.0000 179 46 0.2570
2592.0000 180 46 0.2556
2592.0000 180 47 0.2611
2593.0000 181 47 0.2597
2593.0000 181 48 0.2652
2594.0000 182 48 0.2637
2594.0000 182 49 0.2692
2604.0000 183 49 0.2678
2604.0000 183 50 0.2732
2604.0000 184 50 0.2717
2604.0000 184 51 0.2772
2607.0000 185 51 0.2757
2607.0000 185 52 0.2811
2610.0000 186 52 0.2796
2610.0000 186 53 0.2849
2619.0000 187 53 0.2834
2619.0000 187 54 0.2888
2620.0000 188 54 0.2872
2620.0000 188 55 0.2926
2621.0000 189 55 0.2910
2621.0000 189 56 0.2963
2621.0000 190 56 0.2947
2621.0000 190 57 0.3000
2621.0000 191 57 0.2984
2621.0000 191 58 0.3037
2621.0000 192 58 0.3021
2621.0000 192 59 0.3073
2622.0000 193 59 0.3057
2622.0000 193 60 0.3109
2625.0000 194 60 0.3093
2625.0000 194 61 0.3144
2634.0000 195 61 0.3128
2634.0000 195 62 0.3179
2635.0000 195 63 0.3231
2640.0000 196 63 0.3214
2640.0000 196 64 0.3265
2642.0000 197 64 0.3249
2642.0000 197 65 0.3299
2646.0000 198 65 0.3283
2646.0000 198 66 0.3333
2648.0000 199 66 0.3317
2648.0000 199 67 0.3367
2649.0000 200 67 0.3350
2649.0000 200 68 0.3400
2651.0000 201 68 0.3383
2651.0000 201 69 0.3433
2651.0000 202 69 0.3416
2651.0000 202 70 0.3465
2651.0000 203 70 0.3448
2651.0000 203 71 0.3498
2654.0000 204 71 0.3480
2654.0000 204 72 0.3529
2655.0000 205 72 0.3512
2655.0000 205 73 0.3561
2655.0000 206 73 0.3544
2655.0000 206 74 0.3592
2658.0000 207 74 0.3575
2658.0000 207 75 0.3623
2658.0000 208 75 0.3606
2658.0000 208 76 0.3654
2658.0000 209 76 0.3636
2658.0000 209 77 0.3684
2658.0000 210 77 0.3667
2658.0000 210 78 0.3714
2661.0000 211 78 0.3697
2661.0000 211 79 0.3744
2663.0000 212 79 0.3726
2663.0000 212 80 0.3774
2664.0000 213 80 0.3756
2664.0000 213 81 0.3803
2668.0000 214 81 0.3785
2668.0000 214 82 0.3832
2668.0000 215 82 0.3814
2668.0000 215 83 0.3860
2668.0000 216 83 0.3843
2668.0000 216 84 0.3889
2669.0000 217 84 0.3871
2669.0000 217 85 0.3917
2669.0000 218 85 0.3899
2669.0000 218 86 0.3945
2670.0000 219 86 0.3927
2670.0000 219 87 0.3973
2671.0000 220 87 0.3955
2671.0000 220 88 0.4000
2672.0000 221 88 0.3982
2672.0000 221 89 0.4027
2672.0000 222 89 0.4009
2672.0000 222 90 0.4054
2674.0000 223 90 0.4036
2674.0000 223 91 0.4081
2674.0000 224 91 0.4063
2674.0000 224 92 0.4107
2676.0000 225 92 0.4089
2676.0000 225 93 0.4133
2676.0000 226 93 0.4115
2676.0000 226 94 0.4159
2677.0000 227 94 0.4141
2677.0000 227 95 0.4185
2678.0000 228 95 0.4167
2678.0000 228 96 0.4211
2678.0000 229 96 0.4192
2678.0000 229 97 0.4236
2680.0000 230 97 0.4217
2680.0000 230 98 0.4261
2680.0000 231 98 0.4242
2680.0000 231 99 0.4286
2680.0000 232 99 0.4267
2680.0000 232 100 0.4310
2681.0000 233 100 0.4292
2681.0000 233 101 0.4335
2682.0000 234 101 0.4316
2682.0000 234 102 0.4359
2683.0000 235 102 0.4340
2683.0000 235 103 0.4383
2683.0000 236 103 0.4364
2683.0000 236 104 0.4407
2684.0000 237 104 0.4388
2684.0000 237 105 0.4430
2685.0000 238 105 0.4412
2685.0000 238 106 0.4454
2686.0000 239 106 0.4435
2686.0000 239 107 0.4477
2686.0000 240 107 0.4458
2686.0000 240 108 0.4500
2689.0000 241 108 0.4481
2689.0000 241 109 0.4523
2691.0000 242 109 0.4504
2691.0000 242 110 0.4545
2692.0000 243 110 0.4527
2692.0000 243 111 0.4568
2692.0000 244 111 0.4549
2692.0000 244 112 0.4590
2695.0000 245 112 0.4571
2695.0000 245 113 0.4612
2696.0000 246 113 0.4593
2696.0000 246 114 0.4634
2697.0000 247 114 0.4615
2697.0000 247 115 0.4656
2698.0000 248 115 0.4637
2698.0000 248 116 0.4677
2698.0000 249 116 0.4659
2698.0000 249 117 0.4699
2700.0000 250 117 0.4680
2700.0000 250 118 0.4720
2700.0000 251 118 0.4701
2700.0000 251 119 0.4741
2701.0000 252 119 0.4722
2701.0000 252 120 0.4762
2701.0000 253 120 0.4743
2701.0000 253 121 0.4783
2701.0000 254 121 0.4764
2701.0000 254 122 0.4803
2701.0000 255 122 0.4784
2701.0000 255 123 0.4824
2703.0000 256 123 0.4805
2703.0000 256 124 0.4844
2704.0000 257 124 0.4825
2704.0000 257 125 0.4864
2704.0000 258 125 0.4845
2704.0000 258 126 0.4884
2705.0000 259 126 0.4865
2705.0000 259 127 0.4903
2707.0000 260 127 0.4885
2707.0000 260 128 0.4923
2708.0000 261 128 0.4904
2708.0000 261 129 0.4943
2708.0000 262 129 0.4924
2708.0000 262 130 0.4962
2708.0000 263 130 0.4943
2708.0000 263 131 0.4981
2710.0000 264 131 0.4962
2710.0000 264 132 0.5000
2711.0000 265 132 0.4981
2711.0000 265 133 0.5019
2712.0000 266 133 0.5000
2712.0000 266 134 0.5038
2714.0000 267 134 0.5019
2714.0000 267 135 0.5056
2716.0000 268 135 0.5037
2716.0000 268 136 0.5075
2717.0000 269 136 0.5056
2717.0000 269 137 0.5093
2717.0000 270 137 0.5074
2717.0000 270 138 0.5111
2718.0000 271 138 0.5092
2718.0000 271 139 0.5129
2719.0000 272 139 0.5110
2719.0000 272 140 0.5147
2720.0000 273 140 0.5128
2720.0000 273 141 0.5165
2722.0000 274 141 0.5146
2722.0000 274 142 0.5182
2722.0000 275 142 0.5164
2722.0000 275 143 0.5200
2722.0000 276 143 0.5181
2722.0000 276 144 0.5217
2723.0000 277 144 0.5199
2723.0000 277 145 0.5235
2724.0000 278 145 0.5216
2724.0000 278 146 0.5252
2724.0000 279 146 0.5233
2724.0000 279 147 0.5269
2725.0000 280 147 0.5250
2725.0000 280 148 0.5286
2725.0000 281 148 0.5267
2725.0000 281 149 0.5302
2727.0000 282 149 0.5284
2727.0000 282 150 0.5319
2727.0000 283 150 0.5300
2727.0000 283 151 0.5336
2727.0000 284 151 0.5317
2727.0000 284 152 0.5352
2728.0000 285 152 0.5333
2728.0000 285 153 0.5368
2730.0000 286 153 0.5350
2730.0000 286 154 0.5385
2732.0000 287 154 0.5366
2732.0000 287 155 0.5401
2732.0000 288 155 0.5382
2732.0000 288 156 0.5417
2732.0000 289 156 0.5398
2732.0000 289 157 0.5433
2733.0000 290 157 0.5414
2733.0000 290 158 0.5448
2733.0000 291 158 0.5430
2733.0000 291 159 0.5464
2734.0000 292 159 0.5445
2734.0000 292 160 0.5479
2735.0000 293 160 0.5461
2735.0000 293 161 0.5495
2736.0000 294 161 0.5476
2736.0000 294 162 0.5510
2737.0000 295 162 0.5492
2737.0000 295 163 0.5525
2737.0000 296 163 0.5507
2737.0000 296 164 0.5541
2739.0000 297 164 0.5522
2739.0000 297 165 0.5556
2739.0000 298 165 0.5537
2739.0000 298 166 0.5570
2740.0000 299 166 0.5552
2740.0000 299 167 0.5585
2740.0000 300 167 0.5567
2740.0000 300 168 0.5600
2742.0000 301 168 0.5581
2742.0000 301 169 0.5615
2742.0000 302 169 0.5596
2742.0000 302 170 0.5629
2743.0000 303 170 0.5611
2743.0000 303 171 0.5644
2744.0000 304 171 0.5625
2744.0000 304 172 0.5658
2745.0000 305 172 0.5639
2745.0000 305 173 0.5672
2746.0000 306 173 0.5654
2746.0000 306 174 0.5686
2746.0000 307 174 0.5668
2746.0000 307 175 0.5700
2747.0000 308 175 0.5682
2747.0000 308 176 0.5714
2747.0000 309 176 0.5696
2747.0000 309 177 0.5728
2749.0000 310 177 0.5710
2749.0000 310 178 0.5742
2750.0000 311 178 0.5723
2750.0000 311 179 0.5756
2751.0000 312 179 0.5737
2751.0000 312 180 0.5769
2751.0000 313 180 0.5751
2751.0000 313 181 0.5783
2752.0000 314 181 0.5764
2752.0000 314 182 0.5796
2752.0000 315 182 0.5778
2752.0000 315 183 0.5810
2752.0000 316 183 0.5791
2752.0000 316 184 0.5823
2753.0000 317 184 0.5804
2753.0000 317 185 0.5836
2754.0000 318 185 0.5818
2754.0000 319 185 0.5799
2754.0000 319 186 0.5831
2754.0000 320 186 0.5813
2754.0000 320 187 0.5844
2755.0000 321 187 0.5826
2755.0000 321 188 0.5857
2755.0000 322 188 0.5839
2755.0000 322 189 0.5870
2757.0000 323 189 0.5851
2757.0000 323 190 0.5882
2757.0000 324 190 0.5864
2757.0000 324 191 0.5895
2758.0000 325 191 0.5877
2758.0000 325 192 0.5908
2758.0000 326 192 0.5890
2758.0000 326 193 0.5920
2759.0000 327 193 0.5902
2759.0000 327 194 0.5933
2759.0000 328 194 0.5915
2759.0000 328 195 0.5945
2760.0000 329 195 0.5927
2760.0000 329 196 0.5957
2761.0000 330 196 0.5939
2761.0000 330 197 0.5970
2762.0000 331 197 0.5952
2762.0000 331 198 0.5982
2763.0000 332 198 0.5964
2763.0000 332 199 0.5994
2764.0000 333 199 0.5976
2764.0000 333 200 0.6006
2766.0000 334 200 0.5988
2766.0000 334 201 0.6018
2767.0000 335 201 0.6000
2767.0000 335 202 0.6030
2768.0000 336 202 0.6012
2768.0000 336 203 0.6042
2769.0000 337 203 0.6024
2769.0000 337 204 0.6053
2771.0000 338 204 0.6036
2771.0000 338 205 0.6065
2771.0000 339 205 0.6047
2771.0000 339 206 0.6077
2771.0000 340 206 0.6059
2771.0000 340 207 0.6088
2771.0000 341 207 0.6070
2771.0000 341 208 0.6100
2772.0000 342 208 0.6082
2772.0000 342 209 0.6111
2774.0000 343 209 0.6093
2774.0000 343 210 0.6122
2774.0000 344 210 0.6105
2774.0000 344 211 0.6134
2774.0000 345 211 0.6116
2774.0000 345 212 0.6145
2775.0000 346 212 0.6127
2775.0000 346 213 0.6156
2775.0000 347 213 0.6138
2775.0000 347 214 0.6167
2776.0000 348 214 0.6149
2776.0000 348 215 0.6178
2776.0000 349 215 0.6160
2776.0000 349 216 0.6189
2776.0000 350 216 0.6171
2776.0000 350 217 0.6200
2776.0000 351 217 0.6182
2776.0000 351 218 0.6211
2777.0000 352 218 0.6193
2777.0000 352 219 0.6222
2779.0000 353 219 0.6204
2779.0000 353 220 0.6232
2781.0000 354 220 0.6215
2781.0000 354 221 0.6243
2782.0000 355 221 0.6225
2782.0000 355 222 0.6254
2782.0000 356 222 0.6236
2782.0000 356 223 0.6264
2783.0000 357 223 0.6246
2783.0000 357 224 0.6275
2784.0000 358 224 0.6257
2784.0000 358 225 0.6285
2784.0000 359 225 0.6267
2784.0000 359 226 0.6295
2785.0000 360 226 0.6278
2785.0000 360 227 0.6306
2785.0000 361 227 0.6288
2785.0000 361 228 0.6316
2786.0000 362 228 0.6298
2786.0000 362 229 0.6326
2787.0000 363 229 0.6309
2787.0000 363 230 0.6336
2787.0000 364 230 0.6319
2787.0000 364 231 0.6346
2788.0000 365 231 0.6329
2788.0000 365 232 0.6356
2789.0000 366 232 0.6339
2789.0000 366 233 0.6366
2789.0000 367 233 0.6349
2789.0000 367 234 0.6376
2790.0000 368 234 0.6359
2790.0000 368 235 0.6386
2792.0000 369 235 0.6369
2792.0000 369 236 0.6396
2792.0000 370 236 0.6378
2792.0000 370 237 0.6405
2793.0000 371 237 0.6388
2793.0000 371 238 0.6415
2793.0000 372 238 0.6398
2793.0000 372 239 0.6425
2793.0000 373 239 0.6408
2793.0000 373 240 0.6434
2795.0000 374 240 0.6417
2795.0000 374 241 0.6444
2796.0000 375 241 0.6427
2796.0000 375 242 0.6453
2798.0000 376 242 0.6436
2798.0000 376 243 0.6463
2800.0000 377 243 0.6446
2800.0000 377 244 0.6472
2802.0000 378 244 0.6455
2802.0000 378 245 0.6481
2803.0000 379 245 0.6464
2803.0000 379 246 0.6491
2803.0000 380 246 0.6474
2803.0000 380 247 0.6500
2805.0000 381 247 0.6483
2805.0000 381 248 0.6509
2808.0000 382 248 0.6492
2808.0000 382 249 0.6518
2808.0000 383 249 0.6501
2808.0000 383 250 0.6527
2809.0000 384 250 0.6510
2809.0000 384 251 0.6536
2809.0000 385 251 0.6519
2809.0000 385 252 0.6545
2809.0000 386 252 0.6528
2809.0000 386 253 0.6554
2810.0000 387 253 0.6537
2810.0000 387 254 0.6563
2811.0000 388 254 0.6546
2811.0000 388 255 0.6572
2812.0000 389 255 0.6555
2812.0000 389 256 0.6581
2812.0000 390 256 0.6564
2812.0000 390 257 0.6590
2814.0000 391 257 0.6573
2814.0000 391 258 0.6598
2815.0000 392 258 0.6582
2815.0000 392 259 0.6607
2815.0000 393 259 0.6590
2815.0000 393 260 0.6616
2816.0000 394 260 0.6599
2816.0000 394 261 0.6624
2816.0000 395 261 0.6608
2816.0000 395 262 0.6633
2816.0000 396 262 0.6616
2816.0000 396 263 0.6641
2818.0000 397 263 0.6625
2818.0000 397 264 0.6650
2819.0000 398 264 0.6633
2819.0000 398 265 0.6658
2819.0000 399 265 0.6642
2819.0000 399 266 0.6667
2822.0000 400 266 0.6650
2822.0000 400 267 0.6675
2822.0000 401 267 0.6658
2822.0000 401 268 0.6683
2822.0000 402 268 0.6667
2822.0000 402 269 0.6692
2823.0000 403 269 0.6675
2823.0000 403 270 0.6700
2823.0000 404 270 0.6683
2823.0000 404 271 0.6708
2825.0000 405 271 0.6691
2825.0000 405 272 0.6716
2826.0000 406 272 0.6700
2826.0000 406 273 0.6724
2827.0000 407 273 0.6708
2827.0000 407 274 0.6732
2827.0000 408 274 0.6716
2827.0000 408 275 0.6740
2829.0000 409 275 0.6724
2829.0000 409 276 0.6748
2829.0000 410 276 0.6732
2829.0000 410 277 0.6756
2830.0000 411 277 0.6740
2830.0000 411 278 0.6764
2834.0000 412 278 0.6748
2834.0000 412 279 0.6772
2835.0000 413 279 0.6755
2835.0000 413 280 0.6780
2835.0000 414 280 0.6763
2835.0000 414 281 0.6787
2838.0000 415 281 0.6771
2838.0000 415 282 0.6795
2838.0000 416 282 0.6779
2838.0000 416 283 0.6803
2839.0000 417 283 0.6787
2839.0000 417 284 0.6811
2839.0000 418 284 0.6794
2839.0000 418 285 0.6818
2840.0000 419 285 0.6802
2840.0000 419 286 0.6826
2841.0000 420 286 0.6810
2841.0000 420 287 0.6833
2841.0000 421 287 0.6817
2841.0000 421 288 0.6841
2841.0000 422 288 0.6825
2841.0000 422 289 0.6848
2841.0000 423 289 0.6832
2841.0000 423 290 0.6856
2842.0000 424 290 0.6840
2842.0000 424 291 0.6863
2842.0000 425 291 0.6847
2842.0000 425 292 0.6871
2844.0000 426 292 0.6854
2844.0000 426 293 0.6878
2844.0000 427 293 0.6862
2844.0000 427 294 0.6885
2845.0000 428 294 0.6869
2845.0000 428 295 0.6893
2845.0000 429 295 0.6876
2845.0000 429 296 0.6900
2847.0000 430 296 0.6884
2847.0000 430 297 0.6907
2848.0000 431 297 0.6891
2848.0000 431 298 0.6914
2848.0000 432 298 0.6898
2848.0000 432 299 0.6921
2851.0000 433 299 0.6905
2851.0000 433 300 0.6928
2853.0000 434 300 0.6912
2853.0000 434 301 0.6935
2855.0000 435 301 0.6920
2855.0000 435 302 0.6943
2856.0000 436 302 0.6927
2856.0000 436 303 0.6950
2860.0000 437 303 0.6934
2860.0000 437 304 0.6957
2860.0000 438 304 0.6941
2860.0000 438 305 0.6963
2863.0000 439 305 0.6948
2863.0000 439 306 0.6970
2866.0000 440 306 0.6955
2866.0000 440 307 0.6977
2866.0000 441 307 0.6961
2866.0000 441 308 0.6984
2867.0000 442 308 0.6968
2867.0000 442 309 0.6991
2869.0000 443 309 0.6975
2869.0000 443 310 0.6998
2870.0000 444 310 0.6982
2870.0000 444 311 0.7005
2876.0000 445 311 0.6989
2876.0000 445 312 0.7011
2877.0000 446 312 0.6996
2877.0000 446 313 0.7018
2880.0000 447 313 0.7002
2880.0000 447 314 0.7025
2880.0000 448 314 0.7009
2880.0000 448 315 0.7031
2880.0000 449 315 0.7016
2880.0000 449 316 0.7038
2883.0000 450 316 0.7022
2883.0000 450 317 0.7044
2883.0000 451 317 0.7029
2883.0000 451 318 0.7051
2883.0000 452 318 0.7035
2883.0000 452 319 0.7058
2884.0000 453 319 0.7042
2884.0000 453 320 0.7064
2885.0000 454 320 0.7048
2885.0000 454 321 0.7070
2885.0000 455 321 0.7055
2885.0000 455 322 0.7077
2886.0000 456 322 0.7061
2886.0000 456 323 0.7083
2886.0000 457 323 0.7068
2886.0000 457 324 0.7090
2889.0000 458 324 0.7074
2889.0000 458 325 0.7096
2890.0000 459 325 0.7081
2890.0000 459 326 0.7102
2890.0000 460 326 0.7087
2890.0000 460 327 0.7109
2890.0000 461 327 0.7093
2890.0000 461 328 0.7115
2891.0000 462 328 0.7100
2891.0000 462 329 0.7121
2892.0000 463 329 0.7106
2892.0000 463 330 0.7127
2893.0000 464 330 0.7112
2893.0000 464 331 0.7134
2894.0000 465 331 0.7118
2894.0000 465 332 0.7140
2898.0000 466 332 0.7124
2898.0000 466 333 0.7146
2899.0000 467 333 0.7131
2899.0000 467 334 0.7152
2901.0000 468 334 0.7137
2901.0000 468 335 0.7158
2901.0000 469 335 0.7143
2901.0000 469 336 0.7164
2901.0000 470 336 0.7149
2901.0000 470 337 0.7170
2902.0000 471 337 0.7155
2902.0000 471 338 0.7176
2902.0000 472 338 0.7161
2902.0000 472 339 0.7182
2908.0000 473 339 0.7167
2908.0000 473 340 0.7188
2908.0000 474 340 0.7173
2908.0000 474 341 0.7194
2911.0000 475 341 0.7179
2911.0000 475 342 0.7200
2912.0000 476 342 0.7185
2912.0000 476 343 0.7206
2915.0000 477 343 0.7191
2915.0000 477 344 0.7212
2918.0000 478 344 0.7197
2918.0000 478 345 0.7218
2918.0000 479 345 0.7203
2918.0000 479 346 0.7223
2921.0000 480 346 0.7208
2921.0000 480 347 0.7229
2923.0000 481 347 0.7214
2923.0000 481 348 0.7235
2924.0000 482 348 0.7220
2924.0000 482 349 0.7241
2926.0000 483 349 0.7226
2926.0000 483 350 0.7246
2928.0000 484 350 0.7231
2928.0000 484 351 0.7252
2929.0000 485 351 0.7237
2929.0000 485 352 0.7258
2930.0000 486 352 0.7243
2930.0000 486 353 0.7263
2931.0000 487 353 0.7248
2931.0000 487 354 0.7269
2934.0000 488 354 0.7254
2934.0000 488 355 0.7275
2935.0000 489 355 0.7260
2935.0000 489 356 0.7280
2936.0000 489 357 0.7301
2936.0000 490 357 0.7286
2936.0000 490 358 0.7306
2937.0000 491 358 0.7291
2937.0000 491 359 0.7312
2937.0000 492 359 0.7297
2937.0000 492 360 0.7317
2938.0000 493 360 0.7302
2938.0000 493 361 0.7323
2939.0000 494 361 0.7308
2939.0000 494 362 0.7328
2940.0000 495 362 0.7313
2940.0000 495 363 0.7333
2943.0000 496 363 0.7319
2944.0000 497 363 0.7304
2944.0000 497 364 0.7324
2947.0000 498 364 0.7309
2947.0000 498 365 0.7329
2947.0000 499 365 0.7315
2947.0000 499 366 0.7335
2949.0000 500 366 0.7320
2949.0000 500 367 0.7340
2954.0000 501 367 0.7325
2954.0000 501 368 0.7345
2962.0000 502 368 0.7331
2962.0000 502 369 0.7351
2969.0000 503 369 0.7336
2969.0000 503 370 0.7356
2969.0000 504 370 0.7341
2969.0000 504 371 0.7361
2970.0000 505 371 0.7347
2970.0000 505 372 0.7366
2972.0000 506 372 0.7352
2972.0000 506 373 0.7372
2974.0000 507 373 0.7357
2974.0000 507 374 0.7377
2975.0000 508 374 0.7362
2975.0000 508 375 0.7382
2975.0000 509 375 0.7367
2975.0000 509 376 0.7387
2975.0000 510 376 0.7373
2975.0000 510 377 0.7392
2976.0000 511 377 0.7378
2976.0000 511 378 0.7397
2977.0000 512 378 0.7383
2977.0000 512 379 0.7402
2977.0000 513 379 0.7388
2977.0000 513 380 0.7407
2985.0000 514 380 0.7393
2985.0000 514 381 0.7412
2987.0000 515 381 0.7398
2987.0000 515 382 0.7417
2988.0000 516 382 0.7403
2988.0000 516 383 0.7422
2988.0000 517 383 0.7408
2988.0000 517 384 0.7427
2990.0000 518 384 0.7413
2990.0000 518 385 0.7432
2991.0000 519 385 0.7418
2991.0000 519 386 0.7437
2993.0000 520 386 0.7423
2993.0000 520 387 0.7442
2993.0000 521 387 0.7428
2993.0000 521 388 0.7447
2996.0000 522 388 0.7433
2996.0000 522 389 0.7452
2998.0000 523 389 0.7438
2998.0000 523 390 0.7457
2999.0000 524 390 0.7443
2999.0000 524 391 0.7462
3000.0000 525 391 0.7448
3000.0000 525 392 0.7467
3003.0000 526 392 0.7452
3003.0000 526 393 0.7471
3004.0000 527 393 0.7457
3004.0000 527 394 0.7476
3005.0000 528 394 0.7462
3005.0000 528 395 0.7481
3005.0000 529 395 0.7467
3005.0000 529 396 0.7486
3006.0000 530 396 0.7472
3006.0000 530 397 0.7491
3008.0000 531 397 0.7476
3008.0000 531 398 0.7495
3008.0000 532 398 0.7481
3008.0000 532 399 0.7500
3010.0000 533 399 0.7486
3010.0000 533 400 0.7505
3011.0000 534 400 0.7491
3011.0000 534 401 0.7509
3012.0000 535 401 0.7495
3012.0000 535 402 0.7514
3013.0000 536 402 0.7500
3013.0000 536 403 0.7519
3015.0000 537 403 0.7505
3015.0000 537 404 0.7523
3018.0000 538 404 0.7509
3018.0000 538 405 0.7528
3019.0000 539 405 0.7514
3019.0000 539 406 0.7532
3020.0000 540 406 0.7519
3020.0000 540 407 0.7537
3020.0000 541 407 0.7523
3020.0000 541 408 0.7542
3021.0000 542 408 0.7528
3021.0000 542 409 0.7546
3023.0000 543 409 0.7532
3023.0000 544 409 0.7518
3023.0000 544 410 0.7537
3027.0000 545 410 0.7523
3027.0000 545 411 0.7541
3029.0000 546 411 0.7527
3029.0000 546 412 0.7546
3031.0000 547 412 0.7532
3031.0000 547 413 0.7550
3031.0000 548 413 0.7536
3031.0000 548 414 0.7555
3032.0000 549 414 0.7541
3032.0000 549 415 0.7559
3035.0000 550 415 0.7545
3035.0000 550 416 0.7564
3037.0000 551 416 0.7550
3037.0000 551 417 0.7568
3038.0000 552 417 0.7554
3038.0000 552 418 0.7572
3040.0000 553 418 0.7559
3040.0000 553 419 0.7577
3043.0000 554 419 0.7563
3043.0000 554 420 0.7581
3046.0000 555 420 0.7568
3046.0000 555 421 0.7586
3046.0000 556 421 0.7572
3046.0000 556 422 0.7590
3047.0000 557 422 0.7576
3047.0000 557 423 0.7594
3048.0000 558 423 0.7581
3048.0000 558 424 0.7599
3049.0000 559 424 0.7585
3049.0000 559 425 0.7603
3050.0000 560 425 0.7589
3050.0000 560 426 0.7607
3050.0000 561 426 0.7594
3050.0000 561 427 0.7611
3050.0000 562 427 0.7598
3050.0000 562 428 0.7616
3051.0000 563 428 0.7602
3051.0000 563 429 0.7620
3058.0000 564 429 0.7606
3058.0000 564 430 0.7624
3061.0000 565 430 0.7611
3061.0000 565 431 0.7628
3064.0000 566 431 0.7615
3064.0000 566 432 0.7633
3072.0000 567 432 0.7619
3072.0000 567 433 0.7637
3076.0000 568 433 0.7623
3076.0000 568 434 0.7641
3077.0000 569 434 0.7627
3077.0000 569 435 0.7645
3078.0000 570 435 0.7632
3078.0000 570 436 0.7649
3079.0000 571 436 0.7636
3079.0000 571 437 0.7653
3079.0000 572 437 0.7640
3079.0000 572 438 0.7657
3080.0000 573 438 0.7644
3080.0000 573 439 0.7661
3081.0000 574 439 0.7648
3081.0000 574 440 0.7666
3082.0000 575 440 0.7652
3082.0000 575 441 0.7670
3084.0000 576 441 0.7656
3084.0000 576 442 0.7674
3085.0000 577 442 0.7660
3085.0000 577 443 0.7678
3085.0000 578 443 0.7664
3085.0000 578 444 0.7682
3085.0000 579 444 0.7668
3085.0000 579 445 0.7686
3086.0000 580 445 0.7672
3086.0000 580 446 0.7690
3087.0000 581 446 0.7676
3087.0000 581 447 0.7694
3090.0000 582 447 0.7680
3090.0000 582 448 0.7698
3093.0000 583 448 0.7684
3093.0000 583 449 0.7702
3093.0000 584 449 0.7688
3093.0000 584 450 0.7705
3096.0000 585 450 0.7692
3096.0000 585 451 0.7709
3096.0000 586 451 0.7696
3096.0000 586 452 0.7713
3097.0000 587 452 0.7700
3097.0000 587 453 0.7717
3097.0000 588 453 0.7704
3097.0000 588 454 0.7721
3097.0000 589 454 0.7708
3097.0000 589 455 0.7725
3097.0000 590 455 0.7712
3097.0000 590 456 0.7729
3099.0000 591 456 0.7716
3099.0000 591 457 0.7733
3102.0000 592 457 0.7720
3102.0000 592 458 0.7736
3103.0000 593 458 0.7723
3103.0000 593 459 0.7740
3104.0000 594 459 0.7727
3104.0000 595 459 0.7714
3104.0000 595 460 0.7731
3104.0000 596 460 0.7718
3104.0000 596 461 0.7735
3105.0000 597 461 0.7722
3105.0000 597 462 0.7739
3105.0000 598 462 0.7726
3105.0000 598 463 0.7742
3105.0000 599 463 0.7730
3105.0000 599 464 0.7746
3106.0000 600 464 0.7733
3106.0000 600 465 0.7750
3107.0000 601 465 0.7737
3107.0000 601 466 0.7754
3108.0000 602 466 0.7741
3108.0000 602 467 0.7757
3108.0000 603 467 0.7745
3108.0000 603 468 0.7761
3113.0000 604 468 0.7748
3113.0000 604 469 0.7765
3114.0000 605 469 0.7752
3114.0000 605 470 0.7769
3114.0000 606 470 0.7756
3114.0000 606 471 0.7772
3116.0000 607 471 0.7759
3116.0000 607 472 0.7776
3120.0000 608 472 0.7763
3120.0000 608 473 0.7780
3121.0000 609 473 0.7767
3121.0000 609 474 0.7783
3122.0000 610 474 0.7770
3122.0000 610 475 0.7787
3123.0000 611 475 0.7774
3123.0000 611 476 0.7791
3124.0000 612 476 0.7778
3124.0000 612 477 0.7794
3125.0000 613 477 0.7781
3125.0000 613 478 0.7798
3126.0000 614 478 0.7785
3126.0000 614 479 0.7801
3126.0000 615 479 0.7789
3126.0000 615 480 0.7805
3127.0000 616 480 0.7792
3127.0000 616 481 0.7808
3128.0000 617 481 0.7796
3128.0000 617 482 0.7812
3129.0000 618 482 0.7799
3129.0000 618 483 0.7816
3130.0000 619 483 0.7803
3130.0000 619 484 0.7819
3132.0000 620 484 0.7806
3132.0000 620 485 0.7823
3133.0000 621 485 0.7810
3133.0000 621 486 0.7826
3133.0000 622 486 0.7814
3133.0000 622 487 0.7830
3133.0000 623 487 0.7817
3133.0000 623 488 0.7833
3134.0000 624 488 0.7821
3134.0000 624 489 0.7837
3135.0000 625 489 0.7824
3135.0000 625 490 0.7840
3136.0000 626 490 0.7827
3136.0000 626 491 0.7843
3136.0000 627 491 0.7831
3136.0000 627 492 0.7847
3137.0000 628 492 0.7834
3137.0000 628 493 0.7850
3139.0000 629 493 0.7838
3139.0000 629 494 0.7854
3140.0000 630 494 0.7841
3140.0000 630 495 0.7857
3141.0000 631 495 0.7845
3141.0000 631 496 0.7861
3141.0000 632 496 0.7848
3141.0000 632 497 0.7864
3141.0000 633 497 0.7852
3141.0000 633 498 0.7867
3143.0000 634 498 0.7855
3143.0000 634 499 0.7871
3144.0000 635 499 0.7858
3144.0000 635 500 0.7874
3145.0000 636 500 0.7862
3145.0000 636 501 0.7877
3151.0000 637 501 0.7865
3151.0000 637 502 0.7881
3151.0000 638 502 0.7868
3151.0000 638 503 0.7884
3152.0000 639 503 0.7872
3152.0000 639 504 0.7887
3153.0000 640 504 0.7875
3153.0000 640 505 0.7891
3153.0000 641 505 0.7878
3153.0000 641 506 0.7894
3154.0000 642 506 0.7882
3154.0000 642 507 0.7897
3155.0000 643 507 0.7885
3155.0000 643 508 0.7900
3156.0000 644 508 0.7888
3156.0000 644 509 0.7904
3158.0000 645 509 0.7891
3158.0000 645 510 0.7907
3158.0000 646 510 0.7895
3158.0000 646 511 0.7910
3159.0000 647 511 0.7898
3159.0000 647 512 0.7913
3159.0000 648 512 0.7901
3159.0000 648 513 0.7917
3161.0000 649 513 0.7904
3161.0000 649 514 0.7920
3161.0000 650 514 0.7908
3161.0000 650 515 0.7923
3162.0000 651 515 0.7911
3162.0000 651 516 0.7926
3162.0000 652 516 0.7914
3162.0000 652 517 0.7929
3165.0000 653 517 0.7917
3165.0000 653 518 0.7933
3165.0000 654 518 0.7920
3165.0000 654 519 0.7936
3167.0000 655 519 0.7924
3167.0000 655 520 0.7939
3167.0000 656 520 0.7927
3167.0000 656 521 0.7942
3167.0000 657 521 0.7930
3167.0000 657 522 0.7945
3169.0000 658 522 0.7933
3169.0000 658 523 0.7948
3169.0000 659 523 0.7936
3169.0000 659 524 0.7951
3170.0000 660 524 0.7939
3170.0000 660 525 0.7955
3172.0000 661 525 0.7943
3172.0000 661 526 0.7958
3174.0000 662 526 0.7946
3174.0000 662 527 0.7961
3177.0000 663 527 0.7949
3177.0000 663 528 0.7964
3177.0000 664 528 0.7952
3177.0000 664 529 0.7967
3177.0000 665 529 0.7955
3177.0000 665 530 0.7970
3178.0000 666 530 0.7958
3178.0000 666 531 0.7973
3179.0000 667 531 0.7961
3179.0000 667 532 0.7976
3181.0000 668 532 0.7964
3181.0000 668 533 0.7979
3185.0000 669 533 0.7967
3185.0000 669 534 0.7982
3185.0000 670 534 0.7970
3185.0000 670 535 0.7985
3186.0000 671 535 0.7973
3186.0000 671 536 0.7988
3188.0000 672 536 0.7976
3188.0000 672 537 0.7991
3188.0000 673 537 0.7979
3188.0000 673 538 0.7994
3190.0000 674 538 0.7982
3190.0000 674 539 0.7997
3191.0000 675 539 0.7985
3191.0000 675 540 0.8000
3192.0000 676 540 0.7988
3192.0000 676 541 0.8003
3192.0000 677 541 0.7991
3192.0000 677 542 0.8006
3192.0000 678 542 0.7994
3192.0000 678 543 0.8009
3192.0000 679 543 0.7997
3192.0000 679 544 0.8012
3196.0000 680 544 0.8000
3196.0000 680 545 0.8015
3199.0000 681 545 0.8003
3199.0000 681 546 0.8018
3200.0000 682 546 0.8006
3200.0000 682 547 0.8021
3202.0000 683 547 0.8009
3202.0000 683 548 0.8023
3202.0000 684 548 0.8012
3202.0000 684 549 0.8026
3206.0000 685 549 0.8015
3206.0000 685 550 0.8029
3208.0000 686 550 0.8017
3208.0000 686 551 0.8032
3210.0000 687 551 0.8020
3210.0000 687 552 0.8035
3210.0000 688 552 0.8023
3210.0000 688 553 0.8038
3211.0000 689 553 0.8026
3211.0000 689 554 0.8041
3212.0000 690 554 0.8029
3212.0000 690 555 0.8043
3212.0000 691 555 0.8032
3212.0000 691 556 0.8046
3215.0000 692 556 0.8035
3215.0000 692 557 0.8049
3222.0000 693 557 0.8038
3222.0000 693 558 0.8052
3223.0000 694 558 0.8040
3223.0000 694 559 0.8055
3224.0000 695 559 0.8043
3224.0000 695 560 0.8058
3225.0000 696 560 0.8046
3225.0000 696 561 0.8060
3225.0000 697 561 0.8049
3225.0000 697 562 0.8063
3225.0000 698 562 0.8052
3225.0000 698 563 0.8066
3226.0000 699 563 0.8054
3226.0000 699 564 0.8069
3227.0000 700 564 0.8057
3227.0000 700 565 0.8071
3228.0000 701 565 0.8060
3228.0000 701 566 0.8074
3228.0000 702 566 0.8063
3228.0000 702 567 0.8077
3228.0000 703 567 0.8065
3228.0000 703 568 0.8080
3228.0000 704 568 0.8068
3228.0000 704 569 0.8082
3229.0000 705 569 0.8071
3229.0000 705 570 0.8085
3232.0000 706 570 0.8074
3232.0000 706 571 0.8088
3232.0000 707 571 0.8076
3232.0000 707 572 0.8091
3234.0000 708 572 0.8079
3234.0000 708 573 0.8093
3234.0000 709 573 0.8082
3234.0000 709 574 0.8096
3235.0000 710 574 0.8085
3235.0000 710 575 0.8099
3235.0000 711 575 0.8087
3235.0000 711 576 0.8101
3237.0000 712 576 0.8090
3237.0000 712 577 0.8104
3237.0000 713 577 0.8093
3237.0000 713 578 0.8107
3238.0000 714 578 0.8095
3238.0000 714 579 0.8109
3239.0000 715 579 0.8098
3239.0000 715 580 0.8112
3239.0000 716 580 0.8101
3239.0000 716 581 0.8115
3240.0000 717 581 0.8103
3240.0000 717 582 0.8117
3240.0000 718 582 0.8106
3240.0000 718 583 0.8120
3242.0000 719 583 0.8108
3242.0000 719 584 0.8122
3243.0000 720 584 0.8111
3243.0000 720 585 0.8125
3243.0000 721 585 0.8114
3243.0000 721 586 0.8128
3245.0000 722 586 0.8116
3245.0000 722 587 0.8130
3246.0000 723 587 0.8119
3246.0000 723 588 0.8133
3246.0000 724 588 0.8122
3246.0000 724 589 0.8135
3248.0000 725 589 0.8124
3248.0000 725 590 0.8138
3249.0000 726 590 0.8127
3249.0000 726 591 0.8140
3250.0000 727 591 0.8129
3250.0000 727 592 0.8143
3251.0000 728 592 0.8132
3251.0000 728 593 0.8146
3251.0000 729 593 0.8134
3251.0000 729 594 0.8148
3252.0000 730 594 0.8137
3252.0000 730 595 0.8151
3253.0000 731 595 0.8140
3253.0000 731 596 0.8153
3253.0000 732 596 0.8142
3253.0000 732 597 0.8156
3253.0000 733 597 0.8145
3253.0000 733 598 0.8158
3254.0000 734 598 0.8147
3254.0000 734 599 0.8161
3256.0000 735 599 0.8150
3256.0000 735 600 0.8163
3256.0000 736 600 0.8152
3256.0000 736 601 0.8166
3259.0000 737 601 0.8155
3259.0000 737 602 0.8168
3264.0000 738 602 0.8157
3264.0000 738 603 0.8171
3266.0000 739 603 0.8160
3266.0000 739 604 0.8173
3268.0000 740 604 0.8162
3268.0000 740 605 0.8176
3268.0000 741 605 0.8165
3268.0000 741 606 0.8178
3269.0000 742 606 0.8167
3269.0000 742 607 0.8181
3270.0000 743 607 0.8170
3270.0000 743 608 0.8183
3270.0000 744 608 0.8172
3270.0000 744 609 0.8185
3273.0000 745 609 0.8174
3273.0000 745 610 0.8188
3274.0000 746 610 0.8177
3274.0000 746 611 0.8190
3277.0000 747 611 0.8179
3277.0000 747 612 0.8193
3278.0000 748 612 0.8182
3278.0000 748 613 0.8195
3279.0000 749 613 0.8184
3279.0000 749 614 0.8198
3279.0000 750 614 0.8187
3279.0000 750 615 0.8200
3280.0000 751 615 0.8189
3280.0000 751 616 0.8202
3281.0000 752 616 0.8191
3281.0000 752 617 0.8205
3282.0000 753 617 0.8194
3282.0000 753 618 0.8207
3282.0000 754 618 0.8196
3282.0000 754 619 0.8210
3285.0000 755 619 0.8199
3285.0000 755 620 0.8212
3286.0000 756 620 0.8201
3286.0000 756 621 0.8214
3289.0000 757 621 0.8203
3289.0000 757 622 0.8217
3289.0000 758 622 0.8206
3289.0000 758 623 0.8219
3290.0000 759 623 0.8208
3290.0000 759 624 0.8221
3291.0000 760 624 0.8211
3291.0000 760 625 0.8224
3294.0000 761 625 0.8213
3294.0000 761 626 0.8226
3297.0000 762 626 0.8215
3297.0000 762 627 0.8228
3298.0000 763 627 0.8218
3298.0000 763 628 0.8231
3299.0000 764 628 0.8220
3299.0000 764 629 0.8233
3300.0000 765 629 0.8222
3300.0000 765 630 0.8235
3301.0000 766 630 0.8225
3301.0000 766 631 0.8238
3302.0000 767 631 0.8227
3302.0000 767 632 0.8240
3303.0000 768 632 0.8229
3303.0000 768 633 0.8242
3303.0000 769 633 0.8231
3303.0000 769 634 0.8244
3305.0000 770 634 0.8234
3305.0000 770 635 0.8247
3305.0000 771 635 0.8236
3305.0000 771 636 0.8249
3305.0000 772 636 0.8238
3305.0000 772 637 0.8251
3306.0000 773 637 0.8241
3306.0000 773 638 0.8254
3306.0000 774 638 0.8243
3306.0000 774 639 0.8256
3307.0000 775 639 0.8245
3307.0000 775 640 0.8258
3310.0000 776 640 0.8247
3310.0000 776 641 0.8260
3312.0000 777 641 0.8250
3312.0000 777 642 0.8263
3313.0000 778 642 0.8252
3313.0000 778 643 0.8265
3314.0000 779 643 0.8254
3314.0000 779 644 0.8267
3316.0000 780 644 0.8256
3316.0000 780 645 0.8269
3317.0000 781 645 0.8259
3317.0000 781 646 0.8271
3317.0000 782 646 0.8261
3317.0000 782 647 0.8274
3321.0000 783 647 0.8263
3321.0000 783 648 0.8276
3323.0000 784 648 0.8265
3323.0000 784 649 0.8278
3323.0000 785 649 0.8268
3323.0000 785 650 0.8280
3324.0000 786 650 0.8270
3324.0000 786 651 0.8282
3325.0000 787 651 0.8272
3325.0000 787 652 0.8285
3326.0000 788 652 0.8274
3326.0000 788 653 0.8287
3326.0000 789 653 0.8276
3326.0000 789 654 0.8289
3328.0000 790 654 0.8278
3328.0000 790 655 0.8291
3332.0000 791 655 0.8281
3332.0000 791 656 0.8293
3333.0000 792 656 0.8283
3333.0000 792 657 0.8295
3334.0000 793 657 0.8285
3334.0000 793 658 0.8298
3336.0000 794 658 0.8287
3336.0000 794 659 0.8300
3338.0000 795 659 0.8289
3338.0000 795 660 0.8302
3339.0000 796 660 0.8291
3339.0000 796 661 0.8304
3340.0000 797 661 0.8294
3340.0000 797 662 0.8306
3341.0000 798 662 0.8296
3341.0000 798 663 0.8308
3342.0000 799 663 0.8298
3342.0000 799 664 0.8310
3345.0000 800 664 0.8300
3345.0000 800 665 0.8313
3347.0000 801 665 0.8302
3347.0000 801 666 0.8315
3347.0000 802 666 0.8304
3347.0000 802 667 0.8317
3350.0000 803 667 0.8306
3350.0000 803 668 0.8319
3352.0000 804 668 0.8308
3352.0000 804 669 0.8321
3353.0000 805 669 0.8311
3353.0000 805 670 0.8323
3353.0000 806 670 0.8313
3353.0000 806 671 0.8325
3354.0000 807 671 0.8315
3354.0000 807 672 0.8327
3355.0000 808 672 0.8317
3355.0000 809 672 0.8307
3355.0000 809 673 0.8319
3356.0000 810 673 0.8309
3356.0000 810 674 0.8321
3358.0000 811 674 0.8311
3358.0000 811 675 0.8323
3360.0000 812 675 0.8313
3360.0000 812 676 0.8325
3363.0000 813 676 0.8315
3363.0000 813 677 0.8327
3366.0000 814 677 0.8317
3366.0000 814 678 0.8329
3368.0000 815 678 0.8319
3368.0000 815 679 0.8331
3370.0000 816 679 0.8321
3370.0000 816 680 0.8333
3372.0000 817 680 0.8323
3372.0000 817 681 0.8335
3372.0000 818 681 0.8325
3372.0000 818 682 0.8337
3374.0000 819 682 0.8327
3374.0000 819 683 0.8339
3375.0000 820 683 0.8329
3375.0000 820 684 0.8341
3377.0000 821 684 0.8331
3377.0000 821 685 0.8343
3381.0000 822 685 0.8333
3381.0000 822 686 0.8345
3382.0000 823 686 0.8335
3382.0000 823 687 0.8348
3383.0000 824 687 0.8337
3383.0000 824 688 0.8350
3384.0000 825 688 0.8339
3384.0000 825 689 0.8352
3384.0000 826 689 0.8341
3384.0000 826 690 0.8354
3391.0000 827 690 0.8343
3391.0000 827 691 0.8356
3392.0000 828 691 0.8345
3392.0000 828 692 0.8357
3393.0000 829 692 0.8347
3393.0000 829 693 0.8359
3404.0000 830 693 0.8349
3404.0000 830 694 0.8361
3415.0000 831 694 0.8351
3415.0000 831 695 0.8363
3416.0000 832 695 0.8353
3416.0000 832 696 0.8365
3420.0000 833 696 0.8355
3420.0000 833 697 0.8367
3425.0000 834 697 0.8357
3425.0000 834 698 0.8369
3429.0000 835 698 0.8359
3429.0000 835 699 0.8371
3433.0000 836 699 0.8361
3433.0000 836 700 0.8373
3434.0000 837 700 0.8363
3434.0000 837 701 0.8375
3437.0000 838 701 0.8365
3437.0000 838 702 0.8377
3442.0000 839 702 0.8367
3442.0000 839 703 0.8379
3445.0000 840 703 0.8369
3445.0000 840 704 0.8381
3446.0000 841 704 0.8371
3446.0000 841 705 0.8383
3446.0000 842 705 0.8373
3446.0000 842 706 0.8385
3448.0000 843 706 0.8375
3448.0000 843 707 0.8387
3449.0000 844 707 0.8377
3449.0000 844 708 0.8389
3450.0000 845 708 0.8379
3450.0000 845 709 0.8391
3451.0000 846 709 0.8381
3451.0000 846 710 0.8392
3451.0000 847 710 0.8383
3451.0000 847 711 0.8394
3453.0000 848 711 0.8384
3453.0000 848 712 0.8396
3456.0000 849 712 0.8386
3456.0000 849 713 0.8398
3456.0000 850 713 0.8388
3456.0000 850 714 0.8400
3460.0000 851 714 0.8390
3460.0000 851 715 0.8402
3463.0000 852 715 0.8392
3463.0000 852 716 0.8404
3467.0000 853 716 0.8394
3467.0000 853 717 0.8406
3471.0000 854 717 0.8396
3471.0000 854 718 0.8407
3476.0000 855 718 0.8398
3476.0000 855 719 0.8409
3476.0000 856 719 0.8400
3476.0000 856 720 0.8411
3478.0000 857 720 0.8401
3478.0000 857 721 0.8413
3481.0000 858 721 0.8403
3481.0000 858 722 0.8415
3484.0000 859 722 0.8405
3484.0000 859 723 0.8417
3493.0000 860 723 0.8407
3493.0000 860 724 0.8419
3494.0000 861 724 0.8409
3494.0000 861 725 0.8420
3495.0000 862 725 0.8411
3495.0000 862 726 0.8422
3496.0000 863 726 0.8413
3496.0000 863 727 0.8424
3498.0000 864 727 0.8414
3498.0000 864 728 0.8426
3498.0000 865 728 0.8416
3498.0000 865 729 0.8428
3500.0000 866 729 0.8418
3500.0000 866 730 0.8430
3501.0000 867 730 0.8420
3501.0000 867 731 0.8431
3501.0000 868 731 0.8422
3501.0000 868 732 0.8433
3504.0000 869 732 0.8423
3504.0000 869 733 0.8435
3507.0000 870 733 0.8425
3507.0000 870 734 0.8437
3508.0000 871 734 0.8427
3508.0000 871 735 0.8439
3510.0000 872 735 0.8429
3510.0000 872 736 0.8440
3511.0000 873 736 0.8431
3511.0000 873 737 0.8442
3512.0000 874 737 0.8432
3512.0000 874 738 0.8444
3514.0000 875 738 0.8434
3514.0000 875 739 0.8446
3515.0000 876 739 0.8436
3515.0000 876 740 0.8447
3516.0000 877 740 0.8438
3516.0000 877 741 0.8449
3521.0000 878 741 0.8440
3521.0000 878 742 0.8451
3523.0000 879 742 0.8441
3523.0000 879 743 0.8453
3526.0000 880 743 0.8443
3526.0000 880 744 0.8455
3529.0000 881 744 0.8445
3529.0000 881 745 0.8456
3546.0000 882 745 0.8447
3546.0000 882 746 0.8458
3552.0000 883 746 0.8448
3552.0000 883 747 0.8460
3556.0000 884 747 0.8450
3556.0000 884 748 0.8462
3559.0000 885 748 0.8452
3559.0000 885 749 0.8463
3559.0000 886 749 0.8454
3559.0000 886 750 0.8465
3562.0000 887 750 0.8455
3562.0000 887 751 0.8467
3562.0000 888 751 0.8457
3562.0000 888 752 0.8468
3563.0000 889 752 0.8459
3563.0000 889 753 0.8470
3572.0000 890 753 0.8461
3572.0000 890 754 0.8472
3580.0000 891 754 0.8462
3580.0000 891 755 0.8474
3583.0000 892 755 0.8464
3583.0000 892 756 0.8475
3583.0000 893 756 0.8466
3583.0000 893 757 0.8477
3589.0000 894 757 0.8468
3589.0000 894 758 0.8479
3603.0000 895 758 0.8469
3603.0000 895 759 0.8480
3604.0000 896 759 0.8471
3604.0000 896 760 0.8482
3605.0000 897 760 0.8473
3607.0000 898 760 0.8463
3607.0000 898 761 0.8474
3609.0000 899 761 0.8465
3609.0000 899 762 0.8476
3612.0000 900 762 0.8467
3612.0000 900 763 0.8478
3615.0000 901 763 0.8468
3615.0000 901 764 0.8479
3618.0000 902 764 0.8470
3618.0000 902 765 0.8481
3624.0000 903 765 0.8472
3624.0000 903 766 0.8483
3628.0000 904 766 0.8473
3628.0000 904 767 0.8485
3628.0000 905 767 0.8475
3628.0000 905 768 0.8486
3630.0000 906 768 0.8477
3630.0000 906 769 0.8488
3633.0000 907 769 0.8479
3633.0000 907 770 0.8490
3638.0000 908 770 0.8480
3638.0000 908 771 0.8491
3641.0000 909 771 0.8482
3641.0000 909 772 0.8493
3644.0000 910 772 0.8484
3644.0000 910 773 0.8495
3663.0000 911 773 0.8485
3663.0000 911 774 0.8496
3664.0000 912 774 0.8487
3664.0000 912 775 0.8498
3664.0000 913 775 0.8488
3664.0000 913 776 0.8499
3665.0000 914 776 0.8490
3665.0000 914 777 0.8501
3666.0000 915 777 0.8492
3666.0000 915 778 0.8503
3667.0000 916 778 0.8493
3667.0000 916 779 0.8504
3671.0000 917 779 0.8495
3671.0000 917 780 0.8506
3684.0000 918 780 0.8497
3684.0000 918 781 0.8508
3685.0000 919 781 0.8498
3685.0000 919 782 0.8509
3685.0000 920 782 0.8500
3685.0000 920 783 0.8511
3686.0000 921 783 0.8502
3689.0000 922 783 0.8492
3689.0000 922 784 0.8503
3694.0000 922 785 0.8514
3696.0000 923 785 0.8505
3696.0000 923 786 0.8516
3697.0000 924 786 0.8506
3697.0000 924 787 0.8517
3703.0000 925 787 0.8508
3703.0000 925 788 0.8519
3704.0000 926 788 0.8510
3704.0000 926 789 0.8521
3706.0000 927 789 0.8511
3706.0000 927 790 0.8522
3707.0000 928 790 0.8513
3707.0000 928 791 0.8524
3708.0000 929 791 0.8515
3708.0000 929 792 0.8525
3709.0000 930 792 0.8516
3709.0000 930 793 0.8527
3709.0000 931 793 0.8518
3709.0000 931 794 0.8528
3731.0000 932 794 0.8519
3731.0000 932 795 0.8530
3736.0000 933 795 0.8521
3736.0000 933 796 0.8532
3742.0000 934 796 0.8522
3742.0000 934 797 0.8533
3749.0000 935 797 0.8524
3749.0000 935 798 0.8535
3752.0000 936 798 0.8526
3752.0000 936 799 0.8536
3764.0000 937 799 0.8527
3764.0000 937 800 0.8538
3772.0000 938 800 0.8529
3782.0000 939 800 0.8520
3782.0000 939 801 0.8530
3783.0000 940 801 0.8521
3783.0000 940 802 0.8532
3784.0000 941 802 0.8523
3784.0000 941 803 0.8533
3788.0000 942 803 0.8524
3788.0000 942 804 0.8535
3790.0000 943 804 0.8526
3790.0000 943 805 0.8537
3790.0000 944 805 0.8528
3790.0000 944 806 0.8538
3792.0000 945 806 0.8529
3792.0000 945 807 0.8540
3796.0000 946 807 0.8531
3796.0000 946 808 0.8541
3799.0000 947 808 0.8532
3799.0000 947 809 0.8543
3803.0000 948 809 0.8534
3803.0000 948 810 0.8544
3810.0000 949 810 0.8535
3810.0000 949 811 0.8546
3813.0000 950 811 0.8537
3813.0000 950 812 0.8547
3814.0000 951 812 0.8538
3814.0000 951 813 0.8549
3819.0000 952 813 0.8540
3819.0000 952 814 0.8550
3822.0000 953 814 0.8541
3822.0000 953 815 0.8552
3825.0000 954 815 0.8543
3825.0000 954 816 0.8553
3828.0000 955 816 0.8545
3828.0000 955 817 0.8555
3829.0000 956 817 0.8546
3829.0000 956 818 0.8556
3830.0000 957 818 0.8548
3830.0000 957 819 0.8558
3832.0000 958 819 0.8549
3832.0000 958 820 0.8559
3835.0000 959 820 0.8551
3835.0000 959 821 0.8561
3839.0000 960 821 0.8552
3839.0000 960 822 0.8563
3839.0000 961 822 0.8554
3839.0000 961 823 0.8564
3842.0000 962 823 0.8555
3842.0000 962 824 0.8565
3851.0000 963 824 0.8557
3851.0000 963 825 0.8567
3861.0000 964 825 0.8558
3861.0000 964 826 0.8568
3863.0000 965 826 0.8560
3863.0000 965 827 0.8570
3865.0000 966 827 0.8561
3865.0000 966 828 0.8571
3871.0000 967 828 0.8563
3871.0000 967 829 0.8573
3887.0000 968 829 0.8564
3887.0000 968 830 0.8574
3890.0000 969 830 0.8566
3890.0000 969 831 0.8576
3897.0000 970 831 0.8567
3897.0000 970 832 0.8577
3900.0000 971 832 0.8568
3900.0000 971 833 0.8579
3903.0000 972 833 0.8570
3903.0000 972 834 0.8580
3906.0000 973 834 0.8571
3906.0000 973 835 0.8582
3907.0000 974 835 0.8573
3907.0000 974 836 0.8583
3909.0000 975 836 0.8574
3909.0000 975 837 0.8585
3909.0000 976 837 0.8576
3909.0000 976 838 0.8586
3911.0000 977 838 0.8577
3911.0000 978 838 0.8569
3911.0000 978 839 0.8579
3911.0000 979 839 0.8570
3911.0000 979 840 0.8580
3912.0000 980 840 0.8571
3912.0000 980 841 0.8582
3914.0000 981 841 0.8573
3914.0000 981 842 0.8583
3917.0000 982 842 0.8574
3917.0000 982 843 0.8585
3919.0000 983 843 0.8576
3919.0000 983 844 0.8586
3920.0000 984 844 0.8577
3920.0000 984 845 0.8587
3923.0000 985 845 0.8579
3923.0000 985 846 0.8589
3924.0000 986 846 0.8580
3924.0000 986 847 0.8590
3925.0000 987 847 0.8582
3925.0000 987 848 0.8592
3926.0000 988 848 0.8583
3926.0000 988 849 0.8593
3926.0000 989 849 0.8584
3926.0000 989 850 0.8595
3929.0000 990 850 0.8586
3929.0000 990 851 0.8596
3933.0000 991 851 0.8587
3933.0000 991 852 0.8597
3935.0000 992 852 0.8589
3935.0000 992 853 0.8599
3935.0000 993 853 0.8590
3935.0000 993 854 0.8600
3935.0000 994 854 0.8592
3935.0000 994 855 0.8602
3936.0000 995 855 0.8593
3936.0000 995 856 0.8603
3939.0000 996 856 0.8594
3939.0000 996 857 0.8604
3940.0000 997 857 0.8596
3940.0000 997 858 0.8606
3942.0000 998 858 0.8597
3942.0000 998 859 0.8607
3943.0000 999 859 0.8599
3943.0000 999 860 0.8609
3943.0000 1000 860 0.8600
3943.0000 1000 861 0.8610
3944.0000 1001 861 0.8601
3944.0000 1001 862 0.8611
3945.0000 1002 862 0.8603
3945.0000 1002 863 0.8613
3947.0000 1003 863 0.8604
3947.0000 1003 864 0.8614
3950.0000 1004 864 0.8606
3950.0000 1004 865 0.8616
3951.0000 1005 865 0.8607
3951.0000 1005 866 0.8617
3951.0000 1006 866 0.8608
3951.0000 1006 867 0.8618
3954.0000 1007 867 0.8610
3954.0000 1007 868 0.8620
3957.0000 1008 868 0.8611
3957.0000 1008 869 0.8621
3958.0000 1009 869 0.8612
3958.0000 1009 870 0.8622
3959.0000 1010 870 0.8614
3959.0000 1010 871 0.8624
3960.0000 1011 871 0.8615
3960.0000 1011 872 0.8625
3962.0000 1012 872 0.8617
3962.0000 1012 873 0.8626
3962.0000 1013 873 0.8618
3962.0000 1013 874 0.8628
3963.0000 1014 874 0.8619
3963.0000 1014 875 0.8629
3964.0000 1015 875 0.8621
3964.0000 1015 876 0.8631
3965.0000 1016 876 0.8622
3965.0000 1016 877 0.8632
3966.0000 1017 877 0.8623
3966.0000 1017 878 0.8633
3967.0000 1018 878 0.8625
3967.0000 1018 879 0.8635
3968.0000 1019 879 0.8626
3968.0000 1019 880 0.8636
3971.0000 1020 880 0.8627
3971.0000 1020 881 0.8637
3973.0000 1021 881 0.8629
3973.0000 1021 882 0.8639
3976.0000 1022 882 0.8630
3976.0000 1022 883 0.8640
3978.0000 1023 883 0.8631
3978.0000 1023 884 0.8641
3979.0000 1024 884 0.8633
3979.0000 1024 885 0.8643
3981.0000 1025 885 0.8634
3981.0000 1025 886 0.8644
3982.0000 1026 886 0.8635
3982.0000 1026 887 0.8645
3984.0000 1027 887 0.8637
3985.0000 1028 887 0.8628
3985.0000 1028 888 0.8638
3986.0000 1029 888 0.8630
3986.0000 1029 889 0.8639
3988.0000 1030 889 0.8631
3988.0000 1030 890 0.8641
3992.0000 1031 890 0.8632
3992.0000 1031 891 0.8642
3993.0000 1032 891 0.8634
3993.0000 1032 892 0.8643
3997.0000 1033 892 0.8635
3997.0000 1033 893 0.8645
3997.0000 1034 893 0.8636
3997.0000 1034 894 0.8646
4002.0000 1035 894 0.8638
4002.0000 1035 895 0.8647
4009.0000 1036 895 0.8639
4009.0000 1036 896 0.8649
4012.0000 1037 896 0.8640
4012.0000 1037 897 0.8650
4026.0000 1038 897 0.8642
4026.0000 1038 898 0.8651
4028.0000 1039 898 0.8643
4028.0000 1039 899 0.8653
4031.0000 1040 899 0.8644
4031.0000 1040 900 0.8654
4034.0000 1041 900 0.8646
4034.0000 1041 901 0.8655
4035.0000 1042 901 0.8647
4035.0000 1042 902 0.8656
4036.0000 1043 902 0.8648
4036.0000 1043 903 0.8658
4045.0000 1044 903 0.8649
4045.0000 1044 904 0.8659
4058.0000 1045 904 0.8651
4058.0000 1045 905 0.8660
4059.0000 1046 905 0.8652
4059.0000 1046 906 0.8662
4059.0000 1047 906 0.8653
4059.0000 1047 907 0.8663
4062.0000 1048 907 0.8655
4062.0000 1048 908 0.8664
4063.0000 1049 908 0.8656
4063.0000 1049 909 0.8665
4065.0000 1050 909 0.8657
4065.0000 1050 910 0.8667
4071.0000 1051 910 0.8658
4071.0000 1051 911 0.8668
4074.0000 1052 911 0.8660
4074.0000 1052 912 0.8669
4080.0000 1053 912 0.8661
4080.0000 1053 913 0.8670
4082.0000 1054 913 0.8662
4082.0000 1054 914 0.8672
4087.0000 1055 914 0.8664
4087.0000 1055 915 0.8673
4094.0000 1056 915 0.8665
4094.0000 1056 916 0.8674
4097.0000 1057 916 0.8666
4097.0000 1057 917 0.8675
4105.0000 1058 917 0.8667
4105.0000 1058 918 0.8677
4120.0000 1059 918 0.8669
4120.0000 1059 919 0.8678
4122.0000 1060 919 0.8670
4122.0000 1060 920 0.8679
4123.0000 1061 920 0.8671
4123.0000 1061 921 0.8680
4125.0000 1062 921 0.8672
4125.0000 1062 922 0.8682
4134.0000 1063 922 0.8674
4134.0000 1063 923 0.8683
4168.0000 1064 923 0.8675
4168.0000 1064 924 0.8684
4181.0000 1065 924 0.8676
4186.0000 1066 924 0.8668
4186.0000 1066 925 0.8677
4191.0000 1067 925 0.8669
4191.0000 1067 926 0.8679
4193.0000 1068 926 0.8670
4193.0000 1068 927 0.8680
4194.0000 1069 927 0.8672
4194.0000 1069 928 0.8681
4196.0000 1070 928 0.8673
4196.0000 1070 929 0.8682
4202.0000 1071 929 0.8674
4202.0000 1071 930 0.8683
4204.0000 1072 930 0.8675
4204.0000 1072 931 0.8685
4218.0000 1073 931 0.8677
4218.0000 1073 932 0.8686
4224.0000 1074 932 0.8678
4224.0000 1074 933 0.8687
4225.0000 1075 933 0.8679
4225.0000 1075 934 0.8688
4228.0000 1076 934 0.8680
4228.0000 1076 935 0.8690
4230.0000 1077 935 0.8682
4230.0000 1077 936 0.8691
4231.0000 1078 936 0.8683
4231.0000 1078 937 0.8692
4239.0000 1079 937 0.8684
4239.0000 1079 938 0.8693
4244.0000 1080 938 0.8685
4244.0000 1080 939 0.8694
4252.0000 1081 939 0.8686
4252.0000 1081 940 0.8696
4252.0000 1082 940 0.8688
4252.0000 1082 941 0.8697
4258.0000 1083 941 0.8689
4258.0000 1083 942 0.8698
4259.0000 1084 942 0.8690
4259.0000 1084 943 0.8699
4268.0000 1085 943 0.8691
4268.0000 1085 944 0.8700
4272.0000 1086 944 0.8692
4272.0000 1086 945 0.8702
4272.0000 1087 945 0.8694
4272.0000 1087 946 0.8703
4278.0000 1088 946 0.8695
4278.0000 1088 947 0.8704
4284.0000 1089 947 0.8696
4284.0000 1089 948 0.8705
4285.0000 1090 948 0.8697
4285.0000 1090 949 0.8706
4287.0000 1091 949 0.8698
4287.0000 1091 950 0.8708
4288.0000 1092 950 0.8700
4288.0000 1092 951 0.8709
4292.0000 1093 951 0.8701
4292.0000 1093 952 0.8710
4294.0000 1094 952 0.8702
4294.0000 1094 953 0.8711
4295.0000 1095 953 0.8703
4295.0000 1095 954 0.8712
4298.0000 1096 954 0.8704
4298.0000 1096 955 0.8714
4305.0000 1097 955 0.8706
4305.0000 1097 956 0.8715
4306.0000 1098 956 0.8707
4306.0000 1098 957 0.8716
4312.0000 1099 957 0.8708
4312.0000 1099 958 0.8717
4315.0000 1100 958 0.8709
4315.0000 1100 959 0.8718
4331.0000 1101 959 0.8710
4331.0000 1101 960 0.8719
4334.0000 1102 960 0.8711
4334.0000 1102 961 0.8721
4337.0000 1103 961 0.8713
4337.0000 1103 962 0.8722
4351.0000 1104 962 0.8714
4351.0000 1104 963 0.8723
4352.0000 1105 963 0.8715
4352.0000 1105 964 0.8724
4353.0000 1106 964 0.8716
4353.0000 1106 965 0.8725
4361.0000 1107 965 0.8717
4363.0000 1108 965 0.8709
4363.0000 1108 966 0.8718
4396.0000 1109 966 0.8711
4396.0000 1109 967 0.8720
4404.0000 1110 967 0.8712
4404.0000 1110 968 0.8721
4408.0000 1111 968 0.8713
4408.0000 1111 969 0.8722
4409.0000 1112 969 0.8714
4409.0000 1112 970 0.8723
4412.0000 1113 970 0.8715
4412.0000 1113 971 0.8724
4423.0000 1114 971 0.8716
4423.0000 1114 972 0.8725
4425.0000 1115 972 0.8717
4425.0000 1115 973 0.8726
4443.0000 1116 973 0.8719
4443.0000 1116 974 0.8728
4458.0000 1117 974 0.8720
4458.0000 1117 975 0.8729
4468.0000 1118 975 0.8721
4471.0000 1119 975 0.8713
4471.0000 1119 976 0.8722
4474.0000 1120 976 0.8714
4474.0000 1120 977 0.8723
4494.0000 1121 977 0.8715
4494.0000 1121 978 0.8724
4497.0000 1122 978 0.8717
4497.0000 1122 979 0.8725
4500.0000 1123 979 0.8718
4500.0000 1123 980 0.8727
4506.0000 1124 980 0.8719
4506.0000 1124 981 0.8728
4513.0000 1125 981 0.8720
4513.0000 1125 982 0.8729
4522.0000 1126 982 0.8721
4522.0000 1126 983 0.8730
4523.0000 1127 983 0.8722
4523.0000 1127 984 0.8731
4525.0000 1128 984 0.8723
4525.0000 1128 985 0.8732
4534.0000 1129 985 0.8725
4534.0000 1129 986 0.8733
4553.0000 1130 986 0.8726
4553.0000 1130 987 0.8735
4579.0000 1131 987 0.8727
4579.0000 1131 988 0.8736
4585.0000 1132 988 0.8728
4585.0000 1132 989 0.8737
4590.0000 1133 989 0.8729
4590.0000 1133 990 0.8738
4590.0000 1134 990 0.8730
4590.0000 1134 991 0.8739
4592.0000 1135 991 0.8731
4592.0000 1135 992 0.8740
4604.0000 1136 992 0.8732
4604.0000 1136 993 0.8741
4609.0000 1137 993 0.8734
4609.0000 1137 994 0.8742
4618.0000 1138 994 0.8735
4618.0000 1138 995 0.8743
4619.0000 1139 995 0.8736
4619.0000 1139 996 0.8745
4621.0000 1140 996 0.8737
4621.0000 1140 997 0.8746
4624.0000 1141 997 0.8738
4624.0000 1141 998 0.8747
4629.0000 1142 998 0.8739
4629.0000 1142 999 0.8748
4631.0000 1143 999 0.8740
4631.0000 1143 1000 0.8749
4632.0000 1144 1000 0.8741
4632.0000 1144 1001 0.8750
4635.0000 1145 1001 0.8742
4635.0000 1145 1002 0.8751
4636.0000 1146 1002 0.8743
4636.0000 1146 1003 0.8752
4637.0000 1147 1003 0.8745
4637.0000 1147 1004 0.8753
4639.0000 1148 1004 0.8746
4639.0000 1148 1005 0.8754
4641.0000 1149 1005 0.8747
4641.0000 1149 1006 0.8755
4641.0000 1150 1006 0.8748
4641.0000 1150 1007 0.8757
4644.0000 1151 1007 0.8749
4644.0000 1151 1008 0.8758
4647.0000 1152 1008 0.8750
4647.0000 1152 1009 0.8759
4653.0000 1153 1009 0.8751
4653.0000 1153 1010 0.8760
4654.0000 1154 1010 0.8752
4654.0000 1154 1011 0.8761
4656.0000 1155 1011 0.8753
4656.0000 1155 1012 0.8762
4659.0000 1156 1012 0.8754
4659.0000 1156 1013 0.8763
4660.0000 1157 1013 0.8755
4660.0000 1157 1014 0.8764
4667.0000 1158 1014 0.8756
4667.0000 1158 1015 0.8765
4671.0000 1159 1015 0.8758
4671.0000 1159 1016 0.8766
4677.0000 1160 1016 0.8759
4677.0000 1160 1017 0.8767
4680.0000 1161 1017 0.8760
4680.0000 1161 1018 0.8768
4683.0000 1162 1018 0.8761
4683.0000 1162 1019 0.8769
4689.0000 1163 1019 0.8762
4689.0000 1163 1020 0.8770
4689.0000 1164 1020 0.8763
4689.0000 1164 1021 0.8771
4703.0000 1165 1021 0.8764
4703.0000 1165 1022 0.8773
4710.0000 1166 1022 0.8765
4710.0000 1166 1023 0.8774
4710.0000 1167 1023 0.8766
4710.0000 1167 1024 0.8775
4719.0000 1168 1024 0.8767
4719.0000 1168 1025 0.8776
4722.0000 1169 1025 0.8768
4722.0000 1169 1026 0.8777
4722.0000 1170 1026 0.8769
4722.0000 1170 1027 0.8778
4725.0000 1171 1027 0.8770
4725.0000 1171 1028 0.8779
4726.0000 1172 1028 0.8771
4726.0000 1172 1029 0.8780
4728.0000 1173 1029 0.8772
4728.0000 1173 1030 0.8781
4731.0000 1174 1030 0.8773
4731.0000 1174 1031 0.8782
4736.0000 1175 1031 0.8774
4736.0000 1175 1032 0.8783
4738.0000 1176 1032 0.8776
4740.0000 1177 1032 0.8768
4740.0000 1177 1033 0.8777
4742.0000 1178 1033 0.8769
4742.0000 1178 1034 0.8778
4742.0000 1179 1034 0.8770
4742.0000 1179 1035 0.8779
4746.0000 1180 1035 0.8771
4746.0000 1180 1036 0.8780
4757.0000 1181 1036 0.8772
4757.0000 1181 1037 0.8781
4759.0000 1182 1037 0.8773
4759.0000 1182 1038 0.8782
4760.0000 1183 1038 0.8774
4760.0000 1183 1039 0.8783
4761.0000 1184 1039 0.8775
4761.0000 1184 1040 0.8784
4766.0000 1185 1040 0.8776
4766.0000 1185 1041 0.8785
4768.0000 1186 1041 0.8777
4768.0000 1186 1042 0.8786
4779.0000 1187 1042 0.8778
4779.0000 1187 1043 0.8787
4780.0000 1188 1043 0.8779
4780.0000 1188 1044 0.8788
4780.0000 1189 1044 0.8780
4780.0000 1189 1045 0.8789
4782.0000 1190 1045 0.8782
4782.0000 1190 1046 0.8790
4786.0000 1191 1046 0.8783
4786.0000 1191 1047 0.8791
4787.0000 1192 1047 0.8784
4787.0000 1192 1048 0.8792
4794.0000 1193 1048 0.8785
4794.0000 1193 1049 0.8793
4797.0000 1194 1049 0.8786
4797.0000 1194 1050 0.8794
4800.0000 1195 1050 0.8787
4800.0000 1195 1051 0.8795
4801.0000 1196 1051 0.8788
4801.0000 1196 1052 0.8796
4804.0000 1197 1052 0.8789
4804.0000 1197 1053 0.8797
4804.0000 1198 1053 0.8790
4804.0000 1198 1054 0.8798
4805.0000 1199 1054 0.8791
4805.0000 1199 1055 0.8799
4806.0000 1200 1055 0.8792
4806.0000 1200 1056 0.8800
4808.0000 1201 1056 0.8793
4808.0000 1201 1057 0.8801
4816.0000 1202 1057 0.8794
4816.0000 1202 1058 0.8802
4821.0000 1203 1058 0.8795
4821.0000 1203 1059 0.8803
4821.0000 1204 1059 0.8796
4821.0000 1204 1060 0.8804
4836.0000 1205 1060 0.8797
4836.0000 1205 1061 0.8805
4836.0000 1206 1061 0.8798
4836.0000 1206 1062 0.8806
4843.0000 1207 1062 0.8799
4843.0000 1207 1063 0.8807
4846.0000 1208 1063 0.8800
4846.0000 1208 1064 0.8808
4856.0000 1209 1064 0.8801
4856.0000 1209 1065 0.8809
4859.0000 1210 1065 0.8802
4859.0000 1210 1066 0.8810
4860.0000 1211 1066 0.8803
4860.0000 1211 1067 0.8811
4862.0000 1212 1067 0.8804
4862.0000 1212 1068 0.8812
4865.0000 1213 1068 0.8805
4865.0000 1213 1069 0.8813
4878.0000 1214 1069 0.8806
4878.0000 1214 1070 0.8814
4882.0000 1215 1070 0.8807
4882.0000 1215 1071 0.8815
4889.0000 1216 1071 0.8808
4889.0000 1216 1072 0.8816
4892.0000 1217 1072 0.8809
4901.0000 1218 1072 0.8801
4901.0000 1218 1073 0.8810
4903.0000 1219 1073 0.8802
4903.0000 1219 1074 0.8811
4932.0000 1220 1074 0.8803
4932.0000 1220 1075 0.8811
4943.0000 1221 1075 0.8804
4943.0000 1221 1076 0.8812
4952.0000 1222 1076 0.8805
4952.0000 1222 1077 0.8813
4959.0000 1223 1077 0.8806
4959.0000 1223 1078 0.8814
4984.0000 1224 1078 0.8807
4984.0000 1224 1079 0.8815
4991.0000 1225 1079 0.8808
4991.0000 1225 1080 0.8816
4997.0000 1226 1080 0.8809
4997.0000 1226 1081 0.8817
5002.0000 1227 1081 0.8810
5002.0000 1227 1082 0.8818
5005.0000 1228 1082 0.8811
5005.0000 1228 1083 0.8819
5020.0000 1229 1083 0.8812
5020.0000 1229 1084 0.8820
5044.0000 1230 1084 0.8813
5044.0000 1230 1085 0.8821
5044.0000 1231 1085 0.8814
5044.0000 1231 1086 0.8822
5045.0000 1232 1086 0.8815
5045.0000 1232 1087 0.8823
5062.0000 1233 1087 0.8816
5062.0000 1233 1088 0.8824
5067.0000 1234 1088 0.8817
5112.0000 1235 1088 0.8810
5112.0000 1235 1089 0.8818
5125.0000 1236 1089 0.8811
5125.0000 1236 1090 0.8819
5125.0000 1237 1090 0.8812
5125.0000 1237 1091 0.8820
5137.0000 1238 1091 0.8813
5137.0000 1238 1092 0.8821
5143.0000 1239 1092 0.8814
5143.0000 1239 1093 0.8822
5177.0000 1240 1093 0.8815
5177.0000 1240 1094 0.8823
5180.0000 1241 1094 0.8815
5180.0000 1241 1095 0.8824
5194.0000 1242 1095 0.8816
5194.0000 1242 1096 0.8824
5215.0000 1243 1096 0.8817
5215.0000 1243 1097 0.8825
5218.0000 1244 1097 0.8818
5218.0000 1244 1098 0.8826
5223.0000 1245 1098 0.8819
5223.0000 1245 1099 0.8827
5280.0000 1246 1099 0.8820
5284.0000 1247 1099 0.8813
5284.0000 1247 1100 0.8821
5321.0000 1248 1100 0.8814
5321.0000 1248 1101 0.8822
5322.0000 1249 1101 0.8815
5322.0000 1249 1102 0.8823
5324.0000 1250 1102 0.8816
5324.0000 1250 1103 0.8824
5370.0000 1251 1103 0.8817
5370.0000 1251 1104 0.8825
5386.0000 1252 1104 0.8818
5386.0000 1252 1105 0.8826
5396.0000 1253 1105 0.8819
5396.0000 1253 1106 0.8827
5442.0000 1254 1106 0.8820
5442.0000 1254 1107 0.8828
5487.0000 1255 1107 0.8821
5491.0000 1256 1107 0.8814
5491.0000 1256 1108 0.8822
5528.0000 1257 1108 0.8815
5528.0000 1257 1109 0.8823
5560.0000 1258 1109 0.8816
5560.0000 1258 1110 0.8824
5612.0000 1259 1110 0.8817
5628.0000 1260 1110 0.8810
5628.0000 1260 1111 0.8817
5692.0000 1261 1111 0.8810
5692.0000 1261 1112 0.8818
5710.0000 1262 1112 0.8811
5710.0000 1262 1113 0.8819
5715.0000 1263 1113 0.8812
5715.0000 1263 1114 0.8820
5751.0000 1264 1114 0.8813
5766.0000 1265 1114 0.8806
5766.0000 1265 1115 0.8814
5795.0000 1266 1115 0.8807
5795.0000 1266 1116 0.8815
5808.0000 1267 1116 0.8808
5808.0000 1267 1117 0.8816
5880.0000 1268 1117 0.8809
5880.0000 1268 1118 0.8817
5902.0000 1269 1118 0.8810
5904.0000 1270 1118 0.8803
5904.0000 1270 1119 0.8811
5917.0000 1271 1119 0.8804
5917.0000 1271 1120 0.8812
5947.0000 1272 1120 0.8805
5947.0000 1272 1121 0.8813
5966.0000 1273 1121 0.8806
6029.0000 1274 1121 0.8799
6029.0000 1274 1122 0.8807
6104.0000 1275 1122 0.8800
6246.0000 1276 1122 0.8793
6256.0000 1277 1122 0.8786
6256.0000 1277 1123 0.8794
6403.0000 1278 1123 0.8787
6536.0000 1279 1123 0.8780
6571.0000 1280 1123 0.8773
6571.0000 1280 1124 0.8781
6742.0000 1281 1124 0.8774
6742.0000 1281 1125 0.8782
6760.0000 1282 1125 0.8775
6760.0000 1282 1126 0.8783
6789.0000 1283 1126 0.8776
6802.0000 1284 1126 0.8769
6802.0000 1284 1127 0.8777
6971.0000 1285 1127 0.8770
6971.0000 1285 1128 0.8778
6991.0000 1286 1128 0.8771
6991.0000 1286 1129 0.8779
7009.0000 1287 1129 0.8772
7009.0000 1287 1130 0.8780
7017.0000 1288 1130 0.8773
7017.0000 1288 1131 0.8781
7039.0000 1289 1131 0.8774
7101.0000 1290 1131 0.8767
7101.0000 1290 1132 0.8775
7277.0000 1291 1132 0.8768
7277.0000 1291 1133 0.8776
7299.0000 1292 1133 0.8769
7481.0000 1293 1133 0.8763
7481.0000 1293 1134 0.8770
7510.0000 1294 1134 0.8764
7727.0000 1295 1134 0.8757
7727.0000 1295 1135 0.8764
7785.0000 1296 1135 0.8758
7894.0000 1297 1135 0.8751
7894.0000 1297 1136 0.8759
7913.0000 1298 1136 0.8752
7913.0000 1298 1137 0.8760
7935.0000 1299 1137 0.8753
7944.0000 1300 1137 0.8746
7944.0000 1300 1138 0.8754
8215.0000 1301 1138 0.8747
8325.0000 1302 1138 0.8740
8621.0000 1303 1138 0.8734
8667.0000 1304 1138 0.8727
8667.0000 1304 1139 0.8735
8835.0000 1305 1139 0.8728
8921.0000 1306 1139 0.8721
9060.0000 1307 1139 0.8715
9065.0000 1308 1139 0.8708
9065.0000 1308 1140 0.8716
9165.0000 1309 1140 0.8709
9306.0000 1310 1140 0.8702
9492.0000 1311 1140 0.8696
9746.0000 1312 1140 0.8689
9838.0000 1313 1140 0.8682
9838.0000 1313 1141 0.8690
9845.0000 1314 1141 0.8683
9870.0000 1315 1141 0.8677
9870.0000 1315 1142 0.8684
9958.0000 1316 1142 0.8678
10082.0000 1317 1142 0.8671
10082.0000 1317 1143 0.8679
10198.0000 1318 1143 0.8672
10224.0000 1319 1143 0.8666
10224.0000 1319 1144 0.8673
10385.0000 1320 1144 0.8667
10546.0000 1321 1144 0.8660
10554.0000 1322 1144 0.8654
10554.0000 1322 1145 0.8661
10584.0000 1323 1145 0.8655
10584.0000 1323 1146 0.8662
10596.0000 1324 1146 0.8656
10596.0000 1324 1147 0.8663
10810.0000 1325 1147 0.8657
10810.0000 1325 1148 0.8664
10840.0000 1326 1148 0.8658
10893.0000 1327 1148 0.8651
10893.0000 1327 1149 0.8659
11034.0000 1328 1149 0.8652
11034.0000 1328 1150 0.8660
11048.0000 1329 1150 0.8653
11048.0000 1329 1151 0.8661
11070.0000 1330 1151 0.8654
11149.0000 1331 1151 0.8648
11149.0000 1331 1152 0.8655
11274.0000 1332 1152 0.8649
11274.0000 1332 1153 0.8656
11303.0000 1333 1153 0.8650
11372.0000 1334 1153 0.8643
11372.0000 1334 1154 0.8651
11592.0000 1335 1154 0.8644
11704.0000 1336 1154 0.8638
11841.0000 1337 1154 0.8631
11841.0000 1337 1155 0.8639
11858.0000 1337 1156 0.8646
11903.0000 1338 1156 0.8640
11961.0000 1339 1156 0.8633
11961.0000 1339 1157 0.8641
12001.0000 1340 1157 0.8634
12001.0000 1340 1158 0.8642
12004.0000 1341 1158 0.8635
12004.0000 1341 1159 0.8643
12026.0000 1342 1159 0.8636
12026.0000 1342 1160 0.8644
12040.0000 1343 1160 0.8637
12289.0000 1344 1160 0.8631
12289.0000 1344 1161 0.8638
12295.0000 1345 1161 0.8632
12315.0000 1346 1161 0.8626
12315.0000 1346 1162 0.8633
12318.0000 1347 1162 0.8627
12318.0000 1347 1163 0.8634
12328.0000 1348 1163 0.8628
12328.0000 1348 1164 0.8635
12386.0000 1349 1164 0.8629
12386.0000 1349 1165 0.8636
12427.0000 1350 1165 0.8630
12539.0000 1351 1165 0.8623
12539.0000 1351 1166 0.8631
12551.0000 1352 1166 0.8624
12551.0000 1352 1167 0.8632
12554.0000 1353 1167 0.8625
12554.0000 1353 1168 0.8633
12557.0000 1354 1168 0.8626
12557.0000 1354 1169 0.8634
12560.0000 1355 1169 0.8627
12560.0000 1355 1170 0.8635
12587.0000 1356 1170 0.8628
12587.0000 1356 1171 0.8636
12597.0000 1357 1171 0.8629
12597.0000 1357 1172 0.8637
12600.0000 1358 1172 0.8630
12600.0000 1358 1173 0.8638
12682.0000 1359 1173 0.8631
12682.0000 1359 1174 0.8639
12699.0000 1360 1174 0.8632
12714.0000 1361 1174 0.8626
12714.0000 1361 1175 0.8633
12732.0000 1362 1175 0.8627
12732.0000 1362 1176 0.8634
12745.0000 1363 1176 0.8628
12745.0000 1363 1177 0.8635
12759.0000 1364 1177 0.8629
12759.0000 1364 1178 0.8636
12827.0000 1365 1178 0.8630
12827.0000 1365 1179 0.8637
12925.0000 1366 1179 0.8631
12973.0000 1367 1179 0.8625
12973.0000 1367 1180 0.8632
13013.0000 1368 1180 0.8626
13013.0000 1368 1181 0.8633
13016.0000 1369 1181 0.8627
13016.0000 1369 1182 0.8634
13068.0000 1370 1182 0.8628
13068.0000 1370 1183 0.8635
13081.0000 1371 1183 0.8629
13081.0000 1371 1184 0.8636
13105.0000 1372 1184 0.8630
13105.0000 1372 1185 0.8637
13108.0000 1373 1185 0.8631
13117.0000 1374 1185 0.8624
13117.0000 1374 1186 0.8632
13120.0000 1375 1186 0.8625
13120.0000 1375 1187 0.8633
13144.0000 1376 1187 0.8626
13144.0000 1376 1188 0.8634
13211.0000 1377 1188 0.8627
13224.0000 1378 1188 0.8621
13224.0000 1378 1189 0.8628
13275.0000 1379 1189 0.8622
13275.0000 1379 1190 0.8629
13323.0000 1380 1190 0.8623
13323.0000 1380 1191 0.8630
13369.0000 1381 1191 0.8624
13390.0000 1382 1191 0.8618
13390.0000 1382 1192 0.8625
13400.0000 1383 1192 0.8619
13400.0000 1383 1193 0.8626
13408.0000 1384 1193 0.8620
13408.0000 1384 1194 0.8627
13444.0000 1385 1194 0.8621
13444.0000 1385 1195 0.8628
13508.0000 1386 1195 0.8622
13508.0000 1386 1196 0.8629
13547.0000 1387 1196 0.8623
13547.0000 1387 1197 0.8630
13551.0000 1388 1197 0.8624
13551.0000 1388 1198 0.8631
13554.0000 1389 1198 0.8625
13554.0000 1389 1199 0.8632
13557.0000 1390 1199 0.8626
13557.0000 1390 1200 0.8633
13563.0000 1391 1200 0.8627
13563.0000 1391 1201 0.8634
13592.0000 1392 1201 0.8628
13592.0000 1392 1202 0.8635
13614.0000 1393 1202 0.8629
13614.0000 1393 1203 0.8636
13623.0000 1394 1203 0.8630
13623.0000 1394 1204 0.8637
13633.0000 1395 1204 0.8631
13722.0000 1396 1204 0.8625
13722.0000 1396 1205 0.8632
13728.0000 1397 1205 0.8626
13728.0000 1397 1206 0.8633
13744.0000 1398 1206 0.8627
13744.0000 1398 1207 0.8634
13763.0000 1399 1207 0.8628
13763.0000 1399 1208 0.8635
13808.0000 1400 1208 0.8629
13808.0000 1400 1209 0.8636
13879.0000 1401 1209 0.8630
13888.0000 1402 1209 0.8623
13888.0000 1402 1210 0.8631
13891.0000 1403 1210 0.8624
13891.0000 1403 1211 0.8632
13938.0000 1404 1211 0.8625
13938.0000 1404 1212 0.8632
13957.0000 1405 1212 0.8626
13957.0000 1405 1213 0.8633
13969.0000 1406 1213 0.8627
13969.0000 1406 1214 0.8634
13969.0000 1407 1214 0.8628
13969.0000 1407 1215 0.8635
13989.0000 1408 1215 0.8629
13989.0000 1408 1216 0.8636
14004.0000 1409 1216 0.8630
14004.0000 1409 1217 0.8637
14008.0000 1410 1217 0.8631
14008.0000 1410 1218 0.8638
14020.0000 1411 1218 0.8632
14111.0000 1412 1218 0.8626
14111.0000 1412 1219 0.8633
14132.0000 1413 1219 0.8627
14132.0000 1413 1220 0.8634
14182.0000 1414 1220 0.8628
14182.0000 1414 1221 0.8635
14209.0000 1415 1221 0.8629
14288.0000 1416 1221 0.8623
14331.0000 1417 1221 0.8617
14331.0000 1417 1222 0.8624
14354.0000 1418 1222 0.8618
14354.0000 1418 1223 0.8625
14380.0000 1419 1223 0.8619
14380.0000 1419 1224 0.8626
14500.0000 1420 1224 0.8620
14500.0000 1420 1225 0.8627
14514.0000 1421 1225 0.8621
14514.0000 1421 1226 0.8628
14537.0000 1422 1226 0.8622
14537.0000 1422 1227 0.8629
14542.0000 1423 1227 0.8623
14542.0000 1423 1228 0.8630
14552.0000 1424 1228 0.8624
14577.0000 1425 1228 0.8618
14577.0000 1425 1229 0.8625
14629.0000 1426 1229 0.8619
14629.0000 1426 1230 0.8626
14658.0000 1427 1230 0.8619
14703.0000 1428 1230 0.8613
14703.0000 1428 1231 0.8620
14707.0000 1429 1231 0.8614
14707.0000 1429 1232 0.8621
14744.0000 1430 1232 0.8615
14744.0000 1430 1233 0.8622
14751.0000 1431 1233 0.8616
14751.0000 1431 1234 0.8623
14818.0000 1432 1234 0.8617
14818.0000 1432 1235 0.8624
14876.0000 1433 1235 0.8618
14894.0000 1434 1235 0.8612
14894.0000 1434 1236 0.8619
14978.0000 1435 1236 0.8613
14978.0000 1435 1237 0.8620
15016.0000 1436 1237 0.8614
15016.0000 1436 1238 0.8621
15037.0000 1437 1238 0.8615
15037.0000 1437 1239 0.8622
15042.0000 1438 1239 0.8616
15042.0000 1438 1240 0.8623
15085.0000 1439 1240 0.8617
15085.0000 1439 1241 0.8624
15091.0000 1440 1241 0.8618
15091.0000 1440 1242 0.8625
15117.0000 1441 1242 0.8619
15117.0000 1441 1243 0.8626
15128.0000 1442 1243 0.8620
15394.0000 1443 1243 0.8614
15436.0000 1444 1243 0.8608
15436.0000 1444 1244 0.8615
15441.0000 1445 1244 0.8609
15441.0000 1445 1245 0.8616
15686.0000 1446 1245 0.8610
15726.0000 1447 1245 0.8604
15726.0000 1447 1246 0.8611
15738.0000 1448 1246 0.8605
15738.0000 1448 1247 0.8612
15777.0000 1449 1247 0.8606
15777.0000 1449 1248 0.8613
15812.0000 1450 1248 0.8607
15812.0000 1450 1249 0.8614
15959.0000 1451 1249 0.8608
16079.0000 1452 1249 0.8602
16079.0000 1452 1250 0.8609
16122.0000 1453 1250 0.8603
16134.0000 1454 1250 0.8597
16134.0000 1454 1251 0.8604
16190.0000 1455 1251 0.8598
16190.0000 1455 1252 0.8605
16387.0000 1456 1252 0.8599
16405.0000 1457 1252 0.8593
16405.0000 1457 1253 0.8600
16424.0000 1458 1253 0.8594
16424.0000 1458 1254 0.8601
16612.0000 1459 1254 0.8595
16612.0000 1459 1255 0.8602
16627.0000 1460 1255 0.8596
16627.0000 1460 1256 0.8603
16657.0000 1461 1256 0.8597
16879.0000 1462 1256 0.8591
16879.0000 1462 1257 0.8598
16888.0000 1463 1257 0.8592
16888.0000 1463 1258 0.8599
16943.0000 1464 1258 0.8593
16985.0000 1465 1258 0.8587
16985.0000 1465 1259 0.8594
16987.0000 1466 1259 0.8588
16987.0000 1466 1260 0.8595
17048.0000 1467 1260 0.8589
17112.0000 1468 1260 0.8583
17302.0000 1469 1260 0.8577
17302.0000 1469 1261 0.8584
17320.0000 1470 1261 0.8578
17320.0000 1470 1262 0.8585
17353.0000 1471 1262 0.8579
17353.0000 1471 1263 0.8586
17365.0000 1472 1263 0.8580
17444.0000 1473 1263 0.8574
17444.0000 1473 1264 0.8581
17447.0000 1474 1264 0.8575
17447.0000 1474 1265 0.8582
17523.0000 1475 1265 0.8576
17523.0000 1475 1266 0.8583
17620.0000 1476 1266 0.8577
17846.0000 1477 1266 0.8571
17872.0000 1478 1266 0.8566
17872.0000 1478 1267 0.8572
17971.0000 1479 1267 0.8567
