5.0000 0.0000 0.0000
10.0000 0.0000 0.0000
15.0000 0.0000 0.0000
20.0000 0.0000 0.0000
25.0000 0.0000 0.0000
30.0000 0.0000 0.0000
35.0000 0.0000 0.0000
40.0000 0.0000 0.0000
45.0000 0.0000 0.0000
50.0000 0.0000 0.0000
55.0000 0.0000 0.0000
60.0000 0.0000 0.0000
65.0000 0.0000 0.0000
70.0000 0.0000 0.0000
75.0000 0.0000 0.0000
80.0000 0.0000 0.0000
85.0000 0.0314 0.0012
90.0000 0.0314 0.0012
95.0000 0.0628 0.0024
100.0000 0.0941 0.0036
105.0000 0.1569 0.0060
110.0000 0.3138 0.0114
115.0000 0.3765 0.0135
120.0000 0.5020 0.0173
125.0000 0.5742 0.0191
130.0000 0.7526 0.0253
135.0000 0.9503 0.0295
140.0000 1.0852 0.0318
145.0000 1.3362 0.0356
150.0000 1.4617 0.0371
155.0000 1.7127 0.0390
160.0000 1.9324 0.0397
165.0000 2.0673 0.0394
170.0000 2.2555 0.0387
175.0000 2.4438 0.0373
180.0000 2.4438 0.0373
185.0000 2.6101 0.0352
190.0000 2.7356 0.0334
195.0000 2.8611 0.0314
200.0000 2.9238 0.0302
205.0000 3.0180 0.0284
210.0000 3.0807 0.0270
215.0000 3.0807 0.0270
220.0000 3.1749 0.0249
225.0000 3.2376 0.0233
230.0000 3.2376 0.0233
235.0000 3.2690 0.0225
240.0000 3.3317 0.0208
245.0000 3.4039 0.0186
250.0000 3.4980 0.0158
255.0000 3.4980 0.0158
260.0000 3.4980 0.0158
265.0000 3.5294 0.0148
270.0000 3.5294 0.0148
275.0000 3.5608 0.0139
280.0000 3.5608 0.0139
285.0000 3.6235 0.0118
290.0000 3.6549 0.0108
295.0000 3.6863 0.0097
300.0000 3.7177 0.0086
305.0000 3.7177 0.0086
310.0000 3.7177 0.0086
315.0000 3.7177 0.0086
320.0000 3.7177 0.0086
325.0000 3.7177 0.0086
330.0000 3.7177 0.0086
335.0000 3.7177 0.0086
340.0000 3.7177 0.0086
345.0000 3.7177 0.0086
350.0000 3.7515 0.0102
355.0000 3.7828 0.0091
360.0000 3.8166 0.0106
365.0000 3.8166 0.0106
370.0000 3.8504 0.0122
375.0000 3.8504 0.0122
380.0000 3.9180 0.0151
385.0000 3.9180 0.0151
390.0000 3.9518 0.0166
395.0000 3.9856 0.0180
400.0000 4.0194 0.0194
405.0000 4.1208 0.0235
410.0000 4.1208 0.0235
415.0000 4.1546 0.0248
420.0000 4.2559 0.0286
425.0000 4.2999 0.0293
430.0000 4.3337 0.0305
435.0000 4.4688 0.0351
440.0000 4.5026 0.0362
445.0000 4.5702 0.0382
450.0000 4.7054 0.0422
455.0000 4.9395 0.0455
460.0000 5.0723 0.0458
465.0000 5.1737 0.0477
470.0000 5.3088 0.0500
475.0000 5.4778 0.0523
480.0000 5.5454 0.0531
485.0000 5.6231 0.0530
490.0000 5.6670 0.0525
495.0000 5.7346 0.0530
500.0000 5.7684 0.0533
505.0000 5.8698 0.0538
510.0000 6.0388 0.0542
515.0000 6.1885 0.0603
520.0000 6.4251 0.0593
525.0000 6.6278 0.0575
530.0000 6.6616 0.0571
535.0000 6.8644 0.0543
540.0000 6.9320 0.0532
545.0000 6.9995 0.0539
550.0000 7.0671 0.0526
555.0000 7.1009 0.0519
560.0000 7.2023 0.0497
565.0000 7.3814 0.0445
570.0000 7.4152 0.0436
575.0000 7.5817 0.0363
580.0000 7.6493 0.0343
585.0000 7.7169 0.0321
590.0000 7.7507 0.0310
595.0000 7.7609 0.0298
600.0000 7.8284 0.0275
605.0000 7.8284 0.0275
610.0000 7.8284 0.0275
615.0000 7.8284 0.0275
620.0000 7.8622 0.0263
625.0000 7.9298 0.0238
630.0000 7.9298 0.0238
635.0000 7.9636 0.0226
640.0000 8.0027 0.0247
645.0000 8.0365 0.0234
650.0000 8.0365 0.0234
655.0000 8.0365 0.0234
660.0000 8.0365 0.0234
665.0000 8.0703 0.0220
670.0000 8.1095 0.0241
675.0000 8.1095 0.0241
680.0000 8.1095 0.0241
685.0000 8.1095 0.0241
690.0000 8.1095 0.0241
695.0000 8.1095 0.0241
700.0000 8.1095 0.0241
705.0000 8.1095 0.0241
710.0000 8.1095 0.0241
715.0000 8.1095 0.0241
720.0000 8.1095 0.0241
725.0000 8.1095 0.0241
730.0000 8.1095 0.0241
735.0000 8.1329 0.0217
740.0000 8.1329 0.0217
745.0000 8.1329 0.0217
750.0000 8.1329 0.0217
755.0000 8.1721 0.0237
760.0000 8.2787 0.0285
765.0000 8.4245 0.0348
770.0000 8.5419 0.0433
775.0000 8.6984 0.0531
780.0000 8.8442 0.0615
785.0000 8.9562 0.0686
790.0000 9.0628 0.0750
795.0000 9.1357 0.0804
800.0000 9.2869 0.0846
805.0000 9.4326 0.0946
810.0000 9.5447 0.1004
815.0000 9.6958 0.1067
820.0000 9.8025 0.1082
825.0000 10.0319 0.1115
830.0000 10.2613 0.1156
835.0000 10.4515 0.1232
840.0000 10.6027 0.1234
845.0000 10.8722 0.1273
850.0000 11.0963 0.1359
855.0000 11.3203 0.1397
860.0000 11.5169 0.1412
865.0000 11.8814 0.1426
870.0000 12.0717 0.1474
875.0000 12.3241 0.1540
880.0000 12.5335 0.1562
885.0000 12.7522 0.1602
890.0000 12.8251 0.1602
895.0000 13.1949 0.1554
900.0000 13.5019 0.1537
905.0000 13.7254 0.1451
910.0000 13.9826 0.1463
915.0000 14.3548 0.1526
920.0000 14.6855 0.1496
925.0000 14.8597 0.1477
930.0000 15.0001 0.1484
935.0000 15.2081 0.1500
940.0000 15.3993 0.1432
945.0000 15.4331 0.1431
950.0000 15.5060 0.1392
955.0000 15.5515 0.1361
960.0000 15.5906 0.1356
965.0000 15.8039 0.1233
970.0000 16.0456 0.1199
975.0000 16.1807 0.1176
980.0000 16.3173 0.1137
985.0000 16.5268 0.1041
990.0000 16.5268 0.1041
995.0000 16.5905 0.1049
1000.0000 16.6542 0.1074
1005.0000 16.7179 0.1080
1010.0000 16.8593 0.1039
1015.0000 16.9230 0.1057
1020.0000 16.9931 0.1060
1025.0000 16.9931 0.1060
1030.0000 17.0230 0.1073
1035.0000 17.1259 0.1024
1040.0000 17.2129 0.0945
1045.0000 17.3066 0.0956
1050.0000 17.4770 0.1072
1055.0000 17.5369 0.1093
1060.0000 17.6198 0.1137
1065.0000 17.7326 0.1228
1070.0000 17.7925 0.1246
1075.0000 17.8524 0.1264
1080.0000 17.9629 0.1345
1085.0000 18.0434 0.1417
1090.0000 18.1333 0.1479
1095.0000 18.1632 0.1486
1100.0000 18.2231 0.1499
1105.0000 18.3819 0.1505
1110.0000 18.5519 0.1611
1115.0000 18.7017 0.1631
1120.0000 18.8215 0.1660
1125.0000 19.0954 0.1835
1130.0000 19.2751 0.1853
1135.0000 19.4109 0.1962
1140.0000 19.8153 0.2171
1145.0000 20.5353 0.2538
1150.0000 20.8392 0.2745
1155.0000 21.2694 0.2967
1160.0000 21.6926 0.3321
1165.0000 22.1205 0.3576
1170.0000 22.6080 0.3850
1175.0000 23.1829 0.4236
1180.0000 23.8177 0.4418
1185.0000 24.2615 0.4613
1190.0000 24.9550 0.4820
1195.0000 25.8127 0.5095
1200.0000 26.4359 0.5281
1205.0000 26.9898 0.5393
1210.0000 27.4889 0.5563
1215.0000 27.9375 0.5655
1220.0000 28.3560 0.5828
1225.0000 28.8457 0.6127
1230.0000 29.3701 0.6303
1235.0000 30.0684 0.6718
1240.0000 30.6687 0.6739
1245.0000 31.2753 0.6562
1250.0000 31.9766 0.6421
1255.0000 32.8367 0.6550
1260.0000 33.5438 0.6591
1265.0000 34.0153 0.6603
1270.0000 34.4618 0.6397
1275.0000 34.9208 0.6054
1280.0000 35.2889 0.6124
1285.0000 35.7098 0.6142
1290.0000 35.8132 0.6113
1295.0000 36.2501 0.5887
1300.0000 36.4617 0.5728
1305.0000 36.7239 0.5574
1310.0000 36.8803 0.5393
1315.0000 37.1583 0.5065
1320.0000 37.5217 0.4904
1325.0000 37.7643 0.4700
1330.0000 37.9736 0.4553
1335.0000 38.1829 0.4532
1340.0000 38.2140 0.4560
1345.0000 38.4129 0.4534
1350.0000 38.5498 0.4570
1355.0000 38.8280 0.4573
1360.0000 38.9339 0.4545
1365.0000 38.9868 0.4459
1370.0000 39.0178 0.4483
1375.0000 39.0800 0.4418
1380.0000 39.2952 0.4400
1385.0000 39.5539 0.4445
1390.0000 39.6884 0.4423
1395.0000 39.6884 0.4423
1400.0000 39.8034 0.4411
1405.0000 39.8814 0.4358
1410.0000 40.0585 0.4405
1415.0000 40.0895 0.4422
1420.0000 40.1206 0.4439
1425.0000 40.2758 0.4521
1430.0000 40.4506 0.4464
1435.0000 40.4909 0.4469
1440.0000 40.5841 0.4511
1445.0000 40.6772 0.4552
1450.0000 40.7704 0.4568
1455.0000 40.8946 0.4618
1460.0000 41.0498 0.4676
1465.0000 41.1740 0.4718
1470.0000 41.2051 0.4728
1475.0000 41.2361 0.4738
1480.0000 41.3822 0.4797
1485.0000 41.5157 0.4778
1490.0000 41.5467 0.4786
1495.0000 41.6928 0.4718
1500.0000 41.7859 0.4749
1505.0000 41.9722 0.4761
1510.0000 41.9722 0.4761
1515.0000 42.0654 0.4776
1520.0000 42.1275 0.4785
1525.0000 42.1275 0.4785
1530.0000 42.2114 0.4782
1535.0000 42.3046 0.4792
1540.0000 42.3667 0.4798
1545.0000 42.3667 0.4798
1550.0000 42.3667 0.4798
1555.0000 42.4908 0.4808
1560.0000 42.5219 0.4787
1565.0000 42.5405 0.4676
1570.0000 42.6958 0.4642
1575.0000 42.7229 0.4642
1580.0000 42.8083 0.4683
1585.0000 42.8937 0.4722
1590.0000 42.9519 0.4741
1595.0000 43.0683 0.4777
1600.0000 43.1925 0.4746
1605.0000 43.2860 0.4731
1610.0000 43.3403 0.4765
1615.0000 43.3403 0.4765
1620.0000 43.4529 0.4812
1625.0000 43.5425 0.4813
1630.0000 43.5968 0.4822
1635.0000 43.5968 0.4822
1640.0000 43.6050 0.4773
1645.0000 43.6321 0.4802
1650.0000 43.6321 0.4802
1655.0000 43.7136 0.4828
1660.0000 43.8223 0.4887
1665.0000 43.8766 0.4916
1670.0000 44.0667 0.4991
1675.0000 44.1482 0.5066
1680.0000 44.2568 0.5096
1685.0000 44.3111 0.5120
1690.0000 44.4198 0.5166
1695.0000 44.4469 0.5177
1700.0000 44.5556 0.5221
1705.0000 44.6914 0.5251
1710.0000 44.9440 0.5262
1715.0000 45.0255 0.5287
1720.0000 45.1070 0.5310
1725.0000 45.2156 0.5339
1730.0000 45.3786 0.5379
1735.0000 45.4872 0.5402
1740.0000 45.5958 0.5424
1745.0000 45.6583 0.5382
1750.0000 45.7398 0.5410
1755.0000 45.8213 0.5421
1760.0000 45.8484 0.5425
1765.0000 45.8756 0.5428
1770.0000 46.0196 0.5391
1775.0000 46.0467 0.5394
1780.0000 46.1268 0.5417
1785.0000 46.1797 0.5474
1790.0000 46.2069 0.5476
1795.0000 46.2786 0.5510
1800.0000 46.3417 0.5555
1805.0000 46.4134 0.5614
1810.0000 46.4873 0.5576
1815.0000 46.5339 0.5537
1820.0000 46.6057 0.5593
1825.0000 46.6775 0.5621
1830.0000 46.7405 0.5656
1835.0000 46.7677 0.5618
1840.0000 46.8753 0.5697
1845.0000 46.9220 0.5654
1850.0000 47.1815 0.5794
1855.0000 47.3246 0.5873
1860.0000 47.4514 0.5879
1865.0000 47.4873 0.5901
1870.0000 47.5674 0.5919
1875.0000 47.6750 0.5981
1880.0000 47.8269 0.6041
1885.0000 47.9070 0.6087
1890.0000 48.2191 0.6275
1895.0000 48.3017 0.6238
1900.0000 48.5253 0.6374
1905.0000 48.6685 0.6449
1910.0000 49.0392 0.6681
1915.0000 49.3154 0.6783
1920.0000 49.7623 0.6958
1925.0000 49.8949 0.7069
1930.0000 50.2154 0.7281
1935.0000 50.4999 0.7506
1940.0000 50.6685 0.7562
1945.0000 50.9530 0.7682
1950.0000 51.1767 0.7599
1955.0000 51.6072 0.7549
1960.0000 51.8558 0.7625
1965.0000 52.0962 0.7686
1970.0000 52.1679 0.7742
1975.0000 52.3198 0.7840
1980.0000 52.6845 0.7955
1985.0000 52.9498 0.8033
1990.0000 53.1183 0.8047
1995.0000 53.2068 0.8089
2000.0000 53.3444 0.8051
2005.0000 53.7344 0.8150
2010.0000 53.9475 0.8241
2015.0000 54.3016 0.8411
2020.0000 54.5060 0.8334
2025.0000 54.6746 0.8428
2030.0000 54.7717 0.8470
2035.0000 54.8775 0.8614
2040.0000 55.0362 0.8855
2045.0000 55.2921 0.9092
2050.0000 55.6681 0.9424
2055.0000 55.8894 0.9666
2060.0000 56.4688 0.9806
2065.0000 56.7206 0.9843
2070.0000 56.9465 1.0082
2075.0000 57.2563 1.0238
2080.0000 57.6709 1.0548
2085.0000 58.1927 1.0921
2090.0000 58.5328 1.1041
2095.0000 58.8555 1.0918
2100.0000 58.9398 1.0956
2105.0000 59.1873 1.1055
2110.0000 59.4842 1.1255
2115.0000 59.7318 1.1299
2120.0000 60.2219 1.1370
2125.0000 60.6221 1.1271
2130.0000 60.9353 1.0879
2135.0000 61.2625 1.1090
2140.0000 61.5368 1.1200
2145.0000 61.6369 1.1097
2150.0000 62.1520 1.1197
2155.0000 62.3960 1.1202
2160.0000 62.6630 1.1271
2165.0000 62.8099 1.1357
2170.0000 62.9783 1.1282
2175.0000 63.2285 1.1261
2180.0000 63.5068 1.1341
2185.0000 63.8909 1.1292
2190.0000 64.1134 1.1566
2195.0000 64.4190 1.1843
2200.0000 64.7268 1.2111
2205.0000 65.1984 1.2116
2210.0000 65.4965 1.2192
2215.0000 65.8679 1.2474
2220.0000 66.2922 1.2694
2225.0000 66.6832 1.3060
2230.0000 67.1141 1.3223
2235.0000 67.4943 1.3458
2240.0000 67.7478 1.3546
2245.0000 68.0557 1.3783
2250.0000 68.4056 1.4032
2255.0000 68.8243 1.4214
2260.0000 69.0577 1.4413
2265.0000 69.3006 1.4573
2270.0000 69.5858 1.4673
2275.0000 69.8419 1.4836
2280.0000 70.1475 1.4780
2285.0000 70.5975 1.4857
2290.0000 70.7657 1.4858
2295.0000 70.9893 1.4908
2300.0000 71.2000 1.4799
2305.0000 71.6581 1.4911
2310.0000 72.0591 1.4851
2315.0000 72.1974 1.4890
2320.0000 72.5798 1.5019
2325.0000 72.7505 1.5086
2330.0000 73.0029 1.4761
2335.0000 73.2989 1.4861
2340.0000 73.6092 1.5064
2345.0000 73.8873 1.5219
2350.0000 74.2841 1.5364
2355.0000 74.4993 1.5536
2360.0000 74.7134 1.5361
2365.0000 74.9000 1.5247
2370.0000 75.3354 1.5427
2375.0000 75.5182 1.5496
2380.0000 75.7851 1.5549
2385.0000 75.9547 1.5715
2390.0000 76.1579 1.5893
2395.0000 76.3611 1.6062
2400.0000 76.6377 1.6352
2405.0000 76.8195 1.6162
2410.0000 77.2498 1.6611
2415.0000 77.4410 1.6660
2420.0000 77.8483 1.6637
2425.0000 78.2300 1.6837
2430.0000 78.7194 1.7299
2435.0000 79.1821 1.7477
2440.0000 79.7082 1.7491
2445.0000 79.9624 1.7701
2450.0000 80.3455 1.7555
2455.0000 80.8500 1.7801
2460.0000 81.1794 1.7919
2465.0000 81.4865 1.8271
2470.0000 81.8889 1.8406
2475.0000 82.3466 1.8765
2480.0000 82.7594 1.9068
2485.0000 83.1631 1.9291
2490.0000 83.5235 1.9759
2495.0000 83.8190 2.0143
2500.0000 84.1810 2.0346
2505.0000 84.6155 2.0384
2510.0000 85.0723 2.0682
2515.0000 85.3757 2.0772
2520.0000 85.8941 2.1013
2525.0000 86.4328 2.1248
2530.0000 86.9627 2.1173
2535.0000 87.2399 2.1299
2540.0000 87.5983 2.1310
2545.0000 87.8977 2.1093
2550.0000 88.2260 2.0812
2555.0000 88.8304 2.1285
2560.0000 89.2391 2.1120
2565.0000 89.5789 2.1217
2570.0000 89.8226 2.1406
2575.0000 89.9716 2.1419
2580.0000 90.2804 2.1646
2585.0000 90.6088 2.1876
2590.0000 90.6470 2.1668
2595.0000 90.5346 2.1479
2600.0000 90.9118 2.1460
2605.0000 91.0547 2.1467
2610.0000 91.2945 2.1413
2615.0000 91.4023 2.1313
2620.0000 91.6512 2.1181
2625.0000 91.8064 2.1250
2630.0000 91.8759 2.1255
2635.0000 91.9821 2.1254
2640.0000 92.2442 2.1360
2645.0000 92.2623 2.1349
2650.0000 92.1651 2.1318
2655.0000 92.1472 2.1236
2660.0000 92.0642 2.1222
2665.0000 92.0963 2.1004
2670.0000 92.2170 2.1104
2675.0000 92.1255 2.0987
2680.0000 92.0135 2.0819
2685.0000 92.1129 2.0887
2690.0000 92.2238 2.0928
2695.0000 92.2158 2.0956
2700.0000 92.0348 2.0934
2705.0000 92.1499 2.0929
2710.0000 92.1367 2.0871
2715.0000 92.1811 2.0746
2720.0000 92.2637 2.0781
2725.0000 92.0902 2.0745
2730.0000 92.1093 2.0656
2735.0000 92.3212 2.0669
2740.0000 92.3731 2.0411
2745.0000 92.4249 2.0521
2750.0000 92.2127 2.0400
2755.0000 92.3103 2.0431
2760.0000 92.1370 2.0495
2765.0000 92.1803 2.0352
2770.0000 92.1014 2.0416
2775.0000 92.1607 1.9988
2780.0000 92.3754 2.0013
2785.0000 92.2374 2.0016
2790.0000 92.0837 1.9774
2795.0000 92.1596 1.9547
2800.0000 92.2089 1.9276
2805.0000 92.3854 1.9393
2810.0000 92.2256 1.9276
2815.0000 92.2069 1.9138
2820.0000 92.1628 1.9099
2825.0000 92.1996 1.9157
2830.0000 92.2099 1.9127
2835.0000 92.1083 1.9097
2840.0000 92.2082 1.9057
2845.0000 92.1868 1.9036
2850.0000 92.2701 1.9058
2855.0000 92.3460 1.9129
2860.0000 92.4111 1.9207
2865.0000 92.4882 1.9218
2870.0000 92.4485 1.8868
2875.0000 92.4014 1.8746
2880.0000 92.3526 1.8371
2885.0000 92.4077 1.8216
2890.0000 92.2595 1.8011
2895.0000 92.3080 1.7809
2900.0000 92.3086 1.7753
2905.0000 92.5119 1.7803
2910.0000 92.4034 1.7746
2915.0000 92.5728 1.7770
2920.0000 92.6255 1.7770
2925.0000 92.5662 1.7774
2930.0000 92.6178 1.7837
2935.0000 92.5085 1.7778
2940.0000 92.4796 1.7794
2945.0000 92.5524 1.7796
2950.0000 92.6025 1.7789
2955.0000 92.6087 1.7596
2960.0000 92.6928 1.7572
2965.0000 92.7540 1.7559
2970.0000 92.8457 1.7596
2975.0000 92.7796 1.7661
2980.0000 92.7211 1.7639
2985.0000 92.8164 1.7460
2990.0000 92.8779 1.7581
2995.0000 92.9719 1.7595
3000.0000 92.8406 1.7576
3005.0000 92.9550 1.7544
3010.0000 92.9846 1.7481
3015.0000 92.8794 1.7435
3020.0000 92.8739 1.7462
3025.0000 92.7983 1.7425
3030.0000 93.0548 1.7532
3035.0000 93.0204 1.7437
3040.0000 93.0163 1.7431
3045.0000 93.0525 1.7491
3050.0000 93.0973 1.7588
3055.0000 93.2237 1.7494
3060.0000 93.2782 1.7501
3065.0000 93.4011 1.7534
3070.0000 93.3565 1.7504
3075.0000 93.4019 1.7419
3080.0000 93.2550 1.7430
3085.0000 93.2168 1.7454
3090.0000 93.2397 1.7465
3095.0000 93.2646 1.7454
3100.0000 93.1927 1.7488
3105.0000 93.1064 1.7466
3110.0000 93.3027 1.7531
3115.0000 93.2393 1.7451
3120.0000 93.0862 1.7420
3125.0000 93.1510 1.7499
3130.0000 93.3582 1.7548
3135.0000 93.1945 1.7548
3140.0000 93.2166 1.7607
3145.0000 93.3466 1.7661
3150.0000 93.3338 1.7469
3155.0000 93.0030 1.7256
3160.0000 93.1582 1.7252
3165.0000 93.2622 1.7279
3170.0000 93.1960 1.7317
3175.0000 93.3756 1.7233
3180.0000 93.5977 1.7391
3185.0000 93.3033 1.7249
3190.0000 93.2841 1.7266
3195.0000 93.2565 1.7241
3200.0000 93.4332 1.7282
3205.0000 93.3393 1.6797
3210.0000 93.5895 1.6895
3215.0000 93.5153 1.6892
3220.0000 93.4586 1.6770
3225.0000 93.3069 1.6679
3230.0000 92.9942 1.6546
3235.0000 92.9253 1.6448
3240.0000 93.0444 1.6363
3245.0000 93.0804 1.6399
3250.0000 92.8420 1.6098
3255.0000 93.1793 1.6252
3260.0000 93.2537 1.6220
3265.0000 93.3584 1.6237
3270.0000 93.3626 1.6395
3275.0000 93.6347 1.6320
3280.0000 93.3827 1.6340
3285.0000 93.4809 1.6353
3290.0000 93.5302 1.6270
3295.0000 93.6881 1.6251
3300.0000 93.8101 1.6075
3305.0000 93.5516 1.6198
3310.0000 93.0873 1.6021
3315.0000 93.3341 1.6090
3320.0000 93.4098 1.6195
3325.0000 93.5343 1.5750
3330.0000 93.3982 1.5650
3335.0000 93.3680 1.5637
3340.0000 93.5497 1.5672
3345.0000 93.5674 1.5750
3350.0000 93.7295 1.5701
3355.0000 94.0240 1.5778
3360.0000 94.2841 1.5719
3365.0000 94.2485 1.5521
3370.0000 94.4155 1.5581
3375.0000 94.3738 1.5605
3380.0000 94.3694 1.5516
3385.0000 94.1116 1.5536
3390.0000 94.1831 1.5462
3395.0000 94.4068 1.5491
3400.0000 94.4725 1.5501
3405.0000 94.4761 1.5480
3410.0000 94.3201 1.5418
3415.0000 94.2841 1.5436
3420.0000 94.3985 1.5462
3425.0000 94.4407 1.5481
3430.0000 94.2967 1.5423
3435.0000 94.1959 1.5456
3440.0000 94.1832 1.5354
3445.0000 94.1551 1.5384
3450.0000 94.0230 1.5388
3455.0000 94.1720 1.5383
3460.0000 94.3459 1.5326
3465.0000 94.3335 1.5225
3470.0000 94.4315 1.5211
3475.0000 94.3229 1.5235
3480.0000 94.2696 1.5188
3485.0000 94.4801 1.5185
3490.0000 94.3095 1.5025
3495.0000 94.2402 1.4884
3500.0000 94.1192 1.4929
3505.0000 94.2681 1.4917
3510.0000 94.2210 1.4884
3515.0000 94.2316 1.4825
3520.0000 94.1605 1.4792
3525.0000 94.3158 1.4783
3530.0000 94.1791 1.4751
3535.0000 94.1593 1.4711
3540.0000 94.1959 1.4677
3545.0000 94.2495 1.4596
3550.0000 94.3722 1.4592
3555.0000 94.4176 1.4485
3560.0000 94.3599 1.4491
3565.0000 94.4135 1.4488
3570.0000 94.3264 1.4478
3575.0000 94.2854 1.4463
3580.0000 94.3544 1.4435
3585.0000 94.2017 1.4410
3590.0000 94.0241 1.4327
3595.0000 94.1425 1.4345
3600.0000 94.1872 1.4317
3605.0000 94.1885 1.4312
3610.0000 94.0435 1.4318
3615.0000 94.0767 1.4330
3620.0000 94.1217 1.4308
3625.0000 94.1072 1.4257
3630.0000 94.0679 1.4243
3635.0000 94.2484 1.4272
3640.0000 94.2597 1.4266
3645.0000 94.1805 1.4289
3650.0000 94.1006 1.4234
3655.0000 94.3330 1.4269
3660.0000 94.1775 1.4237
3665.0000 93.8827 1.4169
3670.0000 94.0697 1.4183
3675.0000 94.1472 1.4208
3680.0000 94.2642 1.4096
3685.0000 94.0895 1.4149
3690.0000 94.0587 1.4098
3695.0000 94.1141 1.3979
3700.0000 93.9988 1.3964
3705.0000 93.8983 1.3915
3710.0000 93.9357 1.3765
3715.0000 94.1100 1.3739
3720.0000 94.0343 1.3730
3725.0000 94.0436 1.3647
3730.0000 94.1595 1.3682
3735.0000 94.0395 1.3682
3740.0000 94.0144 1.3659
3745.0000 94.0224 1.3633
3750.0000 93.9130 1.3614
3755.0000 93.8094 1.3600
3760.0000 94.0640 1.3648
3765.0000 93.8518 1.3654
3770.0000 93.9170 1.3618
3775.0000 93.9592 1.3621
3780.0000 93.7823 1.3491
3785.0000 93.7737 1.3541
3790.0000 93.8405 1.3475
3795.0000 93.9029 1.3540
3800.0000 93.8532 1.3387
3805.0000 93.9975 1.3361
3810.0000 93.8988 1.3326
3815.0000 93.9045 1.3335
3820.0000 93.9349 1.3394
3825.0000 93.8475 1.3421
3830.0000 93.8916 1.3203
3835.0000 93.9539 1.3317
3840.0000 94.0832 1.3263
3845.0000 94.0082 1.3247
3850.0000 94.0491 1.3282
3855.0000 93.8889 1.3292
3860.0000 94.2666 1.3274
3865.0000 94.0070 1.3336
3870.0000 94.2298 1.3299
3875.0000 94.2304 1.3241
3880.0000 94.1772 1.3265
3885.0000 94.1241 1.3251
3890.0000 94.0384 1.3251
3895.0000 94.0817 1.3228
3900.0000 93.8011 1.3258
3905.0000 93.6669 1.3228
3910.0000 93.4832 1.3035
3915.0000 93.6527 1.3095
3920.0000 93.3466 1.3019
3925.0000 93.4393 1.3028
3930.0000 93.2279 1.2971
3935.0000 93.5412 1.2915
3940.0000 93.2654 1.2934
3945.0000 93.4612 1.2905
3950.0000 93.4266 1.2783
3955.0000 93.1464 1.2683
3960.0000 93.1179 1.2729
3965.0000 93.0743 1.2387
3970.0000 93.0125 1.2259
3975.0000 93.0975 1.1918
3980.0000 93.0504 1.1927
3985.0000 92.8427 1.1880
3990.0000 92.8311 1.1892
3995.0000 92.9035 1.1885
4000.0000 92.7388 1.1798
4005.0000 92.9686 1.1769
4010.0000 92.9024 1.1747
4015.0000 93.0870 1.1757
4020.0000 93.0624 1.1832
4025.0000 93.0753 1.1848
4030.0000 92.9430 1.1657
4035.0000 92.8869 1.1518
4040.0000 92.9663 1.1455
4045.0000 92.8071 1.1416
4050.0000 92.7652 1.1473
4055.0000 92.8508 1.1494
4060.0000 92.6110 1.1488
4065.0000 92.6215 1.1355
4070.0000 92.7057 1.1182
4075.0000 92.5492 1.0967
4080.0000 92.7363 1.0894
4085.0000 92.6877 1.0864
4090.0000 93.0594 1.0927
4095.0000 93.0567 1.0831
4100.0000 93.1648 1.0920
4105.0000 93.1736 1.0906
4110.0000 93.0590 1.0573
4115.0000 93.0558 1.0517
4120.0000 93.1732 1.0447
4125.0000 93.1467 1.0465
4130.0000 93.2207 1.0368
4135.0000 93.2932 1.0334
4140.0000 93.3203 1.0252
4145.0000 93.4205 1.0271
4150.0000 93.3650 1.0174
4155.0000 93.2922 1.0143
4160.0000 93.3585 1.0064
4165.0000 93.4738 1.0196
4170.0000 93.3585 1.0183
4175.0000 93.7231 1.0184
4180.0000 93.5817 1.0173
4185.0000 93.5633 1.0149
4190.0000 93.5913 0.9905
4195.0000 93.8132 1.0028
4200.0000 93.8808 0.9996
4205.0000 93.8171 0.9972
4210.0000 93.8422 0.9969
4215.0000 93.8488 0.9975
4220.0000 93.8497 0.9931
4225.0000 93.9560 0.9928
4230.0000 94.0515 0.9937
4235.0000 94.0513 0.9998
4240.0000 94.0793 0.9945
4245.0000 94.1032 0.9931
4250.0000 94.0413 0.9898
4255.0000 93.9540 0.9884
4260.0000 94.0192 0.9910
4265.0000 94.0099 0.9894
4270.0000 93.9781 0.9831
4275.0000 94.0451 0.9894
4280.0000 94.0567 0.9940
4285.0000 94.1208 0.9924
4290.0000 94.2102 0.9991
4295.0000 94.2367 0.9945
4300.0000 94.2812 0.9979
4305.0000 94.3200 0.9970
4310.0000 94.3170 0.9941
4315.0000 94.2495 0.9954
4320.0000 94.3837 0.9979
4325.0000 94.4864 0.9936
4330.0000 94.4119 0.9956
4335.0000 94.4718 0.9940
4340.0000 94.4247 0.9903
4345.0000 94.3643 0.9898
4350.0000 94.2701 0.9911
4355.0000 94.3831 0.9890
4360.0000 94.3912 0.9901
4365.0000 94.4647 0.9924
4370.0000 94.4971 0.9915
4375.0000 94.4598 0.9918
4380.0000 94.4829 0.9911
4385.0000 94.3419 0.9922
4390.0000 94.2647 0.9927
4395.0000 94.2654 0.9888
4400.0000 94.2138 0.9873
4405.0000 94.1133 0.9948
4410.0000 94.2269 0.9920
4415.0000 94.1931 0.9900
4420.0000 94.0160 0.9930
4425.0000 94.0494 0.9935
4430.0000 93.9936 0.9985
4435.0000 94.0053 0.9969
4440.0000 93.9479 1.0010
4445.0000 93.9265 1.0011
4450.0000 94.0110 1.0047
4455.0000 93.9959 0.9922
4460.0000 94.0621 0.9957
4465.0000 94.2252 0.9938
4470.0000 94.1411 0.9938
4475.0000 94.0737 0.9885
4480.0000 94.1504 0.9850
4485.0000 94.0878 0.9876
4490.0000 94.3073 0.9846
4495.0000 94.2289 0.9715
4500.0000 94.2113 0.9716
4505.0000 94.1494 0.9447
4510.0000 94.0602 0.9505
4515.0000 94.0209 0.9432
4520.0000 93.8680 0.9424
4525.0000 93.8926 0.9440
4530.0000 93.9296 0.9329
4535.0000 94.0093 0.9367
4540.0000 94.0288 0.9352
4545.0000 93.9404 0.9303
4550.0000 93.8593 0.9327
4555.0000 93.9506 0.9304
4560.0000 93.8439 0.9245
4565.0000 93.7062 0.9263
4570.0000 93.6693 0.9317
4575.0000 93.5841 0.9254
4580.0000 93.4210 0.9192
4585.0000 93.5458 0.9043
4590.0000 93.5631 0.9049
4595.0000 93.5594 0.8931
4600.0000 93.5738 0.8943
4605.0000 93.4063 0.8933
4610.0000 93.2578 0.8918
4615.0000 93.1925 0.8857
4620.0000 93.1008 0.8802
4625.0000 92.9676 0.8783
4630.0000 92.9023 0.8764
4635.0000 92.7005 0.8709
4640.0000 92.6704 0.8698
4645.0000 92.7340 0.8708
4650.0000 92.7433 0.8736
4655.0000 92.8176 0.8724
4660.0000 92.7387 0.8715
4665.0000 92.7983 0.8724
4670.0000 92.9036 0.8749
4675.0000 92.8432 0.8729
4680.0000 92.7918 0.8721
4685.0000 92.8054 0.8734
4690.0000 92.8465 0.8723
4695.0000 92.5744 0.8648
4700.0000 92.5305 0.8684
4705.0000 92.6561 0.8653
4710.0000 92.7884 0.8552
4715.0000 92.9315 0.8527
4720.0000 92.8167 0.8504
4725.0000 92.8919 0.8461
4730.0000 93.0927 0.8535
4735.0000 93.1159 0.8498
4740.0000 93.1641 0.8514
4745.0000 93.1773 0.8408
4750.0000 93.2200 0.8356
4755.0000 93.2613 0.8398
4760.0000 93.2266 0.8354
4765.0000 93.2859 0.8375
4770.0000 93.2529 0.8388
4775.0000 93.1881 0.8115
4780.0000 93.3294 0.8130
4785.0000 93.4062 0.8166
4790.0000 93.6728 0.8203
4795.0000 93.8603 0.8218
4800.0000 94.0187 0.8313
4805.0000 93.9829 0.8299
4810.0000 94.0214 0.8258
4815.0000 94.0631 0.8225
4820.0000 94.1094 0.8222
4825.0000 94.1802 0.8227
4830.0000 94.1999 0.8249
4835.0000 94.2584 0.8242
4840.0000 94.2778 0.8277
4845.0000 94.4633 0.8301
4850.0000 94.4477 0.8267
4855.0000 94.3951 0.8290
4860.0000 94.1939 0.8307
4865.0000 94.2069 0.8296
4870.0000 94.2081 0.8285
4875.0000 94.2965 0.8215
4880.0000 94.1989 0.8286
4885.0000 94.2952 0.8288
4890.0000 94.2952 0.8290
4895.0000 94.2647 0.8302
4900.0000 94.3416 0.8279
4905.0000 94.2970 0.8249
4910.0000 94.3056 0.8248
4915.0000 94.4020 0.8256
4920.0000 94.4292 0.8256
4925.0000 94.6080 0.8198
4930.0000 94.5088 0.8189
4935.0000 94.5262 0.8188
4940.0000 94.4698 0.8219
4945.0000 94.4431 0.8235
4950.0000 94.4567 0.8235
4955.0000 94.5195 0.8210
4960.0000 94.5235 0.8234
4965.0000 94.5535 0.8247
4970.0000 94.5607 0.8206
4975.0000 94.5270 0.8205
4980.0000 94.6436 0.8231
4985.0000 94.5366 0.8222
4990.0000 94.6055 0.8183
4995.0000 94.6130 0.8143
5000.0000 94.6076 0.8198
5005.0000 94.5546 0.8221
5010.0000 94.5726 0.8221
5015.0000 94.8022 0.8208
5020.0000 94.7865 0.8247
5025.0000 94.7435 0.8164
5030.0000 94.6787 0.8021
5035.0000 94.8067 0.8040
5040.0000 94.9228 0.7909
5045.0000 94.9110 0.8008
5050.0000 94.8536 0.8051
5055.0000 94.9997 0.8041
5060.0000 94.8285 0.8078
5065.0000 94.8668 0.8014
5070.0000 94.9722 0.7948
5075.0000 94.9071 0.7941
5080.0000 94.8467 0.7826
5085.0000 94.8230 0.7766
5090.0000 94.9463 0.7812
5095.0000 94.9561 0.7864
5100.0000 94.8399 0.7744
5105.0000 94.8928 0.7800
5110.0000 94.6969 0.7761
5115.0000 94.7293 0.7706
5120.0000 94.5699 0.7596
5125.0000 94.3161 0.7541
5130.0000 94.0593 0.7441
5135.0000 94.1708 0.7548
5140.0000 94.5402 0.7569
5145.0000 94.2772 0.7552
5150.0000 94.2546 0.7501
5155.0000 94.2429 0.7546
5160.0000 94.3016 0.7493
5165.0000 94.4065 0.7543
5170.0000 94.4916 0.7481
5175.0000 94.2289 0.7410
5180.0000 94.1454 0.7373
5185.0000 94.2060 0.7411
5190.0000 94.3717 0.7338
5195.0000 93.9786 0.7292
5200.0000 94.1143 0.7327
5205.0000 93.9833 0.7266
5210.0000 93.9188 0.7254
5215.0000 93.9832 0.7221
5220.0000 94.0542 0.7166
5225.0000 94.1895 0.7184
5230.0000 94.1514 0.7141
5235.0000 94.1377 0.7204
5240.0000 94.0750 0.7176
5245.0000 93.9946 0.7177
5250.0000 93.6582 0.7068
5255.0000 93.6985 0.7084
5260.0000 93.6610 0.7046
5265.0000 93.5450 0.7064
5270.0000 93.6702 0.7037
5275.0000 93.5452 0.7028
5280.0000 93.5193 0.7015
5285.0000 93.4216 0.6954
5290.0000 93.1241 0.6956
5295.0000 93.0154 0.6793
5300.0000 92.8315 0.6803
5305.0000 92.8684 0.6814
5310.0000 92.6316 0.6730
5315.0000 92.6128 0.6760
5320.0000 92.4651 0.6665
5325.0000 92.4418 0.6657
5330.0000 92.4240 0.6680
5335.0000 92.4570 0.6687
5340.0000 92.3805 0.6636
5345.0000 92.4518 0.6591
5350.0000 92.4641 0.6685
5355.0000 92.4091 0.6614
5360.0000 92.3543 0.6548
5365.0000 92.2504 0.6529
5370.0000 92.2745 0.6559
5375.0000 92.3177 0.6593
5380.0000 92.4290 0.6444
5385.0000 92.2923 0.6331
5390.0000 92.3288 0.6263
5395.0000 92.0224 0.6213
5400.0000 92.0830 0.6161
5405.0000 92.1583 0.6181
5410.0000 92.0244 0.6109
5415.0000 91.8606 0.6048
5420.0000 91.8942 0.5970
5425.0000 91.8938 0.5900
5430.0000 92.0405 0.5928
5435.0000 92.0430 0.5920
5440.0000 92.1906 0.6008
5445.0000 92.1865 0.6008
5450.0000 92.0963 0.5976
5455.0000 92.0220 0.6044
5460.0000 91.9622 0.6010
5465.0000 92.1749 0.6067
5470.0000 92.0685 0.6042
5475.0000 92.0841 0.6119
5480.0000 91.9852 0.6077
5485.0000 91.8081 0.5974
5490.0000 91.8390 0.5905
5495.0000 91.8980 0.5927
5500.0000 91.9376 0.5837
5505.0000 91.5865 0.5796
5510.0000 91.7663 0.5785
5515.0000 91.9390 0.5883
5520.0000 92.1234 0.5985
5525.0000 91.9482 0.5910
5530.0000 91.9119 0.5941
5535.0000 91.7909 0.5856
5540.0000 91.9172 0.5886
5545.0000 91.9649 0.5946
5550.0000 92.0081 0.5957
5555.0000 91.8795 0.5902
5560.0000 91.7937 0.5869
5565.0000 91.7229 0.5600
5570.0000 91.7685 0.5652
5575.0000 91.8984 0.5696
5580.0000 91.9928 0.5771
5585.0000 91.9041 0.5691
5590.0000 91.9892 0.5737
5595.0000 91.8575 0.5675
5600.0000 92.0014 0.5760
5605.0000 91.9750 0.5761
5610.0000 91.8941 0.5627
5615.0000 91.8895 0.5601
5620.0000 91.9825 0.5606
5625.0000 92.0372 0.5641
5630.0000 92.1917 0.5732
5635.0000 92.2626 0.5757
5640.0000 92.1856 0.5693
5645.0000 92.0998 0.5621
5650.0000 92.1756 0.5662
5655.0000 92.4549 0.5742
5660.0000 92.5131 0.5761
5665.0000 92.3765 0.5732
5670.0000 92.4195 0.5652
5675.0000 92.5243 0.5685
5680.0000 92.6840 0.5658
5685.0000 92.6267 0.5662
5690.0000 92.4724 0.5570
5695.0000 92.4617 0.5472
5700.0000 92.6047 0.5608
5705.0000 92.3916 0.5552
5710.0000 92.2824 0.5450
5715.0000 92.3989 0.5536
5720.0000 92.5633 0.5602
5725.0000 92.4938 0.5557
5730.0000 92.6625 0.5471
5735.0000 92.7026 0.5431
5740.0000 92.7441 0.5498
5745.0000 92.4903 0.5432
5750.0000 92.3600 0.5411
5755.0000 92.6984 0.5526
5760.0000 92.5850 0.5594
5765.0000 92.5625 0.5546
5770.0000 92.8675 0.5573
5775.0000 92.6730 0.5482
5780.0000 92.5034 0.5416
5785.0000 92.4391 0.5407
5790.0000 92.2142 0.5360
5795.0000 92.6309 0.5470
5800.0000 92.6811 0.5498
5805.0000 92.6949 0.5505
5810.0000 92.7370 0.5505
5815.0000 92.7064 0.5534
5820.0000 92.5895 0.5389
5825.0000 92.6870 0.5426
5830.0000 92.6368 0.5399
5835.0000 92.7727 0.5439
5840.0000 92.6997 0.5410
5845.0000 92.8159 0.5399
5850.0000 92.8796 0.5391
5855.0000 92.8311 0.5426
5860.0000 92.8163 0.5432
5865.0000 92.7949 0.5511
5870.0000 92.9404 0.5586
5875.0000 92.7716 0.5574
5880.0000 92.6651 0.5642
5885.0000 92.6233 0.5593
5890.0000 92.7594 0.5681
5895.0000 92.4785 0.5567
5900.0000 92.6112 0.5550
5905.0000 92.7011 0.5615
5910.0000 92.7530 0.5675
5915.0000 92.7303 0.5640
5920.0000 92.6501 0.5596
5925.0000 92.6643 0.5580
5930.0000 92.6005 0.5532
5935.0000 92.5629 0.5474
5940.0000 92.8518 0.5508
5945.0000 92.6992 0.5403
5950.0000 92.5407 0.5380
5955.0000 92.5654 0.5477
5960.0000 92.7517 0.5482
5965.0000 92.7689 0.5524
5970.0000 92.7792 0.5555
5975.0000 92.6653 0.5419
5980.0000 92.4209 0.5306
5985.0000 92.4766 0.5380
5990.0000 92.1491 0.5278
5995.0000 92.1364 0.5274
6000.0000 92.3102 0.5295
6005.0000 92.3410 0.5337
6010.0000 92.2684 0.5397
6015.0000 92.5701 0.5430
6020.0000 92.4150 0.5418
6025.0000 92.3759 0.5340
6030.0000 92.5492 0.5445
6035.0000 92.4441 0.5379
6040.0000 92.5802 0.5350
6045.0000 92.6234 0.5492
6050.0000 92.7710 0.5432
6055.0000 92.5338 0.5392
6060.0000 92.2531 0.5268
6065.0000 92.2316 0.5184
6070.0000 92.3104 0.5306
6075.0000 92.2459 0.5281
6080.0000 92.2512 0.5248
6085.0000 92.2900 0.5227
6090.0000 92.3267 0.5211
6095.0000 92.2536 0.5188
6100.0000 92.2692 0.5194
6105.0000 92.1690 0.5190
6110.0000 92.2990 0.5091
6115.0000 92.0763 0.5087
6120.0000 92.0245 0.4991
6125.0000 92.0151 0.5014
6130.0000 92.0114 0.5039
6135.0000 92.0430 0.5072
6140.0000 91.9975 0.5097
6145.0000 92.2186 0.5177
6150.0000 92.1285 0.5126
6155.0000 91.9888 0.5116
6160.0000 92.0041 0.5052
6165.0000 92.0771 0.5102
6170.0000 92.1231 0.5188
6175.0000 92.0819 0.5175
6180.0000 92.1143 0.5088
6185.0000 92.0587 0.5130
6190.0000 92.2031 0.5162
6195.0000 92.0327 0.5136
6200.0000 92.0622 0.5085
6205.0000 92.1127 0.5065
6210.0000 92.1353 0.5100
6215.0000 91.9821 0.5025
6220.0000 92.2480 0.5056
6225.0000 92.4055 0.5123
6230.0000 92.4010 0.5161
6235.0000 92.1462 0.4781
6240.0000 92.0586 0.4667
6245.0000 91.7411 0.4377
6250.0000 91.9731 0.4425
6255.0000 91.8917 0.4425
6260.0000 91.9127 0.4466
6265.0000 91.8993 0.4365
6270.0000 92.0682 0.4386
6275.0000 92.0865 0.4373
6280.0000 92.1545 0.4398
6285.0000 92.1366 0.4424
6290.0000 91.9752 0.4387
6295.0000 92.1020 0.4351
6300.0000 91.8795 0.4298
6305.0000 91.8220 0.4205
6310.0000 91.7904 0.4143
6315.0000 91.7993 0.4116
6320.0000 91.9664 0.4104
6325.0000 92.0439 0.4172
6330.0000 92.2192 0.4202
6335.0000 92.3130 0.4270
6340.0000 92.3534 0.4256
6345.0000 92.3944 0.4316
6350.0000 92.5277 0.4321
6355.0000 92.3621 0.4282
6360.0000 92.3275 0.4208
6365.0000 92.3728 0.4203
6370.0000 92.4824 0.4238
6375.0000 92.4041 0.4228
6380.0000 92.4581 0.4253
6385.0000 92.5111 0.4187
6390.0000 92.2067 0.4140
6395.0000 92.3262 0.4132
6400.0000 92.3387 0.4126
6405.0000 92.3305 0.4082
6410.0000 92.1448 0.4084
6415.0000 92.0324 0.4049
6420.0000 92.1430 0.4040
6425.0000 91.9787 0.3921
6430.0000 92.1403 0.4024
6435.0000 91.9693 0.3962
6440.0000 91.9984 0.3912
6445.0000 92.1887 0.4003
6450.0000 92.0721 0.3966
6455.0000 92.1285 0.3918
6460.0000 92.4611 0.4116
6465.0000 92.2811 0.4168
6470.0000 92.4070 0.4076
6475.0000 92.2879 0.3964
6480.0000 92.3397 0.3992
6485.0000 92.3619 0.4015
6490.0000 92.2566 0.3914
6495.0000 92.3903 0.3979
6500.0000 92.3229 0.3913
6505.0000 92.3292 0.3912
6510.0000 92.2694 0.3947
6515.0000 92.1784 0.3905
6520.0000 92.2314 0.3969
6525.0000 92.4253 0.4003
6530.0000 92.3655 0.4056
6535.0000 92.2868 0.3914
6540.0000 92.2785 0.3868
6545.0000 92.3903 0.3917
6550.0000 92.4879 0.3855
6555.0000 92.6327 0.3840
6560.0000 92.6684 0.3786
6565.0000 92.6122 0.3739
6570.0000 92.7467 0.3880
6575.0000 92.6600 0.3898
6580.0000 92.5038 0.3746
6585.0000 92.6198 0.3796
6590.0000 92.6776 0.3890
6595.0000 92.3165 0.3771
6600.0000 92.4963 0.3763
6605.0000 92.5022 0.3788
6610.0000 92.3751 0.3780
6615.0000 92.5348 0.3865
6620.0000 92.6555 0.3822
6625.0000 92.5855 0.3683
6630.0000 93.0212 0.3784
6635.0000 92.9758 0.3763
6640.0000 92.8475 0.3817
6645.0000 92.5817 0.3707
6650.0000 92.6435 0.3719
6655.0000 92.7816 0.3708
6660.0000 92.5534 0.3621
6665.0000 92.6796 0.3662
6670.0000 92.6981 0.3658
6675.0000 92.4863 0.3520
6680.0000 92.5534 0.3541
6685.0000 92.4452 0.3585
6690.0000 92.5721 0.3590
6695.0000 92.6221 0.3591
6700.0000 92.5838 0.3487
6705.0000 92.6362 0.3541
6710.0000 92.5986 0.3508
6715.0000 92.3612 0.3494
6720.0000 92.6561 0.3521
6725.0000 92.5633 0.3516
6730.0000 92.5709 0.3489
6735.0000 92.7106 0.3551
6740.0000 92.5894 0.3565
6745.0000 92.4300 0.3497
6750.0000 92.5631 0.3523
6755.0000 92.5659 0.3472
6760.0000 92.3729 0.3383
6765.0000 92.3216 0.3363
6770.0000 92.1089 0.3316
6775.0000 92.2855 0.3417
6780.0000 92.1737 0.3421
6785.0000 92.2595 0.3428
6790.0000 92.3641 0.3453
6795.0000 92.2790 0.3456
6800.0000 92.3387 0.3463
6805.0000 92.2722 0.3387
6810.0000 92.2361 0.3388
6815.0000 92.0972 0.3318
6820.0000 92.0572 0.3321
6825.0000 91.9590 0.3247
6830.0000 92.0492 0.3292
6835.0000 92.2816 0.3343
6840.0000 91.9473 0.3279
6845.0000 92.0183 0.3314
6850.0000 91.9036 0.3216
6855.0000 91.6611 0.3158
6860.0000 91.7751 0.3113
6865.0000 91.9223 0.3121
6870.0000 91.9678 0.3146
6875.0000 92.2643 0.3222
6880.0000 92.1968 0.3219
6885.0000 92.1359 0.3214
6890.0000 92.1588 0.3167
6895.0000 92.1022 0.3191
6900.0000 92.1075 0.3175
6905.0000 92.2038 0.3132
6910.0000 92.2564 0.3208
6915.0000 92.2666 0.3225
6920.0000 92.3674 0.3213
6925.0000 92.3716 0.3196
6930.0000 92.3020 0.3177
6935.0000 92.1961 0.3145
6940.0000 92.2311 0.3187
6945.0000 92.2605 0.3147
6950.0000 92.3695 0.3229
6955.0000 92.5652 0.3265
6960.0000 92.8488 0.3268
6965.0000 92.5735 0.3268
6970.0000 92.1682 0.3115
6975.0000 92.2464 0.3104
6980.0000 92.2254 0.3085
6985.0000 92.0159 0.3059
6990.0000 91.9618 0.2983
6995.0000 91.9963 0.2978
7000.0000 92.1878 0.3067
7005.0000 92.2391 0.3036
7010.0000 92.0844 0.2969
7015.0000 92.4972 0.3076
7020.0000 92.3512 0.3039
7025.0000 92.2975 0.2964
7030.0000 92.3148 0.2995
7035.0000 92.3304 0.2972
7040.0000 92.3890 0.3036
7045.0000 92.3784 0.3040
7050.0000 92.3327 0.3021
7055.0000 92.4010 0.3019
7060.0000 92.4466 0.3076
7065.0000 92.4298 0.3092
7070.0000 92.4373 0.3057
7075.0000 92.1648 0.2885
7080.0000 92.5079 0.2978
7085.0000 92.5353 0.2992
7090.0000 92.5609 0.2905
7095.0000 92.4457 0.2872
7100.0000 92.4095 0.2810
7105.0000 92.1548 0.2797
7110.0000 92.2350 0.2808
7115.0000 92.3741 0.2877
7120.0000 92.1963 0.2790
7125.0000 92.0749 0.2859
7130.0000 92.1853 0.2757
7135.0000 92.1236 0.2785
7140.0000 92.0600 0.2752
7145.0000 92.0792 0.2762
7150.0000 92.3609 0.2805
7155.0000 92.2681 0.2807
7160.0000 92.3368 0.2935
7165.0000 92.4733 0.2970
7170.0000 92.6700 0.2921
7175.0000 92.5691 0.2904
7180.0000 92.2692 0.2931
7185.0000 92.4302 0.2935
7190.0000 92.4451 0.2923
7195.0000 92.5248 0.2922
7200.0000 92.5636 0.3060
7205.0000 92.5641 0.2991
7210.0000 92.4457 0.2899
7215.0000 92.4031 0.2913
7220.0000 92.4237 0.2794
7225.0000 92.5907 0.2799
7230.0000 92.5524 0.2767
7235.0000 92.7028 0.2806
7240.0000 92.6975 0.2849
7245.0000 92.7701 0.2876
7250.0000 92.6854 0.2867
7255.0000 92.6120 0.2851
7260.0000 92.6423 0.2865
7265.0000 92.9000 0.2849
7270.0000 92.8587 0.2850
7275.0000 92.8326 0.2714
7280.0000 92.7436 0.2725
7285.0000 92.6846 0.2667
7290.0000 92.8543 0.2732
7295.0000 92.8101 0.2769
7300.0000 92.8976 0.2757
7305.0000 92.6624 0.2739
7310.0000 92.5786 0.2716
7315.0000 92.7083 0.2634
7320.0000 92.3751 0.2714
7325.0000 92.4214 0.2667
7330.0000 92.3803 0.2630
7335.0000 92.3044 0.2627
7340.0000 92.1567 0.2611
7345.0000 92.3012 0.2593
7350.0000 92.5401 0.2686
7355.0000 92.2137 0.2595
7360.0000 92.3584 0.2651
7365.0000 92.2332 0.2605
7370.0000 92.2863 0.2654
7375.0000 92.2701 0.2579
7380.0000 92.2802 0.2693
7385.0000 92.5957 0.2765
7390.0000 92.2284 0.2581
7395.0000 92.2796 0.2533
7400.0000 92.2552 0.2479
7405.0000 92.3182 0.2541
7410.0000 92.0930 0.2431
7415.0000 92.1921 0.2413
7420.0000 92.0592 0.2374
7425.0000 92.0338 0.2408
7430.0000 92.0512 0.2322
7435.0000 91.9239 0.2330
7440.0000 92.0497 0.2435
7445.0000 92.1537 0.2351
7450.0000 92.2463 0.2463
7455.0000 92.3018 0.2469
7460.0000 92.5008 0.2441
7465.0000 92.4031 0.2319
7470.0000 92.4404 0.2309
7475.0000 92.4400 0.2271
7480.0000 92.4509 0.2299
7485.0000 92.6590 0.2361
7490.0000 92.7261 0.2361
7495.0000 92.7728 0.2378
7500.0000 92.7754 0.2371
7505.0000 92.8473 0.2318
7510.0000 92.7036 0.2270
7515.0000 92.8029 0.2264
7520.0000 92.7344 0.2303
7525.0000 92.7816 0.2284
7530.0000 92.7187 0.2231
7535.0000 92.7001 0.2267
7540.0000 92.5554 0.2216
7545.0000 92.6358 0.2253
7550.0000 92.6272 0.2298
7555.0000 92.5955 0.2239
7560.0000 92.6710 0.2283
7565.0000 92.7315 0.2400
7570.0000 92.7894 0.2394
7575.0000 92.7905 0.2383
7580.0000 92.9023 0.2392
7585.0000 92.8500 0.2418
7590.0000 92.7794 0.2453
7595.0000 92.7147 0.2384
7600.0000 92.6334 0.2533
7605.0000 92.8850 0.2438
7610.0000 92.8945 0.2443
7615.0000 92.8291 0.2429
7620.0000 93.1932 0.2511
7625.0000 92.7749 0.2457
7630.0000 92.4850 0.2380
7635.0000 92.8542 0.2382
7640.0000 92.8184 0.2317
7645.0000 92.7640 0.2341
7650.0000 92.7797 0.2365
7655.0000 92.7478 0.2409
7660.0000 92.8336 0.2425
7665.0000 93.0422 0.2433
7670.0000 92.8037 0.2397
7675.0000 92.9013 0.2336
7680.0000 92.9568 0.2340
7685.0000 92.7401 0.2341
7690.0000 92.5696 0.2297
7695.0000 92.6897 0.2280
7700.0000 92.8035 0.2290
7705.0000 92.7090 0.2283
7710.0000 92.8613 0.2270
7715.0000 92.6763 0.2235
7720.0000 92.7169 0.2157
7725.0000 92.8363 0.2225
7730.0000 92.9253 0.2260
7735.0000 92.8599 0.2217
7740.0000 92.8662 0.2102
7745.0000 92.8972 0.2112
7750.0000 92.7322 0.2143
7755.0000 92.9851 0.2192
7760.0000 92.8271 0.2115
7765.0000 92.7245 0.2121
7770.0000 92.4515 0.2058
7775.0000 92.7878 0.2144
7780.0000 92.8882 0.2201
7785.0000 92.6961 0.2180
7790.0000 92.7793 0.2088
7795.0000 92.9117 0.2194
7800.0000 92.9360 0.2125
7805.0000 92.7700 0.2130
7810.0000 92.8207 0.2134
7815.0000 92.7953 0.2071
7820.0000 92.6839 0.2007
7825.0000 92.8452 0.2068
7830.0000 92.7606 0.2051
7835.0000 92.9068 0.2113
7840.0000 92.9813 0.2079
7845.0000 92.7859 0.2147
7850.0000 93.2136 0.2176
7855.0000 92.9593 0.2209
7860.0000 92.9956 0.2265
7865.0000 93.0196 0.2241
7870.0000 92.9541 0.2198
7875.0000 92.9283 0.2151
7880.0000 92.5384 0.2169
7885.0000 92.7406 0.2147
7890.0000 92.7394 0.2120
7895.0000 92.8267 0.2125
7900.0000 92.9158 0.2148
7905.0000 92.8424 0.2089
7910.0000 92.8780 0.2071
7915.0000 92.9585 0.2117
7920.0000 92.8382 0.2106
7925.0000 92.7236 0.2074
7930.0000 92.8418 0.2058
7935.0000 92.7019 0.2077
7940.0000 92.8369 0.2116
7945.0000 92.7083 0.2015
7950.0000 92.7334 0.2021
7955.0000 92.7172 0.2018
7960.0000 92.7577 0.2030
7965.0000 92.6222 0.2016
7970.0000 92.6831 0.1935
7975.0000 92.6097 0.1918
7980.0000 92.4793 0.1943
7985.0000 92.5102 0.1962
7990.0000 92.2525 0.1906
7995.0000 92.2180 0.1842
8000.0000 92.4847 0.2009
8005.0000 92.4717 0.2112
8010.0000 92.4679 0.2051
8015.0000 92.4732 0.2013
8020.0000 92.2847 0.1920
8025.0000 92.4197 0.1991
8030.0000 92.6026 0.1965
8035.0000 92.5235 0.2028
8040.0000 92.5488 0.2104
8045.0000 92.6470 0.2072
8050.0000 92.5519 0.1992
8055.0000 92.6121 0.2036
8060.0000 92.6027 0.1981
8065.0000 92.8146 0.2003
8070.0000 92.8264 0.1957
8075.0000 92.8677 0.2006
8080.0000 92.6995 0.1992
8085.0000 92.4604 0.1915
8090.0000 92.6172 0.1922
8095.0000 92.6499 0.1945
8100.0000 92.5789 0.1932
8105.0000 92.4755 0.1942
8110.0000 92.4610 0.1969
8115.0000 92.4379 0.2021
8120.0000 92.6944 0.2017
8125.0000 92.5802 0.2007
8130.0000 92.4993 0.1869
8135.0000 92.4862 0.1898
8140.0000 92.7888 0.1939
8145.0000 92.7391 0.1989
8150.0000 92.9394 0.2036
8155.0000 92.8941 0.1907
8160.0000 92.7209 0.1837
8165.0000 92.8982 0.1809
8170.0000 92.9919 0.1853
8175.0000 93.1208 0.1878
8180.0000 93.1587 0.1807
8185.0000 92.9371 0.1788
8190.0000 92.7681 0.1743
8195.0000 92.8091 0.1703
8200.0000 92.8917 0.1809
8205.0000 93.0318 0.1784
8210.0000 92.6939 0.1785
8215.0000 92.9552 0.1801
8220.0000 92.8590 0.1878
8225.0000 92.9360 0.1905
8230.0000 93.0551 0.1935
8235.0000 93.0696 0.1939
8240.0000 92.9307 0.2004
8245.0000 92.9745 0.1905
8250.0000 93.1333 0.1984
8255.0000 92.9045 0.1979
8260.0000 92.8425 0.1942
8265.0000 92.7748 0.1931
8270.0000 92.7180 0.1900
8275.0000 92.8097 0.1915
8280.0000 92.8200 0.1942
8285.0000 92.8479 0.1919
8290.0000 92.9233 0.1894
8295.0000 92.8045 0.1904
8300.0000 92.8521 0.1833
8305.0000 92.7050 0.1730
8310.0000 92.8424 0.1774
8315.0000 92.9310 0.1931
8320.0000 93.2458 0.1962
8325.0000 93.1607 0.1947
8330.0000 92.9881 0.1958
8335.0000 93.1376 0.1922
8340.0000 92.7865 0.1888
8345.0000 92.9546 0.1843
8350.0000 92.6960 0.1802
8355.0000 92.9574 0.1828
8360.0000 92.6424 0.1760
8365.0000 92.6983 0.1844
8370.0000 92.8486 0.1866
8375.0000 92.8431 0.1856
8380.0000 92.8212 0.1879
8385.0000 92.7249 0.1806
8390.0000 92.6271 0.1819
8395.0000 92.8471 0.1864
8400.0000 92.6659 0.1830
8405.0000 92.6121 0.1832
8410.0000 92.7176 0.1847
8415.0000 92.8028 0.1921
8420.0000 92.7149 0.1947
8425.0000 92.7119 0.1804
8430.0000 92.8640 0.1864
8435.0000 92.9883 0.1926
8440.0000 92.9422 0.1883
8445.0000 92.9704 0.1892
8450.0000 92.9229 0.1901
8455.0000 92.8875 0.1912
8460.0000 92.9360 0.1915
8465.0000 92.7801 0.1830
8470.0000 92.8329 0.1792
8475.0000 93.0012 0.1808
8480.0000 92.9378 0.1856
8485.0000 92.8434 0.1730
8490.0000 93.0503 0.1753
8495.0000 92.9653 0.1747
8500.0000 92.9565 0.1807
8505.0000 93.1185 0.1797
8510.0000 92.8757 0.1653
8515.0000 93.1320 0.1693
8520.0000 93.1339 0.1789
8525.0000 92.9854 0.1773
8530.0000 93.1631 0.1756
8535.0000 93.0109 0.1779
8540.0000 93.0150 0.1844
8545.0000 92.9978 0.1852
8550.0000 93.0149 0.1767
8555.0000 93.4143 0.1793
8560.0000 93.1963 0.1710
8565.0000 93.2168 0.1733
8570.0000 93.0960 0.1772
8575.0000 92.9923 0.1746
8580.0000 92.8979 0.1743
8585.0000 93.0469 0.1713
8590.0000 93.1563 0.1663
8595.0000 93.1141 0.1772
8600.0000 93.1315 0.1721
8605.0000 93.1225 0.1715
8610.0000 93.1208 0.1745
8615.0000 92.9477 0.1707
8620.0000 93.0167 0.1586
8625.0000 93.1498 0.1619
8630.0000 92.9916 0.1673
8635.0000 93.0587 0.1700
8640.0000 93.0749 0.1665
8645.0000 93.0111 0.1671
8650.0000 93.2545 0.1692
8655.0000 93.2152 0.1740
8660.0000 93.2625 0.1723
8665.0000 93.3914 0.1702
8670.0000 93.2126 0.1720
8675.0000 93.1191 0.1730
8680.0000 92.9189 0.1731
8685.0000 93.1060 0.1691
8690.0000 93.1039 0.1691
8695.0000 93.2214 0.1660
8700.0000 93.1112 0.1688
8705.0000 93.0609 0.1662
8710.0000 93.1043 0.1687
8715.0000 93.0126 0.1622
8720.0000 93.2394 0.1658
8725.0000 93.2280 0.1668
8730.0000 93.0696 0.1720
8735.0000 93.1614 0.1758
8740.0000 93.2962 0.1645
8745.0000 93.3853 0.1731
8750.0000 93.2285 0.1704
8755.0000 92.9644 0.1678
8760.0000 93.0463 0.1674
8765.0000 93.1059 0.1654
8770.0000 92.8991 0.1613
8775.0000 93.0395 0.1613
8780.0000 92.9658 0.1654
8785.0000 92.7946 0.1713
8790.0000 92.9695 0.1732
8795.0000 92.9905 0.1731
8800.0000 92.8731 0.1624
8805.0000 92.8534 0.1648
8810.0000 92.9659 0.1596
8815.0000 93.0587 0.1626
8820.0000 93.0133 0.1713
8825.0000 93.1090 0.1777
8830.0000 93.1751 0.1704
8835.0000 92.9733 0.1679
8840.0000 92.7878 0.1657
8845.0000 92.8168 0.1685
8850.0000 92.9014 0.1710
8855.0000 92.8071 0.1652
8860.0000 92.8577 0.1620
8865.0000 92.9179 0.1628
8870.0000 92.9617 0.1603
8875.0000 93.0337 0.1630
8880.0000 92.9279 0.1641
8885.0000 92.7711 0.1595
8890.0000 92.8222 0.1589
8895.0000 92.9376 0.1577
8900.0000 92.8702 0.1642
8905.0000 92.9383 0.1658
8910.0000 92.9567 0.1604
8915.0000 93.0217 0.1609
8920.0000 93.1631 0.1649
8925.0000 92.9543 0.1605
8930.0000 93.1599 0.1635
8935.0000 93.1568 0.1607
8940.0000 93.1452 0.1625
8945.0000 93.1130 0.1556
8950.0000 92.9632 0.1478
8955.0000 92.9183 0.1514
8960.0000 92.9044 0.1524
8965.0000 92.8856 0.1495
8970.0000 92.9116 0.1449
8975.0000 92.9848 0.1508
8980.0000 92.9343 0.1519
8985.0000 92.8317 0.1505
8990.0000 92.8825 0.1564
8995.0000 92.8346 0.1574
9000.0000 92.9551 0.1529
9005.0000 93.0207 0.1522
9010.0000 92.9449 0.1549
9015.0000 93.1275 0.1571
9020.0000 93.0604 0.1547
9025.0000 92.7884 0.1475
9030.0000 92.8913 0.1473
9035.0000 93.0203 0.1471
9040.0000 93.0533 0.1457
9045.0000 92.9496 0.1460
9050.0000 92.8820 0.1505
9055.0000 92.8782 0.1498
9060.0000 93.0218 0.1567
9065.0000 92.9727 0.1562
9070.0000 93.0264 0.1543
9075.0000 93.2158 0.1506
9080.0000 93.0434 0.1456
9085.0000 92.9557 0.1427
9090.0000 92.8830 0.1437
9095.0000 92.9390 0.1457
9100.0000 93.0061 0.1446
9105.0000 92.9946 0.1369
9110.0000 92.8382 0.1301
9115.0000 92.7231 0.1373
9120.0000 92.8399 0.1340
9125.0000 92.5193 0.1349
9130.0000 92.6604 0.1340
9135.0000 92.7866 0.1404
9140.0000 92.7599 0.1362
9145.0000 92.7675 0.1368
9150.0000 92.9191 0.1399
9155.0000 93.0509 0.1444
9160.0000 92.9149 0.1534
9165.0000 93.1655 0.1539
9170.0000 93.0064 0.1487
9175.0000 93.0979 0.1530
9180.0000 92.9015 0.1469
9185.0000 93.0543 0.1550
9190.0000 92.9583 0.1552
9195.0000 93.1791 0.1563
9200.0000 93.2408 0.1561
9205.0000 93.0629 0.1525
9210.0000 92.9970 0.1513
9215.0000 93.2509 0.1516
9220.0000 93.2173 0.1489
9225.0000 93.4196 0.1452
9230.0000 93.5509 0.1456
9235.0000 93.5953 0.1466
9240.0000 93.5005 0.1516
9245.0000 93.3570 0.1426
9250.0000 93.3298 0.1447
9255.0000 93.3548 0.1493
9260.0000 93.3056 0.1487
9265.0000 93.3129 0.1448
9270.0000 93.4582 0.1432
9275.0000 93.3076 0.1383
9280.0000 93.2618 0.1437
9285.0000 93.1367 0.1424
9290.0000 92.8769 0.1305
9295.0000 93.1476 0.1287
9300.0000 93.0973 0.1175
9305.0000 92.8853 0.1177
9310.0000 92.8907 0.1227
9315.0000 92.9451 0.1175
9320.0000 92.8433 0.1200
9325.0000 92.9023 0.1221
9330.0000 92.9852 0.1235
9335.0000 92.7996 0.1149
9340.0000 92.9017 0.1131
9345.0000 92.9425 0.1185
9350.0000 92.7478 0.1180
9355.0000 92.8962 0.1173
9360.0000 92.9451 0.1169
9365.0000 92.9679 0.1178
9370.0000 92.9114 0.1104
9375.0000 93.0129 0.1142
9380.0000 92.9138 0.1166
9385.0000 92.7949 0.1126
9390.0000 92.9059 0.1124
9395.0000 92.7912 0.1106
9400.0000 92.6090 0.1050
9405.0000 92.7485 0.0997
9410.0000 92.8043 0.1039
9415.0000 92.7891 0.0961
9420.0000 92.8409 0.0959
9425.0000 92.7179 0.0917
9430.0000 92.7162 0.0913
9435.0000 92.5182 0.0886
9440.0000 92.6227 0.0922
9445.0000 92.9454 0.0972
9450.0000 92.7139 0.0933
9455.0000 92.8678 0.0914
9460.0000 92.9926 0.0965
9465.0000 92.8142 0.1020
9470.0000 92.9319 0.0958
9475.0000 92.8363 0.0985
9480.0000 93.1564 0.1007
9485.0000 93.2935 0.1022
9490.0000 93.2232 0.1029
9495.0000 92.9545 0.0924
9500.0000 93.1324 0.0964
9505.0000 92.8242 0.0954
9510.0000 92.8860 0.0987
9515.0000 92.8427 0.1003
9520.0000 92.8834 0.0967
9525.0000 93.0820 0.1025
9530.0000 92.9193 0.1051
9535.0000 93.0591 0.0942
9540.0000 93.3589 0.0986
9545.0000 93.3351 0.0900
9550.0000 93.4104 0.0915
9555.0000 93.3798 0.0981
9560.0000 93.1473 0.0918
9565.0000 93.2657 0.0970
9570.0000 93.1057 0.0951
9575.0000 93.0987 0.0982
9580.0000 93.1082 0.0914
9585.0000 93.2692 0.0961
9590.0000 93.2924 0.0994
9595.0000 93.0750 0.0937
9600.0000 93.0449 0.0870
9605.0000 93.2163 0.0895
9610.0000 93.3321 0.0975
9615.0000 93.2425 0.0973
9620.0000 93.1910 0.0992
9625.0000 93.0168 0.0984
9630.0000 93.1788 0.0966
9635.0000 93.2123 0.1004
9640.0000 93.2390 0.1012
9645.0000 93.4185 0.1002
9650.0000 93.2889 0.0978
9655.0000 93.0150 0.0878
9660.0000 93.1153 0.0826
9665.0000 93.1713 0.0810
9670.0000 93.1454 0.0842
9675.0000 93.3768 0.0900
9680.0000 93.3587 0.0859
9685.0000 93.2553 0.0854
9690.0000 93.4378 0.0815
9695.0000 93.3026 0.0839
9700.0000 93.2846 0.0832
9705.0000 93.1961 0.0831
9710.0000 93.1597 0.0743
9715.0000 93.1500 0.0775
9720.0000 93.2511 0.0769
9725.0000 92.9931 0.0751
9730.0000 93.1633 0.0794
9735.0000 93.3177 0.0897
9740.0000 93.4207 0.0944
9745.0000 93.3855 0.0997
9750.0000 93.3447 0.0938
9755.0000 93.2730 0.0895
9760.0000 93.4463 0.0938
9765.0000 93.4118 0.1006
9770.0000 93.3476 0.0920
9775.0000 93.2346 0.0915
9780.0000 93.2932 0.0918
9785.0000 93.1758 0.0904
9790.0000 93.2341 0.0868
9795.0000 93.1791 0.0916
9800.0000 93.1198 0.0904
9805.0000 93.2860 0.0893
9810.0000 93.3242 0.0862
9815.0000 93.1344 0.0873
9820.0000 93.0363 0.0820
9825.0000 93.0483 0.0805
9830.0000 93.4220 0.0821
9835.0000 93.1271 0.0768
9840.0000 93.1896 0.0759
9845.0000 93.0164 0.0766
9850.0000 93.0559 0.0781
9855.0000 93.1391 0.0776
9860.0000 93.1788 0.0755
9865.0000 93.0423 0.0739
9870.0000 93.0223 0.0774
9875.0000 93.1050 0.0731
9880.0000 92.9054 0.0727
9885.0000 92.9302 0.0708
9890.0000 92.8131 0.0728
9895.0000 92.7089 0.0720
9900.0000 92.9852 0.0815
9905.0000 92.8889 0.0738
9910.0000 92.9858 0.0706
9915.0000 92.7096 0.0665
9920.0000 92.6728 0.0634
9925.0000 92.5258 0.0629
9930.0000 92.4524 0.0597
9935.0000 92.5791 0.0591
9940.0000 92.9006 0.0649
9945.0000 92.6092 0.0596
9950.0000 92.8083 0.0652
9955.0000 92.6895 0.0569
9960.0000 93.0076 0.0718
9965.0000 92.7734 0.0623
9970.0000 92.9996 0.0591
9975.0000 92.9927 0.0610
9980.0000 92.9752 0.0691
9985.0000 93.1145 0.0699
9990.0000 93.1168 0.0765
9995.0000 93.4061 0.0723
10000.0000 93.2942 0.0726
10005.0000 93.4173 0.0759
10010.0000 93.4358 0.0789
10015.0000 93.4483 0.0802
10020.0000 93.3857 0.0750
10025.0000 93.3396 0.0852
10030.0000 93.2729 0.0780
10035.0000 93.3182 0.0852
10040.0000 93.6237 0.0791
10045.0000 93.6966 0.0772
10050.0000 93.8131 0.0755
10055.0000 93.5674 0.0734
10060.0000 93.8047 0.0689
10065.0000 93.6475 0.0707
10070.0000 93.7791 0.0739
10075.0000 93.7849 0.0776
10080.0000 93.7208 0.0704
10085.0000 93.8043 0.0808
10090.0000 93.8040 0.0756
10095.0000 93.5798 0.0785
10100.0000 93.5883 0.0736
10105.0000 93.4286 0.0842
10110.0000 93.4790 0.0765
10115.0000 93.5161 0.0837
10120.0000 93.4325 0.0746
10125.0000 93.4876 0.0842
10130.0000 93.4022 0.0834
10135.0000 93.5681 0.0738
10140.0000 93.4128 0.0750
10145.0000 93.4386 0.0786
10150.0000 93.4027 0.0798
10155.0000 93.3338 0.0804
10160.0000 93.2062 0.0725
10165.0000 93.2931 0.0727
10170.0000 93.1852 0.0697
10175.0000 93.4757 0.0800
10180.0000 93.8620 0.0758
10185.0000 93.5920 0.0711
10190.0000 93.3254 0.0628
10195.0000 93.3091 0.0663
10200.0000 93.3175 0.0676
10205.0000 93.4477 0.0600
10210.0000 93.2248 0.0558
10215.0000 93.0483 0.0685
10220.0000 93.1291 0.0676
10225.0000 93.2690 0.0694
10230.0000 93.0908 0.0685
10235.0000 93.3511 0.0738
10240.0000 93.4022 0.0702
10245.0000 93.3136 0.0676
10250.0000 93.1471 0.0683
10255.0000 93.1547 0.0606
10260.0000 93.1383 0.0681
10265.0000 93.1019 0.0688
10270.0000 93.1227 0.0694
10275.0000 93.1964 0.0743
10280.0000 93.2915 0.0715
10285.0000 93.3364 0.0792
10290.0000 93.3416 0.0708
10295.0000 93.2851 0.0718
10300.0000 93.3934 0.0836
10305.0000 93.4351 0.0793
10310.0000 93.5528 0.0844
10315.0000 93.6792 0.0923
10320.0000 93.5240 0.0911
10325.0000 93.4885 0.0958
10330.0000 93.3823 0.0976
10335.0000 93.4862 0.0956
10340.0000 93.2964 0.0839
10345.0000 93.4151 0.0845
10350.0000 93.4563 0.0814
10355.0000 93.3463 0.0759
10360.0000 93.1481 0.0809
10365.0000 93.1097 0.0777
10370.0000 93.1617 0.0786
10375.0000 93.2201 0.0769
10380.0000 93.1019 0.0824
10385.0000 93.2063 0.0796
10390.0000 93.4453 0.0837
10395.0000 93.3895 0.0778
10400.0000 93.2714 0.0774
10405.0000 93.3190 0.0801
10410.0000 93.3651 0.0797
10415.0000 93.2171 0.0878
10420.0000 93.3894 0.0862
10425.0000 93.6174 0.0789
10430.0000 93.6840 0.0854
10435.0000 93.8052 0.0822
10440.0000 93.6079 0.0862
10445.0000 93.6024 0.0793
10450.0000 93.7438 0.0757
10455.0000 93.8301 0.0827
10460.0000 93.5962 0.0814
10465.0000 93.3705 0.0724
10470.0000 93.4683 0.0695
10475.0000 93.2770 0.0689
10480.0000 93.3347 0.0709
10485.0000 93.3886 0.0710
10490.0000 93.4461 0.0645
10495.0000 93.3983 0.0621
10500.0000 93.3032 0.0618
10505.0000 93.2818 0.0672
10510.0000 93.4173 0.0686
10515.0000 93.2790 0.0719
10520.0000 93.2280 0.0732
10525.0000 93.2947 0.0728
10530.0000 93.4194 0.0730
10535.0000 93.0672 0.0636
10540.0000 93.1373 0.0616
10545.0000 93.1287 0.0544
10550.0000 93.1943 0.0569
10555.0000 93.2562 0.0649
10560.0000 93.1188 0.0651
10565.0000 93.2622 0.0662
10570.0000 93.2019 0.0649
10575.0000 93.3648 0.0718
10580.0000 93.3008 0.0650
10585.0000 93.1799 0.0713
10590.0000 93.4038 0.0687
10595.0000 93.3986 0.0777
10600.0000 93.6427 0.0736
10605.0000 93.6363 0.0748
10610.0000 93.5294 0.0762
10615.0000 93.3878 0.0917
10620.0000 93.4596 0.0906
10625.0000 93.3763 0.0849
10630.0000 93.5021 0.0846
10635.0000 93.4967 0.0796
10640.0000 93.3479 0.0741
10645.0000 93.1861 0.0697
10650.0000 93.1866 0.0714
10655.0000 93.2202 0.0704
10660.0000 93.2584 0.0675
10665.0000 93.2237 0.0645
10670.0000 93.2351 0.0693
10675.0000 93.1875 0.0706
10680.0000 92.8235 0.0709
10685.0000 92.7782 0.0691
10690.0000 92.8463 0.0733
10695.0000 92.8943 0.0713
10700.0000 92.9441 0.0714
10705.0000 93.0579 0.0761
10710.0000 93.0377 0.0802
10715.0000 93.1795 0.0850
10720.0000 93.2841 0.0862
10725.0000 92.9955 0.0828
10730.0000 92.9999 0.0795
10735.0000 93.2483 0.0844
10740.0000 93.2263 0.0754
10745.0000 93.5589 0.0723
10750.0000 93.4034 0.0696
10755.0000 93.1389 0.0627
10760.0000 93.0743 0.0649
10765.0000 93.1747 0.0671
10770.0000 93.2561 0.0598
10775.0000 93.1543 0.0678
10780.0000 93.1500 0.0697
10785.0000 93.3280 0.0737
10790.0000 93.2404 0.0740
10795.0000 93.3914 0.0743
10800.0000 93.1729 0.0762
10805.0000 93.2312 0.0745
10810.0000 93.1222 0.0730
10815.0000 93.1885 0.0683
10820.0000 93.1494 0.0748
10825.0000 93.2730 0.0791
10830.0000 93.3463 0.0803
10835.0000 93.5794 0.0766
10840.0000 93.5118 0.0792
10845.0000 93.5350 0.0684
10850.0000 93.6787 0.0705
10855.0000 93.6746 0.0713
10860.0000 93.5960 0.0757
10865.0000 93.5083 0.0760
10870.0000 93.5619 0.0684
10875.0000 93.7439 0.0681
10880.0000 93.6055 0.0681
10885.0000 93.4273 0.0694
10890.0000 93.5146 0.0658
10895.0000 93.5430 0.0776
10900.0000 93.6617 0.0778
10905.0000 93.5656 0.0779
10910.0000 93.7378 0.0824
10915.0000 93.7567 0.0849
10920.0000 93.6216 0.0825
10925.0000 93.7357 0.0813
10930.0000 93.8086 0.0845
10935.0000 93.6225 0.0817
10940.0000 93.6566 0.0895
10945.0000 93.4467 0.0829
10950.0000 93.7470 0.0742
10955.0000 93.6897 0.0642
10960.0000 93.5903 0.0610
10965.0000 93.4168 0.0554
10970.0000 93.3728 0.0600
10975.0000 93.0441 0.0617
10980.0000 93.1863 0.0655
10985.0000 93.4185 0.0635
10990.0000 93.4059 0.0740
10995.0000 93.4930 0.0759
11000.0000 93.4319 0.0750
11005.0000 93.5651 0.0732
11010.0000 93.3775 0.0743
11015.0000 93.4972 0.0687
11020.0000 93.6109 0.0666
11025.0000 93.6406 0.0694
11030.0000 93.7248 0.0728
11035.0000 93.7762 0.0694
11040.0000 93.7609 0.0697
11045.0000 93.7461 0.0670
11050.0000 93.7077 0.0675
11055.0000 93.6307 0.0742
11060.0000 93.5611 0.0787
11065.0000 93.7218 0.0746
11070.0000 93.6968 0.0707
11075.0000 93.7321 0.0670
11080.0000 93.9180 0.0728
11085.0000 93.8330 0.0676
11090.0000 93.9007 0.0738
11095.0000 93.8836 0.0767
11100.0000 93.7951 0.0743
11105.0000 93.5738 0.0777
11110.0000 93.5358 0.0785
11115.0000 93.5283 0.0888
11120.0000 93.5592 0.0803
11125.0000 93.5896 0.0809
11130.0000 93.7543 0.0771
11135.0000 93.8808 0.0808
11140.0000 94.0217 0.0719
11145.0000 94.0266 0.0845
11150.0000 94.0989 0.0850
11155.0000 93.9834 0.0935
11160.0000 94.0831 0.0879
11165.0000 93.9815 0.0914
11170.0000 94.0531 0.0839
11175.0000 93.9832 0.0860
11180.0000 93.8420 0.0915
11185.0000 93.8596 0.0866
11190.0000 93.7882 0.0887
11195.0000 93.6344 0.0834
11200.0000 93.6749 0.0780
11205.0000 93.6467 0.0752
11210.0000 93.8576 0.0728
11215.0000 93.8511 0.0660
11220.0000 93.6541 0.0664
11225.0000 93.5656 0.0612
11230.0000 93.3839 0.0687
11235.0000 93.3044 0.0765
11240.0000 93.4945 0.0737
11245.0000 93.6984 0.0728
11250.0000 93.8321 0.0773
11255.0000 93.9018 0.0756
11260.0000 93.8244 0.0794
11265.0000 93.7804 0.0799
11270.0000 93.7392 0.0760
11275.0000 93.5828 0.0707
11280.0000 93.6873 0.0765
11285.0000 93.7385 0.0744
11290.0000 94.1128 0.0761
11295.0000 93.9952 0.0828
11300.0000 93.9271 0.0866
11305.0000 93.8523 0.0891
11310.0000 93.6545 0.0825
11315.0000 93.5409 0.0725
11320.0000 93.5293 0.0839
11325.0000 93.3798 0.0792
11330.0000 93.5422 0.0778
11335.0000 93.7109 0.0787
11340.0000 93.5528 0.0747
11345.0000 93.6895 0.0786
11350.0000 94.0275 0.0772
11355.0000 93.5762 0.0818
11360.0000 93.5211 0.0828
11365.0000 93.7353 0.0785
11370.0000 93.7907 0.0735
11375.0000 93.8477 0.0796
11380.0000 93.6492 0.0848
11385.0000 93.5882 0.0774
11390.0000 93.4928 0.0760
11395.0000 93.5562 0.0773
11400.0000 93.5142 0.0716
11405.0000 93.5549 0.0667
11410.0000 93.4705 0.0670
11415.0000 93.4931 0.0683
11420.0000 93.5157 0.0625
11425.0000 93.3815 0.0620
11430.0000 93.5150 0.0609
11435.0000 93.4625 0.0613
11440.0000 93.5945 0.0716
11445.0000 93.3360 0.0678
11450.0000 93.2646 0.0659
11455.0000 93.5040 0.0716
11460.0000 93.4320 0.0716
11465.0000 93.4994 0.0648
11470.0000 93.6062 0.0649
11475.0000 93.6756 0.0679
11480.0000 93.5000 0.0718
11485.0000 93.6473 0.0655
11490.0000 93.8303 0.0628
11495.0000 93.7886 0.0708
11500.0000 93.7075 0.0733
11505.0000 93.8431 0.0728
11510.0000 93.6374 0.0736
11515.0000 93.5521 0.0820
11520.0000 93.7124 0.0806
11525.0000 93.8465 0.0882
11530.0000 93.8168 0.0847
11535.0000 93.8297 0.0861
11540.0000 93.8999 0.0877
11545.0000 93.6632 0.0856
11550.0000 93.6575 0.0760
11555.0000 93.7041 0.0753
11560.0000 93.6471 0.0681
11565.0000 93.4888 0.0737
11570.0000 93.5070 0.0735
11575.0000 93.4472 0.0775
11580.0000 93.3970 0.0785
11585.0000 93.5444 0.0762
11590.0000 93.5145 0.0786
11595.0000 93.4506 0.0793
11600.0000 93.4613 0.0715
11605.0000 93.5375 0.0787
11610.0000 93.5162 0.0749
11615.0000 93.5650 0.0797
11620.0000 93.4876 0.0820
11625.0000 93.6265 0.0888
11630.0000 93.5701 0.0892
11635.0000 93.5552 0.0854
11640.0000 93.7259 0.0835
11645.0000 93.5983 0.0892
11650.0000 93.5089 0.0865
11655.0000 93.6558 0.0847
11660.0000 93.5866 0.0899
11665.0000 93.5441 0.0815
11670.0000 93.7185 0.0833
11675.0000 93.4121 0.0826
11680.0000 93.2527 0.0825
11685.0000 93.4806 0.0854
11690.0000 93.4932 0.0753
11695.0000 93.6431 0.0791
11700.0000 93.5954 0.0790
11705.0000 93.5136 0.0864
11710.0000 93.5974 0.0804
11715.0000 93.5624 0.0791
11720.0000 93.3424 0.0834
11725.0000 93.2090 0.0725
11730.0000 93.2173 0.0833
11735.0000 93.1411 0.0708
11740.0000 93.1921 0.0831
11745.0000 93.3871 0.0833
11750.0000 93.2686 0.0822
11755.0000 93.3482 0.0810
11760.0000 93.4791 0.0856
11765.0000 93.5941 0.0823
11770.0000 93.6545 0.0837
11775.0000 93.6212 0.0890
11780.0000 93.6005 0.0904
11785.0000 93.6172 0.0812
11790.0000 93.8199 0.0859
11795.0000 93.6646 0.0867
11800.0000 93.7841 0.0841
11805.0000 93.8792 0.0835
11810.0000 93.8754 0.0854
11815.0000 94.0285 0.0843
11820.0000 93.7127 0.0819
11825.0000 93.8305 0.0825
11830.0000 93.8474 0.0820
11835.0000 94.0235 0.0851
11840.0000 93.8470 0.0879
11845.0000 93.9461 0.0803
11850.0000 94.0351 0.0775
11855.0000 93.9884 0.0814
11860.0000 93.8812 0.0738
11865.0000 93.9717 0.0813
11870.0000 94.1184 0.0852
11875.0000 94.2751 0.0913
11880.0000 93.9964 0.0874
11885.0000 94.0698 0.0914
11890.0000 94.1211 0.0879
11895.0000 94.0807 0.0890
11900.0000 94.2058 0.0790
11905.0000 93.9181 0.0839
11910.0000 94.0521 0.0874
11915.0000 94.0937 0.0812
11920.0000 93.9475 0.0870
11925.0000 94.0911 0.0842
11930.0000 94.1443 0.0828
11935.0000 93.9816 0.0824
11940.0000 94.0417 0.0861
11945.0000 93.7196 0.0875
11950.0000 93.7649 0.0825
11955.0000 93.7825 0.0822
11960.0000 93.6938 0.0875
11965.0000 93.8779 0.0815
11970.0000 93.8193 0.0821
11975.0000 93.7679 0.0747
11980.0000 93.8237 0.0718
11985.0000 93.8974 0.0679
11990.0000 93.8340 0.0698
11995.0000 93.8693 0.0690
12000.0000 93.7870 0.0733
12005.0000 93.8009 0.0753
12010.0000 93.7748 0.0747
12015.0000 93.7093 0.0742
12020.0000 93.7260 0.0730
12025.0000 93.9888 0.0758
12030.0000 93.9216 0.0742
12035.0000 94.0779 0.0761
12040.0000 94.0112 0.0746
12045.0000 93.9845 0.0801
12050.0000 93.8639 0.0903
12055.0000 93.8901 0.0833
12060.0000 94.0395 0.0716
12065.0000 93.9715 0.0752
12070.0000 93.7646 0.0739
12075.0000 93.8493 0.0724
12080.0000 93.8658 0.0717
12085.0000 93.8484 0.0683
12090.0000 93.7124 0.0717
12095.0000 93.6885 0.0698
12100.0000 93.6930 0.0713
12105.0000 93.6835 0.0660
12110.0000 93.7757 0.0727
12115.0000 93.8525 0.0747
12120.0000 93.8253 0.0721
12125.0000 93.9579 0.0711
12130.0000 93.7237 0.0726
12135.0000 93.6857 0.0720
12140.0000 93.5570 0.0734
12145.0000 93.4473 0.0664
12150.0000 93.5143 0.0668
12155.0000 93.3332 0.0656
12160.0000 93.4093 0.0670
12165.0000 93.3684 0.0695
12170.0000 93.4429 0.0772
12175.0000 93.4410 0.0748
12180.0000 93.7795 0.0714
12185.0000 93.7446 0.0708
12190.0000 93.7758 0.0781
12195.0000 93.6751 0.0806
12200.0000 93.7706 0.0813
12205.0000 93.8430 0.0733
12210.0000 93.4361 0.0764
12215.0000 93.5177 0.0757
12220.0000 93.6655 0.0805
12225.0000 93.9908 0.0736
12230.0000 93.9391 0.0835
12235.0000 93.8938 0.0766
12240.0000 93.8575 0.0750
12245.0000 93.8282 0.0779
12250.0000 94.1088 0.0750
12255.0000 93.9130 0.0792
12260.0000 94.0158 0.0823
12265.0000 94.1238 0.0865
12270.0000 94.0174 0.0899
12275.0000 93.6690 0.0881
12280.0000 93.9103 0.0933
12285.0000 93.9954 0.0906
12290.0000 93.9713 0.0932
12295.0000 94.0884 0.0979
12300.0000 94.2243 0.0859
12305.0000 93.9833 0.1015
12310.0000 94.2569 0.0843
12315.0000 94.1171 0.0853
12320.0000 94.0359 0.0886
12325.0000 94.0408 0.0772
12330.0000 94.0503 0.0735
12335.0000 94.1342 0.0838
12340.0000 94.3571 0.0836
12345.0000 94.3610 0.0790
12350.0000 94.2780 0.0845
12355.0000 94.3058 0.0813
12360.0000 94.2537 0.0861
12365.0000 94.3199 0.0828
12370.0000 94.4372 0.0823
12375.0000 94.2711 0.0922
12380.0000 94.3669 0.0861
12385.0000 94.1145 0.0932
12390.0000 94.2358 0.0864
12395.0000 94.0835 0.0802
12400.0000 94.0861 0.0835
12405.0000 94.0652 0.0876
12410.0000 93.8451 0.0876
12415.0000 93.8147 0.0843
12420.0000 93.7222 0.0925
12425.0000 93.7265 0.0863
12430.0000 93.6800 0.0873
12435.0000 93.6003 0.0849
12440.0000 93.5753 0.0867
12445.0000 93.6200 0.0807
12450.0000 93.6852 0.0846
12455.0000 93.6654 0.0877
12460.0000 93.7105 0.0881
12465.0000 93.7061 0.0873
12470.0000 93.5633 0.0873
12475.0000 93.5087 0.0863
12480.0000 93.5036 0.0822
12485.0000 93.6463 0.0864
12490.0000 93.7648 0.0848
12495.0000 93.7714 0.0970
12500.0000 93.6901 0.0919
12505.0000 93.5796 0.0912
12510.0000 93.4614 0.0844
12515.0000 93.5088 0.0914
12520.0000 93.5217 0.0954
12525.0000 93.5445 0.0946
12530.0000 93.6337 0.0915
12535.0000 93.5841 0.0908
12540.0000 93.6331 0.0877
12545.0000 93.6592 0.0877
12550.0000 93.4552 0.0831
12555.0000 93.2563 0.0827
12560.0000 93.5264 0.0797
12565.0000 93.7115 0.0865
12570.0000 93.8763 0.0852
12575.0000 93.6920 0.0837
12580.0000 93.6615 0.0799
12585.0000 93.7772 0.0751
12590.0000 93.4725 0.0858
12595.0000 93.4737 0.0802
12600.0000 93.1880 0.0762
12605.0000 93.4276 0.0760
12610.0000 93.5264 0.0677
12615.0000 93.3536 0.0633
12620.0000 93.2844 0.0597
12625.0000 93.3504 0.0636
12630.0000 93.4582 0.0714
12635.0000 93.5101 0.0759
12640.0000 93.4363 0.0782
12645.0000 93.5335 0.0741
12650.0000 93.5780 0.0713
12655.0000 93.4086 0.0787
12660.0000 93.6184 0.0686
12665.0000 93.6003 0.0639
12670.0000 93.3108 0.0704
12675.0000 93.6404 0.0694
12680.0000 93.7610 0.0765
12685.0000 93.8201 0.0729
12690.0000 93.8049 0.0727
12695.0000 94.1183 0.0652
12700.0000 94.1137 0.0711
12705.0000 93.8423 0.0744
12710.0000 93.7366 0.0822
12715.0000 93.5476 0.0784
12720.0000 93.6402 0.0794
12725.0000 93.6072 0.0816
12730.0000 93.7130 0.0783
12735.0000 93.9234 0.0802
12740.0000 93.6104 0.0838
12745.0000 93.8749 0.0718
12750.0000 93.9485 0.0712
12755.0000 94.0226 0.0634
12760.0000 93.9094 0.0621
12765.0000 93.7707 0.0607
12770.0000 93.8094 0.0682
12775.0000 93.7725 0.0729
12780.0000 93.8215 0.0811
12785.0000 94.0263 0.0757
12790.0000 93.8885 0.0729
12795.0000 93.8411 0.0806
12800.0000 93.7327 0.0744
12805.0000 93.8465 0.0691
12810.0000 93.5432 0.0714
12815.0000 93.4374 0.0728
12820.0000 93.4915 0.0703
12825.0000 93.6607 0.0753
12830.0000 93.4855 0.0810
12835.0000 93.7373 0.0845
12840.0000 93.6829 0.0837
12845.0000 93.5524 0.0774
12850.0000 93.5636 0.0835
12855.0000 93.5273 0.0818
12860.0000 93.6123 0.0871
12865.0000 93.7484 0.0815
12870.0000 93.5617 0.0813
12875.0000 93.7167 0.0849
12880.0000 93.7109 0.0905
12885.0000 93.8706 0.0939
12890.0000 93.5734 0.0895
12895.0000 93.6974 0.0805
12900.0000 93.6596 0.0914
12905.0000 93.6299 0.0941
12910.0000 93.5105 0.0855
12915.0000 93.4817 0.0802
12920.0000 93.8292 0.0764
12925.0000 93.6051 0.0830
12930.0000 93.7789 0.0876
12935.0000 93.6168 0.0901
12940.0000 93.6413 0.0797
12945.0000 93.3592 0.0734
12950.0000 93.1851 0.0749
12955.0000 93.4763 0.0725
12960.0000 93.5706 0.0751
12965.0000 93.4357 0.0741
12970.0000 93.6001 0.0759
12975.0000 93.5591 0.0792
12980.0000 93.8096 0.0799
12985.0000 93.6629 0.0813
12990.0000 93.6825 0.0844
12995.0000 93.6452 0.0925
13000.0000 93.8626 0.0830
13005.0000 93.9209 0.0724
13010.0000 93.8636 0.0747
13015.0000 93.7817 0.0739
13020.0000 93.8486 0.0753
13025.0000 93.8280 0.0781
13030.0000 94.0481 0.0719
13035.0000 94.2568 0.0745
13040.0000 94.0967 0.0836
13045.0000 94.0877 0.0852
13050.0000 93.9711 0.0758
13055.0000 94.0592 0.0761
13060.0000 94.0096 0.0818
13065.0000 94.2144 0.0799
13070.0000 94.0863 0.0904
13075.0000 94.0522 0.0840
13080.0000 93.8516 0.0877
13085.0000 94.0412 0.0864
13090.0000 93.9869 0.0902
13095.0000 93.8600 0.0860
13100.0000 93.9602 0.0789
13105.0000 94.0034 0.0927
13110.0000 93.8063 0.0952
13115.0000 94.0891 0.0810
13120.0000 94.0191 0.0850
13125.0000 94.0063 0.0899
13130.0000 93.9227 0.0807
13135.0000 94.1921 0.0844
13140.0000 94.0990 0.0971
13145.0000 94.1548 0.0851
13150.0000 94.1344 0.0859
13155.0000 94.0222 0.0865
13160.0000 93.9716 0.0890
13165.0000 93.8964 0.0840
13170.0000 93.7729 0.0845
13175.0000 93.7205 0.0888
13180.0000 93.7925 0.0852
13185.0000 93.6865 0.0843
13190.0000 93.8037 0.0896
13195.0000 93.9844 0.0890
13200.0000 93.8408 0.0957
13205.0000 93.6153 0.0972
13210.0000 93.7286 0.0904
13215.0000 93.8747 0.0929
13220.0000 93.7590 0.0971
13225.0000 93.6802 0.0947
13230.0000 93.4477 0.0924
13235.0000 93.4957 0.0929
13240.0000 93.5450 0.0876
13245.0000 93.5309 0.0963
13250.0000 93.5419 0.0911
13255.0000 93.7554 0.0899
13260.0000 93.8048 0.0900
13265.0000 93.8672 0.0978
13270.0000 94.0698 0.0940
13275.0000 93.9365 0.0872
13280.0000 93.7005 0.0870
13285.0000 93.9960 0.0903
13290.0000 93.8109 0.0935
13295.0000 93.7868 0.0900
13300.0000 93.8075 0.0888
13305.0000 93.9425 0.0931
13310.0000 94.0146 0.0863
13315.0000 93.9037 0.0890
13320.0000 94.1797 0.0880
13325.0000 94.2989 0.0841
13330.0000 93.9620 0.0897
13335.0000 94.1170 0.0839
13340.0000 94.1728 0.0955
13345.0000 94.0984 0.0881
13350.0000 94.0221 0.0958
13355.0000 93.9772 0.0877
13360.0000 93.9545 0.0826
13365.0000 93.8739 0.0894
13370.0000 94.0431 0.0872
13375.0000 94.1468 0.0896
13380.0000 94.2769 0.0876
13385.0000 94.0631 0.0937
13390.0000 94.0895 0.0915
13395.0000 93.8185 0.0915
13400.0000 93.6607 0.0987
13405.0000 93.7994 0.0961
13410.0000 93.7774 0.0936
13415.0000 93.9066 0.0929
13420.0000 93.8499 0.0908
13425.0000 93.9812 0.0886
13430.0000 94.0241 0.0915
13435.0000 93.9849 0.0875
13440.0000 93.9588 0.0900
13445.0000 93.9057 0.0914
13450.0000 93.9229 0.0822
13455.0000 93.9236 0.0856
13460.0000 93.8363 0.0916
13465.0000 93.8943 0.0835
13470.0000 93.9695 0.0841
13475.0000 93.8728 0.0809
13480.0000 93.7963 0.0826
13485.0000 93.8906 0.0809
13490.0000 93.7728 0.0882
13495.0000 93.9570 0.0920
13500.0000 94.0516 0.0846
13505.0000 94.1918 0.0806
13510.0000 94.0429 0.0849
13515.0000 93.9239 0.0904
13520.0000 93.8552 0.0873
13525.0000 93.9443 0.0834
13530.0000 93.8546 0.0909
13535.0000 93.7917 0.0932
13540.0000 93.7850 0.0816
13545.0000 93.6626 0.0860
13550.0000 93.9212 0.0807
13555.0000 93.9820 0.0858
13560.0000 93.9095 0.0874
13565.0000 93.8360 0.0878
13570.0000 93.6653 0.0843
13575.0000 93.7750 0.0816
13580.0000 94.0335 0.0801
13585.0000 93.5664 0.0849
13590.0000 93.7444 0.0924
13595.0000 93.7486 0.0941
13600.0000 93.7008 0.0931
13605.0000 93.7480 0.0965
13610.0000 93.6632 0.0963
13615.0000 93.7519 0.0902
13620.0000 93.6682 0.0929
13625.0000 93.6123 0.0920
13630.0000 93.4750 0.0929
13635.0000 93.7537 0.0880
13640.0000 93.5852 0.0865
13645.0000 93.7284 0.0769
13650.0000 93.8091 0.0911
13655.0000 93.9440 0.0856
13660.0000 93.9073 0.0832
13665.0000 94.0170 0.0826
13670.0000 94.0507 0.0808
13675.0000 93.9043 0.0856
13680.0000 93.7306 0.0861
13685.0000 93.8536 0.0784
13690.0000 93.8042 0.0898
13695.0000 94.0227 0.0880
13700.0000 94.0789 0.0873
13705.0000 94.1500 0.0894
13710.0000 93.9847 0.0901
13715.0000 93.9982 0.1018
13720.0000 94.1720 0.1002
13725.0000 94.2428 0.0876
13730.0000 93.8321 0.0880
13735.0000 93.8779 0.0883
13740.0000 93.7819 0.0884
13745.0000 93.9357 0.0867
13750.0000 94.0090 0.1048
13755.0000 93.8882 0.0994
13760.0000 93.7096 0.0919
13765.0000 93.7887 0.0905
13770.0000 93.9111 0.0853
13775.0000 93.8554 0.0825
13780.0000 93.8377 0.0848
13785.0000 94.0900 0.0820
13790.0000 93.9959 0.0810
13795.0000 93.9718 0.0811
13800.0000 93.8607 0.0828
13805.0000 93.8053 0.0878
13810.0000 93.8276 0.0837
13815.0000 93.8718 0.0835
13820.0000 93.8219 0.0815
13825.0000 93.8181 0.0818
13830.0000 93.6307 0.0797
13835.0000 93.5041 0.0858
13840.0000 93.3774 0.0966
13845.0000 93.2838 0.0860
13850.0000 93.3895 0.0850
13855.0000 93.3596 0.0998
13860.0000 93.3206 0.0874
13865.0000 93.3869 0.0888
13870.0000 93.5953 0.0836
13875.0000 93.5296 0.0884
13880.0000 93.5495 0.0880
13885.0000 93.5346 0.0854
13890.0000 93.5627 0.0900
13895.0000 93.4376 0.0892
13900.0000 93.4736 0.0904
13905.0000 93.7903 0.0862
13910.0000 93.7536 0.0857
13915.0000 93.8829 0.0788
13920.0000 94.1391 0.0750
13925.0000 93.9324 0.0805
13930.0000 93.9319 0.0773
13935.0000 94.0394 0.0848
13940.0000 94.0781 0.0820
13945.0000 93.8253 0.0838
13950.0000 93.8106 0.0829
13955.0000 93.7842 0.0867
13960.0000 93.6202 0.0856
13965.0000 93.6830 0.0800
13970.0000 93.7695 0.0813
13975.0000 93.7479 0.0848
13980.0000 93.6316 0.0896
13985.0000 93.6579 0.0903
13990.0000 93.7047 0.0931
13995.0000 93.6338 0.0841
14000.0000 93.5703 0.0856
14005.0000 93.5777 0.0816
14010.0000 93.5570 0.0770
14015.0000 93.7306 0.0906
14020.0000 93.7227 0.0815
14025.0000 93.7624 0.0852
14030.0000 93.6046 0.0800
14035.0000 93.5574 0.0748
14040.0000 93.6330 0.0732
14045.0000 93.7503 0.0790
14050.0000 93.7340 0.0830
14055.0000 93.6571 0.0906
14060.0000 93.6412 0.0971
14065.0000 93.6267 0.0900
14070.0000 93.6357 0.0907
14075.0000 93.4323 0.1009
14080.0000 93.6968 0.0922
14085.0000 93.9005 0.0934
14090.0000 93.6958 0.0940
14095.0000 93.6415 0.0935
14100.0000 93.5316 0.0968
14105.0000 93.7240 0.0954
14110.0000 93.8447 0.0915
14115.0000 93.6651 0.0948
14120.0000 93.5449 0.0874
14125.0000 93.6268 0.0860
14130.0000 93.7014 0.0867
14135.0000 93.7749 0.0828
14140.0000 93.5323 0.0846
14145.0000 93.7013 0.0866
14150.0000 93.8064 0.0870
14155.0000 93.6780 0.0906
14160.0000 93.7312 0.0915
14165.0000 93.6511 0.0884
14170.0000 93.7359 0.0887
14175.0000 93.4974 0.0942
14180.0000 93.5603 0.0859
14185.0000 93.8519 0.0799
14190.0000 93.9979 0.0830
14195.0000 93.9849 0.0871
14200.0000 94.1798 0.0914
14205.0000 94.1815 0.0949
14210.0000 93.9994 0.0900
14215.0000 94.0243 0.0911
14220.0000 93.9680 0.0896
14225.0000 93.9727 0.0867
14230.0000 94.0220 0.0922
14235.0000 94.2070 0.0937
14240.0000 94.0544 0.0908
14245.0000 94.0300 0.0949
14250.0000 94.0884 0.0942
14255.0000 94.0453 0.0973
14260.0000 93.8957 0.1033
14265.0000 94.0706 0.1060
14270.0000 94.1774 0.1000
14275.0000 94.1056 0.0993
14280.0000 93.9712 0.1023
14285.0000 93.8859 0.1015
14290.0000 93.7248 0.1040
14295.0000 93.9492 0.0988
14300.0000 93.8425 0.1086
14305.0000 93.8692 0.0990
14310.0000 93.7965 0.0991
14315.0000 93.7897 0.0953
14320.0000 93.7284 0.0816
14325.0000 93.9136 0.0805
14330.0000 93.7935 0.0833
14335.0000 93.8602 0.0798
14340.0000 93.7089 0.0873
14345.0000 93.7304 0.0728
14350.0000 93.9934 0.0884
14355.0000 93.6376 0.0914
14360.0000 93.4568 0.0947
14365.0000 93.4258 0.0844
14370.0000 93.3657 0.0815
14375.0000 93.4653 0.0864
14380.0000 93.4904 0.0934
14385.0000 93.5461 0.0901
14390.0000 93.5678 0.0928
14395.0000 93.4628 0.0951
14400.0000 93.6538 0.0979
14405.0000 93.7799 0.0958
14410.0000 93.9134 0.0993
14415.0000 93.8758 0.0991
14420.0000 93.7328 0.1043
14425.0000 93.8979 0.1002
14430.0000 93.8676 0.0998
14435.0000 93.9165 0.1041
14440.0000 93.9547 0.1045
14445.0000 93.8781 0.1020
14450.0000 93.5560 0.0945
14455.0000 93.5813 0.0950
14460.0000 93.5055 0.0909
14465.0000 93.6293 0.0810
14470.0000 93.5728 0.0821
14475.0000 93.3786 0.0823
14480.0000 93.3902 0.0863
14485.0000 93.3819 0.0811
14490.0000 93.5369 0.0808
14495.0000 93.5875 0.0768
14500.0000 93.7464 0.0854
14505.0000 93.6365 0.0853
14510.0000 93.6861 0.0806
14515.0000 93.7004 0.0797
14520.0000 93.4989 0.0847
14525.0000 93.6340 0.0862
14530.0000 93.3543 0.0830
14535.0000 93.4894 0.0760
14540.0000 93.4889 0.0804
14545.0000 93.5054 0.0719
14550.0000 93.3496 0.0688
14555.0000 93.2613 0.0680
14560.0000 93.0774 0.0702
14565.0000 93.1391 0.0743
14570.0000 93.2220 0.0753
14575.0000 93.3451 0.0802
14580.0000 93.5505 0.0764
14585.0000 93.5202 0.0804
14590.0000 93.7745 0.0797
14595.0000 93.7458 0.0768
14600.0000 93.3812 0.0875
14605.0000 93.4322 0.0855
14610.0000 93.3002 0.0858
14615.0000 93.5125 0.0815
14620.0000 93.4149 0.0822
14625.0000 93.5655 0.0817
14630.0000 93.5117 0.0801
14635.0000 93.4031 0.0891
14640.0000 93.3630 0.0927
14645.0000 93.2676 0.0866
14650.0000 93.2952 0.0973
14655.0000 93.0900 0.0887
14660.0000 93.2275 0.0827
14665.0000 92.8392 0.0801
14670.0000 93.3570 0.0833
14675.0000 93.5427 0.0867
14680.0000 93.4846 0.0919
14685.0000 93.5587 0.0875
14690.0000 93.7047 0.0859
14695.0000 93.5873 0.0849
14700.0000 93.5586 0.0767
14705.0000 93.4407 0.0851
14710.0000 93.6084 0.0887
14715.0000 93.5320 0.0875
14720.0000 93.6282 0.0862
14725.0000 93.7513 0.0953
14730.0000 93.7845 0.0939
14735.0000 93.8227 0.0783
14740.0000 93.8836 0.0730
14745.0000 93.6119 0.0851
14750.0000 93.7115 0.0826
14755.0000 93.6901 0.0918
14760.0000 93.8510 0.0785
14765.0000 93.8488 0.0861
14770.0000 93.8719 0.0880
14775.0000 93.6306 0.0973
14780.0000 93.5136 0.0908
14785.0000 93.6634 0.0870
14790.0000 93.8834 0.0883
14795.0000 94.1225 0.0895
14800.0000 94.2408 0.0867
14805.0000 94.0155 0.0796
14810.0000 94.0090 0.0760
14815.0000 93.9347 0.0837
14820.0000 94.0460 0.0781
14825.0000 94.1112 0.0819
14830.0000 94.0210 0.0906
14835.0000 94.0554 0.0830
14840.0000 94.1063 0.0884
14845.0000 94.0022 0.0875
14850.0000 93.9792 0.0847
14855.0000 93.8490 0.0851
14860.0000 93.9350 0.0859
14865.0000 93.9201 0.0770
14870.0000 93.9823 0.0818
14875.0000 94.1220 0.0874
14880.0000 93.8931 0.0923
14885.0000 93.9256 0.0942
14890.0000 93.9027 0.0890
14895.0000 94.1069 0.0897
14900.0000 93.8909 0.0929
14905.0000 93.8939 0.0909
14910.0000 93.6932 0.0838
14915.0000 93.7086 0.0813
14920.0000 93.6251 0.0894
14925.0000 93.6006 0.0886
14930.0000 93.5820 0.0853
14935.0000 93.5624 0.0915
14940.0000 93.5634 0.0767
14945.0000 93.4888 0.0776
14950.0000 93.5967 0.0705
14955.0000 93.7047 0.0770
14960.0000 93.6053 0.0801
14965.0000 93.6248 0.0760
14970.0000 93.5417 0.0772
14975.0000 93.7671 0.0754
14980.0000 93.9102 0.0707
14985.0000 93.5790 0.0789
14990.0000 93.5513 0.0770
14995.0000 93.6363 0.0714
15000.0000 93.7748 0.0733
15005.0000 93.5470 0.0716
15010.0000 93.8189 0.0708
15015.0000 93.7529 0.0714
15020.0000 94.0660 0.0702
15025.0000 93.7009 0.0779
15030.0000 94.0295 0.0806
15035.0000 93.6972 0.0840
15040.0000 93.7220 0.0915
15045.0000 93.7658 0.1012
15050.0000 93.6392 0.0988
15055.0000 93.9310 0.0875
15060.0000 93.7862 0.0801
15065.0000 93.8004 0.0782
15070.0000 93.8870 0.0713
15075.0000 93.8807 0.0730
15080.0000 93.8994 0.0718
15085.0000 93.6459 0.0737
15090.0000 93.6900 0.0712
15095.0000 93.7122 0.0741
15100.0000 93.4082 0.0688
15105.0000 93.4806 0.0645
15110.0000 93.4772 0.0646
15115.0000 93.5813 0.0643
15120.0000 93.7401 0.0666
15125.0000 93.7649 0.0700
15130.0000 93.9329 0.0776
15135.0000 94.0501 0.0826
15140.0000 93.7989 0.0834
15145.0000 93.7485 0.0702
15150.0000 93.8549 0.0633
15155.0000 93.8437 0.0717
15160.0000 93.8476 0.0784
15165.0000 93.8670 0.0800
15170.0000 93.9165 0.0784
15175.0000 94.0876 0.0780
15180.0000 94.0457 0.0721
15185.0000 94.0006 0.0731
15190.0000 93.8225 0.0735
15195.0000 93.9139 0.0790
15200.0000 93.9735 0.0719
15205.0000 94.0513 0.0714
15210.0000 94.1431 0.0673
15215.0000 94.1751 0.0670
15220.0000 94.0149 0.0644
15225.0000 93.8020 0.0639
15230.0000 93.6481 0.0728
15235.0000 93.6357 0.0793
15240.0000 94.0026 0.0757
15245.0000 93.7823 0.0796
15250.0000 93.8676 0.0797
15255.0000 93.6422 0.0811
15260.0000 93.8629 0.0809
15265.0000 93.9979 0.0838
15270.0000 94.0234 0.0775
15275.0000 94.0550 0.0843
15280.0000 94.0619 0.0898
15285.0000 93.9591 0.0873
15290.0000 93.8933 0.0844
15295.0000 93.8321 0.0826
15300.0000 93.7472 0.0820
15305.0000 93.7483 0.0796
15310.0000 93.7074 0.0732
15315.0000 93.6020 0.0789
15320.0000 93.8404 0.0730
15325.0000 93.6153 0.0779
15330.0000 93.8550 0.0765
15335.0000 93.9168 0.0769
15340.0000 93.7948 0.0744
15345.0000 93.6795 0.0775
15350.0000 93.6354 0.0781
15355.0000 93.5477 0.0827
15360.0000 93.6072 0.0836
15365.0000 93.7841 0.0774
15370.0000 93.6020 0.0774
15375.0000 93.6739 0.0794
15380.0000 93.8386 0.0799
15385.0000 93.7735 0.0799
15390.0000 93.6720 0.0905
15395.0000 93.7483 0.0779
15400.0000 93.4500 0.0739
15405.0000 93.8051 0.0795
15410.0000 93.6152 0.0810
15415.0000 93.4337 0.0704
15420.0000 93.4373 0.0736
15425.0000 93.4016 0.0775
15430.0000 93.2981 0.0741
15435.0000 93.6181 0.0759
15440.0000 93.5433 0.0747
15445.0000 93.3549 0.0781
15450.0000 93.3686 0.0807
15455.0000 93.6027 0.0820
15460.0000 93.6375 0.0788
15465.0000 93.6845 0.0766
15470.0000 93.5105 0.0806
15475.0000 93.5180 0.0747
15480.0000 93.3331 0.0832
15485.0000 93.5770 0.0816
15490.0000 93.5904 0.0766
15495.0000 93.5174 0.0728
15500.0000 93.6344 0.0663
15505.0000 93.5696 0.0637
15510.0000 93.7734 0.0641
15515.0000 93.8393 0.0685
15520.0000 93.5021 0.0719
15525.0000 93.5963 0.0698
15530.0000 93.7582 0.0758
15535.0000 93.9948 0.0753
15540.0000 93.7732 0.0764
15545.0000 93.8359 0.0665
15550.0000 93.7858 0.0786
15555.0000 93.8781 0.0780
15560.0000 93.8242 0.0822
15565.0000 93.6432 0.0788
15570.0000 93.7695 0.0833
15575.0000 93.8113 0.0807
15580.0000 93.7196 0.0829
15585.0000 93.7979 0.0811
15590.0000 93.8555 0.0797
15595.0000 93.6923 0.0808
15600.0000 93.6131 0.0876
15605.0000 93.8273 0.0859
15610.0000 93.7657 0.0903
15615.0000 93.7904 0.0846
15620.0000 93.4586 0.0810
15625.0000 93.5702 0.0798
15630.0000 93.6415 0.0789
15635.0000 93.5970 0.0810
15640.0000 93.5157 0.0809
15645.0000 93.5610 0.0931
15650.0000 93.7069 0.0818
15655.0000 93.5465 0.0832
15660.0000 93.5880 0.0838
15665.0000 93.4610 0.0915
15670.0000 93.5245 0.0833
15675.0000 93.6332 0.0811
15680.0000 93.7256 0.0838
15685.0000 93.9319 0.0867
15690.0000 94.1193 0.0956
15695.0000 94.1677 0.0922
15700.0000 94.1764 0.0845
15705.0000 94.2285 0.0816
15710.0000 94.1847 0.0943
15715.0000 94.3352 0.0885
15720.0000 94.3192 0.0898
15725.0000 94.1968 0.0870
15730.0000 94.1770 0.0902
15735.0000 93.9800 0.0905
15740.0000 93.9793 0.0919
15745.0000 93.6897 0.0868
15750.0000 93.5332 0.0854
15755.0000 93.4850 0.0969
15760.0000 93.3846 0.0925
15765.0000 93.4751 0.0958
15770.0000 93.4770 0.0899
15775.0000 93.5953 0.0878
15780.0000 93.4903 0.0957
15785.0000 93.5580 0.0971
15790.0000 93.6671 0.0916
15795.0000 93.5070 0.0900
15800.0000 93.4321 0.0919
15805.0000 93.9262 0.0866
15810.0000 93.5955 0.0936
15815.0000 93.5521 0.0800
15820.0000 93.4126 0.0801
15825.0000 93.5502 0.0725
15830.0000 93.5221 0.0815
15835.0000 93.5968 0.0812
15840.0000 93.6459 0.0838
15845.0000 93.7343 0.0781
15850.0000 93.7404 0.0870
15855.0000 93.8591 0.0779
15860.0000 93.8736 0.0802
15865.0000 93.7255 0.0799
15870.0000 93.6430 0.0766
15875.0000 93.5570 0.0747
15880.0000 93.5466 0.0724
15885.0000 93.6024 0.0717
15890.0000 93.8117 0.0679
15895.0000 93.6978 0.0724
15900.0000 93.8328 0.0741
15905.0000 93.8723 0.0726
15910.0000 93.8739 0.0664
15915.0000 93.8268 0.0850
15920.0000 93.8412 0.0725
15925.0000 94.0226 0.0664
15930.0000 94.0180 0.0696
15935.0000 94.0295 0.0785
15940.0000 93.8245 0.0737
15945.0000 93.7930 0.0752
15950.0000 93.7919 0.0778
15955.0000 93.8574 0.0714
15960.0000 93.9025 0.0744
15965.0000 93.8563 0.0711
15970.0000 93.6750 0.0742
15975.0000 93.7223 0.0760
15980.0000 93.8469 0.0798
15985.0000 93.6925 0.0845
15990.0000 93.8880 0.0791
15995.0000 93.7974 0.0773
16000.0000 93.9028 0.0931
16005.0000 93.9382 0.0900
16010.0000 94.0409 0.0928
16015.0000 93.9810 0.0918
16020.0000 94.1330 0.0862
16025.0000 93.9127 0.0940
16030.0000 94.0309 0.0948
16035.0000 93.9964 0.0970
16040.0000 93.9833 0.0884
16045.0000 94.0306 0.0907
16050.0000 94.0080 0.0847
16055.0000 94.1583 0.0844
16060.0000 94.1907 0.0782
16065.0000 93.9545 0.0807
16070.0000 93.9282 0.0793
16075.0000 93.6367 0.0779
16080.0000 93.7813 0.0790
16085.0000 93.6174 0.0805
16090.0000 93.7430 0.0833
16095.0000 93.6210 0.0821
16100.0000 93.4864 0.0818
16105.0000 93.7184 0.0815
16110.0000 93.4976 0.0850
16115.0000 93.6156 0.0854
16120.0000 93.7532 0.0893
16125.0000 93.5729 0.0872
16130.0000 93.7782 0.0765
16135.0000 93.6319 0.0866
16140.0000 93.7102 0.0835
16145.0000 93.8215 0.0828
16150.0000 93.7377 0.0840
16155.0000 93.7814 0.0816
16160.0000 93.7824 0.0889
16165.0000 93.7840 0.0864
16170.0000 93.9546 0.0826
16175.0000 93.6939 0.0800
16180.0000 93.8567 0.0788
16185.0000 93.9177 0.0858
16190.0000 93.9345 0.0806
16195.0000 94.0548 0.0862
16200.0000 94.1120 0.0870
16205.0000 93.9854 0.0887
16210.0000 93.9610 0.0818
16215.0000 93.8953 0.0873
16220.0000 93.9954 0.0890
16225.0000 93.9850 0.0830
16230.0000 93.7796 0.0905
16235.0000 93.9173 0.0827
16240.0000 94.0180 0.0850
16245.0000 93.8449 0.0931
16250.0000 94.0358 0.0866
16255.0000 93.8110 0.0898
16260.0000 93.6609 0.0897
16265.0000 93.7710 0.0914
16270.0000 93.7670 0.0948
16275.0000 93.7520 0.0928
16280.0000 93.8478 0.0942
16285.0000 93.9235 0.0892
16290.0000 93.8565 0.0937
16295.0000 93.7930 0.0898
16300.0000 93.8037 0.0909
16305.0000 93.6368 0.0870
16310.0000 93.3444 0.0879
16315.0000 93.4310 0.0934
16320.0000 93.6681 0.0896
16325.0000 93.7880 0.0800
16330.0000 93.9083 0.0760
16335.0000 93.8871 0.0745
16340.0000 93.7960 0.0761
16345.0000 93.7791 0.0798
16350.0000 93.8920 0.0799
16355.0000 94.0052 0.0773
16360.0000 93.8134 0.0808
16365.0000 93.8979 0.0838
16370.0000 93.9736 0.0803
16375.0000 93.8264 0.0829
16380.0000 94.1080 0.0869
16385.0000 94.0241 0.0842
16390.0000 93.9147 0.0908
16395.0000 93.8835 0.0881
16400.0000 93.8608 0.0871
16405.0000 93.8960 0.0840
16410.0000 93.9399 0.0834
16415.0000 94.0712 0.0815
16420.0000 93.9086 0.0931
16425.0000 94.0086 0.0857
16430.0000 93.8048 0.0839
16435.0000 93.7425 0.0854
16440.0000 93.9490 0.0840
16445.0000 93.9417 0.0976
16450.0000 93.7760 0.0853
16455.0000 94.0071 0.0896
16460.0000 94.0332 0.0898
16465.0000 93.9826 0.0934
16470.0000 94.1376 0.0891
16475.0000 93.9518 0.0971
16480.0000 94.2209 0.0886
16485.0000 94.2972 0.0865
16490.0000 94.2797 0.0887
16495.0000 93.8632 0.0858
16500.0000 93.8182 0.0960
16505.0000 93.8842 0.0864
16510.0000 93.9348 0.0852
16515.0000 94.1076 0.0778
16520.0000 93.8640 0.0837
16525.0000 93.8637 0.0752
16530.0000 93.9809 0.0794
16535.0000 93.6233 0.0826
16540.0000 93.6236 0.0893
16545.0000 93.9304 0.0898
16550.0000 93.7369 0.0858
16555.0000 93.7689 0.0781
16560.0000 93.7906 0.0828
16565.0000 94.0793 0.0819
16570.0000 93.9504 0.0825
16575.0000 93.8685 0.0875
16580.0000 93.9295 0.0838
16585.0000 93.9923 0.0767
16590.0000 93.6807 0.0777
16595.0000 93.7250 0.0730
16600.0000 93.8307 0.0791
16605.0000 93.6378 0.0790
16610.0000 93.4988 0.0800
16615.0000 93.7875 0.0874
16620.0000 93.7744 0.0868
16625.0000 93.7011 0.0912
16630.0000 93.5895 0.0973
16635.0000 93.6406 0.1025
16640.0000 93.7710 0.0927
16645.0000 93.7647 0.0891
16650.0000 93.6704 0.0894
16655.0000 93.9448 0.0818
16660.0000 93.9286 0.0888
16665.0000 93.5107 0.0899
16670.0000 93.6981 0.0862
16675.0000 93.4833 0.0756
16680.0000 93.4826 0.0880
16685.0000 93.4527 0.0828
16690.0000 93.4507 0.0773
16695.0000 93.4485 0.0797
16700.0000 93.5512 0.0817
16705.0000 93.4443 0.0849
16710.0000 93.5523 0.0767
16715.0000 93.4364 0.0720
16720.0000 93.4107 0.0710
16725.0000 93.5428 0.0692
16730.0000 93.4718 0.0718
16735.0000 93.6110 0.0753
16740.0000 93.8485 0.0846
16745.0000 93.6886 0.0831
16750.0000 94.0538 0.0770
16755.0000 94.0205 0.0889
16760.0000 94.0734 0.0859
16765.0000 94.1591 0.0821
16770.0000 93.9703 0.0857
16775.0000 94.2194 0.0836
16780.0000 94.3185 0.0826
16785.0000 94.2003 0.0867
16790.0000 94.2178 0.0879
16795.0000 94.1256 0.0829
16800.0000 94.1994 0.0899
16805.0000 94.2152 0.0897
16810.0000 94.2414 0.0854
16815.0000 94.0484 0.1013
16820.0000 94.0978 0.0955
16825.0000 93.8064 0.0945
16830.0000 93.9856 0.0897
16835.0000 94.0350 0.0897
16840.0000 93.7961 0.0824
16845.0000 93.8902 0.0868
16850.0000 93.8060 0.0933
16855.0000 93.9294 0.0848
16860.0000 93.9303 0.0867
16865.0000 93.6888 0.0844
16870.0000 93.6352 0.0866
16875.0000 93.6754 0.0918
16880.0000 93.6299 0.0974
16885.0000 93.6897 0.0897
16890.0000 93.6356 0.0837
16895.0000 93.7369 0.0820
16900.0000 93.6536 0.0909
16905.0000 93.7327 0.0878
16910.0000 93.6822 0.0857
16915.0000 93.6376 0.0911
16920.0000 93.8196 0.0827
16925.0000 93.6274 0.0925
16930.0000 93.7288 0.0843
16935.0000 93.6284 0.0840
16940.0000 93.8052 0.0880
16945.0000 93.7708 0.0926
16950.0000 93.4862 0.0961
16955.0000 93.3983 0.0932
16960.0000 93.7159 0.0994
16965.0000 93.7300 0.1000
16970.0000 93.7523 0.0992
16975.0000 93.7273 0.1164
16980.0000 93.8643 0.1045
16985.0000 93.9629 0.1060
16990.0000 93.9099 0.1042
16995.0000 94.1297 0.1002
17000.0000 94.0426 0.1017
17005.0000 94.0242 0.1051
17010.0000 94.1919 0.1029
17015.0000 94.2191 0.0988
17020.0000 94.3157 0.0964
17025.0000 94.4234 0.0901
17030.0000 94.2048 0.0935
17035.0000 94.1828 0.0943
17040.0000 94.1646 0.0931
17045.0000 94.2318 0.1002
17050.0000 94.2242 0.1025
17055.0000 94.1889 0.0951
17060.0000 94.2514 0.0901
17065.0000 93.9755 0.0998
17070.0000 93.9711 0.0920
17075.0000 93.9753 0.0927
17080.0000 94.2354 0.0949
17085.0000 93.9788 0.0888
17090.0000 94.0538 0.0958
17095.0000 94.3024 0.0908
17100.0000 93.9966 0.0907
17105.0000 93.9881 0.0873
17110.0000 93.9380 0.0887
17115.0000 94.0374 0.0824
17120.0000 94.0948 0.0800
17125.0000 94.1587 0.0725
17130.0000 93.9750 0.0769
17135.0000 94.0648 0.0756
17140.0000 93.9427 0.0857
17145.0000 93.9396 0.0818
17150.0000 93.9492 0.0861
17155.0000 94.2661 0.0778
17160.0000 93.9132 0.0819
17165.0000 93.9291 0.0850
17170.0000 93.8620 0.0780
17175.0000 93.8767 0.0786
17180.0000 93.7600 0.0767
17185.0000 93.8412 0.0760
17190.0000 93.8777 0.0726
17195.0000 93.6280 0.0750
17200.0000 93.4870 0.0832
17205.0000 93.8109 0.0707
17210.0000 93.8257 0.0694
17215.0000 94.0446 0.0697
17220.0000 93.8283 0.0705
17225.0000 93.8075 0.0764
17230.0000 93.8883 0.0783
17235.0000 94.0207 0.0828
17240.0000 93.9399 0.0870
17245.0000 93.9914 0.0813
17250.0000 93.9427 0.0864
17255.0000 94.1815 0.0937
17260.0000 94.1666 0.0806
17265.0000 94.0118 0.0814
17270.0000 93.9686 0.0810
17275.0000 93.8140 0.0814
17280.0000 93.8747 0.0830
17285.0000 93.9228 0.0805
17290.0000 93.8828 0.0845
17295.0000 93.8060 0.0731
17300.0000 93.7805 0.0754
17305.0000 93.6772 0.0759
17310.0000 93.5364 0.0762
17315.0000 93.6492 0.0784
17320.0000 93.7218 0.0832
17325.0000 93.8082 0.0856
17330.0000 93.9748 0.0755
17335.0000 93.9098 0.0771
17340.0000 93.9994 0.0789
17345.0000 93.8402 0.0820
17350.0000 94.0118 0.0803
17355.0000 93.8597 0.0778
17360.0000 93.9632 0.0752
17365.0000 93.8922 0.0716
17370.0000 93.9340 0.0822
17375.0000 93.6493 0.0786
17380.0000 93.6822 0.0657
17385.0000 93.7459 0.0627
17390.0000 93.6277 0.0677
17395.0000 93.7137 0.0601
17400.0000 93.5691 0.0565
17405.0000 93.5417 0.0646
17410.0000 93.4010 0.0742
17415.0000 93.4032 0.0652
17420.0000 93.3191 0.0705
17425.0000 93.6650 0.0647
17430.0000 93.6326 0.0785
17435.0000 93.6260 0.0724
17440.0000 93.7857 0.0830
17445.0000 93.7246 0.0877
17450.0000 93.7129 0.0892
17455.0000 93.6588 0.0882
17460.0000 93.8060 0.0851
17465.0000 93.8900 0.0802
17470.0000 93.9759 0.0830
17475.0000 93.8700 0.0877
17480.0000 93.8817 0.0903
17485.0000 93.6891 0.0835
17490.0000 93.8140 0.0845
17495.0000 93.9203 0.0764
17500.0000 93.9234 0.0813
17505.0000 93.7720 0.0824
17510.0000 93.7886 0.0797
17515.0000 93.6734 0.0740
17520.0000 93.6194 0.0825
17525.0000 93.6078 0.0799
17530.0000 93.8028 0.0727
17535.0000 93.8604 0.0829
17540.0000 93.8408 0.0947
17545.0000 93.4494 0.0897
17550.0000 93.6132 0.0964
17555.0000 93.5509 0.0996
17560.0000 93.3731 0.0920
17565.0000 93.5604 0.0903
17570.0000 93.6911 0.0949
17575.0000 93.6968 0.0935
17580.0000 93.6377 0.0979
17585.0000 93.6421 0.0933
17590.0000 93.5034 0.0902
17595.0000 93.6132 0.0921
17600.0000 93.4737 0.0905
17605.0000 93.3963 0.0883
17610.0000 93.5899 0.0838
17615.0000 93.7422 0.0886
17620.0000 93.7271 0.0823
17625.0000 93.8103 0.0796
17630.0000 93.7781 0.0926
17635.0000 94.0072 0.0908
17640.0000 93.8115 0.0929
17645.0000 94.0839 0.0886
17650.0000 93.7618 0.0976
17655.0000 93.7689 0.0908
17660.0000 93.8250 0.0909
17665.0000 93.6663 0.0946
17670.0000 93.7321 0.0907
17675.0000 93.6756 0.0886
17680.0000 93.5665 0.0926
17685.0000 93.7496 0.0895
17690.0000 93.6444 0.0892
17695.0000 93.6751 0.0850
17700.0000 93.6405 0.0887
17705.0000 93.7820 0.0824
17710.0000 93.7260 0.0836
17715.0000 93.9299 0.0762
17720.0000 93.8417 0.0819
17725.0000 93.6229 0.0798
17730.0000 93.7840 0.0796
17735.0000 93.7955 0.0847
17740.0000 94.0153 0.0855
17745.0000 93.8719 0.0889
17750.0000 93.8554 0.0977
17755.0000 94.0578 0.0862
17760.0000 94.2666 0.0873
17765.0000 94.5526 0.0913
17770.0000 94.5061 0.0924
17775.0000 94.4546 0.0948
17780.0000 94.4495 0.0861
17785.0000 94.2520 0.0824
17790.0000 94.3453 0.0796
17795.0000 94.3209 0.0870
17800.0000 94.4024 0.0777
17805.0000 94.3893 0.0813
17810.0000 94.3610 0.0892
17815.0000 94.0704 0.0874
17820.0000 93.9396 0.0916
17825.0000 94.1118 0.0800
17830.0000 93.9363 0.0841
17835.0000 94.0493 0.0806
17840.0000 94.2890 0.0811
17845.0000 93.9214 0.0842
17850.0000 94.2611 0.0692
17855.0000 93.8986 0.0808
17860.0000 93.6798 0.0830
17865.0000 93.7477 0.0762
17870.0000 93.8820 0.0716
17875.0000 93.7252 0.0717
17880.0000 93.7484 0.0661
17885.0000 93.7986 0.0702
17890.0000 93.9608 0.0724
17895.0000 94.1083 0.0756
17900.0000 94.0850 0.0687
17905.0000 93.9210 0.0717
17910.0000 94.0388 0.0656
17915.0000 93.8571 0.0697
17920.0000 94.0779 0.0731
17925.0000 94.1446 0.0744
17930.0000 94.1161 0.0802
17935.0000 94.0531 0.0811
17940.0000 93.9212 0.0811
17945.0000 93.9030 0.0848
17950.0000 94.0497 0.0807
17955.0000 94.2466 0.0811
17960.0000 93.9645 0.0814
17965.0000 93.8180 0.0805
17970.0000 93.8891 0.0841
17975.0000 94.1869 0.0818
17980.0000 93.9222 0.0877
17985.0000 93.6938 0.0976
17990.0000 93.9162 0.0878
17995.0000 93.8368 0.0900
18000.0000 93.8542 0.0861
