# deliveryTime  hopCount
45.0000 3
163.0000 4
120.0000 7
276.0000 8
79.0000 6
179.0000 7
180.0000 5
148.0000 5
221.0000 4
228.0000 6
251.0000 11
252.0000 5
276.0000 7
319.0000 6
153.0000 6
206.0000 5
211.0000 3
248.0000 6
124.0000 5
123.0000 3
620.0000 6
229.0000 6
251.0000 2
272.0000 5
274.0000 7
321.0000 7
2172.0000 4
2437.0000 4
2175.0000 7
2185.0000 5
2453.0000 6
350.0000 6
1904.0000 7
2193.0000 7
1787.0000 7
1793.0000 8
370.0000 6
2235.0000 7
1830.0000 7
1611.0000 6
2244.0000 7
2245.0000 6
1838.0000 5
2519.0000 3
1626.0000 7
2259.0000 5
1632.0000 4
2271.0000 5
2272.0000 8
2536.0000 6
2536.0000 5
1643.0000 7
2536.0000 4
1866.0000 6
139.0000 5
2549.0000 5
2292.0000 6
2294.0000 5
1890.0000 7
1892.0000 6
1671.0000 4
1895.0000 5
1673.0000 7
2303.0000 6
1898.0000 7
1899.0000 5
2307.0000 7
2573.0000 8
2310.0000 6
1680.0000 6
2573.0000 6
2313.0000 4
1907.0000 7
2316.0000 6
2320.0000 6
2320.0000 5
1912.0000 6
1691.0000 7
1913.0000 5
2585.0000 9
1693.0000 11
2587.0000 4
2324.0000 6
2326.0000 7
2326.0000 6
2591.0000 7
2328.0000 7
2329.0000 5
2330.0000 6
2330.0000 5
1924.0000 2
2332.0000 4
1702.0000 7
2596.0000 3
1926.0000 6
1927.0000 6
1927.0000 5
1928.0000 7
1929.0000 5
1708.0000 3
1708.0000 4
1933.0000 5
1713.0000 8
2607.0000 7
2344.0000 5
1939.0000 6
2348.0000 5
1941.0000 6
2350.0000 6
1942.0000 5
1722.0000 8
1722.0000 4
2353.0000 7
1945.0000 6
2353.0000 6
1945.0000 6
2355.0000 4
1726.0000 5
1948.0000 6
2357.0000 5
1729.0000 7
1952.0000 6
2360.0000 6
1952.0000 8
2362.0000 6
401.0000 6
2627.0000 7
1736.0000 7
1960.0000 5
1961.0000 5
2369.0000 5
1740.0000 5
2634.0000 4
1742.0000 10
2374.0000 6
1744.0000 8
2374.0000 5
2375.0000 5
1968.0000 6
2376.0000 4
1969.0000 8
1969.0000 5
1749.0000 7
1971.0000 6
2642.0000 7
1750.0000 5
2382.0000 5
1976.0000 5
2384.0000 5
1976.0000 3
1755.0000 4
2385.0000 5
1978.0000 6
1979.0000 7
1980.0000 7
1759.0000 6
2652.0000 5
2391.0000 5
2654.0000 5
2655.0000 3
1762.0000 6
1986.0000 8
1986.0000 3
1987.0000 2
1988.0000 6
1767.0000 7
2661.0000 5
2398.0000 6
1991.0000 5
1769.0000 6
2401.0000 6
2665.0000 8
1773.0000 5
2666.0000 7
1774.0000 6
1996.0000 7
1996.0000 6
1997.0000 2
1998.0000 6
1776.0000 5
1777.0000 6
1777.0000 10
1779.0000 9
1779.0000 7
2410.0000 7
2673.0000 5
2411.0000 7
2411.0000 6
2675.0000 8
2005.0000 5
2006.0000 6
2415.0000 7
2416.0000 5
1788.0000 6
2419.0000 6
1790.0000 7
2684.0000 8
2015.0000 8
2015.0000 6
2423.0000 6
2423.0000 7
1794.0000 6
2426.0000 5
2018.0000 6
1796.0000 6
2427.0000 7
2690.0000 8
2020.0000 6
1798.0000 8
2428.0000 5
2428.0000 6
2429.0000 7
2023.0000 5
1803.0000 7
1804.0000 6
2026.0000 6
2027.0000 5
2436.0000 5
2028.0000 5
2149.0000 7
1807.0000 7
2030.0000 6
1809.0000 6
2031.0000 8
997.0000 5
1811.0000 6
1217.0000 5
2705.0000 7
1814.0000 8
38.0000 4
2037.0000 5
1002.0000 4
2037.0000 6
1223.0000 7
1818.0000 6
1007.0000 6
2452.0000 5
1824.0000 8
1825.0000 6
1825.0000 6
2457.0000 5
2723.0000 6
1830.0000 3
1831.0000 5
1237.0000 8
1831.0000 7
1238.0000 6
2055.0000 5
2464.0000 6
1240.0000 5
1836.0000 7
2730.0000 8
2059.0000 7
1838.0000 6
2731.0000 7
2060.0000 6
1027.0000 5
1841.0000 7
2734.0000 9
1250.0000 6
1844.0000 5
2737.0000 8
2067.0000 9
2475.0000 5
1034.0000 7
1848.0000 7
1036.0000 9
1255.0000 8
2744.0000 9
2073.0000 5
1258.0000 5
2486.0000 7
1263.0000 6
1857.0000 7
1047.0000 5
2490.0000 6
2083.0000 6
2491.0000 6
2084.0000 6
2493.0000 5
2756.0000 5
2756.0000 6
1863.0000 5
1051.0000 5
2494.0000 4
2088.0000 6
1866.0000 7
2760.0000 7
2089.0000 5
2091.0000 5
1276.0000 6
2500.0000 5
2095.0000 5
1281.0000 6
2770.0000 6
2771.0000 8
1069.0000 5
1288.0000 7
1072.0000 5
1888.0000 5
1888.0000 7
1076.0000 5
2521.0000 5
2785.0000 5
1304.0000 7
2121.0000 6
1902.0000 5
1902.0000 7
1902.0000 3
2535.0000 7
1905.0000 5
1311.0000 6
2799.0000 6
2537.0000 5
1094.0000 5
1095.0000 6
2801.0000 10
1098.0000 6
2134.0000 6
1318.0000 7
2134.0000 7
2135.0000 5
1320.0000 6
1915.0000 7
1916.0000 7
2142.0000 7
1921.0000 7
2553.0000 7
1110.0000 3
2145.0000 5
1330.0000 5
2554.0000 4
1336.0000 6
1930.0000 7
1120.0000 5
1934.0000 5
1937.0000 3
1127.0000 7
1346.0000 7
1130.0000 5
2167.0000 7
2168.0000 6
1948.0000 5
1356.0000 4
1357.0000 6
2845.0000 7
1140.0000 9
1362.0000 8
2850.0000 8
1145.0000 5
1365.0000 10
1146.0000 10
2182.0000 7
1961.0000 7
2855.0000 8
1966.0000 7
1156.0000 8
2599.0000 7
1158.0000 6
2606.0000 4
1390.0000 6
1991.0000 6
2621.0000 5
780.0000 6
1400.0000 6
1402.0000 9
2890.0000 7
1997.0000 8
1184.0000 6
1185.0000 5
1186.0000 7
1405.0000 7
1413.0000 8
1415.0000 7
2232.0000 6
1416.0000 10
1199.0000 5
1419.0000 10
2015.0000 7
2237.0000 7
2648.0000 7
1426.0000 8
1427.0000 9
1209.0000 8
2655.0000 7
2248.0000 5
1214.0000 6
1214.0000 6
2028.0000 6
1436.0000 5
1436.0000 3
2032.0000 3
1220.0000 6
1440.0000 5
2035.0000 5
1224.0000 9
708.0000 6
76.0000 5
2264.0000 7
1448.0000 7
2265.0000 6
1232.0000 6
1455.0000 2
1457.0000 6
2053.0000 8
2275.0000 6
1241.0000 5
1244.0000 5
2281.0000 7
1466.0000 6
2692.0000 7
1471.0000 6
1255.0000 6
2290.0000 5
1475.0000 7
1257.0000 5
1258.0000 5
2072.0000 6
1259.0000 4
1259.0000 5
861.0000 8
868.0000 6
1489.0000 6
1273.0000 5
2724.0000 5
1504.0000 6
1505.0000 6
2322.0000 5
1507.0000 7
1288.0000 5
1289.0000 9
2103.0000 7
1510.0000 5
1512.0000 5
1513.0000 7
1294.0000 9
895.0000 7
1295.0000 5
1515.0000 6
1299.0000 5
2337.0000 7
1521.0000 6
1305.0000 7
2340.0000 7
1306.0000 4
1525.0000 8
1525.0000 8
1525.0000 7
1308.0000 5
2124.0000 5
1531.0000 8
2348.0000 5
1313.0000 5
1533.0000 6
1533.0000 7
1533.0000 5
1315.0000 7
2129.0000 8
1317.0000 5
1317.0000 5
2765.0000 4
2136.0000 5
1542.0000 8
1544.0000 5
1329.0000 8
2773.0000 7
932.0000 8
1332.0000 8
2146.0000 6
1334.0000 9
1335.0000 8
1554.0000 5
1336.0000 6
3043.0000 6
939.0000 6
2374.0000 5
1341.0000 8
647.0000 6
1561.0000 5
1561.0000 4
1562.0000 5
945.0000 5
2380.0000 7
2788.0000 5
1346.0000 9
1348.0000 5
950.0000 7
1350.0000 5
2793.0000 5
951.0000 8
1571.0000 7
954.0000 7
955.0000 8
1579.0000 5
1579.0000 8
2804.0000 7
963.0000 5
1581.0000 4
2806.0000 5
1364.0000 5
1365.0000 4
1586.0000 6
1367.0000 4
1587.0000 4
969.0000 5
1370.0000 5
971.0000 8
972.0000 5
972.0000 7
1374.0000 6
1374.0000 4
1376.0000 7
1376.0000 2
1595.0000 8
1378.0000 5
1597.0000 6
1598.0000 7
982.0000 5
3089.0000 6
987.0000 6
987.0000 6
1605.0000 5
988.0000 4
75.0000 5
1609.0000 6
1394.0000 3
1613.0000 7
2838.0000 7
1397.0000 6
1616.0000 7
1000.0000 3
3106.0000 5
1002.0000 5
1002.0000 6
1620.0000 7
1002.0000 7
1006.0000 8
1627.0000 7
1409.0000 6
1012.0000 3
1411.0000 7
2858.0000 7
1018.0000 5
1020.0000 4
3125.0000 8
2455.0000 5
2456.0000 7
1022.0000 6
1025.0000 5
3137.0000 8
1033.0000 7
1034.0000 6
1653.0000 7
1653.0000 4
3140.0000 8
1036.0000 7
1436.0000 6
1038.0000 6
3143.0000 7
1038.0000 5
1437.0000 2
1039.0000 3
1042.0000 5
1660.0000 5
3149.0000 5
1443.0000 6
2479.0000 5
1444.0000 8
1047.0000 6
2889.0000 5
1666.0000 5
1667.0000 6
1049.0000 4
1449.0000 6
2262.0000 6
2486.0000 7
2487.0000 5
1053.0000 7
3160.0000 5
1056.0000 7
1674.0000 6
3163.0000 8
2901.0000 5
2614.0000 9
1679.0000 4
1460.0000 8
1062.0000 6
3168.0000 5
1462.0000 5
1063.0000 5
1064.0000 9
3171.0000 7
1066.0000 6
1069.0000 8
1074.0000 7
1475.0000 4
3183.0000 9
3183.0000 5
2921.0000 5
3185.0000 5
3185.0000 6
1083.0000 7
2926.0000 7
2299.0000 5
524.0000 5
1089.0000 5
1089.0000 6
3195.0000 6
3196.0000 6
3197.0000 9
1491.0000 5
1095.0000 3
1096.0000 6
3204.0000 9
1099.0000 6
3205.0000 6
1101.0000 6
1503.0000 8
2319.0000 8
1108.0000 6
3214.0000 8
1110.0000 7
3216.0000 5
1112.0000 6
1113.0000 3
1731.0000 5
1115.0000 6
3220.0000 5
3220.0000 9
3221.0000 6
552.0000 5
1117.0000 7
3225.0000 5
1521.0000 5
290.0000 6
3229.0000 8
3231.0000 4
1526.0000 2
3232.0000 10
1749.0000 7
1133.0000 5
2975.0000 5
1134.0000 2
1135.0000 4
2348.0000 7
1535.0000 3
1138.0000 8
1142.0000 7
1542.0000 4
1543.0000 6
1764.0000 4
1148.0000 7
1149.0000 5
2992.0000 7
3256.0000 6
1152.0000 4
3260.0000 8
1157.0000 7
1157.0000 7
1559.0000 5
3267.0000 8
1781.0000 8
1781.0000 6
1164.0000 8
3270.0000 6
1166.0000 7
1168.0000 8
2604.0000 7
609.0000 6
1794.0000 6
3283.0000 4
1798.0000 6
3287.0000 7
1182.0000 3
3289.0000 6
3290.0000 8
1187.0000 5
3296.0000 5
3297.0000 7
1193.0000 8
3036.0000 5
3299.0000 8
1201.0000 6
3307.0000 5
1203.0000 6
1214.0000 6
1225.0000 6
662.0000 4
1230.0000 6
671.0000 4
3344.0000 9
3348.0000 5
1244.0000 6
1646.0000 4
1651.0000 6
1873.0000 2
1874.0000 7
1256.0000 7
694.0000 4
1259.0000 7
1878.0000 7
2695.0000 5
1261.0000 6
1662.0000 5
3108.0000 7
3371.0000 6
1669.0000 5
1891.0000 7
3382.0000 9
1680.0000 5
1286.0000 6
3391.0000 8
3393.0000 5
727.0000 5
3136.0000 5
3408.0000 9
1304.0000 6
1704.0000 8
1705.0000 5
3413.0000 6
1308.0000 4
3415.0000 5
1929.0000 4
1929.0000 5
1314.0000 7
3159.0000 5
3423.0000 7
1320.0000 5
757.0000 7
1322.0000 7
3429.0000 6
761.0000 4
1326.0000 6
3436.0000 6
769.0000 7
1336.0000 6
775.0000 5
3461.0000 6
3204.0000 4
2578.0000 7
1768.0000 8
3211.0000 5
1771.0000 4
1990.0000 5
1373.0000 6
3487.0000 5
1789.0000 4
829.0000 7
3235.0000 5
2611.0000 5
1812.0000 4
3519.0000 5
853.0000 5
2853.0000 5
1821.0000 4
1824.0000 6
2640.0000 7
2052.0000 7
2056.0000 4
273.0000 7
876.0000 5
1443.0000 9
1847.0000 8
2069.0000 5
2888.0000 5
3578.0000 7
910.0000 5
3579.0000 6
1475.0000 6
1476.0000 7
913.0000 6
917.0000 5
3599.0000 5
2707.0000 3
3600.0000 6
3.0000 2
942.0000 4
943.0000 12
1513.0000 7
950.0000 5
2728.0000 3
953.0000 4
1518.0000 7
1918.0000 5
955.0000 7
977.0000 5
1546.0000 5
988.0000 8
2993.0000 5
3667.0000 5
1010.0000 7
2804.0000 8
3027.0000 5
1030.0000 6
1034.0000 6
1999.0000 4
1036.0000 6
1038.0000 5
1606.0000 5
1045.0000 4
2231.0000 4
1056.0000 12
127.0000 4
1060.0000 7
3063.0000 5
3474.0000 5
2847.0000 6
2256.0000 6
3744.0000 5
1076.0000 7
1078.0000 5
1081.0000 5
1085.0000 6
3083.0000 5
1088.0000 9
1097.0000 4
1107.0000 4
1109.0000 6
3780.0000 8
1117.0000 6
1133.0000 4
2318.0000 6
3812.0000 5
2922.0000 5
2112.0000 5
1716.0000 9
1153.0000 9
1719.0000 8
1155.0000 6
1157.0000 6
1157.0000 6
2340.0000 7
2123.0000 6
2345.0000 6
233.0000 6
2942.0000 6
3167.0000 5
1170.0000 3
239.0000 6
1736.0000 6
1736.0000 7
1175.0000 6
1179.0000 6
249.0000 5
1181.0000 9
1181.0000 4
2958.0000 5
3591.0000 7
1186.0000 6
3186.0000 7
257.0000 5
1189.0000 10
1190.0000 4
2154.0000 5
1193.0000 6
264.0000 5
265.0000 3
265.0000 7
1200.0000 12
1203.0000 6
1204.0000 6
3611.0000 4
3204.0000 7
2984.0000 8
1208.0000 9
1773.0000 8
278.0000 7
3209.0000 5
1212.0000 9
362.0000 5
1778.0000 7
3886.0000 5
1219.0000 9
1222.0000 6
1224.0000 7
3894.0000 6
2409.0000 7
1228.0000 9
1231.0000 5
1232.0000 6
302.0000 4
306.0000 4
1239.0000 8
1243.0000 5
1243.0000 8
1248.0000 9
1255.0000 5
1258.0000 5
1272.0000 7
2237.0000 6
1277.0000 5
1280.0000 10
124.0000 5
3058.0000 8
1291.0000 7
1304.0000 7
1305.0000 2
3711.0000 5
1308.0000 12
1309.0000 10
1311.0000 7
1317.0000 4
1320.0000 6
1326.0000 5
1328.0000 4
1333.0000 5
1340.0000 4
1343.0000 4
1351.0000 5
1366.0000 5
2331.0000 6
1369.0000 6
1371.0000 7
1380.0000 8
1414.0000 6
1432.0000 6
1437.0000 5
1439.0000 6
1440.0000 6
3848.0000 7
1448.0000 8
432.0000 6
3870.0000 5
1470.0000 6
2434.0000 4
4143.0000 6
544.0000 7
2659.0000 4
1485.0000 6
2453.0000 4
4167.0000 5
4167.0000 6
3910.0000 5
3911.0000 7
582.0000 5
288.0000 7
4187.0000 5
3300.0000 5
3936.0000 7
3529.0000 5
601.0000 8
602.0000 6
2102.0000 7
608.0000 6
4210.0000 4
2507.0000 6
619.0000 6
1552.0000 6
2740.0000 5
629.0000 5
1577.0000 12
2543.0000 4
2765.0000 4
1597.0000 8
1598.0000 6
667.0000 7
677.0000 5
2086.0000 10
1650.0000 12
2098.0000 7
3653.0000 5
4064.0000 5
737.0000 6
1671.0000 12
262.0000 6
1704.0000 12
785.0000 6
788.0000 6
2304.0000 9
4149.0000 7
3522.0000 5
2715.0000 5
3757.0000 7
2950.0000 6
837.0000 7
1771.0000 6
848.0000 4
2363.0000 5
4231.0000 7
899.0000 6
4242.0000 7
1836.0000 6
906.0000 6
4256.0000 7
923.0000 4
932.0000 5
933.0000 7
935.0000 6
938.0000 7
943.0000 7
945.0000 5
164.0000 7
949.0000 8
950.0000 5
951.0000 4
953.0000 5
955.0000 7
955.0000 7
958.0000 5
961.0000 6
967.0000 6
968.0000 7
970.0000 5
973.0000 6
3904.0000 5
981.0000 6
985.0000 6
991.0000 6
994.0000 6
1929.0000 5
1003.0000 6
1003.0000 6
1017.0000 4
1024.0000 7
1024.0000 6
1033.0000 6
1036.0000 5
3966.0000 7
3747.0000 5
1040.0000 8
4380.0000 7
3159.0000 6
1050.0000 6
1054.0000 5
1056.0000 6
1056.0000 5
385.0000 4
1071.0000 5
1073.0000 6
1074.0000 6
1075.0000 6
1080.0000 6
1082.0000 5
1093.0000 6
1094.0000 5
1094.0000 7
1096.0000 6
1100.0000 5
1101.0000 5
1108.0000 4
3225.0000 6
3822.0000 6
817.0000 6
1118.0000 5
1118.0000 7
1033.0000 8
1120.0000 4
1122.0000 6
1130.0000 5
1135.0000 6
1135.0000 5
1150.0000 6
1150.0000 7
3865.0000 5
4761.0000 5
4100.0000 7
3287.0000 6
1174.0000 5
3290.0000 7
3887.0000 3
1192.0000 5
1196.0000 4
1203.0000 6
1215.0000 5
1217.0000 7
1246.0000 6
1257.0000 6
1266.0000 6
491.0000 6
3412.0000 6
2801.0000 9
3206.0000 5
2812.0000 8
2251.0000 6
1334.0000 4
1358.0000 5
306.0000 5
1359.0000 6
1376.0000 5
220.0000 7
1439.0000 6
1439.0000 5
1451.0000 6
1371.0000 10
709.0000 7
1494.0000 6
2440.0000 12
1529.0000 6
2464.0000 12
755.0000 8
1598.0000 5
254.0000 5
1636.0000 4
586.0000 4
1459.0000 9
2632.0000 6
116.0000 4
2688.0000 7
2737.0000 7
790.0000 8
1092.0000 10
4056.0000 7
2006.0000 6
223.0000 5
2029.0000 6
2080.0000 4
2109.0000 5
3054.0000 6
2194.0000 6
2218.0000 6
3163.0000 6
2261.0000 5
278.0000 6
644.0000 5
2885.0000 5
339.0000 2
514.0000 8
399.0000 2
182.0000 2
3305.0000 6
1043.0000 11
1115.0000 8
3415.0000 5
1173.0000 7
442.0000 6
428.0000 4
384.0000 6
4227.0000 6
1408.0000 13
732.0000 5
1280.0000 8
917.0000 8
810.0000 6
6310.0000 12
1164.0000 6
1933.0000 7
1524.0000 6
1431.0000 10
2485.0000 16
1833.0000 7
2199.0000 10
7362.0000 6
764.0000 6
1076.0000 5
2537.0000 6
1883.0000 15
8050.0000 29
11916.0000 5
11656.0000 4
723.0000 4
8378.0000 11
11967.0000 7
12233.0000 6
33.0000 2
8475.0000 13
244.0000 2
12466.0000 6
12206.0000 5
11801.0000 5
11582.0000 7
292.0000 2
11841.0000 5
11622.0000 7
8771.0000 7
8803.0000 4
8821.0000 24
1041.0000 10
464.0000 2
787.0000 8
678.0000 2
11441.0000 6
11225.0000 6
9157.0000 10
786.0000 2
1202.0000 14
822.0000 2
11329.0000 6
717.0000 8
9313.0000 27
9364.0000 27
11133.0000 5
1095.0000 2
9489.0000 16
1816.0000 9
9533.0000 4
10754.0000 6
9636.0000 16
11979.0000 7
11763.0000 6
1262.0000 2
9652.0000 10
9681.0000 7
9928.0000 6
1328.0000 2
9811.0000 28
9817.0000 17
9833.0000 6
9852.0000 8
1109.0000 8
11698.0000 7
12319.0000 7
10027.0000 10
11203.0000 7
1044.0000 8
10058.0000 18
10078.0000 11
10093.0000 6
10097.0000 8
1816.0000 2
10221.0000 19
10271.0000 10
2036.0000 2
10443.0000 4
2085.0000 2
2205.0000 2
1589.0000 11
10626.0000 7
10856.0000 6
10666.0000 17
2334.0000 2
10792.0000 7
10796.0000 17
10833.0000 17
10840.0000 17
12628.0000 7
1969.0000 7
2683.0000 2
2721.0000 2
828.0000 4
12852.0000 7
11174.0000 6
11180.0000 8
11206.0000 6
11525.0000 6
11530.0000 18
11815.0000 6
3443.0000 2
1489.0000 7
11901.0000 6
13325.0000 7
3209.0000 16
12279.0000 4
12494.0000 4
12513.0000 6
1954.0000 12
12716.0000 4
12968.0000 4
12977.0000 11
2109.0000 11
13076.0000 7
4377.0000 20
1198.0000 8
13442.0000 13
14690.0000 7
13536.0000 4
2647.0000 14
3320.0000 10
averageTime:2333.42800318218  averageHopCount:6.255369928400954
