# time  hit_cache  total_cache  hit_cache/total_cache
46.0000  0.5000
55.0000  0.4167
65.0000  0.3611
74.0000  0.3333
76.0000  0.3000
82.0000  0.2917
97.0000  0.2704
108.0000  0.2276
110.0000  0.2130
110.0000  0.1994
113.0000  0.1920
115.0000  0.1970
118.0000  0.1920
135.0000  0.1821
142.0000  0.1745
166.0000  0.1666
173.0000  0.1646
201.0000  0.1531
205.0000  0.1459
207.0000  0.1456
209.0000  0.1391
210.0000  0.1416
221.0000  0.1429
224.0000  0.1365
226.0000  0.1314
227.0000  0.1332
234.0000  0.1351
238.0000  0.1369
279.0000  0.1372
279.0000  0.1311
280.0000  0.1322
297.0000  0.1269
323.0000  0.1261
326.0000  0.1273
326.0000  0.1214
330.0000  0.1214
338.0000  0.1168
339.0000  0.1164
339.0000  0.1121
345.0000  0.1091
352.0000  0.1101
365.0000  0.1065
368.0000  0.1029
372.0000  0.1040
375.0000  0.1046
376.0000  0.1058
383.0000  0.1067
384.0000  0.1075
392.0000  0.1085
393.0000  0.1081
399.0000  0.1087
408.0000  0.1087
410.0000  0.1087
419.0000  0.1097
424.0000  0.1061
444.0000  0.1028
447.0000  0.1031
449.0000  0.1031
453.0000  0.1031
454.0000  0.0998
456.0000  0.0998
459.0000  0.0968
459.0000  0.0973
459.0000  0.0945
460.0000  0.0938
463.0000  0.0943
470.0000  0.0917
470.0000  0.0914
471.0000  0.0917
485.0000  0.0923
485.0000  0.0923
489.0000  0.0923
497.0000  0.0928
502.0000  0.0928
503.0000  0.0932
504.0000  0.0932
504.0000  0.0935
507.0000  0.0940
511.0000  0.0943
514.0000  0.0947
515.0000  0.0923
518.0000  0.0930
518.0000  0.0905
519.0000  0.0882
520.0000  0.0886
521.0000  0.0891
521.0000  0.0897
522.0000  0.0877
524.0000  0.0881
525.0000  0.0887
528.0000  0.0891
531.0000  0.0896
532.0000  0.0901
534.0000  0.0903
534.0000  0.0903
535.0000  0.0903
536.0000  0.0908
540.0000  0.0908
543.0000  0.0911
543.0000  0.0916
545.0000  0.0919
547.0000  0.0923
550.0000  0.0927
550.0000  0.0905
552.0000  0.0909
552.0000  0.0914
553.0000  0.0918
553.0000  0.0870
559.0000  0.0869
563.0000  0.0869
565.0000  0.0872
566.0000  0.0869
569.0000  0.0874
573.0000  0.0878
586.0000  0.0875
588.0000  0.0875
589.0000  0.0875
593.0000  0.0877
597.0000  0.0880
599.0000  0.0879
602.0000  0.0881
606.0000  0.0884
609.0000  0.0888
613.0000  0.0891
614.0000  0.0896
625.0000  0.0899
625.0000  0.0878
628.0000  0.0874
632.0000  0.0876
636.0000  0.0879
640.0000  0.0883
644.0000  0.0857
647.0000  0.0861
651.0000  0.0865
651.0000  0.0867
656.0000  0.0871
666.0000  0.0875
679.0000  0.0875
681.0000  0.0879
683.0000  0.0875
684.0000  0.0879
689.0000  0.0875
690.0000  0.0855
692.0000  0.0858
695.0000  0.0858
696.0000  0.0861
699.0000  0.0865
708.0000  0.0868
709.0000  0.0849
709.0000  0.0849
711.0000  0.0852
714.0000  0.0855
715.0000  0.0795
734.0000  0.0798
739.0000  0.0793
740.0000  0.0796
743.0000  0.0796
750.0000  0.0800
761.0000  0.0783
769.0000  0.0786
770.0000  0.0789
773.0000  0.0789
782.0000  0.0793
787.0000  0.0793
787.0000  0.0796
795.0000  0.0798
795.0000  0.0799
795.0000  0.0801
798.0000  0.0804
800.0000  0.0808
806.0000  0.0805
807.0000  0.0808
810.0000  0.0808
812.0000  0.0808
814.0000  0.0810
814.0000  0.0810
818.0000  0.0813
819.0000  0.0813
819.0000  0.0811
820.0000  0.0814
821.0000  0.0797
821.0000  0.0797
824.0000  0.0799
826.0000  0.0801
829.0000  0.0804
830.0000  0.0807
830.0000  0.0805
831.0000  0.0808
833.0000  0.0810
835.0000  0.0813
835.0000  0.0816
839.0000  0.0819
839.0000  0.0821
841.0000  0.0804
843.0000  0.0806
845.0000  0.0808
848.0000  0.0810
852.0000  0.0813
855.0000  0.0815
855.0000  0.0799
856.0000  0.0799
858.0000  0.0799
865.0000  0.0801
867.0000  0.0804
867.0000  0.0804
869.0000  0.0806
870.0000  0.0809
871.0000  0.0812
882.0000  0.0815
889.0000  0.0817
889.0000  0.0817
890.0000  0.0814
891.0000  0.0814
893.0000  0.0817
898.0000  0.0801
899.0000  0.0803
899.0000  0.0805
902.0000  0.0805
902.0000  0.0807
904.0000  0.0807
904.0000  0.0792
905.0000  0.0794
913.0000  0.0794
916.0000  0.0797
917.0000  0.0797
920.0000  0.0800
923.0000  0.0803
928.0000  0.0804
929.0000  0.0804
931.0000  0.0807
933.0000  0.0810
934.0000  0.0812
935.0000  0.0814
938.0000  0.0816
938.0000  0.0813
940.0000  0.0815
949.0000  0.0817
956.0000  0.0819
958.0000  0.0819
959.0000  0.0820
960.0000  0.0823
968.0000  0.0826
969.0000  0.0829
971.0000  0.0830
974.0000  0.0832
975.0000  0.0834
977.0000  0.0836
983.0000  0.0838
988.0000  0.0838
988.0000  0.0839
991.0000  0.0841
993.0000  0.0844
1006.0000  0.0828
1006.0000  0.0831
1007.0000  0.0831
1011.0000  0.0834
1014.0000  0.0834
1015.0000  0.0834
1019.0000  0.0834
1020.0000  0.0819
1020.0000  0.0821
1021.0000  0.0807
1023.0000  0.0809
1024.0000  0.0812
1027.0000  0.0813
1031.0000  0.0813
1032.0000  0.0815
1034.0000  0.0816
1043.0000  0.0819
1046.0000  0.0820
1046.0000  0.0823
1051.0000  0.0809
1057.0000  0.0810
1059.0000  0.0810
1068.0000  0.0812
1069.0000  0.0812
1074.0000  0.0811
1078.0000  0.0813
1079.0000  0.0816
1085.0000  0.0818
1085.0000  0.0804
1085.0000  0.0806
1086.0000  0.0809
1088.0000  0.0810
1088.0000  0.0812
1089.0000  0.0812
1092.0000  0.0814
1095.0000  0.0816
1095.0000  0.0802
1098.0000  0.0804
1100.0000  0.0804
1103.0000  0.0804
1104.0000  0.0805
1105.0000  0.0809
1110.0000  0.0809
1112.0000  0.0811
1114.0000  0.0812
1117.0000  0.0814
1127.0000  0.0816
1130.0000  0.0817
1130.0000  0.0819
1134.0000  0.0806
1135.0000  0.0806
1139.0000  0.0808
1142.0000  0.0810
1143.0000  0.0813
1143.0000  0.0813
1150.0000  0.0816
1153.0000  0.0803
1157.0000  0.0804
1161.0000  0.0806
1165.0000  0.0808
1167.0000  0.0809
1169.0000  0.0811
1172.0000  0.0811
1174.0000  0.0811
1175.0000  0.0814
1176.0000  0.0816
1177.0000  0.0804
1177.0000  0.0805
1177.0000  0.0807
1179.0000  0.0809
1182.0000  0.0810
1184.0000  0.0811
1184.0000  0.0799
1186.0000  0.0800
1187.0000  0.0801
1190.0000  0.0803
1191.0000  0.0791
1194.0000  0.0792
1195.0000  0.0793
1195.0000  0.0793
1201.0000  0.0781
1203.0000  0.0770
1206.0000  0.0771
1206.0000  0.0771
1207.0000  0.0774
1210.0000  0.0775
1212.0000  0.0775
1213.0000  0.0777
1218.0000  0.0778
1219.0000  0.0780
1225.0000  0.0781
1227.0000  0.0781
1228.0000  0.0783
1230.0000  0.0785
1231.0000  0.0787
1235.0000  0.0788
1239.0000  0.0777
1243.0000  0.0778
1245.0000  0.0778
1245.0000  0.0780
1246.0000  0.0781
1246.0000  0.0782
1248.0000  0.0785
1249.0000  0.0786
1251.0000  0.0787
1251.0000  0.0787
1252.0000  0.0787
1258.0000  0.0788
1261.0000  0.0789
1261.0000  0.0791
1264.0000  0.0792
1264.0000  0.0792
1264.0000  0.0793
1275.0000  0.0794
1277.0000  0.0796
1278.0000  0.0797
1279.0000  0.0797
1280.0000  0.0798
1282.0000  0.0801
1282.0000  0.0802
1283.0000  0.0791
1291.0000  0.0780
1292.0000  0.0782
1297.0000  0.0771
1298.0000  0.0771
1300.0000  0.0773
1300.0000  0.0776
1307.0000  0.0777
1308.0000  0.0767
1310.0000  0.0769
1314.0000  0.0769
1314.0000  0.0769
1317.0000  0.0770
1319.0000  0.0770
1321.0000  0.0771
1323.0000  0.0773
1324.0000  0.0775
1324.0000  0.0776
1326.0000  0.0766
1328.0000  0.0767
1332.0000  0.0768
1334.0000  0.0768
1336.0000  0.0768
1338.0000  0.0758
1342.0000  0.0759
1345.0000  0.0760
1347.0000  0.0760
1347.0000  0.0761
1349.0000  0.0761
1351.0000  0.0761
1351.0000  0.0762
1352.0000  0.0763
1354.0000  0.0764
1359.0000  0.0766
1360.0000  0.0766
1364.0000  0.0767
1366.0000  0.0768
1367.0000  0.0768
1368.0000  0.0770
1369.0000  0.0771
1371.0000  0.0772
1371.0000  0.0773
1372.0000  0.0774
1375.0000  0.0775
1377.0000  0.0776
1378.0000  0.0777
1381.0000  0.0778
1382.0000  0.0779
1385.0000  0.0780
1388.0000  0.0780
1388.0000  0.0780
1394.0000  0.0781
1398.0000  0.0781
1406.0000  0.0783
1410.0000  0.0784
1413.0000  0.0785
1415.0000  0.0785
1418.0000  0.0775
1420.0000  0.0776
1421.0000  0.0778
1422.0000  0.0779
1422.0000  0.0781
1429.0000  0.0782
1429.0000  0.0772
1430.0000  0.0772
1432.0000  0.0773
1434.0000  0.0765
1437.0000  0.0767
1440.0000  0.0757
1441.0000  0.0758
1441.0000  0.0749
1447.0000  0.0749
1452.0000  0.0749
1453.0000  0.0750
1456.0000  0.0751
1456.0000  0.0752
1459.0000  0.0753
1461.0000  0.0744
1463.0000  0.0736
1465.0000  0.0727
1467.0000  0.0729
1471.0000  0.0720
1477.0000  0.0712
1482.0000  0.0705
1485.0000  0.0707
1485.0000  0.0709
1487.0000  0.0710
1495.0000  0.0702
1510.0000  0.0704
1518.0000  0.0706
1519.0000  0.0699
1520.0000  0.0699
1521.0000  0.0700
1523.0000  0.0692
1527.0000  0.0693
1527.0000  0.0695
1529.0000  0.0695
1530.0000  0.0696
1531.0000  0.0697
1535.0000  0.0698
1536.0000  0.0691
1536.0000  0.0693
1542.0000  0.0694
1546.0000  0.0695
1546.0000  0.0696
1547.0000  0.0698
1548.0000  0.0699
1556.0000  0.0701
1562.0000  0.0701
1563.0000  0.0702
1568.0000  0.0695
1569.0000  0.0695
1569.0000  0.0695
1570.0000  0.0696
1571.0000  0.0697
1579.0000  0.0698
1581.0000  0.0699
1582.0000  0.0700
1583.0000  0.0700
1585.0000  0.0701
1587.0000  0.0702
1593.0000  0.0702
1597.0000  0.0695
1597.0000  0.0696
1599.0000  0.0697
1606.0000  0.0698
1614.0000  0.0691
1619.0000  0.0693
1620.0000  0.0694
1624.0000  0.0687
1643.0000  0.0687
1658.0000  0.0687
1661.0000  0.0681
1665.0000  0.0682
1665.0000  0.0682
1666.0000  0.0682
1669.0000  0.0683
1672.0000  0.0684
1686.0000  0.0685
1688.0000  0.0678
1692.0000  0.0680
1698.0000  0.0682
1703.0000  0.0675
1705.0000  0.0675
1707.0000  0.0677
1709.0000  0.0677
1710.0000  0.0679
1712.0000  0.0680
1713.0000  0.0682
1715.0000  0.0683
1719.0000  0.0683
1721.0000  0.0683
1723.0000  0.0685
1724.0000  0.0685
1725.0000  0.0679
1725.0000  0.0673
1728.0000  0.0673
1729.0000  0.0673
1731.0000  0.0674
1733.0000  0.0668
1735.0000  0.0662
1738.0000  0.0662
1742.0000  0.0662
1747.0000  0.0664
1754.0000  0.0665
1754.0000  0.0666
1757.0000  0.0667
1761.0000  0.0662
1762.0000  0.0662
1766.0000  0.0656
1766.0000  0.0658
1767.0000  0.0659
1767.0000  0.0659
1770.0000  0.0661
1770.0000  0.0663
1777.0000  0.0663
1778.0000  0.0665
1782.0000  0.0659
1784.0000  0.0654
1795.0000  0.0655
1801.0000  0.0656
1805.0000  0.0657
1806.0000  0.0657
1809.0000  0.0658
1810.0000  0.0659
1812.0000  0.0660
1813.0000  0.0661
1816.0000  0.0662
1816.0000  0.0664
1818.0000  0.0664
1820.0000  0.0664
1826.0000  0.0665
1830.0000  0.0665
1833.0000  0.0667
1837.0000  0.0661
1841.0000  0.0662
1854.0000  0.0662
1854.0000  0.0663
1854.0000  0.0664
1858.0000  0.0665
1858.0000  0.0665
1860.0000  0.0667
1861.0000  0.0667
1864.0000  0.0669
1867.0000  0.0670
1874.0000  0.0671
1874.0000  0.0672
1878.0000  0.0673
1881.0000  0.0674
1885.0000  0.0674
1887.0000  0.0675
1890.0000  0.0676
1890.0000  0.0676
1896.0000  0.0677
1901.0000  0.0678
1902.0000  0.0679
1906.0000  0.0680
1906.0000  0.0682
1907.0000  0.0682
1923.0000  0.0682
1926.0000  0.0683
1942.0000  0.0684
1951.0000  0.0684
1962.0000  0.0684
1968.0000  0.0685
1968.0000  0.0687
1970.0000  0.0688
1975.0000  0.0688
1977.0000  0.0690
1984.0000  0.0690
1985.0000  0.0690
1985.0000  0.0692
1990.0000  0.0692
1994.0000  0.0693
2001.0000  0.0695
2013.0000  0.0696
2018.0000  0.0697
2024.0000  0.0697
2026.0000  0.0698
2032.0000  0.0698
2034.0000  0.0699
2038.0000  0.0700
2041.0000  0.0700
2042.0000  0.0701
2042.0000  0.0695
2043.0000  0.0697
2054.0000  0.0697
2055.0000  0.0697
2062.0000  0.0698
2065.0000  0.0698
2067.0000  0.0698
2071.0000  0.0698
2073.0000  0.0698
2074.0000  0.0700
2077.0000  0.0701
2078.0000  0.0701
2080.0000  0.0702
2082.0000  0.0704
2088.0000  0.0704
2091.0000  0.0698
2093.0000  0.0699
2094.0000  0.0700
2104.0000  0.0695
2107.0000  0.0695
2110.0000  0.0695
2114.0000  0.0696
2115.0000  0.0690
2117.0000  0.0690
2118.0000  0.0691
2118.0000  0.0685
2119.0000  0.0685
2120.0000  0.0686
2121.0000  0.0686
2125.0000  0.0686
2129.0000  0.0687
2141.0000  0.0688
2141.0000  0.0688
2144.0000  0.0688
2145.0000  0.0688
2146.0000  0.0689
2150.0000  0.0689
2152.0000  0.0689
2154.0000  0.0690
2156.0000  0.0684
2157.0000  0.0685
2157.0000  0.0685
2157.0000  0.0686
2160.0000  0.0688
2161.0000  0.0688
2162.0000  0.0683
2165.0000  0.0683
2166.0000  0.0685
2168.0000  0.0686
2170.0000  0.0687
2183.0000  0.0688
2186.0000  0.0688
2189.0000  0.0689
2190.0000  0.0690
2194.0000  0.0691
2195.0000  0.0691
2201.0000  0.0692
2205.0000  0.0692
2205.0000  0.0693
2206.0000  0.0693
2206.0000  0.0693
2208.0000  0.0694
2225.0000  0.0695
2229.0000  0.0690
2234.0000  0.0690
2236.0000  0.0692
2246.0000  0.0692
2256.0000  0.0693
2264.0000  0.0693
2269.0000  0.0693
2276.0000  0.0693
2279.0000  0.0693
2279.0000  0.0693
2286.0000  0.0694
2290.0000  0.0695
2290.0000  0.0695
2296.0000  0.0695
2296.0000  0.0696
2297.0000  0.0697
2298.0000  0.0697
2300.0000  0.0697
2307.0000  0.0698
2309.0000  0.0699
2311.0000  0.0694
2312.0000  0.0688
2316.0000  0.0690
2318.0000  0.0690
2321.0000  0.0690
2327.0000  0.0691
2328.0000  0.0691
2329.0000  0.0693
2330.0000  0.0694
2331.0000  0.0688
2334.0000  0.0688
2336.0000  0.0690
2343.0000  0.0691
2357.0000  0.0692
2359.0000  0.0693
2360.0000  0.0694
2363.0000  0.0665
2372.0000  0.0665
2372.0000  0.0667
2380.0000  0.0667
2386.0000  0.0667
2388.0000  0.0669
2393.0000  0.0670
2396.0000  0.0670
2400.0000  0.0670
2404.0000  0.0665
2407.0000  0.0666
2407.0000  0.0666
2409.0000  0.0666
2410.0000  0.0667
2416.0000  0.0667
2419.0000  0.0668
2424.0000  0.0668
2431.0000  0.0669
2437.0000  0.0671
2438.0000  0.0671
2450.0000  0.0670
2452.0000  0.0671
2452.0000  0.0671
2453.0000  0.0672
2456.0000  0.0667
2463.0000  0.0668
2463.0000  0.0669
2468.0000  0.0670
2471.0000  0.0671
2472.0000  0.0672
2473.0000  0.0673
2474.0000  0.0675
2476.0000  0.0676
2480.0000  0.0676
2483.0000  0.0677
2484.0000  0.0677
2489.0000  0.0678
2490.0000  0.0679
2490.0000  0.0679
2491.0000  0.0680
2500.0000  0.0681
2503.0000  0.0676
2509.0000  0.0677
2520.0000  0.0678
2520.0000  0.0679
2521.0000  0.0674
2521.0000  0.0674
2523.0000  0.0675
2526.0000  0.0675
2527.0000  0.0676
2527.0000  0.0676
2531.0000  0.0676
2533.0000  0.0676
2537.0000  0.0676
2539.0000  0.0677
2539.0000  0.0677
2546.0000  0.0677
2547.0000  0.0679
2547.0000  0.0674
2548.0000  0.0674
2554.0000  0.0675
2555.0000  0.0675
2559.0000  0.0676
2562.0000  0.0676
2564.0000  0.0676
2568.0000  0.0671
2568.0000  0.0671
2569.0000  0.0673
2573.0000  0.0674
2578.0000  0.0675
2581.0000  0.0676
2586.0000  0.0676
2587.0000  0.0672
2588.0000  0.0672
2592.0000  0.0672
2597.0000  0.0672
2600.0000  0.0668
2600.0000  0.0668
2603.0000  0.0669
2607.0000  0.0669
2610.0000  0.0669
2611.0000  0.0670
2614.0000  0.0670
2618.0000  0.0671
2624.0000  0.0671
2627.0000  0.0666
2636.0000  0.0668
2646.0000  0.0668
2647.0000  0.0668
2649.0000  0.0663
2654.0000  0.0663
2659.0000  0.0659
2662.0000  0.0654
2663.0000  0.0655
2663.0000  0.0651
2666.0000  0.0652
2666.0000  0.0652
2668.0000  0.0653
2670.0000  0.0654
2674.0000  0.0655
2675.0000  0.0655
2675.0000  0.0656
2679.0000  0.0657
2681.0000  0.0657
2685.0000  0.0657
2699.0000  0.0653
2700.0000  0.0653
2701.0000  0.0655
2707.0000  0.0656
2707.0000  0.0656
2709.0000  0.0656
2710.0000  0.0657
2710.0000  0.0657
2710.0000  0.0658
2713.0000  0.0659
2715.0000  0.0659
2721.0000  0.0660
2723.0000  0.0660
2727.0000  0.0662
2727.0000  0.0663
2735.0000  0.0663
2736.0000  0.0664
2743.0000  0.0664
2750.0000  0.0666
2751.0000  0.0666
2752.0000  0.0667
2756.0000  0.0667
2758.0000  0.0668
2771.0000  0.0668
2772.0000  0.0670
2774.0000  0.0665
2774.0000  0.0666
2779.0000  0.0666
2779.0000  0.0666
2785.0000  0.0666
2790.0000  0.0667
2792.0000  0.0668
2793.0000  0.0663
2797.0000  0.0664
2802.0000  0.0665
2803.0000  0.0665
2809.0000  0.0665
2809.0000  0.0665
2810.0000  0.0666
2818.0000  0.0667
2839.0000  0.0668
2846.0000  0.0669
2848.0000  0.0665
2863.0000  0.0666
2875.0000  0.0667
2881.0000  0.0667
2884.0000  0.0663
2886.0000  0.0664
2888.0000  0.0664
2889.0000  0.0664
2890.0000  0.0664
2894.0000  0.0664
2895.0000  0.0660
2897.0000  0.0660
2900.0000  0.0660
2901.0000  0.0662
2903.0000  0.0658
2906.0000  0.0658
2908.0000  0.0658
2909.0000  0.0659
2911.0000  0.0655
2915.0000  0.0655
2916.0000  0.0655
2923.0000  0.0651
2930.0000  0.0647
2930.0000  0.0648
2934.0000  0.0649
2939.0000  0.0650
2944.0000  0.0646
2948.0000  0.0642
2950.0000  0.0642
2950.0000  0.0642
2970.0000  0.0638
2975.0000  0.0638
2975.0000  0.0640
2977.0000  0.0636
2978.0000  0.0636
2979.0000  0.0637
2981.0000  0.0637
2991.0000  0.0638
2991.0000  0.0638
2991.0000  0.0638
2999.0000  0.0638
3001.0000  0.0640
3006.0000  0.0640
3008.0000  0.0640
3012.0000  0.0641
3019.0000  0.0642
3026.0000  0.0642
3029.0000  0.0643
3031.0000  0.0643
3038.0000  0.0644
3039.0000  0.0640
3041.0000  0.0640
3042.0000  0.0636
3046.0000  0.0637
3054.0000  0.0638
3057.0000  0.0639
3060.0000  0.0639
3065.0000  0.0640
3065.0000  0.0641
3066.0000  0.0641
3071.0000  0.0642
3076.0000  0.0642
3082.0000  0.0643
3083.0000  0.0643
3084.0000  0.0643
3086.0000  0.0643
3093.0000  0.0644
3097.0000  0.0644
3100.0000  0.0645
3103.0000  0.0645
3104.0000  0.0642
3111.0000  0.0643
3112.0000  0.0643
3115.0000  0.0643
3116.0000  0.0643
3118.0000  0.0644
3121.0000  0.0641
3130.0000  0.0642
3135.0000  0.0638
3138.0000  0.0639
3151.0000  0.0640
3167.0000  0.0641
3169.0000  0.0642
3171.0000  0.0643
3171.0000  0.0639
3175.0000  0.0640
3176.0000  0.0640
3179.0000  0.0637
3180.0000  0.0636
3184.0000  0.0637
3185.0000  0.0637
3185.0000  0.0637
3185.0000  0.0638
3192.0000  0.0638
3195.0000  0.0638
3199.0000  0.0638
3201.0000  0.0639
3201.0000  0.0640
3212.0000  0.0640
3218.0000  0.0640
3224.0000  0.0640
3227.0000  0.0641
3240.0000  0.0641
3257.0000  0.0641
3276.0000  0.0642
3290.0000  0.0643
3294.0000  0.0643
3294.0000  0.0644
3298.0000  0.0644
3302.0000  0.0645
3309.0000  0.0645
3310.0000  0.0646
3318.0000  0.0646
3323.0000  0.0647
3324.0000  0.0648
3324.0000  0.0648
3326.0000  0.0648
3327.0000  0.0649
3327.0000  0.0650
3329.0000  0.0651
3331.0000  0.0651
3332.0000  0.0652
3335.0000  0.0653
3339.0000  0.0653
3340.0000  0.0654
3345.0000  0.0654
3345.0000  0.0655
3369.0000  0.0655
3371.0000  0.0655
3372.0000  0.0652
3394.0000  0.0652
3404.0000  0.0653
3409.0000  0.0653
3415.0000  0.0654
3421.0000  0.0655
3424.0000  0.0656
3425.0000  0.0652
3434.0000  0.0653
3437.0000  0.0654
3438.0000  0.0655
3438.0000  0.0656
3444.0000  0.0656
3448.0000  0.0656
3462.0000  0.0656
3469.0000  0.0657
3476.0000  0.0658
3487.0000  0.0659
3494.0000  0.0660
3496.0000  0.0661
3502.0000  0.0661
3506.0000  0.0662
3516.0000  0.0662
3519.0000  0.0663
3519.0000  0.0664
3533.0000  0.0664
3534.0000  0.0665
3554.0000  0.0666
3561.0000  0.0666
3564.0000  0.0667
3568.0000  0.0663
3569.0000  0.0664
3569.0000  0.0665
3577.0000  0.0665
3585.0000  0.0666
3586.0000  0.0667
3590.0000  0.0668
3594.0000  0.0669
3606.0000  0.0669
3620.0000  0.0670
3626.0000  0.0670
3628.0000  0.0666
3633.0000  0.0668
3635.0000  0.0668
3655.0000  0.0669
3657.0000  0.0670
3660.0000  0.0666
3663.0000  0.0666
3670.0000  0.0666
3670.0000  0.0667
3679.0000  0.0667
3684.0000  0.0668
3709.0000  0.0668
3712.0000  0.0668
3719.0000  0.0669
3721.0000  0.0670
3734.0000  0.0670
3738.0000  0.0670
3739.0000  0.0671
3742.0000  0.0671
3745.0000  0.0671
3754.0000  0.0671
3754.0000  0.0672
3756.0000  0.0673
3768.0000  0.0669
3773.0000  0.0669
3774.0000  0.0670
3776.0000  0.0670
3778.0000  0.0671
3784.0000  0.0671
3798.0000  0.0671
3801.0000  0.0672
3805.0000  0.0673
3806.0000  0.0673
3808.0000  0.0673
3810.0000  0.0673
3810.0000  0.0674
3811.0000  0.0675
3816.0000  0.0675
3818.0000  0.0675
3820.0000  0.0675
3820.0000  0.0676
3821.0000  0.0676
3832.0000  0.0677
3835.0000  0.0673
3835.0000  0.0673
3838.0000  0.0674
3839.0000  0.0674
3846.0000  0.0675
3857.0000  0.0675
3857.0000  0.0676
3858.0000  0.0677
3863.0000  0.0677
3865.0000  0.0677
3867.0000  0.0678
3869.0000  0.0679
3882.0000  0.0679
3884.0000  0.0679
3886.0000  0.0676
3894.0000  0.0676
3909.0000  0.0677
3917.0000  0.0673
3931.0000  0.0670
3932.0000  0.0670
3934.0000  0.0671
3935.0000  0.0671
3941.0000  0.0672
3944.0000  0.0672
3946.0000  0.0673
3949.0000  0.0673
3953.0000  0.0673
3953.0000  0.0674
3959.0000  0.0675
3965.0000  0.0675
3967.0000  0.0676
3984.0000  0.0672
3993.0000  0.0672
4000.0000  0.0672
4041.0000  0.0668
4043.0000  0.0668
4049.0000  0.0668
4049.0000  0.0669
4058.0000  0.0670
4059.0000  0.0671
4061.0000  0.0672
4064.0000  0.0672
4084.0000  0.0673
4087.0000  0.0674
4089.0000  0.0674
4096.0000  0.0675
4097.0000  0.0676
4098.0000  0.0676
4099.0000  0.0676
4099.0000  0.0676
4104.0000  0.0677
4109.0000  0.0677
4110.0000  0.0677
4114.0000  0.0678
4127.0000  0.0678
4128.0000  0.0678
4130.0000  0.0678
4134.0000  0.0679
4134.0000  0.0679
4136.0000  0.0680
4138.0000  0.0681
4140.0000  0.0682
4144.0000  0.0683
4155.0000  0.0682
4169.0000  0.0683
4176.0000  0.0684
4180.0000  0.0684
4181.0000  0.0684
4188.0000  0.0684
4189.0000  0.0685
4199.0000  0.0686
4203.0000  0.0686
4211.0000  0.0686
4214.0000  0.0687
4227.0000  0.0687
4235.0000  0.0688
4242.0000  0.0689
4243.0000  0.0686
4246.0000  0.0682
4248.0000  0.0682
4255.0000  0.0682
4255.0000  0.0683
4257.0000  0.0684
4258.0000  0.0684
4268.0000  0.0685
4279.0000  0.0685
4288.0000  0.0685
4289.0000  0.0686
4318.0000  0.0687
4319.0000  0.0687
4321.0000  0.0688
4329.0000  0.0689
4335.0000  0.0689
4336.0000  0.0689
4342.0000  0.0690
4351.0000  0.0690
4353.0000  0.0691
4360.0000  0.0691
4362.0000  0.0691
4363.0000  0.0691
4366.0000  0.0692
4369.0000  0.0693
4373.0000  0.0693
4379.0000  0.0694
4380.0000  0.0695
4381.0000  0.0695
4382.0000  0.0696
4387.0000  0.0696
4390.0000  0.0696
4392.0000  0.0696
4392.0000  0.0697
4395.0000  0.0697
4396.0000  0.0697
4397.0000  0.0698
4399.0000  0.0698
4401.0000  0.0698
4402.0000  0.0699
4403.0000  0.0699
4414.0000  0.0700
4420.0000  0.0700
4423.0000  0.0700
4427.0000  0.0700
4428.0000  0.0701
4429.0000  0.0700
4432.0000  0.0701
4433.0000  0.0701
4434.0000  0.0702
4435.0000  0.0702
4436.0000  0.0702
4440.0000  0.0702
4441.0000  0.0702
4448.0000  0.0702
4448.0000  0.0702
4452.0000  0.0703
4456.0000  0.0703
4465.0000  0.0699
4465.0000  0.0699
4479.0000  0.0700
4480.0000  0.0700
4483.0000  0.0700
4484.0000  0.0701
4489.0000  0.0701
4494.0000  0.0702
4510.0000  0.0701
4514.0000  0.0701
4525.0000  0.0701
4532.0000  0.0702
4541.0000  0.0702
4542.0000  0.0702
4547.0000  0.0698
4548.0000  0.0698
4563.0000  0.0699
4565.0000  0.0700
4567.0000  0.0700
4570.0000  0.0701
4571.0000  0.0701
4571.0000  0.0701
4578.0000  0.0702
4595.0000  0.0702
4614.0000  0.0702
4620.0000  0.0702
4621.0000  0.0702
4628.0000  0.0702
4628.0000  0.0703
4634.0000  0.0703
4639.0000  0.0703
4656.0000  0.0703
4656.0000  0.0703
4657.0000  0.0704
4659.0000  0.0704
4660.0000  0.0704
4661.0000  0.0704
4664.0000  0.0705
4665.0000  0.0705
4667.0000  0.0705
4668.0000  0.0701
4670.0000  0.0701
4672.0000  0.0702
4673.0000  0.0702
4674.0000  0.0702
4680.0000  0.0702
4687.0000  0.0703
4690.0000  0.0704
4692.0000  0.0704
4699.0000  0.0700
4724.0000  0.0700
4729.0000  0.0701
4731.0000  0.0701
4731.0000  0.0702
4737.0000  0.0698
4739.0000  0.0699
4743.0000  0.0699
4745.0000  0.0699
4746.0000  0.0700
4760.0000  0.0700
4767.0000  0.0700
4772.0000  0.0700
4783.0000  0.0700
4789.0000  0.0701
4790.0000  0.0701
4812.0000  0.0702
4819.0000  0.0702
4823.0000  0.0703
4824.0000  0.0703
4829.0000  0.0703
4833.0000  0.0703
4837.0000  0.0703
4846.0000  0.0703
4849.0000  0.0703
4872.0000  0.0704
4875.0000  0.0700
4880.0000  0.0700
4883.0000  0.0700
4889.0000  0.0700
4890.0000  0.0701
4895.0000  0.0701
4905.0000  0.0701
4920.0000  0.0701
4921.0000  0.0702
4930.0000  0.0702
4936.0000  0.0703
4943.0000  0.0703
4947.0000  0.0703
4948.0000  0.0704
4949.0000  0.0704
4950.0000  0.0705
4953.0000  0.0706
4972.0000  0.0706
4977.0000  0.0706
4978.0000  0.0706
4980.0000  0.0707
4980.0000  0.0707
4989.0000  0.0707
4993.0000  0.0703
5000.0000  0.0704
5012.0000  0.0704
5012.0000  0.0705
5014.0000  0.0705
5018.0000  0.0705
5020.0000  0.0706
5044.0000  0.0706
5052.0000  0.0706
5057.0000  0.0706
5094.0000  0.0707
5098.0000  0.0707
5103.0000  0.0704
5103.0000  0.0704
5107.0000  0.0704
5111.0000  0.0705
5120.0000  0.0705
5125.0000  0.0705
5131.0000  0.0706
5143.0000  0.0706
5159.0000  0.0707
5160.0000  0.0707
5163.0000  0.0707
5165.0000  0.0707
5170.0000  0.0708
5171.0000  0.0708
5173.0000  0.0708
5174.0000  0.0708
5178.0000  0.0705
5188.0000  0.0705
5189.0000  0.0705
5198.0000  0.0705
5204.0000  0.0705
5221.0000  0.0706
5222.0000  0.0706
5222.0000  0.0702
5235.0000  0.0702
5236.0000  0.0703
5236.0000  0.0704
5266.0000  0.0700
5269.0000  0.0701
5274.0000  0.0702
5276.0000  0.0702
5279.0000  0.0702
5281.0000  0.0703
5282.0000  0.0703
5284.0000  0.0704
5297.0000  0.0704
5298.0000  0.0704
5305.0000  0.0704
5306.0000  0.0704
5321.0000  0.0704
5322.0000  0.0704
5335.0000  0.0704
5344.0000  0.0704
5353.0000  0.0704
5354.0000  0.0705
5358.0000  0.0705
5360.0000  0.0706
5361.0000  0.0706
5362.0000  0.0706
5376.0000  0.0707
5389.0000  0.0708
5396.0000  0.0708
5419.0000  0.0709
5430.0000  0.0705
5437.0000  0.0705
5445.0000  0.0706
5447.0000  0.0706
5448.0000  0.0707
5448.0000  0.0707
5451.0000  0.0708
5475.0000  0.0708
5477.0000  0.0709
5481.0000  0.0709
5482.0000  0.0709
5484.0000  0.0709
5493.0000  0.0709
5498.0000  0.0710
5499.0000  0.0710
5500.0000  0.0710
5503.0000  0.0710
5506.0000  0.0710
5509.0000  0.0710
5515.0000  0.0711
5518.0000  0.0711
5528.0000  0.0712
5531.0000  0.0712
5531.0000  0.0713
5532.0000  0.0713
5535.0000  0.0713
5538.0000  0.0713
5545.0000  0.0713
5547.0000  0.0713
5547.0000  0.0710
5548.0000  0.0710
5555.0000  0.0710
5556.0000  0.0710
5560.0000  0.0710
5561.0000  0.0710
5572.0000  0.0711
5574.0000  0.0711
5574.0000  0.0711
5583.0000  0.0711
5594.0000  0.0711
5602.0000  0.0712
5603.0000  0.0712
5613.0000  0.0709
5613.0000  0.0709
5620.0000  0.0710
5622.0000  0.0710
5624.0000  0.0706
5632.0000  0.0707
5634.0000  0.0707
5636.0000  0.0707
5637.0000  0.0708
5638.0000  0.0708
5641.0000  0.0709
5641.0000  0.0709
5676.0000  0.0709
5676.0000  0.0710
5680.0000  0.0707
5681.0000  0.0707
5683.0000  0.0707
5683.0000  0.0707
5690.0000  0.0708
5691.0000  0.0708
5696.0000  0.0709
5696.0000  0.0709
5698.0000  0.0709
5706.0000  0.0706
5708.0000  0.0706
5711.0000  0.0707
5712.0000  0.0707
5719.0000  0.0708
5726.0000  0.0708
5727.0000  0.0708
5741.0000  0.0709
5742.0000  0.0709
5747.0000  0.0709
5759.0000  0.0709
5769.0000  0.0710
5775.0000  0.0710
5781.0000  0.0710
5784.0000  0.0710
5785.0000  0.0711
5792.0000  0.0711
5793.0000  0.0711
5798.0000  0.0711
5799.0000  0.0711
5800.0000  0.0711
5806.0000  0.0711
5811.0000  0.0712
5820.0000  0.0712
5823.0000  0.0713
5823.0000  0.0713
5824.0000  0.0714
5824.0000  0.0714
5826.0000  0.0714
5830.0000  0.0715
5832.0000  0.0715
5833.0000  0.0716
5838.0000  0.0717
5839.0000  0.0717
5841.0000  0.0717
5842.0000  0.0718
5849.0000  0.0715
5859.0000  0.0715
5861.0000  0.0715
5862.0000  0.0715
5864.0000  0.0716
5865.0000  0.0712
5865.0000  0.0712
5877.0000  0.0713
5889.0000  0.0713
5896.0000  0.0714
5903.0000  0.0710
5915.0000  0.0711
5915.0000  0.0711
5923.0000  0.0708
5929.0000  0.0708
5942.0000  0.0709
5944.0000  0.0709
5948.0000  0.0710
5950.0000  0.0711
5953.0000  0.0711
5960.0000  0.0711
5975.0000  0.0711
5981.0000  0.0711
5995.0000  0.0711
5995.0000  0.0711
5998.0000  0.0712
6005.0000  0.0712
6007.0000  0.0712
6009.0000  0.0712
6011.0000  0.0712
6016.0000  0.0713
6028.0000  0.0714
6031.0000  0.0714
6041.0000  0.0714
6042.0000  0.0714
6046.0000  0.0714
6049.0000  0.0714
6052.0000  0.0714
6059.0000  0.0715
6066.0000  0.0716
6068.0000  0.0716
6077.0000  0.0716
6079.0000  0.0717
6082.0000  0.0717
6082.0000  0.0717
6083.0000  0.0714
6102.0000  0.0714
6131.0000  0.0711
6133.0000  0.0711
6133.0000  0.0711
6139.0000  0.0711
6139.0000  0.0711
6144.0000  0.0712
6147.0000  0.0713
6149.0000  0.0713
6152.0000  0.0713
6169.0000  0.0712
6191.0000  0.0712
6209.0000  0.0712
6210.0000  0.0712
6217.0000  0.0713
6224.0000  0.0713
6225.0000  0.0714
6229.0000  0.0714
6245.0000  0.0715
6245.0000  0.0716
6257.0000  0.0717
6269.0000  0.0717
6294.0000  0.0717
6305.0000  0.0717
6321.0000  0.0717
6324.0000  0.0718
6328.0000  0.0715
6330.0000  0.0716
6334.0000  0.0716
6338.0000  0.0716
6341.0000  0.0717
6350.0000  0.0717
6352.0000  0.0717
6352.0000  0.0717
6362.0000  0.0717
6366.0000  0.0718
6378.0000  0.0714
6380.0000  0.0715
6386.0000  0.0716
6400.0000  0.0716
6401.0000  0.0716
6404.0000  0.0717
6415.0000  0.0718
6416.0000  0.0718
6420.0000  0.0718
6422.0000  0.0718
6426.0000  0.0718
6443.0000  0.0719
6444.0000  0.0716
6448.0000  0.0716
6449.0000  0.0716
6452.0000  0.0717
6467.0000  0.0716
6469.0000  0.0713
6478.0000  0.0713
6486.0000  0.0714
6497.0000  0.0714
6517.0000  0.0715
6517.0000  0.0715
6546.0000  0.0715
6558.0000  0.0716
6568.0000  0.0715
6570.0000  0.0715
6578.0000  0.0715
6582.0000  0.0716
6600.0000  0.0716
6611.0000  0.0716
6623.0000  0.0717
6625.0000  0.0717
6625.0000  0.0717
6636.0000  0.0717
6639.0000  0.0718
6643.0000  0.0718
6661.0000  0.0718
6664.0000  0.0718
6666.0000  0.0718
6666.0000  0.0719
6673.0000  0.0719
6676.0000  0.0719
6680.0000  0.0719
6686.0000  0.0719
6693.0000  0.0719
6699.0000  0.0720
6704.0000  0.0720
6710.0000  0.0720
6717.0000  0.0720
6723.0000  0.0720
6727.0000  0.0720
6734.0000  0.0720
6744.0000  0.0721
6757.0000  0.0721
6763.0000  0.0722
6765.0000  0.0722
6776.0000  0.0723
6781.0000  0.0719
6781.0000  0.0720
6783.0000  0.0720
6785.0000  0.0720
6787.0000  0.0720
6793.0000  0.0720
6794.0000  0.0720
6802.0000  0.0721
6804.0000  0.0721
6805.0000  0.0721
6811.0000  0.0721
6815.0000  0.0721
6818.0000  0.0721
6840.0000  0.0721
6862.0000  0.0722
6873.0000  0.0722
6880.0000  0.0719
6896.0000  0.0719
6898.0000  0.0720
6903.0000  0.0720
6906.0000  0.0720
6911.0000  0.0720
6916.0000  0.0720
6920.0000  0.0720
6928.0000  0.0720
6929.0000  0.0720
6933.0000  0.0721
6934.0000  0.0721
6950.0000  0.0721
6952.0000  0.0721
6981.0000  0.0721
6997.0000  0.0722
7013.0000  0.0722
7016.0000  0.0723
7017.0000  0.0723
7017.0000  0.0723
7018.0000  0.0723
7026.0000  0.0724
7033.0000  0.0724
7040.0000  0.0724
7040.0000  0.0724
7044.0000  0.0724
7049.0000  0.0724
7051.0000  0.0725
7054.0000  0.0722
7058.0000  0.0714
7059.0000  0.0715
7061.0000  0.0715
7062.0000  0.0715
7065.0000  0.0715
7073.0000  0.0715
7076.0000  0.0715
7082.0000  0.0716
7089.0000  0.0716
7093.0000  0.0716
7100.0000  0.0716
7104.0000  0.0716
7109.0000  0.0716
7119.0000  0.0716
7127.0000  0.0717
7132.0000  0.0718
7132.0000  0.0718
7133.0000  0.0718
7141.0000  0.0718
7147.0000  0.0717
7149.0000  0.0718
7163.0000  0.0718
7170.0000  0.0718
7173.0000  0.0719
7174.0000  0.0719
7179.0000  0.0719
7181.0000  0.0720
7182.0000  0.0720
7184.0000  0.0720
7186.0000  0.0720
7188.0000  0.0720
7203.0000  0.0720
7204.0000  0.0721
7210.0000  0.0721
7218.0000  0.0721
7218.0000  0.0721
7224.0000  0.0721
7225.0000  0.0721
7225.0000  0.0722
7225.0000  0.0718
7226.0000  0.0719
7227.0000  0.0719
7232.0000  0.0719
7233.0000  0.0719
7238.0000  0.0720
7241.0000  0.0720
7257.0000  0.0720
7261.0000  0.0720
7264.0000  0.0720
7265.0000  0.0720
7266.0000  0.0721
7274.0000  0.0721
7281.0000  0.0721
7281.0000  0.0721
7282.0000  0.0722
7290.0000  0.0722
7292.0000  0.0722
7293.0000  0.0722
7303.0000  0.0722
7311.0000  0.0722
7314.0000  0.0722
7319.0000  0.0723
7321.0000  0.0724
7325.0000  0.0724
7325.0000  0.0724
7330.0000  0.0724
7330.0000  0.0724
7337.0000  0.0724
7340.0000  0.0724
7348.0000  0.0725
7358.0000  0.0725
7381.0000  0.0726
7389.0000  0.0726
7396.0000  0.0726
7397.0000  0.0726
7406.0000  0.0727
7426.0000  0.0728
7430.0000  0.0728
7451.0000  0.0728
7451.0000  0.0725
7454.0000  0.0725
7461.0000  0.0725
7479.0000  0.0725
7481.0000  0.0726
7504.0000  0.0727
7507.0000  0.0728
7507.0000  0.0728
7513.0000  0.0728
7519.0000  0.0729
7523.0000  0.0730
7525.0000  0.0730
7526.0000  0.0731
7527.0000  0.0731
7532.0000  0.0732
7532.0000  0.0732
7535.0000  0.0733
7536.0000  0.0733
7539.0000  0.0733
7540.0000  0.0734
7542.0000  0.0735
7542.0000  0.0735
7547.0000  0.0735
7547.0000  0.0735
7549.0000  0.0736
7553.0000  0.0736
7555.0000  0.0736
7556.0000  0.0736
7560.0000  0.0736
7563.0000  0.0736
7563.0000  0.0736
7565.0000  0.0737
7566.0000  0.0737
7569.0000  0.0737
7575.0000  0.0738
7585.0000  0.0738
7600.0000  0.0738
7608.0000  0.0738
7617.0000  0.0738
7620.0000  0.0739
7631.0000  0.0739
7635.0000  0.0739
7636.0000  0.0740
7645.0000  0.0741
7649.0000  0.0741
7668.0000  0.0741
7671.0000  0.0742
7671.0000  0.0742
7673.0000  0.0742
7673.0000  0.0742
7679.0000  0.0742
7685.0000  0.0739
7686.0000  0.0739
7694.0000  0.0739
7702.0000  0.0739
7709.0000  0.0739
7710.0000  0.0739
7715.0000  0.0740
7718.0000  0.0740
7719.0000  0.0740
7721.0000  0.0737
7724.0000  0.0737
7735.0000  0.0737
7739.0000  0.0737
7746.0000  0.0738
7750.0000  0.0738
7753.0000  0.0739
7764.0000  0.0739
7765.0000  0.0739
7772.0000  0.0740
7781.0000  0.0739
7787.0000  0.0740
7788.0000  0.0740
7789.0000  0.0741
7790.0000  0.0741
7790.0000  0.0742
7795.0000  0.0742
7801.0000  0.0742
7801.0000  0.0742
7810.0000  0.0742
7819.0000  0.0742
7830.0000  0.0743
7833.0000  0.0743
7839.0000  0.0743
7840.0000  0.0743
7840.0000  0.0743
7843.0000  0.0743
7847.0000  0.0743
7850.0000  0.0744
7862.0000  0.0745
7867.0000  0.0745
7868.0000  0.0745
7872.0000  0.0745
7878.0000  0.0745
7882.0000  0.0742
7882.0000  0.0742
7884.0000  0.0742
7889.0000  0.0742
7893.0000  0.0742
7898.0000  0.0743
7902.0000  0.0743
7903.0000  0.0742
7907.0000  0.0742
7915.0000  0.0739
7916.0000  0.0739
7919.0000  0.0740
7924.0000  0.0740
7929.0000  0.0740
7931.0000  0.0740
7932.0000  0.0740
7934.0000  0.0741
7935.0000  0.0741
7936.0000  0.0741
7939.0000  0.0741
7942.0000  0.0741
7952.0000  0.0741
7958.0000  0.0742
7959.0000  0.0742
7967.0000  0.0742
7968.0000  0.0742
7969.0000  0.0743
7971.0000  0.0743
7975.0000  0.0743
7983.0000  0.0743
7984.0000  0.0744
7992.0000  0.0744
7992.0000  0.0744
7996.0000  0.0744
8018.0000  0.0744
8019.0000  0.0744
8025.0000  0.0745
8025.0000  0.0745
8031.0000  0.0745
8038.0000  0.0745
8041.0000  0.0745
8042.0000  0.0745
8043.0000  0.0742
8045.0000  0.0742
8049.0000  0.0742
8050.0000  0.0743
8054.0000  0.0743
8060.0000  0.0743
8076.0000  0.0743
8076.0000  0.0743
8080.0000  0.0744
8080.0000  0.0744
8082.0000  0.0745
8084.0000  0.0745
8095.0000  0.0745
8098.0000  0.0746
8103.0000  0.0745
8110.0000  0.0745
8112.0000  0.0746
8115.0000  0.0747
8117.0000  0.0747
8120.0000  0.0747
8124.0000  0.0747
8124.0000  0.0747
8128.0000  0.0747
8132.0000  0.0747
8134.0000  0.0747
8136.0000  0.0747
8142.0000  0.0747
8142.0000  0.0748
8143.0000  0.0749
8150.0000  0.0749
8154.0000  0.0750
8156.0000  0.0750
8163.0000  0.0750
8167.0000  0.0751
8173.0000  0.0751
8177.0000  0.0751
8179.0000  0.0751
8182.0000  0.0751
8186.0000  0.0752
8187.0000  0.0752
8191.0000  0.0752
8195.0000  0.0753
8196.0000  0.0753
8201.0000  0.0753
8201.0000  0.0753
8204.0000  0.0753
8218.0000  0.0753
8228.0000  0.0753
8235.0000  0.0753
8238.0000  0.0754
8238.0000  0.0751
8243.0000  0.0751
8246.0000  0.0752
8246.0000  0.0752
8264.0000  0.0753
8268.0000  0.0754
8273.0000  0.0754
8283.0000  0.0755
8292.0000  0.0755
8298.0000  0.0755
8301.0000  0.0756
8302.0000  0.0756
8305.0000  0.0757
8308.0000  0.0757
8309.0000  0.0757
8310.0000  0.0758
8311.0000  0.0758
8313.0000  0.0758
8316.0000  0.0758
8319.0000  0.0758
8325.0000  0.0759
8327.0000  0.0759
8327.0000  0.0760
8327.0000  0.0760
8330.0000  0.0760
8334.0000  0.0761
8337.0000  0.0761
8338.0000  0.0761
8339.0000  0.0761
8340.0000  0.0761
8340.0000  0.0762
8343.0000  0.0762
8343.0000  0.0758
8363.0000  0.0759
8367.0000  0.0759
8367.0000  0.0759
8368.0000  0.0757
8370.0000  0.0757
8375.0000  0.0757
8380.0000  0.0757
8382.0000  0.0757
8384.0000  0.0758
8386.0000  0.0758
8400.0000  0.0758
8404.0000  0.0758
8417.0000  0.0758
8423.0000  0.0758
8433.0000  0.0758
8434.0000  0.0759
8437.0000  0.0759
8439.0000  0.0759
8440.0000  0.0759
8442.0000  0.0760
8447.0000  0.0760
8458.0000  0.0760
8470.0000  0.0761
8474.0000  0.0762
8475.0000  0.0762
8475.0000  0.0762
8478.0000  0.0762
8479.0000  0.0762
8483.0000  0.0762
8483.0000  0.0763
8494.0000  0.0763
8495.0000  0.0763
8497.0000  0.0764
8497.0000  0.0764
8506.0000  0.0764
8507.0000  0.0764
8508.0000  0.0764
8514.0000  0.0764
8514.0000  0.0765
8514.0000  0.0765
8526.0000  0.0765
8528.0000  0.0765
8529.0000  0.0765
8532.0000  0.0765
8538.0000  0.0766
8539.0000  0.0766
8549.0000  0.0766
8554.0000  0.0766
8556.0000  0.0766
8560.0000  0.0766
8560.0000  0.0766
8563.0000  0.0766
8583.0000  0.0766
8594.0000  0.0766
8608.0000  0.0766
8610.0000  0.0766
8610.0000  0.0766
8614.0000  0.0766
8622.0000  0.0767
8631.0000  0.0767
8640.0000  0.0767
8641.0000  0.0767
8645.0000  0.0767
8647.0000  0.0767
8647.0000  0.0767
8648.0000  0.0768
8649.0000  0.0768
8649.0000  0.0769
8650.0000  0.0769
8654.0000  0.0769
8658.0000  0.0769
8659.0000  0.0770
8664.0000  0.0770
8674.0000  0.0771
8684.0000  0.0771
8684.0000  0.0772
8685.0000  0.0772
8689.0000  0.0772
8689.0000  0.0772
8693.0000  0.0772
8696.0000  0.0773
8699.0000  0.0773
8715.0000  0.0773
8719.0000  0.0773
8724.0000  0.0773
8728.0000  0.0773
8730.0000  0.0773
8739.0000  0.0773
8740.0000  0.0773
8744.0000  0.0773
8748.0000  0.0774
8752.0000  0.0774
8757.0000  0.0774
8758.0000  0.0775
8764.0000  0.0775
8769.0000  0.0775
8773.0000  0.0776
8780.0000  0.0776
8783.0000  0.0776
8789.0000  0.0777
8791.0000  0.0777
8797.0000  0.0777
8803.0000  0.0777
8816.0000  0.0778
8817.0000  0.0777
8819.0000  0.0778
8819.0000  0.0778
8820.0000  0.0778
8821.0000  0.0778
8823.0000  0.0778
8831.0000  0.0779
8834.0000  0.0780
8836.0000  0.0780
8851.0000  0.0780
8852.0000  0.0780
8861.0000  0.0780
8861.0000  0.0781
8862.0000  0.0781
8863.0000  0.0781
8863.0000  0.0781
8866.0000  0.0782
8870.0000  0.0782
8871.0000  0.0782
8884.0000  0.0783
8885.0000  0.0783
8892.0000  0.0783
8892.0000  0.0784
8901.0000  0.0784
8912.0000  0.0784
8913.0000  0.0784
8920.0000  0.0784
8923.0000  0.0784
8928.0000  0.0784
8929.0000  0.0784
8931.0000  0.0784
8942.0000  0.0784
8943.0000  0.0784
8946.0000  0.0784
8950.0000  0.0784
8952.0000  0.0785
8955.0000  0.0785
8957.0000  0.0785
8958.0000  0.0785
8960.0000  0.0785
8980.0000  0.0785
8984.0000  0.0782
8994.0000  0.0782
9000.0000  0.0782
9006.0000  0.0782
9015.0000  0.0782
9018.0000  0.0782
9020.0000  0.0783
9022.0000  0.0783
9037.0000  0.0783
9041.0000  0.0784
9045.0000  0.0784
9045.0000  0.0784
9051.0000  0.0784
9058.0000  0.0784
9067.0000  0.0784
9076.0000  0.0785
9081.0000  0.0785
9085.0000  0.0785
9088.0000  0.0785
9093.0000  0.0785
9094.0000  0.0785
9095.0000  0.0785
9099.0000  0.0785
9101.0000  0.0785
9102.0000  0.0786
9108.0000  0.0786
9116.0000  0.0786
9123.0000  0.0787
9132.0000  0.0787
9134.0000  0.0787
9139.0000  0.0787
9143.0000  0.0787
9145.0000  0.0788
9147.0000  0.0784
9150.0000  0.0784
9154.0000  0.0785
9158.0000  0.0785
9161.0000  0.0785
9170.0000  0.0785
9177.0000  0.0786
9183.0000  0.0786
9185.0000  0.0786
9197.0000  0.0787
9205.0000  0.0783
9205.0000  0.0783
9209.0000  0.0784
9215.0000  0.0784
9215.0000  0.0783
9218.0000  0.0784
9220.0000  0.0784
9241.0000  0.0785
9241.0000  0.0782
9241.0000  0.0782
9245.0000  0.0782
9265.0000  0.0782
9268.0000  0.0779
9270.0000  0.0779
9276.0000  0.0779
9282.0000  0.0779
9292.0000  0.0779
9296.0000  0.0779
9297.0000  0.0779
9306.0000  0.0779
9320.0000  0.0779
9326.0000  0.0780
9342.0000  0.0780
9346.0000  0.0780
9352.0000  0.0780
9362.0000  0.0780
9363.0000  0.0781
9365.0000  0.0781
9368.0000  0.0781
9384.0000  0.0781
9392.0000  0.0781
9393.0000  0.0781
9397.0000  0.0782
9401.0000  0.0782
9418.0000  0.0783
9420.0000  0.0783
9433.0000  0.0783
9439.0000  0.0784
9445.0000  0.0784
9450.0000  0.0784
9452.0000  0.0785
9454.0000  0.0785
9457.0000  0.0785
9462.0000  0.0785
9495.0000  0.0785
9502.0000  0.0786
9502.0000  0.0786
9503.0000  0.0786
9509.0000  0.0786
9512.0000  0.0783
9515.0000  0.0783
9518.0000  0.0783
9518.0000  0.0784
9520.0000  0.0784
9525.0000  0.0781
9529.0000  0.0781
9531.0000  0.0781
9538.0000  0.0782
9539.0000  0.0782
9541.0000  0.0782
9548.0000  0.0782
9549.0000  0.0782
9551.0000  0.0783
9561.0000  0.0783
9564.0000  0.0784
9567.0000  0.0784
9570.0000  0.0784
9584.0000  0.0784
9587.0000  0.0784
9592.0000  0.0784
9599.0000  0.0784
9600.0000  0.0785
9601.0000  0.0785
9601.0000  0.0785
9603.0000  0.0785
9606.0000  0.0785
9607.0000  0.0785
9612.0000  0.0785
9614.0000  0.0785
9618.0000  0.0785
9627.0000  0.0785
9627.0000  0.0785
9634.0000  0.0785
9648.0000  0.0786
9648.0000  0.0786
9656.0000  0.0786
9662.0000  0.0786
9666.0000  0.0786
9669.0000  0.0787
9670.0000  0.0787
9678.0000  0.0788
9680.0000  0.0788
9685.0000  0.0788
9685.0000  0.0788
9687.0000  0.0789
9687.0000  0.0789
9688.0000  0.0789
9690.0000  0.0789
9690.0000  0.0790
9694.0000  0.0790
9699.0000  0.0790
9701.0000  0.0791
9701.0000  0.0792
9701.0000  0.0792
9702.0000  0.0792
9708.0000  0.0792
9709.0000  0.0792
9710.0000  0.0792
9714.0000  0.0793
9716.0000  0.0793
9716.0000  0.0792
9718.0000  0.0793
9730.0000  0.0794
9733.0000  0.0794
9752.0000  0.0794
9753.0000  0.0793
9755.0000  0.0794
9756.0000  0.0794
9763.0000  0.0794
9765.0000  0.0791
9765.0000  0.0791
9770.0000  0.0788
9771.0000  0.0788
9784.0000  0.0788
9785.0000  0.0789
9789.0000  0.0789
9791.0000  0.0786
9799.0000  0.0786
9801.0000  0.0786
9804.0000  0.0786
9805.0000  0.0786
9812.0000  0.0787
9822.0000  0.0787
9824.0000  0.0787
9825.0000  0.0787
9827.0000  0.0788
9831.0000  0.0788
9831.0000  0.0788
9837.0000  0.0788
9842.0000  0.0788
9846.0000  0.0789
9854.0000  0.0789
9857.0000  0.0789
9868.0000  0.0789
9878.0000  0.0789
9885.0000  0.0790
9889.0000  0.0790
9891.0000  0.0790
9903.0000  0.0790
9906.0000  0.0790
9907.0000  0.0790
9910.0000  0.0791
9913.0000  0.0791
9917.0000  0.0792
9922.0000  0.0792
9929.0000  0.0792
9935.0000  0.0793
9937.0000  0.0793
9939.0000  0.0793
9940.0000  0.0793
9944.0000  0.0793
9947.0000  0.0793
9948.0000  0.0793
9949.0000  0.0793
9950.0000  0.0794
9950.0000  0.0795
9953.0000  0.0795
9956.0000  0.0796
9957.0000  0.0796
9966.0000  0.0796
9974.0000  0.0796
9979.0000  0.0796
9985.0000  0.0797
9986.0000  0.0797
9998.0000  0.0797
10003.0000  0.0797
10013.0000  0.0797
10015.0000  0.0798
10015.0000  0.0797
10017.0000  0.0797
10026.0000  0.0798
10031.0000  0.0798
10032.0000  0.0799
10044.0000  0.0799
10053.0000  0.0799
10059.0000  0.0799
10060.0000  0.0799
10065.0000  0.0799
10070.0000  0.0799
10078.0000  0.0800
10079.0000  0.0801
10083.0000  0.0801
10085.0000  0.0801
10085.0000  0.0802
10087.0000  0.0802
10088.0000  0.0802
10094.0000  0.0802
10095.0000  0.0802
10102.0000  0.0803
10118.0000  0.0803
10118.0000  0.0803
10121.0000  0.0803
10125.0000  0.0803
10129.0000  0.0803
10129.0000  0.0803
10131.0000  0.0804
10134.0000  0.0804
10137.0000  0.0805
10140.0000  0.0805
10140.0000  0.0805
10144.0000  0.0805
10146.0000  0.0806
10149.0000  0.0806
10163.0000  0.0806
10172.0000  0.0806
10175.0000  0.0806
10182.0000  0.0807
10190.0000  0.0807
10193.0000  0.0807
10225.0000  0.0807
10235.0000  0.0808
10239.0000  0.0808
10241.0000  0.0804
10251.0000  0.0805
10258.0000  0.0805
10270.0000  0.0805
10273.0000  0.0805
10277.0000  0.0805
10282.0000  0.0805
10284.0000  0.0805
10290.0000  0.0805
10296.0000  0.0806
10296.0000  0.0806
10298.0000  0.0806
10303.0000  0.0806
10305.0000  0.0806
10306.0000  0.0806
10309.0000  0.0806
10310.0000  0.0806
10324.0000  0.0807
10327.0000  0.0807
10328.0000  0.0807
10328.0000  0.0807
10330.0000  0.0807
10332.0000  0.0808
10335.0000  0.0808
10338.0000  0.0808
10344.0000  0.0808
10345.0000  0.0808
10349.0000  0.0808
10357.0000  0.0808
10369.0000  0.0808
10384.0000  0.0808
10385.0000  0.0808
10389.0000  0.0808
10389.0000  0.0809
10393.0000  0.0809
10393.0000  0.0809
10396.0000  0.0810
10405.0000  0.0810
10410.0000  0.0810
10427.0000  0.0810
10428.0000  0.0811
10437.0000  0.0811
10446.0000  0.0811
10448.0000  0.0811
10449.0000  0.0811
10449.0000  0.0812
10449.0000  0.0811
10456.0000  0.0811
10462.0000  0.0811
10469.0000  0.0811
10470.0000  0.0811
10471.0000  0.0811
10473.0000  0.0811
10482.0000  0.0811
10489.0000  0.0811
10504.0000  0.0811
10507.0000  0.0812
10520.0000  0.0812
10523.0000  0.0812
10532.0000  0.0812
10541.0000  0.0813
10544.0000  0.0813
10550.0000  0.0813
10555.0000  0.0814
10571.0000  0.0813
10574.0000  0.0813
10581.0000  0.0813
10587.0000  0.0814
10594.0000  0.0814
10605.0000  0.0814
10617.0000  0.0815
10618.0000  0.0812
10619.0000  0.0811
10622.0000  0.0812
10623.0000  0.0812
10630.0000  0.0813
10636.0000  0.0813
10658.0000  0.0814
10663.0000  0.0814
10665.0000  0.0814
10679.0000  0.0814
10685.0000  0.0814
10686.0000  0.0814
10689.0000  0.0814
10691.0000  0.0815
10693.0000  0.0815
10704.0000  0.0815
10706.0000  0.0815
10708.0000  0.0814
10709.0000  0.0815
10710.0000  0.0815
10716.0000  0.0815
10722.0000  0.0815
10723.0000  0.0815
10726.0000  0.0815
10731.0000  0.0815
10732.0000  0.0816
10734.0000  0.0816
10739.0000  0.0816
10740.0000  0.0816
10741.0000  0.0817
10743.0000  0.0817
10745.0000  0.0817
10747.0000  0.0817
10749.0000  0.0818
10758.0000  0.0818
10763.0000  0.0819
10768.0000  0.0819
10774.0000  0.0819
10784.0000  0.0819
10789.0000  0.0819
10790.0000  0.0819
10792.0000  0.0819
10793.0000  0.0820
10797.0000  0.0820
10799.0000  0.0820
10814.0000  0.0820
10814.0000  0.0820
10825.0000  0.0820
10832.0000  0.0820
10838.0000  0.0821
10839.0000  0.0821
10845.0000  0.0821
10868.0000  0.0822
10889.0000  0.0822
10898.0000  0.0822
10899.0000  0.0823
10902.0000  0.0823
10902.0000  0.0823
10908.0000  0.0824
10921.0000  0.0824
10921.0000  0.0824
10930.0000  0.0824
10934.0000  0.0824
10939.0000  0.0824
10950.0000  0.0825
10953.0000  0.0825
10969.0000  0.0825
10972.0000  0.0825
10976.0000  0.0825
10977.0000  0.0826
10979.0000  0.0826
10991.0000  0.0826
10993.0000  0.0827
11007.0000  0.0827
11010.0000  0.0827
11026.0000  0.0827
11029.0000  0.0827
11034.0000  0.0828
11054.0000  0.0828
11057.0000  0.0828
11058.0000  0.0829
11071.0000  0.0829
11073.0000  0.0829
11073.0000  0.0830
11077.0000  0.0830
11084.0000  0.0831
11094.0000  0.0830
11098.0000  0.0831
11099.0000  0.0831
11114.0000  0.0832
11116.0000  0.0832
11124.0000  0.0832
11127.0000  0.0832
11127.0000  0.0829
11140.0000  0.0829
11153.0000  0.0829
11164.0000  0.0829
11166.0000  0.0829
11168.0000  0.0829
11172.0000  0.0829
11175.0000  0.0830
11179.0000  0.0830
11183.0000  0.0830
11193.0000  0.0831
11196.0000  0.0831
11227.0000  0.0831
11234.0000  0.0831
11239.0000  0.0831
11245.0000  0.0832
11254.0000  0.0832
11257.0000  0.0832
11257.0000  0.0832
11259.0000  0.0833
11267.0000  0.0833
11270.0000  0.0833
11273.0000  0.0834
11279.0000  0.0834
11282.0000  0.0834
11284.0000  0.0834
11287.0000  0.0834
11290.0000  0.0834
11297.0000  0.0834
11301.0000  0.0834
11304.0000  0.0834
11308.0000  0.0834
11310.0000  0.0834
11313.0000  0.0834
11314.0000  0.0834
11326.0000  0.0834
11343.0000  0.0834
11345.0000  0.0834
11355.0000  0.0834
11356.0000  0.0835
11357.0000  0.0835
11367.0000  0.0835
11367.0000  0.0835
11369.0000  0.0835
11372.0000  0.0835
11375.0000  0.0835
11378.0000  0.0835
11379.0000  0.0835
11386.0000  0.0835
11387.0000  0.0835
11393.0000  0.0835
11395.0000  0.0836
11396.0000  0.0836
11409.0000  0.0837
11415.0000  0.0837
11418.0000  0.0837
11419.0000  0.0837
11433.0000  0.0837
11438.0000  0.0837
11440.0000  0.0837
11445.0000  0.0837
11447.0000  0.0837
11447.0000  0.0837
11460.0000  0.0837
11469.0000  0.0834
11469.0000  0.0834
11473.0000  0.0834
11476.0000  0.0834
11485.0000  0.0834
11488.0000  0.0834
11488.0000  0.0834
11490.0000  0.0834
11495.0000  0.0834
11497.0000  0.0834
11498.0000  0.0834
11506.0000  0.0834
11517.0000  0.0834
11517.0000  0.0834
11520.0000  0.0835
11521.0000  0.0835
11524.0000  0.0835
11525.0000  0.0835
11526.0000  0.0832
11540.0000  0.0832
11545.0000  0.0832
11550.0000  0.0832
11551.0000  0.0832
11566.0000  0.0832
11572.0000  0.0829
11576.0000  0.0829
11577.0000  0.0829
11588.0000  0.0829
11588.0000  0.0830
11592.0000  0.0830
11599.0000  0.0830
11599.0000  0.0830
11600.0000  0.0831
11606.0000  0.0831
11607.0000  0.0831
11614.0000  0.0831
11618.0000  0.0831
11623.0000  0.0831
11626.0000  0.0831
11630.0000  0.0831
11633.0000  0.0831
11634.0000  0.0831
11637.0000  0.0832
11643.0000  0.0832
11663.0000  0.0832
11663.0000  0.0832
11668.0000  0.0832
11670.0000  0.0833
11671.0000  0.0833
11674.0000  0.0833
11675.0000  0.0833
11677.0000  0.0833
11678.0000  0.0833
11683.0000  0.0833
11686.0000  0.0833
11689.0000  0.0833
11694.0000  0.0833
11706.0000  0.0833
11709.0000  0.0833
11722.0000  0.0834
11725.0000  0.0834
11732.0000  0.0834
11732.0000  0.0834
11738.0000  0.0834
11740.0000  0.0835
11741.0000  0.0835
11748.0000  0.0835
11750.0000  0.0835
11750.0000  0.0835
11758.0000  0.0835
11764.0000  0.0835
11772.0000  0.0836
11789.0000  0.0836
11799.0000  0.0836
11801.0000  0.0836
11809.0000  0.0836
11813.0000  0.0836
11817.0000  0.0836
11821.0000  0.0837
11824.0000  0.0837
11827.0000  0.0838
11832.0000  0.0838
11839.0000  0.0838
11843.0000  0.0838
11853.0000  0.0838
11863.0000  0.0838
11874.0000  0.0839
11884.0000  0.0839
11885.0000  0.0838
11899.0000  0.0838
11912.0000  0.0838
11912.0000  0.0839
11919.0000  0.0839
11928.0000  0.0839
11935.0000  0.0839
11937.0000  0.0839
11943.0000  0.0840
11944.0000  0.0840
11951.0000  0.0840
11953.0000  0.0840
11956.0000  0.0837
11957.0000  0.0837
11958.0000  0.0837
11961.0000  0.0837
11961.0000  0.0837
11974.0000  0.0838
11983.0000  0.0838
11995.0000  0.0838
11995.0000  0.0838
11998.0000  0.0838
12004.0000  0.0839
12014.0000  0.0839
12023.0000  0.0839
12033.0000  0.0838
12041.0000  0.0839
12059.0000  0.0839
12061.0000  0.0839
12077.0000  0.0839
12120.0000  0.0839
12121.0000  0.0839
12126.0000  0.0839
12134.0000  0.0840
12139.0000  0.0840
12140.0000  0.0840
12147.0000  0.0840
12147.0000  0.0841
12156.0000  0.0840
12161.0000  0.0841
12165.0000  0.0841
12171.0000  0.0841
12171.0000  0.0841
12172.0000  0.0841
12175.0000  0.0841
12175.0000  0.0841
12176.0000  0.0841
12179.0000  0.0841
12183.0000  0.0841
12186.0000  0.0841
12189.0000  0.0841
12190.0000  0.0841
12192.0000  0.0841
12192.0000  0.0841
12194.0000  0.0841
12195.0000  0.0842
12198.0000  0.0842
12198.0000  0.0842
12201.0000  0.0842
12202.0000  0.0842
12205.0000  0.0838
12207.0000  0.0838
12216.0000  0.0838
12219.0000  0.0838
12220.0000  0.0839
12224.0000  0.0840
12224.0000  0.0840
12225.0000  0.0840
12236.0000  0.0840
12237.0000  0.0840
12250.0000  0.0841
12250.0000  0.0841
12252.0000  0.0841
12253.0000  0.0841
12267.0000  0.0841
12270.0000  0.0841
12274.0000  0.0842
12279.0000  0.0842
12288.0000  0.0842
12288.0000  0.0842
12290.0000  0.0842
12292.0000  0.0842
12292.0000  0.0842
12293.0000  0.0842
12293.0000  0.0842
12298.0000  0.0842
12313.0000  0.0842
12316.0000  0.0842
12322.0000  0.0842
12334.0000  0.0843
12347.0000  0.0843
12355.0000  0.0843
12357.0000  0.0843
12377.0000  0.0843
12380.0000  0.0843
12383.0000  0.0843
12386.0000  0.0840
12387.0000  0.0841
12390.0000  0.0841
12408.0000  0.0841
12412.0000  0.0842
12441.0000  0.0842
12442.0000  0.0842
12472.0000  0.0842
12475.0000  0.0842
12482.0000  0.0842
12487.0000  0.0842
12487.0000  0.0842
12497.0000  0.0843
12503.0000  0.0842
12528.0000  0.0843
12548.0000  0.0843
12560.0000  0.0843
12562.0000  0.0843
12562.0000  0.0840
12563.0000  0.0840
12563.0000  0.0840
12575.0000  0.0840
12580.0000  0.0840
12588.0000  0.0840
12589.0000  0.0841
12594.0000  0.0841
12599.0000  0.0841
12601.0000  0.0841
12609.0000  0.0841
12609.0000  0.0841
12610.0000  0.0841
12625.0000  0.0842
12629.0000  0.0842
12631.0000  0.0842
12634.0000  0.0842
12635.0000  0.0842
12645.0000  0.0839
12654.0000  0.0839
12659.0000  0.0839
12659.0000  0.0839
12661.0000  0.0839
12665.0000  0.0840
12668.0000  0.0840
12669.0000  0.0840
12673.0000  0.0840
12677.0000  0.0840
12679.0000  0.0840
12681.0000  0.0840
12700.0000  0.0840
12703.0000  0.0841
12708.0000  0.0841
12711.0000  0.0841
12723.0000  0.0841
12724.0000  0.0841
12726.0000  0.0841
12728.0000  0.0841
12729.0000  0.0841
12732.0000  0.0841
12733.0000  0.0841
12736.0000  0.0841
12740.0000  0.0841
12741.0000  0.0841
12742.0000  0.0841
12746.0000  0.0841
12755.0000  0.0841
12759.0000  0.0842
12763.0000  0.0842
12776.0000  0.0842
12778.0000  0.0842
12779.0000  0.0842
12787.0000  0.0843
12796.0000  0.0843
12799.0000  0.0843
12800.0000  0.0843
12802.0000  0.0840
12803.0000  0.0840
12804.0000  0.0840
12804.0000  0.0841
12806.0000  0.0841
12807.0000  0.0841
12813.0000  0.0841
12816.0000  0.0842
12816.0000  0.0842
12823.0000  0.0842
12828.0000  0.0842
12834.0000  0.0842
12838.0000  0.0843
12839.0000  0.0843
12839.0000  0.0843
12839.0000  0.0844
12840.0000  0.0840
12841.0000  0.0840
12843.0000  0.0840
12851.0000  0.0840
12859.0000  0.0840
12862.0000  0.0841
12869.0000  0.0841
12881.0000  0.0841
12885.0000  0.0841
12887.0000  0.0841
12893.0000  0.0841
12894.0000  0.0841
12901.0000  0.0841
12903.0000  0.0841
12908.0000  0.0841
12913.0000  0.0841
12918.0000  0.0841
12921.0000  0.0841
12925.0000  0.0841
12925.0000  0.0841
12929.0000  0.0841
12932.0000  0.0841
12933.0000  0.0841
12936.0000  0.0841
12950.0000  0.0841
12953.0000  0.0842
12956.0000  0.0842
12960.0000  0.0842
12966.0000  0.0843
12970.0000  0.0843
12972.0000  0.0843
12982.0000  0.0843
12989.0000  0.0844
12993.0000  0.0844
12993.0000  0.0844
13005.0000  0.0845
13010.0000  0.0845
13011.0000  0.0845
13017.0000  0.0846
13023.0000  0.0846
13035.0000  0.0846
13040.0000  0.0847
13043.0000  0.0847
13047.0000  0.0847
13048.0000  0.0847
13056.0000  0.0847
13057.0000  0.0847
13069.0000  0.0847
13074.0000  0.0848
13077.0000  0.0848
13083.0000  0.0848
13085.0000  0.0848
13088.0000  0.0848
13088.0000  0.0848
13090.0000  0.0849
13091.0000  0.0849
13091.0000  0.0849
13091.0000  0.0849
13100.0000  0.0849
13103.0000  0.0849
13118.0000  0.0849
13126.0000  0.0850
13139.0000  0.0850
13140.0000  0.0850
13140.0000  0.0850
13143.0000  0.0850
13144.0000  0.0850
13145.0000  0.0850
13146.0000  0.0851
13152.0000  0.0851
13179.0000  0.0851
13184.0000  0.0852
13186.0000  0.0852
13191.0000  0.0852
13191.0000  0.0852
13191.0000  0.0853
13197.0000  0.0853
13198.0000  0.0853
13203.0000  0.0853
13220.0000  0.0854
13234.0000  0.0854
13237.0000  0.0854
13241.0000  0.0854
13244.0000  0.0854
13244.0000  0.0854
13248.0000  0.0855
13252.0000  0.0855
13252.0000  0.0855
13263.0000  0.0855
13272.0000  0.0855
13273.0000  0.0855
13274.0000  0.0855
13288.0000  0.0855
13294.0000  0.0855
13294.0000  0.0855
13298.0000  0.0856
13298.0000  0.0856
13300.0000  0.0856
13304.0000  0.0856
13312.0000  0.0856
13315.0000  0.0856
13327.0000  0.0856
13334.0000  0.0857
13347.0000  0.0857
13360.0000  0.0856
13362.0000  0.0856
13363.0000  0.0856
13376.0000  0.0856
13377.0000  0.0856
13381.0000  0.0856
13381.0000  0.0856
13383.0000  0.0856
13399.0000  0.0856
13400.0000  0.0856
13404.0000  0.0856
13414.0000  0.0856
13417.0000  0.0857
13424.0000  0.0857
13428.0000  0.0857
13442.0000  0.0858
13449.0000  0.0858
13455.0000  0.0859
13469.0000  0.0859
13474.0000  0.0859
13479.0000  0.0859
13484.0000  0.0859
13490.0000  0.0859
13492.0000  0.0859
13494.0000  0.0859
13495.0000  0.0859
13499.0000  0.0859
13502.0000  0.0859
13507.0000  0.0859
13507.0000  0.0859
13509.0000  0.0859
13514.0000  0.0860
13516.0000  0.0859
13522.0000  0.0860
13525.0000  0.0860
13530.0000  0.0859
13531.0000  0.0860
13532.0000  0.0860
13534.0000  0.0860
13537.0000  0.0860
13544.0000  0.0860
13555.0000  0.0861
13555.0000  0.0861
13555.0000  0.0861
13562.0000  0.0861
13564.0000  0.0861
13570.0000  0.0861
13577.0000  0.0861
13583.0000  0.0861
13584.0000  0.0862
13585.0000  0.0862
13606.0000  0.0862
13613.0000  0.0862
13624.0000  0.0862
13628.0000  0.0863
13635.0000  0.0863
13638.0000  0.0863
13643.0000  0.0863
13650.0000  0.0863
13651.0000  0.0863
13670.0000  0.0863
13675.0000  0.0863
13677.0000  0.0862
13677.0000  0.0862
13681.0000  0.0863
13687.0000  0.0863
13690.0000  0.0863
13696.0000  0.0863
13707.0000  0.0863
13722.0000  0.0863
13725.0000  0.0864
13740.0000  0.0864
13740.0000  0.0864
13743.0000  0.0864
13749.0000  0.0864
13758.0000  0.0864
13774.0000  0.0865
13798.0000  0.0865
13798.0000  0.0865
13802.0000  0.0865
13810.0000  0.0866
13813.0000  0.0866
13820.0000  0.0866
13831.0000  0.0866
13838.0000  0.0866
13840.0000  0.0866
13843.0000  0.0867
13845.0000  0.0866
13860.0000  0.0867
13864.0000  0.0867
13870.0000  0.0868
13873.0000  0.0868
13874.0000  0.0864
13878.0000  0.0864
13915.0000  0.0864
13917.0000  0.0865
13926.0000  0.0865
13930.0000  0.0865
13937.0000  0.0866
13949.0000  0.0866
13950.0000  0.0866
13952.0000  0.0866
13952.0000  0.0866
13958.0000  0.0866
13959.0000  0.0867
13962.0000  0.0867
13962.0000  0.0867
13972.0000  0.0867
13978.0000  0.0868
13989.0000  0.0869
13989.0000  0.0869
13993.0000  0.0869
14001.0000  0.0869
14004.0000  0.0869
14005.0000  0.0869
14010.0000  0.0870
14014.0000  0.0870
14014.0000  0.0870
14023.0000  0.0870
14024.0000  0.0870
14027.0000  0.0870
14030.0000  0.0870
14035.0000  0.0871
14036.0000  0.0871
14042.0000  0.0871
14051.0000  0.0871
14052.0000  0.0871
14061.0000  0.0871
14066.0000  0.0871
14070.0000  0.0871
14075.0000  0.0871
14080.0000  0.0871
14085.0000  0.0871
14088.0000  0.0871
14093.0000  0.0871
14097.0000  0.0871
14103.0000  0.0871
14107.0000  0.0871
14110.0000  0.0871
14118.0000  0.0871
14120.0000  0.0871
14132.0000  0.0871
14141.0000  0.0871
14146.0000  0.0871
14148.0000  0.0871
14156.0000  0.0872
14156.0000  0.0872
14159.0000  0.0872
14162.0000  0.0872
14165.0000  0.0872
14170.0000  0.0872
14172.0000  0.0872
14174.0000  0.0873
14183.0000  0.0873
14190.0000  0.0873
14199.0000  0.0873
14201.0000  0.0873
14206.0000  0.0873
14214.0000  0.0873
14218.0000  0.0873
14221.0000  0.0873
14222.0000  0.0873
14223.0000  0.0874
14224.0000  0.0874
14231.0000  0.0874
14234.0000  0.0874
14239.0000  0.0874
14246.0000  0.0874
14284.0000  0.0874
14287.0000  0.0874
14294.0000  0.0875
14295.0000  0.0875
14297.0000  0.0875
14306.0000  0.0875
14313.0000  0.0875
14324.0000  0.0875
14326.0000  0.0875
14328.0000  0.0876
14330.0000  0.0876
14334.0000  0.0876
14336.0000  0.0876
14340.0000  0.0876
14349.0000  0.0877
14349.0000  0.0877
14352.0000  0.0877
14357.0000  0.0877
14364.0000  0.0877
14370.0000  0.0877
14373.0000  0.0877
14377.0000  0.0877
14382.0000  0.0877
14386.0000  0.0877
14399.0000  0.0877
14404.0000  0.0877
14411.0000  0.0877
14416.0000  0.0877
14425.0000  0.0877
14427.0000  0.0874
14432.0000  0.0874
14435.0000  0.0874
14448.0000  0.0874
14453.0000  0.0874
14460.0000  0.0874
14463.0000  0.0874
14469.0000  0.0874
14470.0000  0.0875
14471.0000  0.0875
14476.0000  0.0875
14487.0000  0.0875
14494.0000  0.0875
14496.0000  0.0876
14506.0000  0.0876
14508.0000  0.0876
14511.0000  0.0876
14512.0000  0.0876
14517.0000  0.0876
14522.0000  0.0876
14526.0000  0.0876
14526.0000  0.0876
14531.0000  0.0876
14533.0000  0.0876
14536.0000  0.0876
14540.0000  0.0876
14551.0000  0.0877
14561.0000  0.0876
14563.0000  0.0877
14564.0000  0.0877
14567.0000  0.0877
14587.0000  0.0877
14588.0000  0.0877
14592.0000  0.0877
14597.0000  0.0877
14599.0000  0.0877
14603.0000  0.0878
14608.0000  0.0879
14620.0000  0.0879
14622.0000  0.0879
14623.0000  0.0879
14623.0000  0.0880
14624.0000  0.0880
14633.0000  0.0880
14633.0000  0.0880
14635.0000  0.0880
14637.0000  0.0880
14638.0000  0.0880
14639.0000  0.0880
14639.0000  0.0880
14642.0000  0.0880
14647.0000  0.0880
14647.0000  0.0880
14655.0000  0.0880
14655.0000  0.0881
14658.0000  0.0881
14665.0000  0.0881
14675.0000  0.0881
14678.0000  0.0881
14689.0000  0.0881
14712.0000  0.0881
14720.0000  0.0882
14723.0000  0.0882
14723.0000  0.0882
14735.0000  0.0882
14736.0000  0.0882
14739.0000  0.0882
14740.0000  0.0882
14744.0000  0.0882
14746.0000  0.0882
14749.0000  0.0882
14753.0000  0.0882
14762.0000  0.0882
14763.0000  0.0882
14772.0000  0.0882
14775.0000  0.0882
14787.0000  0.0882
14796.0000  0.0882
14803.0000  0.0882
14806.0000  0.0882
14809.0000  0.0882
14823.0000  0.0882
14825.0000  0.0882
14826.0000  0.0882
14828.0000  0.0882
14854.0000  0.0882
14870.0000  0.0882
14878.0000  0.0883
14884.0000  0.0883
14885.0000  0.0883
14890.0000  0.0883
14892.0000  0.0883
14914.0000  0.0883
14918.0000  0.0883
14922.0000  0.0883
14935.0000  0.0883
14936.0000  0.0883
14941.0000  0.0883
14947.0000  0.0883
14952.0000  0.0883
14953.0000  0.0884
14955.0000  0.0884
14961.0000  0.0884
14964.0000  0.0884
14964.0000  0.0884
14965.0000  0.0884
14971.0000  0.0884
14977.0000  0.0884
14977.0000  0.0885
14980.0000  0.0885
14982.0000  0.0885
14984.0000  0.0885
14987.0000  0.0885
14991.0000  0.0885
14994.0000  0.0886
14995.0000  0.0886
15010.0000  0.0886
15013.0000  0.0886
15024.0000  0.0886
15032.0000  0.0886
15049.0000  0.0886
15058.0000  0.0886
15071.0000  0.0886
15075.0000  0.0885
15077.0000  0.0885
15079.0000  0.0886
15081.0000  0.0885
15084.0000  0.0886
15085.0000  0.0885
15087.0000  0.0885
15088.0000  0.0886
15091.0000  0.0886
15091.0000  0.0882
15095.0000  0.0882
15101.0000  0.0883
15103.0000  0.0883
15104.0000  0.0883
15106.0000  0.0883
15113.0000  0.0883
15113.0000  0.0883
15120.0000  0.0883
15121.0000  0.0883
15122.0000  0.0883
15126.0000  0.0883
15128.0000  0.0883
15129.0000  0.0883
15131.0000  0.0883
15144.0000  0.0883
15146.0000  0.0883
15150.0000  0.0883
15152.0000  0.0883
15157.0000  0.0884
15160.0000  0.0880
15163.0000  0.0881
15166.0000  0.0881
15167.0000  0.0882
15169.0000  0.0882
15178.0000  0.0883
15182.0000  0.0883
15189.0000  0.0883
15193.0000  0.0883
15200.0000  0.0883
15201.0000  0.0883
15214.0000  0.0884
15216.0000  0.0884
15221.0000  0.0884
15228.0000  0.0884
15232.0000  0.0884
15243.0000  0.0884
15251.0000  0.0884
15260.0000  0.0884
15260.0000  0.0884
15260.0000  0.0885
15261.0000  0.0885
15262.0000  0.0886
15263.0000  0.0886
15267.0000  0.0886
15272.0000  0.0887
15273.0000  0.0887
15275.0000  0.0887
15286.0000  0.0887
15288.0000  0.0888
15289.0000  0.0888
15295.0000  0.0887
15302.0000  0.0887
15309.0000  0.0888
15310.0000  0.0888
15311.0000  0.0888
15322.0000  0.0888
15323.0000  0.0888
15333.0000  0.0888
15333.0000  0.0888
15351.0000  0.0888
15355.0000  0.0889
15358.0000  0.0889
15358.0000  0.0889
15359.0000  0.0889
15361.0000  0.0890
15362.0000  0.0890
15365.0000  0.0890
15365.0000  0.0891
15371.0000  0.0887
15382.0000  0.0887
15382.0000  0.0888
15387.0000  0.0888
15389.0000  0.0888
15393.0000  0.0889
15396.0000  0.0889
15403.0000  0.0885
15403.0000  0.0885
15404.0000  0.0885
15408.0000  0.0885
15410.0000  0.0885
15411.0000  0.0885
15413.0000  0.0885
15413.0000  0.0886
15421.0000  0.0885
15426.0000  0.0885
15426.0000  0.0885
15430.0000  0.0885
15431.0000  0.0886
15433.0000  0.0886
15433.0000  0.0886
15439.0000  0.0886
15446.0000  0.0886
15455.0000  0.0887
15460.0000  0.0887
15461.0000  0.0887
15462.0000  0.0887
15483.0000  0.0888
15490.0000  0.0888
15493.0000  0.0884
15500.0000  0.0884
15502.0000  0.0884
15504.0000  0.0884
15505.0000  0.0884
15508.0000  0.0884
15509.0000  0.0884
15514.0000  0.0885
15514.0000  0.0885
15518.0000  0.0885
15534.0000  0.0885
15537.0000  0.0885
15540.0000  0.0885
15544.0000  0.0885
15546.0000  0.0885
15552.0000  0.0885
15559.0000  0.0886
15561.0000  0.0886
15563.0000  0.0886
15564.0000  0.0886
15569.0000  0.0886
15570.0000  0.0886
15576.0000  0.0886
15580.0000  0.0886
15583.0000  0.0886
15586.0000  0.0886
15590.0000  0.0886
15598.0000  0.0886
15602.0000  0.0886
15609.0000  0.0887
15612.0000  0.0887
15617.0000  0.0887
15619.0000  0.0887
15620.0000  0.0888
15624.0000  0.0888
15630.0000  0.0888
15632.0000  0.0888
15638.0000  0.0889
15642.0000  0.0889
15644.0000  0.0889
15646.0000  0.0889
15646.0000  0.0889
15649.0000  0.0889
15652.0000  0.0889
15652.0000  0.0890
15654.0000  0.0890
15657.0000  0.0890
15665.0000  0.0890
15666.0000  0.0890
15668.0000  0.0890
15668.0000  0.0891
15669.0000  0.0891
15681.0000  0.0891
15681.0000  0.0891
15681.0000  0.0891
15685.0000  0.0891
15685.0000  0.0891
15692.0000  0.0891
15693.0000  0.0892
15705.0000  0.0892
15716.0000  0.0893
15719.0000  0.0893
15725.0000  0.0893
15725.0000  0.0893
15728.0000  0.0893
15731.0000  0.0893
15736.0000  0.0893
15736.0000  0.0889
15738.0000  0.0889
15756.0000  0.0889
15761.0000  0.0889
15764.0000  0.0889
15769.0000  0.0889
15771.0000  0.0889
15774.0000  0.0890
15807.0000  0.0890
15812.0000  0.0890
15812.0000  0.0890
15816.0000  0.0891
15820.0000  0.0887
15823.0000  0.0887
15834.0000  0.0887
15842.0000  0.0888
15865.0000  0.0888
15867.0000  0.0888
15870.0000  0.0888
15870.0000  0.0887
15873.0000  0.0887
15877.0000  0.0887
15885.0000  0.0888
15890.0000  0.0888
15892.0000  0.0888
15898.0000  0.0888
15905.0000  0.0888
15914.0000  0.0888
15915.0000  0.0889
15915.0000  0.0889
15924.0000  0.0889
15946.0000  0.0889
15949.0000  0.0889
15949.0000  0.0889
15957.0000  0.0890
15970.0000  0.0890
15979.0000  0.0890
15985.0000  0.0891
15988.0000  0.0891
15991.0000  0.0891
16000.0000  0.0891
16003.0000  0.0891
16006.0000  0.0892
16006.0000  0.0892
16009.0000  0.0892
16012.0000  0.0893
16016.0000  0.0893
16018.0000  0.0893
16021.0000  0.0893
16030.0000  0.0893
16033.0000  0.0894
16035.0000  0.0894
16051.0000  0.0894
16054.0000  0.0894
16057.0000  0.0895
16057.0000  0.0895
16062.0000  0.0896
16065.0000  0.0896
16070.0000  0.0897
16071.0000  0.0897
16073.0000  0.0897
16075.0000  0.0897
16084.0000  0.0897
16084.0000  0.0897
16084.0000  0.0897
16086.0000  0.0897
16086.0000  0.0897
16087.0000  0.0897
16087.0000  0.0897
16090.0000  0.0897
16094.0000  0.0897
16104.0000  0.0898
16104.0000  0.0898
16109.0000  0.0898
16113.0000  0.0898
16115.0000  0.0898
16131.0000  0.0898
16136.0000  0.0898
16138.0000  0.0898
16147.0000  0.0898
16152.0000  0.0898
16153.0000  0.0898
16165.0000  0.0898
16177.0000  0.0898
16179.0000  0.0898
16182.0000  0.0898
16182.0000  0.0898
16193.0000  0.0898
16193.0000  0.0898
16211.0000  0.0898
16212.0000  0.0899
16233.0000  0.0899
16235.0000  0.0899
16244.0000  0.0899
16247.0000  0.0900
16253.0000  0.0900
16256.0000  0.0900
16262.0000  0.0900
16262.0000  0.0901
16270.0000  0.0902
16271.0000  0.0902
16278.0000  0.0902
16282.0000  0.0902
16286.0000  0.0902
16288.0000  0.0902
16291.0000  0.0902
16292.0000  0.0902
16298.0000  0.0902
16307.0000  0.0902
16308.0000  0.0902
16320.0000  0.0902
16330.0000  0.0902
16331.0000  0.0903
16331.0000  0.0903
16333.0000  0.0903
16346.0000  0.0903
16349.0000  0.0903
16349.0000  0.0903
16351.0000  0.0904
16353.0000  0.0904
16355.0000  0.0904
16362.0000  0.0904
16374.0000  0.0905
16374.0000  0.0905
16380.0000  0.0905
16380.0000  0.0905
16387.0000  0.0905
16389.0000  0.0905
16393.0000  0.0906
16395.0000  0.0906
16396.0000  0.0906
16401.0000  0.0906
16404.0000  0.0906
16411.0000  0.0906
16413.0000  0.0906
16416.0000  0.0906
16419.0000  0.0906
16420.0000  0.0906
16426.0000  0.0907
16431.0000  0.0907
16436.0000  0.0903
16436.0000  0.0903
16440.0000  0.0903
16447.0000  0.0903
16451.0000  0.0904
16454.0000  0.0904
16456.0000  0.0904
16463.0000  0.0904
16473.0000  0.0905
16477.0000  0.0905
16477.0000  0.0905
16480.0000  0.0906
16483.0000  0.0906
16485.0000  0.0906
16497.0000  0.0906
16516.0000  0.0906
16536.0000  0.0906
16540.0000  0.0906
16548.0000  0.0906
16551.0000  0.0906
16555.0000  0.0906
16568.0000  0.0906
16583.0000  0.0906
16583.0000  0.0906
16585.0000  0.0906
16588.0000  0.0907
16589.0000  0.0906
16589.0000  0.0906
16589.0000  0.0906
16591.0000  0.0907
16592.0000  0.0907
16596.0000  0.0907
16609.0000  0.0904
16611.0000  0.0904
16616.0000  0.0904
16621.0000  0.0904
16631.0000  0.0904
16639.0000  0.0904
16660.0000  0.0904
16664.0000  0.0904
16664.0000  0.0901
16666.0000  0.0901
16672.0000  0.0901
16677.0000  0.0902
16680.0000  0.0902
16695.0000  0.0902
16708.0000  0.0902
16721.0000  0.0902
16728.0000  0.0902
16731.0000  0.0902
16748.0000  0.0902
16752.0000  0.0902
16756.0000  0.0902
16762.0000  0.0902
16765.0000  0.0902
16777.0000  0.0902
16783.0000  0.0902
16783.0000  0.0902
16787.0000  0.0902
16787.0000  0.0902
16793.0000  0.0902
16803.0000  0.0902
16808.0000  0.0902
16814.0000  0.0902
16818.0000  0.0903
16820.0000  0.0903
16831.0000  0.0903
16842.0000  0.0903
16843.0000  0.0903
16865.0000  0.0903
16901.0000  0.0903
16902.0000  0.0903
16919.0000  0.0903
16928.0000  0.0903
16934.0000  0.0903
16939.0000  0.0903
16944.0000  0.0903
16946.0000  0.0903
16946.0000  0.0903
16950.0000  0.0903
16955.0000  0.0903
16959.0000  0.0903
16960.0000  0.0903
16961.0000  0.0903
16968.0000  0.0903
16969.0000  0.0903
16978.0000  0.0903
16981.0000  0.0903
16985.0000  0.0903
16992.0000  0.0903
16993.0000  0.0903
16997.0000  0.0903
17001.0000  0.0903
17006.0000  0.0903
17006.0000  0.0903
17006.0000  0.0904
17007.0000  0.0904
17013.0000  0.0904
17020.0000  0.0904
17027.0000  0.0904
17029.0000  0.0904
17040.0000  0.0904
17043.0000  0.0904
17049.0000  0.0904
17069.0000  0.0905
17080.0000  0.0905
17084.0000  0.0905
17090.0000  0.0905
17094.0000  0.0905
17098.0000  0.0905
17105.0000  0.0905
17107.0000  0.0905
17118.0000  0.0905
17125.0000  0.0906
17126.0000  0.0906
17126.0000  0.0906
17128.0000  0.0906
17134.0000  0.0906
17161.0000  0.0906
17168.0000  0.0906
17171.0000  0.0906
17184.0000  0.0906
17191.0000  0.0906
17206.0000  0.0906
17213.0000  0.0903
17221.0000  0.0903
17225.0000  0.0904
17231.0000  0.0904
17231.0000  0.0904
17232.0000  0.0904
17233.0000  0.0904
17237.0000  0.0904
17237.0000  0.0904
17241.0000  0.0904
17242.0000  0.0904
17244.0000  0.0904
17247.0000  0.0904
17249.0000  0.0905
17252.0000  0.0905
17253.0000  0.0905
17261.0000  0.0905
17268.0000  0.0905
17269.0000  0.0904
17270.0000  0.0904
17270.0000  0.0905
17279.0000  0.0905
17282.0000  0.0905
17305.0000  0.0905
17312.0000  0.0905
17318.0000  0.0906
17339.0000  0.0906
17341.0000  0.0905
17341.0000  0.0906
17343.0000  0.0906
17343.0000  0.0906
17356.0000  0.0906
17359.0000  0.0906
17365.0000  0.0906
17368.0000  0.0907
17380.0000  0.0907
17400.0000  0.0906
17403.0000  0.0906
17413.0000  0.0907
17430.0000  0.0903
17435.0000  0.0904
17442.0000  0.0904
17442.0000  0.0904
17445.0000  0.0905
17448.0000  0.0905
17449.0000  0.0905
17451.0000  0.0905
17458.0000  0.0905
17463.0000  0.0905
17468.0000  0.0905
17483.0000  0.0905
17484.0000  0.0905
17486.0000  0.0905
17508.0000  0.0906
17509.0000  0.0905
17519.0000  0.0905
17520.0000  0.0906
17523.0000  0.0906
17528.0000  0.0905
17533.0000  0.0905
17535.0000  0.0905
17536.0000  0.0905
17539.0000  0.0902
17544.0000  0.0902
17551.0000  0.0902
17554.0000  0.0902
17557.0000  0.0902
17559.0000  0.0902
17563.0000  0.0902
17569.0000  0.0902
17572.0000  0.0903
17573.0000  0.0903
17575.0000  0.0903
17576.0000  0.0903
17588.0000  0.0903
17590.0000  0.0903
17592.0000  0.0903
17598.0000  0.0903
17600.0000  0.0902
17602.0000  0.0903
17606.0000  0.0903
17611.0000  0.0903
17624.0000  0.0903
17628.0000  0.0903
17631.0000  0.0903
17638.0000  0.0903
17647.0000  0.0903
17647.0000  0.0903
17660.0000  0.0903
17663.0000  0.0903
17689.0000  0.0904
17691.0000  0.0903
17701.0000  0.0904
17704.0000  0.0904
17725.0000  0.0905
17729.0000  0.0905
17731.0000  0.0905
17739.0000  0.0905
17740.0000  0.0905
17742.0000  0.0905
17743.0000  0.0905
17748.0000  0.0905
17755.0000  0.0906
17757.0000  0.0906
17758.0000  0.0906
17761.0000  0.0906
17786.0000  0.0906
17793.0000  0.0906
17796.0000  0.0906
17807.0000  0.0907
17817.0000  0.0907
17821.0000  0.0907
17828.0000  0.0908
17839.0000  0.0908
17841.0000  0.0904
17846.0000  0.0904
17852.0000  0.0904
17856.0000  0.0905
17858.0000  0.0905
17870.0000  0.0905
17872.0000  0.0905
17873.0000  0.0905
17876.0000  0.0905
17876.0000  0.0905
17878.0000  0.0902
17889.0000  0.0902
17896.0000  0.0902
17898.0000  0.0902
17899.0000  0.0902
17905.0000  0.0903
17918.0000  0.0903
17919.0000  0.0903
17921.0000  0.0904
17928.0000  0.0904
17928.0000  0.0904
17930.0000  0.0904
17933.0000  0.0904
17938.0000  0.0904
17941.0000  0.0904
17951.0000  0.0905
17954.0000  0.0905
17955.0000  0.0905
17964.0000  0.0905
17978.0000  0.0905
17989.0000  0.0905
17989.0000  0.0905
17995.0000  0.0905
17996.0000  0.0906
done----------------------
18000.0000  0.0906
