# deliveryTime  hopCount
42.0000 3
36.0000 8
58.0000 11
53.0000 7
40.0000 6
57.0000 7
70.0000 4
41.0000 4
95.0000 7
57.0000 6
66.0000 9
87.0000 6
75.0000 8
122.0000 6
110.0000 13
127.0000 4
116.0000 7
187.0000 10
161.0000 7
147.0000 7
159.0000 4
136.0000 4
218.0000 10
162.0000 7
139.0000 5
43.0000 4
170.0000 5
147.0000 4
178.0000 4
72.0000 5
209.0000 4
192.0000 4
189.0000 6
209.0000 6
161.0000 3
108.0000 3
230.0000 5
88.0000 3
264.0000 8
197.0000 7
308.0000 8
291.0000 4
308.0000 6
202.0000 4
285.0000 6
261.0000 7
300.0000 6
72.0000 2
155.0000 3
307.0000 8
246.0000 4
146.0000 4
285.0000 4
4.0000 2
239.0000 7
378.0000 6
338.0000 6
208.0000 3
348.0000 7
321.0000 5
344.0000 7
267.0000 4
350.0000 7
363.0000 9
244.0000 6
381.0000 6
391.0000 7
109.0000 4
356.0000 4
360.0000 7
276.0000 7
403.0000 7
401.0000 9
338.0000 5
402.0000 5
267.0000 4
337.0000 5
376.0000 6
426.0000 5
420.0000 6
404.0000 8
355.0000 5
397.0000 6
279.0000 6
350.0000 4
432.0000 8
401.0000 7
398.0000 7
390.0000 6
376.0000 6
308.0000 6
375.0000 7
310.0000 4
372.0000 5
335.0000 6
343.0000 6
414.0000 7
385.0000 5
421.0000 9
418.0000 6
399.0000 8
248.0000 3
419.0000 6
493.0000 6
371.0000 4
332.0000 5
426.0000 5
594.0000 7
468.0000 8
320.0000 8
389.0000 3
317.0000 3
340.0000 2
387.0000 5
135.0000 2
536.0000 5
506.0000 7
208.0000 4
459.0000 9
468.0000 5
394.0000 4
421.0000 6
575.0000 5
405.0000 4
511.0000 3
448.0000 7
329.0000 3
439.0000 4
484.0000 6
474.0000 6
173.0000 2
681.0000 4
478.0000 6
708.0000 5
319.0000 3
566.0000 4
489.0000 5
642.0000 5
495.0000 8
723.0000 10
639.0000 11
585.0000 6
706.0000 6
400.0000 4
141.0000 2
523.0000 5
665.0000 7
511.0000 4
553.0000 6
339.0000 4
534.0000 6
514.0000 4
608.0000 9
532.0000 6
493.0000 4
611.0000 6
490.0000 6
543.0000 7
571.0000 7
501.0000 4
459.0000 5
558.0000 7
440.0000 4
680.0000 7
691.0000 10
684.0000 5
661.0000 5
517.0000 4
572.0000 6
485.0000 6
739.0000 5
671.0000 8
576.0000 8
530.0000 5
571.0000 7
733.0000 7
597.0000 5
616.0000 6
547.0000 4
634.0000 7
640.0000 4
580.0000 8
715.0000 6
602.0000 5
701.0000 10
776.0000 7
663.0000 7
456.0000 4
649.0000 4
626.0000 7
638.0000 4
654.0000 7
682.0000 7
593.0000 6
676.0000 4
669.0000 6
693.0000 8
528.0000 5
653.0000 7
421.0000 3
570.0000 6
732.0000 5
892.0000 10
558.0000 5
761.0000 4
838.0000 6
638.0000 5
660.0000 5
669.0000 7
639.0000 5
669.0000 8
793.0000 6
648.0000 6
487.0000 4
799.0000 7
909.0000 9
775.0000 3
755.0000 5
760.0000 9
742.0000 7
714.0000 6
790.0000 4
931.0000 9
727.0000 4
743.0000 6
571.0000 5
726.0000 5
791.0000 5
607.0000 5
875.0000 10
929.0000 5
744.0000 5
816.0000 7
843.0000 8
692.0000 7
744.0000 6
1082.0000 9
834.0000 6
783.0000 7
898.0000 4
690.0000 7
816.0000 6
833.0000 6
828.0000 5
844.0000 5
956.0000 6
1047.0000 8
761.0000 10
788.0000 6
876.0000 9
826.0000 6
1005.0000 9
943.0000 7
922.0000 5
853.0000 5
883.0000 6
855.0000 8
807.0000 7
1021.0000 8
1028.0000 7
1031.0000 10
595.0000 5
899.0000 9
538.0000 3
1033.0000 7
991.0000 10
1002.0000 6
963.0000 7
926.0000 6
915.0000 8
1106.0000 9
849.0000 7
812.0000 4
900.0000 9
1062.0000 7
994.0000 5
781.0000 6
888.0000 10
960.0000 5
956.0000 9
1074.0000 12
923.0000 6
972.0000 4
767.0000 6
956.0000 7
1139.0000 7
687.0000 4
757.0000 3
682.0000 6
1198.0000 10
1201.0000 11
1108.0000 10
1080.0000 9
19.0000 2
1229.0000 14
921.0000 4
833.0000 6
944.0000 10
1182.0000 8
997.0000 7
981.0000 4
1129.0000 8
863.0000 5
1258.0000 13
1081.0000 10
747.0000 2
878.0000 7
969.0000 8
1156.0000 7
1251.0000 12
1027.0000 5
847.0000 6
1044.0000 9
1116.0000 8
1040.0000 4
1056.0000 10
1175.0000 7
998.0000 5
1022.0000 8
1040.0000 5
1186.0000 10
537.0000 4
1024.0000 7
440.0000 3
781.0000 4
1035.0000 7
1093.0000 5
1027.0000 11
1204.0000 5
756.0000 4
413.0000 2
631.0000 3
1087.0000 9
997.0000 6
534.0000 2
1155.0000 6
1011.0000 8
1016.0000 4
806.0000 4
883.0000 5
1242.0000 9
1067.0000 10
905.0000 8
962.0000 5
957.0000 6
831.0000 6
993.0000 6
1042.0000 6
839.0000 4
1203.0000 7
1244.0000 8
1099.0000 6
866.0000 8
1101.0000 8
1186.0000 7
1218.0000 6
1113.0000 6
1075.0000 5
1240.0000 5
1167.0000 7
1127.0000 4
1180.0000 11
172.0000 2
1171.0000 8
867.0000 6
1178.0000 6
895.0000 6
1183.0000 6
1315.0000 8
1209.0000 9
1296.0000 8
1319.0000 10
1215.0000 11
1184.0000 10
947.0000 3
1456.0000 6
1230.0000 5
1232.0000 6
1214.0000 9
1174.0000 6
1240.0000 6
392.0000 2
1251.0000 6
1234.0000 6
1254.0000 5
978.0000 6
1244.0000 9
1259.0000 7
1069.0000 5
1241.0000 8
1268.0000 9
682.0000 4
1401.0000 7
1108.0000 6
1405.0000 10
1012.0000 5
1339.0000 8
999.0000 5
1414.0000 14
1414.0000 8
1420.0000 8
927.0000 8
553.0000 3
1425.0000 8
1431.0000 9
1422.0000 7
1036.0000 5
1102.0000 8
1344.0000 6
218.0000 2
1245.0000 7
1450.0000 12
1467.0000 6
1256.0000 6
188.0000 2
1315.0000 6
866.0000 4
1335.0000 9
1075.0000 5
1220.0000 8
1307.0000 6
1457.0000 11
1389.0000 9
1451.0000 10
1388.0000 8
1208.0000 7
1206.0000 7
1470.0000 8
1370.0000 9
1410.0000 7
1359.0000 6
1608.0000 13
1330.0000 8
1387.0000 8
969.0000 3
539.0000 3
1566.0000 4
1441.0000 9
1467.0000 9
1452.0000 6
1293.0000 7
1501.0000 6
1216.0000 7
1342.0000 8
1462.0000 9
1712.0000 11
1628.0000 10
1495.0000 9
1338.0000 12
1447.0000 9
1603.0000 6
1446.0000 7
1423.0000 13
1502.0000 9
1613.0000 11
1222.0000 10
1375.0000 8
1503.0000 8
809.0000 4
1508.0000 13
1639.0000 8
1515.0000 6
623.0000 3
905.0000 5
1539.0000 6
1648.0000 8
1660.0000 10
1656.0000 9
1504.0000 8
1662.0000 7
202.0000 2
1730.0000 12
1152.0000 5
1694.0000 11
1000.0000 5
198.0000 2
1482.0000 12
1317.0000 7
1725.0000 8
1463.0000 10
1510.0000 4
1729.0000 14
1559.0000 8
1505.0000 6
1195.0000 7
1559.0000 12
1521.0000 6
1464.0000 8
1586.0000 13
366.0000 2
996.0000 7
1513.0000 8
569.0000 4
316.0000 2
874.0000 3
1596.0000 12
1337.0000 5
1342.0000 9
1486.0000 8
1828.0000 16
1692.0000 9
1593.0000 7
1451.0000 9
1277.0000 5
1670.0000 9
1173.0000 5
1543.0000 9
462.0000 2
1288.0000 7
463.0000 5
1691.0000 8
1423.0000 6
1603.0000 6
1846.0000 9
1476.0000 7
1150.0000 8
1319.0000 10
1392.0000 6
992.0000 4
1462.0000 8
1599.0000 9
1228.0000 5
1151.0000 7
1599.0000 4
1506.0000 6
883.0000 3
1726.0000 10
1767.0000 11
1807.0000 10
1450.0000 6
1920.0000 7
1812.0000 7
1669.0000 9
1740.0000 7
1529.0000 10
1545.0000 6
1823.0000 10
1815.0000 9
1829.0000 8
1220.0000 8
695.0000 5
1796.0000 10
1863.0000 7
1873.0000 7
1335.0000 7
1720.0000 7
2050.0000 11
1749.0000 9
1540.0000 6
1499.0000 8
1714.0000 6
1784.0000 11
799.0000 4
1019.0000 6
136.0000 3
1189.0000 6
1630.0000 7
364.0000 2
1735.0000 8
1905.0000 7
1889.0000 8
1641.0000 10
1906.0000 11
1909.0000 8
2019.0000 9
1884.0000 6
1603.0000 8
1621.0000 7
1099.0000 5
2048.0000 10
1591.0000 6
122.0000 3
1881.0000 8
1957.0000 12
1723.0000 9
1669.0000 11
2130.0000 12
2083.0000 8
1868.0000 8
1977.0000 13
2103.0000 12
1978.0000 9
1985.0000 7
2005.0000 11
557.0000 3
1900.0000 9
1780.0000 9
1943.0000 11
2019.0000 14
1888.0000 7
1447.0000 7
2033.0000 10
916.0000 5
1582.0000 6
2196.0000 12
355.0000 2
1790.0000 9
2098.0000 8
1989.0000 11
349.0000 3
2037.0000 10
1511.0000 9
2221.0000 9
1542.0000 8
1874.0000 11
2064.0000 9
2085.0000 9
1683.0000 7
1410.0000 8
1919.0000 10
2137.0000 8
2095.0000 10
1804.0000 8
1384.0000 5
2282.0000 6
1946.0000 9
1879.0000 10
2074.0000 14
2201.0000 11
832.0000 5
1844.0000 8
2206.0000 14
2125.0000 8
2062.0000 10
2046.0000 11
2145.0000 14
2225.0000 8
2341.0000 15
1829.0000 6
2217.0000 10
1936.0000 9
2026.0000 11
1611.0000 7
2243.0000 9
2050.0000 6
1486.0000 6
1780.0000 8
2026.0000 9
1958.0000 7
2239.0000 7
2046.0000 13
952.0000 4
2159.0000 11
2252.0000 9
2257.0000 7
2398.0000 8
2053.0000 9
2290.0000 7
1505.0000 5
2264.0000 10
475.0000 3
401.0000 2
2007.0000 8
1981.0000 8
497.0000 4
947.0000 5
2134.0000 9
2154.0000 10
2425.0000 14
2432.0000 10
2265.0000 7
2468.0000 13
2446.0000 11
890.0000 5
2447.0000 13
2342.0000 13
1474.0000 6
1992.0000 9
2049.0000 7
2465.0000 11
1000.0000 5
2207.0000 14
2478.0000 12
1981.0000 9
1947.0000 10
2317.0000 10
2547.0000 9
1015.0000 6
2220.0000 12
2376.0000 10
1993.0000 11
2527.0000 12
2361.0000 11
2408.0000 11
2384.0000 11
2408.0000 6
1267.0000 8
2388.0000 11
2280.0000 10
1272.0000 6
2078.0000 10
2180.0000 7
2381.0000 13
1709.0000 8
2557.0000 15
2231.0000 10
2577.0000 17
863.0000 4
2579.0000 11
2186.0000 8
2004.0000 5
1990.0000 6
2479.0000 14
2192.0000 7
1157.0000 5
2315.0000 11
1780.0000 10
2470.0000 11
1184.0000 5
2476.0000 8
2605.0000 17
1387.0000 4
2007.0000 9
2492.0000 10
2519.0000 14
2521.0000 9
2525.0000 8
2507.0000 12
2245.0000 9
1910.0000 7
2652.0000 11
2355.0000 10
1428.0000 4
1533.0000 9
1394.0000 7
2406.0000 12
2562.0000 11
2296.0000 9
1940.0000 8
1169.0000 6
2564.0000 10
1205.0000 6
2021.0000 11
2588.0000 11
2595.0000 12
2597.0000 11
2169.0000 9
2753.0000 9
1689.0000 7
1713.0000 6
1403.0000 7
1908.0000 6
1499.0000 6
1711.0000 5
1485.0000 5
2242.0000 9
2618.0000 11
2678.0000 16
1515.0000 6
2746.0000 14
2679.0000 11
2023.0000 12
1963.0000 6
2688.0000 11
1183.0000 6
2697.0000 11
2660.0000 10
2422.0000 10
2848.0000 11
1875.0000 5
1272.0000 8
2855.0000 10
2009.0000 8
2748.0000 11
2645.0000 14
2869.0000 10
715.0000 3
2089.0000 8
2770.0000 13
499.0000 3
1822.0000 5
2761.0000 9
1037.0000 4
1922.0000 7
2631.0000 13
1513.0000 5
2339.0000 9
2761.0000 12
2764.0000 17
2851.0000 19
1658.0000 7
2548.0000 12
2566.0000 8
2834.0000 18
2528.0000 13
2097.0000 5
2820.0000 12
2643.0000 9
1712.0000 6
2314.0000 10
2805.0000 16
2653.0000 8
2978.0000 10
996.0000 4
1708.0000 7
2880.0000 9
2540.0000 8
2696.0000 12
2746.0000 14
1722.0000 8
2890.0000 18
2899.0000 15
2610.0000 10
1742.0000 8
479.0000 2
2936.0000 8
1773.0000 7
3049.0000 13
2893.0000 12
1759.0000 7
2928.0000 11
1758.0000 9
311.0000 3
230.0000 2
2456.0000 11
2413.0000 9
2933.0000 10
2618.0000 8
2755.0000 14
2232.0000 8
2339.0000 8
1720.0000 9
957.0000 4
1300.0000 4
978.0000 6
2544.0000 11
2414.0000 9
3039.0000 13
2866.0000 11
2536.0000 12
2602.0000 12
2907.0000 11
2162.0000 8
3079.0000 10
2866.0000 16
890.0000 5
3073.0000 13
2790.0000 12
2488.0000 10
3049.0000 14
3098.0000 13
2544.0000 11
1523.0000 6
3084.0000 12
2822.0000 12
3062.0000 16
2573.0000 11
1717.0000 8
2530.0000 11
1919.0000 10
3250.0000 7
1153.0000 5
3126.0000 12
2331.0000 10
1433.0000 4
2025.0000 8
2008.0000 7
2029.0000 8
3183.0000 13
1881.0000 7
2949.0000 14
3207.0000 10
1067.0000 5
2973.0000 11
2669.0000 14
3225.0000 11
3051.0000 16
3263.0000 10
3374.0000 10
3204.0000 13
3255.0000 12
2939.0000 11
3268.0000 13
3256.0000 12
425.0000 3
3303.0000 13
2745.0000 9
2165.0000 10
1137.0000 6
2629.0000 8
3318.0000 12
3052.0000 14
3007.0000 15
3334.0000 10
3335.0000 13
3007.0000 11
2198.0000 7
2873.0000 14
2481.0000 9
392.0000 2
3377.0000 12
37.0000 2
2619.0000 13
782.0000 3
3535.0000 6
3538.0000 7
2697.0000 11
2151.0000 6
3439.0000 11
3102.0000 10
2392.0000 8
2998.0000 10
2907.0000 13
2894.0000 13
2325.0000 7
1792.0000 6
1078.0000 6
1988.0000 6
1713.0000 9
2015.0000 9
1279.0000 6
1774.0000 5
2372.0000 8
2791.0000 13
3496.0000 13
3364.0000 15
2825.0000 9
3306.0000 9
715.0000 2
3047.0000 10
3547.0000 13
1249.0000 6
1828.0000 8
3294.0000 13
3255.0000 13
1781.0000 7
859.0000 4
718.0000 3
2399.0000 8
269.0000 2
3557.0000 13
2907.0000 9
3380.0000 14
3717.0000 11
744.0000 3
376.0000 3
3032.0000 12
3607.0000 10
2467.0000 7
3552.0000 13
1111.0000 5
63.0000 2
2868.0000 10
2851.0000 7
2490.0000 9
1132.0000 4
3678.0000 12
2192.0000 10
2535.0000 11
3355.0000 12
2542.0000 10
1953.0000 6
3571.0000 14
3119.0000 13
3640.0000 15
2884.0000 11
2400.0000 10
3837.0000 16
3193.0000 13
3589.0000 16
1259.0000 7
2530.0000 9
741.0000 4
3493.0000 15
3972.0000 20
3447.0000 14
2662.0000 9
3782.0000 19
2112.0000 10
3813.0000 14
1685.0000 8
3112.0000 13
1729.0000 8
3845.0000 13
3866.0000 10
2976.0000 11
3146.0000 14
3149.0000 11
2817.0000 10
3285.0000 13
3883.0000 17
3029.0000 11
3426.0000 12
2887.0000 10
3255.0000 11
3032.0000 11
4016.0000 15
3539.0000 11
1678.0000 6
1670.0000 8
1737.0000 6
3898.0000 16
2888.0000 9
1450.0000 7
3850.0000 16
3609.0000 18
216.0000 3
2123.0000 10
2826.0000 9
515.0000 3
3365.0000 10
2682.0000 12
3380.0000 12
3668.0000 14
3376.0000 10
3234.0000 14
1221.0000 5
1125.0000 5
2861.0000 13
2046.0000 10
3684.0000 13
3351.0000 11
3718.0000 12
4058.0000 14
717.0000 2
3800.0000 11
2635.0000 11
983.0000 3
2939.0000 13
1375.0000 6
2326.0000 9
3627.0000 12
4032.0000 16
3450.0000 12
3661.0000 14
1949.0000 11
4138.0000 11
567.0000 2
4124.0000 18
3041.0000 12
1873.0000 6
4131.0000 16
3869.0000 13
3813.0000 12
3553.0000 13
3245.0000 11
2943.0000 12
2338.0000 8
2844.0000 11
2907.0000 15
561.0000 4
3474.0000 10
2920.0000 12
4183.0000 20
2136.0000 7
2010.0000 8
2395.0000 8
2377.0000 10
2168.0000 8
1471.0000 11
3083.0000 9
3433.0000 13
147.0000 3
3627.0000 13
3996.0000 19
3708.0000 15
3370.0000 12
1418.0000 6
3756.0000 14
3985.0000 17
4057.0000 16
3762.0000 11
1365.0000 5
4142.0000 17
1773.0000 6
3068.0000 9
2971.0000 13
648.0000 3
3242.0000 10
1411.0000 6
2248.0000 8
705.0000 4
2491.0000 8
3151.0000 13
4077.0000 15
2581.0000 9
3120.0000 11
1767.0000 9
3708.0000 10
1674.0000 10
1502.0000 5
3497.0000 12
2197.0000 11
4486.0000 20
4169.0000 16
4092.0000 12
4290.0000 14
1288.0000 3
99.0000 2
4137.0000 12
2981.0000 13
3272.0000 11
2365.0000 13
3244.0000 9
3903.0000 15
4411.0000 12
3243.0000 14
3858.0000 13
4437.0000 12
3735.0000 14
1909.0000 8
4392.0000 14
985.0000 7
1457.0000 5
1501.0000 6
4234.0000 16
3837.0000 11
4296.0000 17
4607.0000 21
2490.0000 8
3584.0000 19
3184.0000 14
4508.0000 13
2404.0000 10
169.0000 2
3193.0000 12
1912.0000 12
3758.0000 16
3191.0000 13
3060.0000 12
1760.0000 6
3259.0000 9
3961.0000 12
3917.0000 12
3280.0000 14
240.0000 2
2798.0000 10
1729.0000 6
4597.0000 18
4479.0000 15
3948.0000 14
891.0000 3
2673.0000 10
3879.0000 15
3483.0000 15
1460.0000 5
3368.0000 10
4211.0000 15
675.0000 2
4653.0000 17
3675.0000 12
4697.0000 18
816.0000 5
4088.0000 12
4021.0000 11
241.0000 3
2129.0000 8
3681.0000 15
4574.0000 16
4550.0000 20
1445.0000 6
4481.0000 14
4606.0000 15
3596.0000 10
508.0000 3
3596.0000 16
2818.0000 8
4677.0000 19
3499.0000 15
2347.0000 9
4427.0000 17
507.0000 4
3707.0000 14
4473.0000 13
4172.0000 17
4880.0000 17
4609.0000 13
3715.0000 9
4161.0000 16
4881.0000 22
535.0000 3
3326.0000 12
4619.0000 16
3617.0000 10
797.0000 4
3122.0000 11
2913.0000 9
4786.0000 17
3341.0000 13
4876.0000 18
4051.0000 21
2249.0000 7
3799.0000 15
4075.0000 22
2169.0000 6
4307.0000 12
3350.0000 13
4515.0000 15
3870.0000 12
3873.0000 13
3885.0000 16
2682.0000 7
452.0000 3
4305.0000 18
1122.0000 6
853.0000 3
4769.0000 16
2978.0000 8
4393.0000 13
1846.0000 9
1490.0000 5
3236.0000 8
2165.0000 9
1792.0000 7
3141.0000 11
3958.0000 11
3879.0000 14
2437.0000 9
3112.0000 9
3879.0000 15
4912.0000 17
4687.0000 16
3944.0000 14
4354.0000 16
4568.0000 12
4704.0000 23
3823.0000 14
4337.0000 16
1833.0000 7
2044.0000 8
3038.0000 12
2520.0000 8
4602.0000 19
1633.0000 7
4942.0000 17
2721.0000 10
4804.0000 17
102.0000 2
2715.0000 8
2357.0000 8
5190.0000 20
4810.0000 17
3672.0000 12
2966.0000 12
639.0000 3
1687.0000 10
4669.0000 14
5133.0000 21
4116.0000 10
2699.0000 10
4144.0000 15
4736.0000 13
1873.0000 6
4151.0000 17
5270.0000 22
2095.0000 8
2413.0000 14
4049.0000 13
3524.0000 14
4458.0000 14
1477.0000 5
4580.0000 13
4589.0000 14
915.0000 4
2299.0000 5
3069.0000 9
4283.0000 12
2470.0000 10
4758.0000 13
2203.0000 6
4228.0000 17
1606.0000 8
4063.0000 14
936.0000 4
443.0000 2
4866.0000 13
698.0000 3
4706.0000 19
1904.0000 7
4260.0000 10
2362.0000 11
4082.0000 17
1911.0000 7
1842.0000 8
1962.0000 6
1993.0000 7
896.0000 4
4302.0000 21
2914.0000 10
5584.0000 18
4158.0000 12
4850.0000 12
4261.0000 16
5037.0000 17
4612.0000 16
1905.0000 8
4830.0000 18
4733.0000 16
5347.0000 17
345.0000 3
4222.0000 11
1379.0000 6
2504.0000 7
4110.0000 14
1612.0000 5
4254.0000 18
4485.0000 15
1174.0000 5
2657.0000 13
5362.0000 18
4348.0000 15
4594.0000 15
3547.0000 10
4513.0000 17
4271.0000 13
4374.0000 12
2596.0000 8
4523.0000 15
4131.0000 12
4280.0000 16
1115.0000 4
4820.0000 16
1931.0000 7
4289.0000 11
5337.0000 20
3392.0000 15
4378.0000 15
1816.0000 6
3356.0000 12
4312.0000 11
3226.0000 12
934.0000 5
69.0000 3
320.0000 2
5652.0000 18
4200.0000 17
3152.0000 9
3109.0000 9
5067.0000 14
4389.0000 16
3893.0000 13
4395.0000 12
2357.0000 7
4084.0000 12
4091.0000 14
5006.0000 22
4529.0000 16
5050.0000 18
2221.0000 9
5004.0000 18
5072.0000 22
2478.0000 13
4897.0000 17
4680.0000 15
4612.0000 10
5763.0000 19
792.0000 3
5533.0000 24
2718.0000 10
114.0000 2
4418.0000 17
2850.0000 11
4513.0000 16
4393.0000 16
4348.0000 17
5217.0000 16
1590.0000 5
846.0000 6
5734.0000 24
772.0000 3
4578.0000 12
761.0000 4
3349.0000 15
2584.0000 9
4743.0000 16
2013.0000 10
169.0000 2
3253.0000 13
3307.0000 9
3920.0000 13
3481.0000 12
2917.0000 12
4582.0000 14
2381.0000 9
4671.0000 17
1865.0000 7
4718.0000 22
1445.0000 6
3204.0000 10
5395.0000 19
3856.0000 16
5824.0000 22
5542.0000 14
4771.0000 13
5560.0000 16
4777.0000 13
5340.0000 20
5819.0000 17
5566.0000 22
2047.0000 5
5872.0000 21
1642.0000 6
2589.0000 14
4564.0000 13
4984.0000 15
962.0000 4
5758.0000 16
4909.0000 22
5891.0000 14
5353.0000 16
2963.0000 9
5419.0000 16
1913.0000 7
884.0000 7
2136.0000 9
5183.0000 23
2850.0000 13
89.0000 2
1383.0000 7
5145.0000 20
6191.0000 17
1454.0000 9
5624.0000 19
5655.0000 19
5551.0000 17
3783.0000 12
5696.0000 19
1544.0000 6
4857.0000 16
2806.0000 11
954.0000 3
4359.0000 16
477.0000 4
5351.0000 17
342.0000 2
4052.0000 16
3493.0000 11
788.0000 5
1407.0000 8
5903.0000 22
5695.0000 21
6088.0000 19
5074.0000 20
4998.0000 14
2419.0000 6
546.0000 5
1662.0000 5
5299.0000 19
6258.0000 28
2302.0000 8
2755.0000 9
5984.0000 19
2870.0000 10
2879.0000 8
5656.0000 22
2418.0000 10
623.0000 6
4107.0000 11
993.0000 5
3542.0000 11
5365.0000 13
2900.0000 9
2886.0000 9
3889.0000 10
653.0000 4
5301.0000 24
5775.0000 19
5940.0000 20
6185.0000 19
1569.0000 6
6092.0000 22
1574.0000 6
5355.0000 17
4599.0000 19
4449.0000 14
4334.0000 16
1964.0000 7
5262.0000 18
4485.0000 15
6583.0000 24
6297.0000 21
5594.0000 21
701.0000 4
4080.0000 16
2981.0000 10
6173.0000 21
3239.0000 13
1926.0000 6
3252.0000 12
5368.0000 15
6436.0000 21
3172.0000 12
6229.0000 21
3389.0000 13
1543.0000 6
966.0000 5
3173.0000 12
6131.0000 17
6058.0000 22
5003.0000 18
5012.0000 16
6147.0000 19
6513.0000 16
5638.0000 13
5902.0000 17
3546.0000 10
2804.0000 9
5428.0000 21
3773.0000 13
926.0000 3
2935.0000 12
4862.0000 17
5413.0000 17
3502.0000 14
6000.0000 23
1693.0000 9
5558.0000 17
2916.0000 10
6270.0000 18
3174.0000 13
3578.0000 13
646.0000 3
6414.0000 24
6287.0000 18
3332.0000 16
1840.0000 9
3243.0000 13
2871.0000 14
1849.0000 10
7166.0000 21
5150.0000 20
1037.0000 4
6082.0000 20
6379.0000 18
5911.0000 20
5678.0000 20
3976.0000 13
5768.0000 17
5239.0000 19
3588.0000 11
6891.0000 22
4884.0000 13
6896.0000 24
4985.0000 20
6365.0000 20
3277.0000 10
6762.0000 23
1768.0000 5
4585.0000 11
4473.0000 21
6923.0000 22
3487.0000 13
3598.0000 8
6404.0000 20
6292.0000 23
6592.0000 21
5444.0000 18
4640.0000 17
2405.0000 9
6773.0000 24
5618.0000 16
4348.0000 12
3858.0000 12
6581.0000 19
5903.0000 14
7229.0000 16
4033.0000 15
5298.0000 18
5522.0000 20
1656.0000 5
6004.0000 17
7050.0000 27
5730.0000 16
7297.0000 24
3979.0000 15
3428.0000 11
1272.0000 9
2744.0000 9
6963.0000 26
2518.0000 8
5210.0000 18
5643.0000 19
1853.0000 7
151.0000 2
7188.0000 27
7268.0000 21
7265.0000 24
3001.0000 10
6494.0000 19
2492.0000 8
1783.0000 7
5908.0000 22
4501.0000 19
409.0000 3
4240.0000 16
6393.0000 22
1847.0000 6
4897.0000 17
7331.0000 26
6678.0000 19
279.0000 2
2657.0000 9
5187.0000 14
5335.0000 18
4340.0000 16
6756.0000 16
3860.0000 14
5577.0000 22
6559.0000 25
2539.0000 10
894.0000 5
6703.0000 24
5282.0000 17
3971.0000 15
6179.0000 28
4463.0000 13
4273.0000 16
7071.0000 24
4964.0000 15
368.0000 2
4983.0000 19
1502.0000 9
1591.0000 7
2716.0000 10
4070.0000 16
7227.0000 28
6809.0000 20
3725.0000 11
6216.0000 23
5116.0000 17
4155.0000 20
963.0000 2
6701.0000 17
3470.0000 13
4048.0000 17
5491.0000 19
4259.0000 13
516.0000 2
4769.0000 11
5415.0000 18
2902.0000 12
3443.0000 13
2509.0000 8
7598.0000 29
7061.0000 22
7046.0000 21
2612.0000 8
6035.0000 16
555.0000 3
4827.0000 21
4120.0000 11
6394.0000 21
2533.0000 12
6654.0000 28
1977.0000 11
2324.0000 7
7143.0000 25
2569.0000 8
5191.0000 18
6743.0000 23
4733.0000 17
599.0000 2
1136.0000 3
2208.0000 7
2282.0000 8
974.0000 4
6486.0000 26
2445.0000 10
4332.0000 14
2597.0000 10
6723.0000 19
1414.0000 5
1846.0000 6
4089.0000 15
6519.0000 25
5260.0000 16
7402.0000 24
6249.0000 21
4374.0000 17
7637.0000 24
2905.0000 10
7397.0000 30
6307.0000 18
4159.0000 13
4705.0000 18
1808.0000 10
4316.0000 14
4828.0000 18
1055.0000 5
4815.0000 15
3665.0000 18
7142.0000 23
4419.0000 13
6274.0000 21
5756.0000 18
5685.0000 17
5484.0000 21
4144.0000 16
7094.0000 23
1741.0000 4
4162.0000 17
315.0000 3
2154.0000 4
5826.0000 19
2567.0000 12
4487.0000 17
3046.0000 10
4836.0000 19
3792.0000 12
7514.0000 21
5694.0000 17
5784.0000 17
7817.0000 28
3143.0000 9
1946.0000 13
5760.0000 18
2401.0000 9
4938.0000 18
4318.0000 16
2661.0000 11
5046.0000 15
5471.0000 18
5405.0000 22
1981.0000 8
4162.0000 12
510.0000 7
5276.0000 21
4671.0000 19
6665.0000 26
2861.0000 8
7222.0000 22
7575.0000 27
1610.0000 9
868.0000 4
1325.0000 6
4487.0000 16
307.0000 3
4391.0000 15
5807.0000 19
5961.0000 19
3920.0000 12
4326.0000 17
5530.0000 23
1340.0000 5
2579.0000 13
5039.0000 16
6138.0000 23
6154.0000 16
3961.0000 10
2513.0000 8
3271.0000 11
5604.0000 23
4592.0000 16
7323.0000 21
6983.0000 24
5642.0000 17
5587.0000 15
5985.0000 15
1503.0000 6
7987.0000 25
4181.0000 15
7134.0000 24
5870.0000 20
2849.0000 11
7770.0000 27
4547.0000 18
7793.0000 26
6273.0000 18
4161.0000 16
1181.0000 5
6207.0000 23
2080.0000 8
7751.0000 27
1837.0000 7
5027.0000 17
2227.0000 10
7783.0000 25
1256.0000 5
1512.0000 7
720.0000 7
8050.0000 27
6885.0000 24
1782.0000 7
1514.0000 5
4712.0000 13
5106.0000 18
1259.0000 9
7364.0000 22
8229.0000 32
353.0000 2
3965.0000 13
6972.0000 29
4742.0000 12
2715.0000 12
4825.0000 18
5730.0000 20
3878.0000 14
1894.0000 5
87.0000 2
1266.0000 3
7528.0000 30
7714.0000 26
1052.0000 5
4584.0000 18
4491.0000 14
5826.0000 17
2308.0000 11
708.0000 3
2324.0000 13
8229.0000 24
7533.0000 20
2809.0000 6
2427.0000 8
1394.0000 6
3070.0000 9
8113.0000 26
3642.0000 10
7968.0000 24
5265.0000 17
7585.0000 18
3016.0000 12
4203.0000 14
2847.0000 11
7216.0000 17
6456.0000 20
8242.0000 23
6206.0000 19
3287.0000 9
7513.0000 24
5298.0000 17
3752.0000 8
7525.0000 26
2492.0000 9
2866.0000 9
1461.0000 6
6502.0000 20
8162.0000 22
5420.0000 18
34.0000 2
6181.0000 15
945.0000 4
1465.0000 5
557.0000 4
4533.0000 16
1240.0000 4
4066.0000 16
4547.0000 15
7659.0000 25
3121.0000 14
6363.0000 18
7225.0000 32
7918.0000 24
1479.0000 7
5245.0000 19
1463.0000 7
2536.0000 12
1081.0000 5
1477.0000 4
4531.0000 19
2020.0000 6
2550.0000 12
5300.0000 20
1890.0000 8
5982.0000 21
1077.0000 3
4262.0000 13
7051.0000 27
2761.0000 8
4699.0000 16
4638.0000 16
8462.0000 32
1359.0000 5
8477.0000 34
7725.0000 27
4963.0000 13
7408.0000 22
5001.0000 19
1582.0000 6
7522.0000 22
8503.0000 23
629.0000 5
5305.0000 16
5536.0000 19
4939.0000 21
2665.0000 10
8544.0000 29
6901.0000 20
8559.0000 34
7994.0000 24
7708.0000 23
4887.0000 18
5484.0000 17
4175.0000 20
1274.0000 6
5925.0000 19
8652.0000 34
6892.0000 23
558.0000 3
8408.0000 26
2026.0000 8
5004.0000 14
3019.0000 12
1629.0000 7
5653.0000 18
8091.0000 21
5227.0000 16
2732.0000 13
2068.0000 7
7388.0000 27
4456.0000 17
7184.0000 24
5294.0000 20
6196.0000 20
4398.0000 13
1094.0000 4
5799.0000 20
1308.0000 5
1313.0000 11
2273.0000 8
5649.0000 15
5100.0000 22
3930.0000 14
1354.0000 5
4706.0000 17
8879.0000 36
2355.0000 6
8484.0000 26
6944.0000 17
4258.0000 11
5726.0000 21
6177.0000 20
7588.0000 32
8092.0000 20
8741.0000 28
3422.0000 14
8359.0000 27
7696.0000 25
744.0000 5
5964.0000 21
4956.0000 17
6984.0000 20
6653.0000 24
5268.0000 18
879.0000 6
6475.0000 21
8655.0000 26
4899.0000 18
3459.0000 9
8765.0000 29
1918.0000 8
6899.0000 21
6480.0000 26
8843.0000 25
4668.0000 11
7851.0000 25
1876.0000 6
7994.0000 25
2294.0000 8
8178.0000 28
1216.0000 3
8115.0000 26
4959.0000 13
6916.0000 21
817.0000 4
7779.0000 29
8072.0000 32
6762.0000 26
7530.0000 25
4404.0000 12
6040.0000 20
4649.0000 11
5137.0000 17
3776.0000 13
9116.0000 38
3287.0000 12
6549.0000 21
6248.0000 25
2045.0000 9
1320.0000 5
5445.0000 15
5194.0000 19
8924.0000 31
7379.0000 21
5114.0000 17
3771.0000 14
6206.0000 22
2036.0000 7
3999.0000 14
7547.0000 25
5451.0000 19
2081.0000 7
5443.0000 21
4137.0000 16
3172.0000 15
8768.0000 27
3060.0000 10
5039.0000 16
1734.0000 6
8383.0000 29
8184.0000 23
4323.0000 18
330.0000 2
6729.0000 25
5536.0000 17
2160.0000 8
492.0000 3
1115.0000 4
2186.0000 10
299.0000 3
5733.0000 15
1163.0000 5
1937.0000 7
6128.0000 19
5352.0000 15
5826.0000 16
6496.0000 27
9193.0000 41
8180.0000 25
3338.0000 11
2308.0000 8
2073.0000 11
7377.0000 22
9179.0000 40
9128.0000 27
197.0000 2
4820.0000 16
9522.0000 28
8759.0000 30
2778.0000 14
5493.0000 20
7840.0000 24
4074.0000 15
1525.0000 5
9289.0000 35
4804.0000 17
4083.0000 15
3879.0000 12
461.0000 3
8262.0000 27
1827.0000 6
9397.0000 27
1889.0000 7
1314.0000 3
8905.0000 32
6891.0000 24
1915.0000 9
3475.0000 15
7556.0000 24
9467.0000 33
6322.0000 20
2182.0000 12
141.0000 2
2775.0000 13
8006.0000 25
7288.0000 21
3982.0000 11
3522.0000 14
3139.0000 12
1531.0000 5
4003.0000 11
5331.0000 15
3466.0000 14
6970.0000 17
3129.0000 11
7033.0000 28
9281.0000 36
5847.0000 21
4253.0000 15
6460.0000 23
9388.0000 35
5442.0000 17
3567.0000 16
3220.0000 11
6422.0000 22
5770.0000 16
7634.0000 23
5664.0000 18
8713.0000 34
2006.0000 8
4094.0000 14
314.0000 3
7229.0000 23
5852.0000 22
8446.0000 23
6611.0000 21
1479.0000 7
9448.0000 29
1255.0000 6
6818.0000 17
5262.0000 16
5553.0000 17
6714.0000 27
5956.0000 20
4514.0000 16
2071.0000 7
8395.0000 27
9682.0000 33
6029.0000 20
8321.0000 32
4189.0000 11
8132.0000 22
7985.0000 28
8430.0000 26
7062.0000 21
9489.0000 28
7217.0000 30
9412.0000 27
8298.0000 32
5602.0000 18
6724.0000 19
4402.0000 13
4889.0000 18
4935.0000 16
9814.0000 38
4533.0000 16
7621.0000 27
9449.0000 32
657.0000 2
1843.0000 12
2720.0000 9
1145.0000 5
7701.0000 27
6222.0000 21
9376.0000 30
956.0000 4
9178.0000 31
620.0000 3
9652.0000 35
3883.0000 11
6735.0000 21
2337.0000 12
1183.0000 5
7239.0000 27
6162.0000 20
8203.0000 22
6117.0000 18
7483.0000 30
5332.0000 16
6435.0000 28
3209.0000 9
9461.0000 33
3851.0000 17
8257.0000 26
1826.0000 8
8683.0000 23
3191.0000 11
3881.0000 17
5082.0000 17
6557.0000 20
5812.0000 18
1205.0000 8
6750.0000 20
1872.0000 8
1054.0000 5
5222.0000 18
8568.0000 36
5562.0000 15
9374.0000 29
4626.0000 13
3945.0000 17
3949.0000 16
2565.0000 7
9382.0000 38
2348.0000 8
5831.0000 17
3553.0000 10
804.0000 5
9277.0000 29
6277.0000 23
5687.0000 16
2439.0000 6
16.0000 2
4191.0000 11
4992.0000 17
9196.0000 30
8812.0000 31
9829.0000 28
9838.0000 29
9139.0000 29
6247.0000 22
9610.0000 32
3773.0000 11
1721.0000 8
1679.0000 5
331.0000 3
3012.0000 12
5759.0000 18
6416.0000 18
3273.0000 14
8023.0000 26
9951.0000 34
6327.0000 25
8024.0000 24
6839.0000 22
3366.0000 11
6227.0000 20
9519.0000 30
6012.0000 20
2149.0000 7
6432.0000 16
7445.0000 21
10003.0000 32
9963.0000 35
2563.0000 10
1920.0000 6
4621.0000 16
9343.0000 31
2703.0000 12
6793.0000 27
9799.0000 32
2227.0000 6
8516.0000 29
7175.0000 25
7606.0000 27
1785.0000 8
9880.0000 31
6041.0000 17
1955.0000 6
6930.0000 25
8877.0000 35
8873.0000 30
1094.0000 6
4781.0000 13
4255.0000 18
5915.0000 23
4551.0000 18
9000.0000 36
5472.0000 18
7201.0000 23
8698.0000 27
3872.0000 13
9718.0000 34
6107.0000 18
8957.0000 35
9260.0000 26
2689.0000 9
212.0000 3
4196.0000 14
4412.0000 11
2080.0000 7
2282.0000 8
7243.0000 21
9554.0000 28
3967.0000 12
10222.0000 36
9579.0000 28
1977.0000 7
123.0000 2
8819.0000 29
4407.0000 18
3889.0000 12
7341.0000 23
8195.0000 23
10218.0000 36
2945.0000 10
9885.0000 31
10129.0000 34
5507.0000 22
3783.0000 13
6125.0000 22
5421.0000 18
3938.0000 12
4488.0000 18
4082.0000 18
6663.0000 24
4207.0000 13
4527.0000 14
5003.0000 15
6362.0000 25
2592.0000 9
1218.0000 5
8474.0000 26
10145.0000 34
2798.0000 10
9710.0000 30
354.0000 3
4585.0000 16
8057.0000 26
5742.0000 21
6285.0000 17
3085.0000 10
6349.0000 16
4579.0000 11
3407.0000 11
9621.0000 30
2191.0000 11
9228.0000 31
6613.0000 26
443.0000 3
9115.0000 24
2303.0000 10
4191.0000 15
10598.0000 44
914.0000 3
3030.0000 12
7534.0000 30
10197.0000 33
9029.0000 34
6708.0000 23
10420.0000 37
239.0000 2
8956.0000 29
999.0000 8
9165.0000 28
4292.0000 12
6961.0000 24
8846.0000 29
1833.0000 7
9926.0000 29
8036.0000 28
10724.0000 38
1649.0000 6
1762.0000 6
8404.0000 28
1781.0000 7
626.0000 3
2353.0000 8
3404.0000 14
4017.0000 13
8089.0000 30
8570.0000 24
10095.0000 31
547.0000 4
4816.0000 19
8921.0000 28
3209.0000 11
7553.0000 25
1772.0000 7
3299.0000 12
10453.0000 34
599.0000 4
2359.0000 8
10762.0000 34
8959.0000 30
8263.0000 24
627.0000 3
1907.0000 7
8415.0000 30
6357.0000 16
6550.0000 28
9548.0000 35
1744.0000 7
681.0000 5
4154.0000 13
3246.0000 9
10578.0000 42
6249.0000 22
3281.0000 14
10451.0000 28
6148.0000 20
2952.0000 11
8417.0000 32
4875.0000 17
1869.0000 6
2999.0000 10
2615.0000 12
149.0000 3
3844.0000 15
9661.0000 32
202.0000 3
2636.0000 11
112.0000 2
421.0000 3
3049.0000 12
425.0000 2
4150.0000 16
8736.0000 29
853.0000 6
2670.0000 10
5805.0000 17
10818.0000 43
9935.0000 33
2397.0000 8
5136.0000 20
8563.0000 31
10560.0000 33
5440.0000 21
1091.0000 3
1127.0000 6
11110.0000 37
11117.0000 36
3613.0000 12
4482.0000 13
3548.0000 12
5688.0000 15
469.0000 5
1536.0000 6
7069.0000 21
9832.0000 31
3825.0000 10
436.0000 3
5209.0000 12
7419.0000 17
387.0000 2
3346.0000 12
4251.0000 11
662.0000 3
2255.0000 7
9151.0000 29
3526.0000 10
6214.0000 24
11119.0000 36
3654.0000 12
5261.0000 20
11369.0000 35
1565.0000 6
5268.0000 16
8138.0000 25
3731.0000 12
3380.0000 13
8731.0000 32
5383.0000 17
5993.0000 16
3057.0000 10
10125.0000 31
1564.0000 7
10073.0000 35
4461.0000 12
200.0000 3
3322.0000 12
3043.0000 11
7149.0000 21
8725.0000 26
9314.0000 33
492.0000 3
353.0000 2
8650.0000 34
4378.0000 15
3143.0000 10
5386.0000 23
9371.0000 38
287.0000 2
11242.0000 43
3060.0000 11
5392.0000 20
612.0000 4
331.0000 3
4698.0000 17
10557.0000 36
5432.0000 21
5414.0000 15
10631.0000 35
7729.0000 24
1913.0000 7
3095.0000 9
11022.0000 36
4.0000 2
4163.0000 11
6130.0000 13
7709.0000 27
3064.0000 8
5516.0000 21
5387.0000 18
4872.0000 15
641.0000 5
4808.0000 13
1430.0000 5
121.0000 2
3483.0000 13
3744.0000 13
9343.0000 27
2898.0000 9
10599.0000 31
53.0000 2
5440.0000 21
8778.0000 25
135.0000 2
5155.0000 16
10733.0000 39
811.0000 4
11225.0000 36
9448.0000 28
892.0000 4
5874.0000 21
2552.0000 13
620.0000 2
6103.0000 21
11480.0000 35
5601.0000 19
6651.0000 25
5276.0000 21
9762.0000 34
7907.0000 28
1488.0000 7
10478.0000 32
735.0000 3
1154.0000 5
3539.0000 9
1068.0000 3
6329.0000 14
11656.0000 40
1726.0000 5
722.0000 4
11198.0000 34
7307.0000 24
3771.0000 16
1435.0000 5
283.0000 3
1751.0000 8
2812.0000 11
340.0000 2
2019.0000 7
8061.0000 22
1563.0000 6
1543.0000 5
8344.0000 28
7287.0000 22
2641.0000 11
8321.0000 30
11925.0000 37
5895.0000 18
10445.0000 42
1917.0000 4
1427.0000 7
2022.0000 8
6544.0000 24
11276.0000 41
2763.0000 11
6931.0000 20
7949.0000 25
1146.0000 3
2521.0000 8
682.0000 2
9381.0000 39
4559.0000 17
11421.0000 40
418.0000 2
1229.0000 4
2448.0000 8
1765.0000 10
1881.0000 7
843.0000 3
788.0000 6
1728.0000 11
9225.0000 27
5129.0000 14
11189.0000 41
1747.0000 10
376.0000 3
4459.0000 15
3889.0000 13
7444.0000 21
11864.0000 41
12044.0000 45
11552.0000 31
11152.0000 32
281.0000 5
11916.0000 39
1172.0000 2
2813.0000 9
9952.0000 33
11674.0000 40
7486.0000 23
11287.0000 33
3697.0000 9
1562.0000 6
4428.0000 16
1564.0000 4
2399.0000 5
5801.0000 17
10919.0000 34
1099.0000 3
7696.0000 24
11347.0000 32
1204.0000 3
1814.0000 8
8199.0000 26
11984.0000 41
1832.0000 11
1668.0000 7
9377.0000 34
5581.0000 19
2200.0000 12
8782.0000 32
4621.0000 15
4564.0000 15
2982.0000 9
4943.0000 19
3271.0000 11
817.0000 3
6657.0000 20
652.0000 3
6057.0000 18
8595.0000 32
9235.0000 33
5470.0000 13
9338.0000 29
8166.0000 23
3027.0000 12
8778.0000 26
11044.0000 34
1922.0000 7
12066.0000 36
1797.0000 9
8798.0000 29
2360.0000 15
5207.0000 20
5636.0000 16
8256.0000 26
1994.0000 12
262.0000 3
11929.0000 42
8527.0000 28
1146.0000 5
1982.0000 7
3411.0000 10
5605.0000 24
5571.0000 18
12146.0000 43
9835.0000 30
9083.0000 27
2012.0000 7
2828.0000 9
2136.0000 11
8920.0000 29
8068.0000 29
3623.0000 10
46.0000 2
6432.0000 26
8435.0000 26
2025.0000 9
8808.0000 27
8841.0000 26
3280.0000 12
5074.0000 15
1652.0000 5
1271.0000 5
1290.0000 3
9636.0000 30
5286.0000 17
4604.0000 17
4608.0000 16
9847.0000 36
127.0000 2
6259.0000 17
7157.0000 28
1824.0000 4
3157.0000 10
4373.0000 13
9602.0000 32
4110.0000 12
2058.0000 8
11675.0000 39
6407.0000 22
2795.0000 10
7626.0000 23
4941.0000 15
4961.0000 15
11966.0000 29
1419.0000 7
2155.0000 8
5354.0000 16
2221.0000 7
12420.0000 46
2336.0000 13
4180.0000 14
4631.0000 14
6516.0000 23
4997.0000 17
12606.0000 43
11259.0000 36
11642.0000 38
751.0000 7
4395.0000 13
9979.0000 34
12479.0000 41
7751.0000 24
12507.0000 39
3435.0000 10
4779.0000 17
6568.0000 19
8461.0000 21
6081.0000 19
2715.0000 10
5994.0000 18
11979.0000 36
2085.0000 6
5287.0000 13
11074.0000 41
58.0000 2
8477.0000 25
6592.0000 21
7290.0000 27
7794.0000 27
6865.0000 25
6997.0000 23
7087.0000 22
7430.0000 23
6605.0000 23
10588.0000 28
6712.0000 26
9223.0000 31
12343.0000 41
6340.0000 20
2159.0000 6
7649.0000 25
11314.0000 42
1557.0000 6
10090.0000 37
9835.0000 31
668.0000 3
1305.0000 7
5169.0000 15
8903.0000 26
6687.0000 23
2725.0000 6
288.0000 2
6840.0000 22
4828.0000 17
2382.0000 8
9161.0000 29
9601.0000 26
2240.0000 6
12567.0000 38
7450.0000 22
3430.0000 9
12267.0000 39
2485.0000 10
3609.0000 10
1663.0000 6
10813.0000 41
8912.0000 25
4317.0000 13
955.0000 5
11902.0000 38
4246.0000 12
12306.0000 43
3474.0000 13
12577.0000 36
6774.0000 22
1988.0000 6
11775.0000 35
9713.0000 27
11784.0000 35
10466.0000 38
2326.0000 9
4138.0000 17
10274.0000 37
7241.0000 26
2882.0000 10
7115.0000 23
9007.0000 29
12463.0000 44
267.0000 2
9536.0000 30
938.0000 3
11508.0000 35
3608.0000 15
1788.0000 6
7909.0000 27
12804.0000 41
1282.0000 9
4854.0000 14
11836.0000 32
10711.0000 33
5776.0000 19
12924.0000 35
2956.0000 9
677.0000 4
6918.0000 24
7716.0000 18
689.0000 4
2376.0000 6
5923.0000 16
1564.0000 5
2543.0000 6
3462.0000 14
11628.0000 39
10620.0000 38
12271.0000 38
4302.0000 10
9198.0000 31
11645.0000 39
5193.0000 19
3900.0000 15
11789.0000 37
5524.0000 17
2882.0000 7
6086.0000 18
6619.0000 25
8771.0000 25
1368.0000 6
2483.0000 9
1381.0000 5
6742.0000 24
12513.0000 36
233.0000 4
13120.0000 39
10035.0000 32
1292.0000 2
5595.0000 16
6971.0000 19
9405.0000 31
6234.0000 20
9482.0000 30
1909.0000 6
1144.0000 6
10420.0000 40
6616.0000 20
6232.0000 18
9461.0000 24
5347.0000 22
2532.0000 8
3218.0000 11
12971.0000 39
9176.0000 21
2925.0000 9
196.0000 3
51.0000 2
3063.0000 15
5759.0000 15
3448.0000 11
4609.0000 13
4545.0000 12
1217.0000 5
2573.0000 6
4463.0000 15
4522.0000 15
10385.0000 32
5856.0000 18
4005.0000 12
4979.0000 12
4536.0000 14
13005.0000 41
77.0000 2
3525.0000 17
4655.0000 15
1312.0000 4
8386.0000 29
5601.0000 17
950.0000 5
9163.0000 21
3925.0000 14
5791.0000 20
4790.0000 12
23.0000 2
11278.0000 33
10603.0000 39
4279.0000 13
4392.0000 15
5062.0000 13
5844.0000 15
2296.0000 8
10051.0000 32
3881.0000 15
12117.0000 38
2628.0000 6
7094.0000 22
13232.0000 46
9212.0000 29
13260.0000 34
8951.0000 25
1517.0000 4
8515.0000 34
1870.0000 7
4520.0000 17
2114.0000 11
3008.0000 11
5147.0000 16
241.0000 2
1891.0000 7
1457.0000 6
4694.0000 17
445.0000 3
1772.0000 9
13515.0000 41
11650.0000 37
6978.0000 26
13322.0000 35
415.0000 2
7859.0000 25
407.0000 2
3400.0000 13
2772.0000 9
12568.0000 34
9990.0000 31
12559.0000 36
12905.0000 40
7162.0000 21
1533.0000 7
7117.0000 21
9943.0000 33
10504.0000 39
7051.0000 22
10384.0000 30
13736.0000 40
4644.0000 15
5213.0000 17
4396.0000 14
1549.0000 5
7996.0000 22
5663.0000 18
3007.0000 12
1080.0000 5
4211.0000 14
2147.0000 6
2539.0000 6
9445.0000 27
2701.0000 9
11897.0000 34
8146.0000 27
184.0000 2
4481.0000 13
2357.0000 8
6979.0000 28
2877.0000 11
6485.0000 17
705.0000 4
842.0000 3
8605.0000 29
8181.0000 30
12100.0000 35
5964.0000 23
7489.0000 24
11614.0000 34
5063.0000 15
1874.0000 6
7147.0000 24
13040.0000 40
1343.0000 4
2547.0000 11
10984.0000 30
4545.0000 13
5908.0000 20
1213.0000 6
5934.0000 21
3278.0000 9
3225.0000 11
13815.0000 45
7585.0000 23
7569.0000 23
7596.0000 26
5834.0000 19
12519.0000 33
3938.0000 15
5276.0000 20
9774.0000 24
12649.0000 40
5156.0000 16
5785.0000 16
2946.0000 9
4032.0000 13
1059.0000 3
11773.0000 36
2796.0000 8
8126.0000 21
3848.0000 15
11616.0000 30
257.0000 2
1933.0000 6
11411.0000 35
3792.0000 13
2885.0000 12
12739.0000 32
782.0000 4
2634.0000 9
9204.0000 32
929.0000 5
3366.0000 14
77.0000 2
9945.0000 28
8314.0000 29
9219.0000 31
9208.0000 29
6150.0000 17
9146.0000 35
2587.0000 10
696.0000 5
2108.0000 8
523.0000 2
7570.0000 25
4832.0000 16
4166.0000 15
9837.0000 30
4348.0000 17
6631.0000 19
4611.0000 18
922.0000 6
11580.0000 38
7715.0000 26
14032.0000 48
8755.0000 27
2575.0000 10
6749.0000 20
3882.0000 10
6351.0000 23
6693.0000 23
3601.0000 9
3770.0000 13
1441.0000 4
3559.0000 14
1156.0000 4
10600.0000 29
10758.0000 35
6096.0000 19
9954.0000 35
3870.0000 11
470.0000 3
5950.0000 15
12192.0000 35
913.0000 6
3439.0000 14
2520.0000 9
6818.0000 21
2179.0000 8
6137.0000 18
4009.0000 11
12157.0000 37
7841.0000 25
3994.0000 11
3116.0000 9
8865.0000 27
7962.0000 27
12774.0000 41
3965.0000 9
11421.0000 35
12724.0000 38
3737.0000 16
3639.0000 12
2760.0000 12
1207.0000 4
3978.0000 15
11533.0000 42
5727.0000 18
5600.0000 18
11845.0000 40
13803.0000 49
14417.0000 42
1317.0000 4
7016.0000 22
8938.0000 31
5122.0000 16
5342.0000 15
11490.0000 37
8811.0000 29
2826.0000 10
10458.0000 30
8508.0000 33
6538.0000 20
1867.0000 8
6594.0000 21
5648.0000 18
3136.0000 6
8133.0000 24
12679.0000 44
44.0000 2
9266.0000 31
2316.0000 7
1362.0000 6
5210.0000 19
1643.0000 9
3368.0000 8
3368.0000 11
5233.0000 20
4901.0000 16
6585.0000 16
7764.0000 25
2617.0000 6
3093.0000 8
7934.0000 24
239.0000 3
3890.0000 14
11704.0000 38
3394.0000 14
3208.0000 11
2406.0000 8
12555.0000 39
3856.0000 13
13837.0000 50
7622.0000 22
3113.0000 11
2050.0000 6
2057.0000 7
2300.0000 9
6311.0000 18
6900.0000 18
7980.0000 27
1477.0000 5
348.0000 3
14625.0000 47
13800.0000 39
9394.0000 27
8100.0000 26
12956.0000 40
6883.0000 21
4022.0000 10
8132.0000 24
2965.0000 11
855.0000 3
2292.0000 8
5522.0000 16
8283.0000 29
12907.0000 41
4390.0000 15
10271.0000 31
8754.0000 27
3601.0000 11
498.0000 3
4063.0000 14
13712.0000 41
505.0000 5
1367.0000 7
9360.0000 27
3428.0000 13
4922.0000 16
11956.0000 44
1680.0000 7
7881.0000 23
1837.0000 5
3025.0000 8
3175.0000 12
3349.0000 11
12274.0000 43
1351.0000 6
7150.0000 22
12201.0000 32
5271.0000 15
8432.0000 27
5839.0000 21
3104.0000 8
8446.0000 23
8280.0000 27
5999.0000 24
11551.0000 31
3208.0000 14
2551.0000 8
14860.0000 56
4188.0000 12
6571.0000 20
7970.0000 23
2692.0000 10
6736.0000 18
7310.0000 22
3236.0000 12
4705.0000 14
2277.0000 10
1692.0000 5
6978.0000 22
4542.0000 14
8476.0000 25
12030.0000 36
6991.0000 22
1819.0000 6
7647.0000 23
10912.0000 39
4603.0000 17
3178.0000 11
11341.0000 34
1957.0000 5
5459.0000 19
12940.0000 39
8083.0000 22
8029.0000 26
1857.0000 8
11182.0000 36
4830.0000 15
5568.0000 18
2661.0000 11
10921.0000 30
2732.0000 8
14541.0000 41
8945.0000 31
4511.0000 21
2993.0000 9
902.0000 4
14975.0000 48
825.0000 5
6118.0000 23
7568.0000 24
2761.0000 10
793.0000 5
3776.0000 11
7584.0000 25
687.0000 6
8226.0000 28
11430.0000 39
2901.0000 5
2902.0000 7
10689.0000 35
3623.0000 14
566.0000 3
12400.0000 36
2145.0000 13
770.0000 3
14587.0000 49
15260.0000 50
14834.0000 44
1293.0000 9
13386.0000 43
8945.0000 31
10355.0000 34
863.0000 4
9653.0000 30
3413.0000 13
4063.0000 13
5943.0000 25
494.0000 6
4531.0000 15
956.0000 7
5667.0000 22
3684.0000 13
3141.0000 9
8285.0000 31
6851.0000 19
9755.0000 29
3721.0000 13
1971.0000 8
14326.0000 51
15101.0000 43
3121.0000 15
2738.0000 9
3872.0000 12
13733.0000 44
8640.0000 27
4039.0000 18
654.0000 5
14527.0000 42
13155.0000 46
3503.0000 9
670.0000 3
7155.0000 20
3606.0000 15
14357.0000 45
5609.0000 20
4189.0000 18
3519.0000 10
14811.0000 54
3618.0000 14
11144.0000 30
4879.0000 16
3644.0000 12
1391.0000 6
3540.0000 10
6546.0000 21
5464.0000 18
8096.0000 29
3835.0000 13
11189.0000 28
4144.0000 11
6630.0000 18
7549.0000 23
3311.0000 11
4655.0000 15
12931.0000 44
6613.0000 25
4071.0000 20
14027.0000 50
1938.0000 8
14379.0000 48
1204.0000 5
3613.0000 13
12339.0000 38
6621.0000 25
15005.0000 42
15294.0000 56
5230.0000 15
14316.0000 43
3916.0000 14
5643.0000 15
10122.0000 32
5071.0000 16
3681.0000 13
5564.0000 19
1580.0000 8
11724.0000 45
15469.0000 52
9289.0000 28
6091.0000 20
15484.0000 57
639.0000 4
12071.0000 43
6390.0000 19
14712.0000 53
8494.0000 23
15123.0000 48
3255.0000 11
9719.0000 33
4652.0000 16
10461.0000 33
11210.0000 39
13458.0000 39
8574.0000 24
13645.0000 35
6697.0000 19
1903.0000 5
10114.0000 29
1869.0000 9
15176.0000 45
1293.0000 4
1689.0000 9
7743.0000 24
8641.0000 27
7617.0000 24
2003.0000 5
3928.0000 12
9290.0000 29
10251.0000 35
4007.0000 13
8034.0000 22
13184.0000 42
1419.0000 5
2765.0000 14
3897.0000 12
5188.0000 24
4143.0000 14
5444.0000 19
2643.0000 11
4522.0000 16
14738.0000 45
6807.0000 15
2581.0000 7
2686.0000 9
14143.0000 48
6408.0000 23
14914.0000 47
1022.0000 4
7054.0000 23
14423.0000 48
9766.0000 32
3528.0000 14
5805.0000 21
13122.0000 45
343.0000 3
6410.0000 22
382.0000 2
14480.0000 45
9077.0000 33
3308.0000 14
5524.0000 21
5296.0000 15
10872.0000 35
209.0000 2
12930.0000 40
4348.0000 13
15753.0000 53
3477.0000 11
6503.0000 20
6878.0000 19
11543.0000 43
2710.0000 9
8862.0000 29
13830.0000 43
426.0000 3
14010.0000 49
1276.0000 5
1152.0000 5
15961.0000 49
16018.0000 48
1825.0000 7
9140.0000 26
13671.0000 44
3774.0000 12
10420.0000 29
13448.0000 42
6512.0000 20
8350.0000 24
7601.0000 24
9134.0000 29
7639.0000 24
12481.0000 46
14479.0000 47
4405.0000 16
815.0000 4
5211.0000 16
7165.0000 22
14467.0000 38
3879.0000 16
369.0000 2
14654.0000 42
3488.0000 13
12241.0000 36
1435.0000 11
3105.0000 12
15349.0000 50
10062.0000 33
4839.0000 15
5319.0000 20
7972.0000 28
14643.0000 45
4026.0000 14
5612.0000 14
12421.0000 39
14541.0000 47
459.0000 3
3704.0000 13
5470.0000 16
8218.0000 26
11772.0000 43
1060.0000 5
7901.0000 24
7760.0000 23
7291.0000 21
9736.0000 28
15689.0000 44
4037.0000 12
1185.0000 5
856.0000 5
4362.0000 13
13001.0000 43
3642.0000 15
7840.0000 24
1298.0000 5
8951.0000 29
12303.0000 41
433.0000 2
9588.0000 29
2640.0000 7
6274.0000 19
8088.0000 23
4221.0000 13
9056.0000 27
3852.0000 10
13257.0000 39
1111.0000 5
930.0000 4
16128.0000 52
1997.0000 5
8881.0000 25
3686.0000 14
9403.0000 33
16075.0000 59
11913.0000 34
4146.0000 21
132.0000 3
5003.0000 16
5752.0000 16
9605.0000 30
3359.0000 12
12559.0000 39
2188.0000 9
13554.0000 47
8109.0000 26
2253.0000 8
4495.0000 14
1711.0000 6
7186.0000 23
13072.0000 41
4476.0000 16
2020.0000 7
2949.0000 11
6601.0000 26
14871.0000 55
4482.0000 18
8519.0000 27
7112.0000 22
6810.0000 27
14328.0000 43
5001.0000 21
13453.0000 43
1176.0000 4
11111.0000 38
3885.0000 12
1274.0000 7
4324.0000 17
13532.0000 47
10547.0000 30
8218.0000 23
4068.0000 10
2697.0000 11
12839.0000 39
4865.0000 19
16448.0000 57
10060.0000 26
12133.0000 44
4370.0000 12
4629.0000 12
2551.0000 9
11082.0000 40
5353.0000 13
13385.0000 40
10707.0000 38
1776.0000 9
9204.0000 27
4821.0000 15
2525.0000 6
6121.0000 18
6093.0000 20
1194.0000 4
4458.0000 15
13592.0000 49
9245.0000 25
2457.0000 7
6887.0000 23
12925.0000 41
4229.0000 17
4733.0000 19
2526.0000 10
1996.0000 10
2736.0000 15
9385.0000 30
16497.0000 53
13360.0000 41
6431.0000 24
10300.0000 38
5896.0000 18
7574.0000 23
4847.0000 14
15391.0000 48
12964.0000 46
13758.0000 45
12431.0000 37
14506.0000 39
15999.0000 51
4258.0000 16
10973.0000 36
16879.0000 61
9768.0000 28
10418.0000 36
3163.0000 8
7126.0000 25
7197.0000 26
3172.0000 8
12968.0000 40
11593.0000 29
8115.0000 24
3537.0000 14
15599.0000 53
12671.0000 37
2939.0000 10
7431.0000 23
8444.0000 26
4948.0000 16
13885.0000 37
11489.0000 37
1171.0000 6
2241.0000 8
17002.0000 61
13748.0000 45
5476.0000 22
3565.0000 14
13297.0000 41
5702.0000 19
4007.0000 18
11702.0000 28
6222.0000 20
16132.0000 51
12268.0000 38
7019.0000 24
14504.0000 55
15491.0000 51
4856.0000 15
7592.0000 21
2343.0000 11
3036.0000 10
10944.0000 34
356.0000 3
11230.0000 34
7288.0000 19
15652.0000 58
8821.0000 25
7725.0000 33
3193.0000 12
9071.0000 26
7460.0000 26
4536.0000 16
2644.0000 7
7337.0000 25
10067.0000 25
1368.0000 5
6316.0000 21
5238.0000 19
425.0000 2
4034.0000 14
1795.0000 9
5542.0000 21
14861.0000 54
2213.0000 8
13716.0000 37
4574.0000 17
7244.0000 23
2397.0000 11
904.0000 3
3935.0000 14
521.0000 2
4617.0000 16
11903.0000 40
441.0000 2
6469.0000 21
2757.0000 10
11934.0000 31
14983.0000 41
16819.0000 55
4671.0000 16
1562.0000 4
14088.0000 43
1973.0000 7
5102.0000 15
12869.0000 42
15314.0000 52
102.0000 2
9150.0000 28
14328.0000 45
10445.0000 37
17039.0000 51
1925.0000 6
8292.0000 29
37.0000 2
3138.0000 12
11639.0000 41
17078.0000 55
17116.0000 57
16539.0000 51
3855.0000 12
1343.0000 8
5211.0000 20
13564.0000 47
3874.0000 11
7123.0000 24
7138.0000 25
13652.0000 45
988.0000 3
3464.0000 15
1369.0000 6
317.0000 2
4015.0000 12
2100.0000 9
6878.0000 19
9858.0000 31
6884.0000 19
14614.0000 42
2640.0000 10
12948.0000 37
5305.0000 16
9429.0000 30
1038.0000 3
14533.0000 50
1527.0000 7
15985.0000 50
5874.0000 24
3971.0000 12
13100.0000 46
2091.0000 6
502.0000 2
6756.0000 23
766.0000 6
2550.0000 9
6520.0000 20
1952.0000 5
6950.0000 19
9101.0000 24
1689.0000 5
7036.0000 23
6329.0000 17
4516.0000 14
1907.0000 9
1935.0000 7
2731.0000 8
1485.0000 6
7105.0000 17
9847.0000 28
17405.0000 59
3545.0000 12
494.0000 3
447.0000 2
9215.0000 31
4417.0000 13
16594.0000 63
6112.0000 19
8055.0000 28
636.0000 3
17568.0000 56
11736.0000 36
16434.0000 45
17469.0000 57
15163.0000 45
8105.0000 28
6474.0000 19
848.0000 4
108.0000 2
11931.0000 34
15259.0000 58
4529.0000 18
4243.0000 10
8137.0000 22
8858.0000 26
11131.0000 32
1617.0000 6
5931.0000 18
17570.0000 54
608.0000 3
3084.0000 10
8099.0000 31
7526.0000 23
6155.0000 20
16338.0000 57
6384.0000 21
1392.0000 5
8127.0000 24
14894.0000 55
272.0000 3
3492.0000 11
17822.0000 51
2397.0000 8
5294.0000 21
7595.0000 27
8466.0000 23
averageTime:4331.249864351601  averageHopCount:15.24877916440586
