# time  hit_cache  total_cache  hit_cache/total_cache
46.0000  0.5000
55.0000  0.4167
59.0000  0.4167
65.0000  0.3611
74.0000  0.3333
76.0000  0.3000
78.0000  0.3000
82.0000  0.2917
84.0000  0.2917
97.0000  0.2704
108.0000  0.2276
110.0000  0.2130
110.0000  0.1994
113.0000  0.1920
115.0000  0.1970
118.0000  0.1920
135.0000  0.1821
142.0000  0.1745
166.0000  0.1666
173.0000  0.1646
201.0000  0.1531
205.0000  0.1459
207.0000  0.1456
209.0000  0.1391
210.0000  0.1416
221.0000  0.1429
224.0000  0.1365
226.0000  0.1314
227.0000  0.1332
234.0000  0.1351
238.0000  0.1369
279.0000  0.1372
279.0000  0.1311
280.0000  0.1322
297.0000  0.1269
323.0000  0.1261
326.0000  0.1273
326.0000  0.1214
330.0000  0.1214
338.0000  0.1168
339.0000  0.1164
339.0000  0.1121
345.0000  0.1091
352.0000  0.1101
354.0000  0.1101
365.0000  0.1065
368.0000  0.1029
372.0000  0.1040
375.0000  0.1046
376.0000  0.1058
383.0000  0.1067
384.0000  0.1075
392.0000  0.1085
393.0000  0.1081
399.0000  0.1087
408.0000  0.1087
410.0000  0.1087
419.0000  0.1097
424.0000  0.1061
431.0000  0.1061
444.0000  0.1028
447.0000  0.1031
449.0000  0.1031
453.0000  0.1031
454.0000  0.0998
456.0000  0.0998
458.0000  0.0998
459.0000  0.0968
459.0000  0.0973
459.0000  0.0945
460.0000  0.0938
463.0000  0.0943
470.0000  0.0917
470.0000  0.0914
471.0000  0.0917
473.0000  0.0917
475.0000  0.0894
482.0000  0.0894
485.0000  0.0899
485.0000  0.0899
491.0000  0.0899
497.0000  0.0904
502.0000  0.0904
503.0000  0.0908
504.0000  0.0908
504.0000  0.0911
506.0000  0.0887
507.0000  0.0892
509.0000  0.0892
511.0000  0.0895
514.0000  0.0899
515.0000  0.0877
518.0000  0.0884
518.0000  0.0862
519.0000  0.0842
520.0000  0.0845
521.0000  0.0850
521.0000  0.0856
522.0000  0.0838
524.0000  0.0842
525.0000  0.0847
525.0000  0.0828
528.0000  0.0832
531.0000  0.0837
532.0000  0.0842
534.0000  0.0842
534.0000  0.0843
534.0000  0.0843
535.0000  0.0843
536.0000  0.0848
543.0000  0.0851
543.0000  0.0855
544.0000  0.0855
545.0000  0.0858
547.0000  0.0861
550.0000  0.0865
550.0000  0.0847
552.0000  0.0851
552.0000  0.0851
552.0000  0.0855
552.0000  0.0858
553.0000  0.0862
553.0000  0.0818
554.0000  0.0800
559.0000  0.0800
562.0000  0.0803
563.0000  0.0803
564.0000  0.0801
565.0000  0.0804
566.0000  0.0808
569.0000  0.0811
569.0000  0.0815
573.0000  0.0819
584.0000  0.0819
589.0000  0.0820
589.0000  0.0820
592.0000  0.0815
603.0000  0.0815
603.0000  0.0815
604.0000  0.0815
605.0000  0.0798
607.0000  0.0801
609.0000  0.0805
613.0000  0.0806
615.0000  0.0806
616.0000  0.0791
624.0000  0.0788
628.0000  0.0791
631.0000  0.0775
634.0000  0.0772
635.0000  0.0775
639.0000  0.0776
644.0000  0.0761
647.0000  0.0762
647.0000  0.0765
650.0000  0.0768
654.0000  0.0770
655.0000  0.0773
658.0000  0.0773
664.0000  0.0774
666.0000  0.0777
667.0000  0.0770
677.0000  0.0773
683.0000  0.0772
684.0000  0.0775
685.0000  0.0775
686.0000  0.0777
687.0000  0.0777
690.0000  0.0780
691.0000  0.0783
692.0000  0.0783
692.0000  0.0768
693.0000  0.0771
695.0000  0.0774
699.0000  0.0769
699.0000  0.0755
700.0000  0.0755
702.0000  0.0757
702.0000  0.0759
705.0000  0.0745
709.0000  0.0745
709.0000  0.0748
710.0000  0.0750
711.0000  0.0750
713.0000  0.0752
714.0000  0.0752
714.0000  0.0753
715.0000  0.0740
716.0000  0.0728
718.0000  0.0730
718.0000  0.0683
719.0000  0.0672
721.0000  0.0673
721.0000  0.0675
724.0000  0.0677
724.0000  0.0679
725.0000  0.0679
728.0000  0.0683
733.0000  0.0684
738.0000  0.0686
739.0000  0.0689
742.0000  0.0691
749.0000  0.0691
750.0000  0.0694
752.0000  0.0697
752.0000  0.0699
754.0000  0.0699
755.0000  0.0701
755.0000  0.0703
759.0000  0.0692
759.0000  0.0695
763.0000  0.0697
765.0000  0.0700
765.0000  0.0689
768.0000  0.0678
769.0000  0.0681
772.0000  0.0683
775.0000  0.0673
776.0000  0.0673
780.0000  0.0676
786.0000  0.0676
792.0000  0.0676
793.0000  0.0679
794.0000  0.0681
796.0000  0.0683
796.0000  0.0684
803.0000  0.0674
803.0000  0.0675
804.0000  0.0676
807.0000  0.0679
807.0000  0.0680
812.0000  0.0682
813.0000  0.0682
815.0000  0.0685
816.0000  0.0685
817.0000  0.0685
824.0000  0.0685
826.0000  0.0687
827.0000  0.0687
829.0000  0.0687
829.0000  0.0687
831.0000  0.0689
834.0000  0.0679
836.0000  0.0680
839.0000  0.0681
841.0000  0.0683
842.0000  0.0673
848.0000  0.0674
849.0000  0.0675
851.0000  0.0675
853.0000  0.0676
854.0000  0.0676
861.0000  0.0676
862.0000  0.0678
865.0000  0.0679
867.0000  0.0679
868.0000  0.0680
870.0000  0.0681
871.0000  0.0683
872.0000  0.0685
874.0000  0.0687
877.0000  0.0689
880.0000  0.0689
880.0000  0.0689
880.0000  0.0690
887.0000  0.0689
898.0000  0.0692
899.0000  0.0694
902.0000  0.0695
905.0000  0.0695
905.0000  0.0697
905.0000  0.0698
910.0000  0.0700
913.0000  0.0691
918.0000  0.0692
921.0000  0.0694
922.0000  0.0693
924.0000  0.0695
930.0000  0.0697
931.0000  0.0699
933.0000  0.0700
935.0000  0.0691
937.0000  0.0681
942.0000  0.0684
942.0000  0.0686
944.0000  0.0677
947.0000  0.0668
949.0000  0.0659
956.0000  0.0659
959.0000  0.0662
962.0000  0.0653
963.0000  0.0653
968.0000  0.0655
970.0000  0.0655
971.0000  0.0655
972.0000  0.0657
974.0000  0.0659
975.0000  0.0662
976.0000  0.0664
977.0000  0.0666
978.0000  0.0668
979.0000  0.0668
979.0000  0.0660
982.0000  0.0661
984.0000  0.0663
988.0000  0.0666
988.0000  0.0667
999.0000  0.0668
999.0000  0.0670
999.0000  0.0662
1001.0000  0.0664
1001.0000  0.0664
1001.0000  0.0664
1003.0000  0.0666
1006.0000  0.0667
1008.0000  0.0665
1011.0000  0.0657
1014.0000  0.0649
1016.0000  0.0651
1019.0000  0.0653
1020.0000  0.0656
1024.0000  0.0657
1026.0000  0.0649
1027.0000  0.0651
1029.0000  0.0653
1030.0000  0.0646
1032.0000  0.0647
1033.0000  0.0648
1035.0000  0.0649
1036.0000  0.0650
1039.0000  0.0652
1045.0000  0.0653
1045.0000  0.0654
1047.0000  0.0656
1051.0000  0.0658
1054.0000  0.0658
1056.0000  0.0658
1059.0000  0.0659
1062.0000  0.0652
1065.0000  0.0653
1068.0000  0.0654
1068.0000  0.0655
1075.0000  0.0648
1075.0000  0.0650
1075.0000  0.0651
1076.0000  0.0644
1078.0000  0.0645
1082.0000  0.0646
1086.0000  0.0647
1088.0000  0.0647
1090.0000  0.0648
1091.0000  0.0641
1091.0000  0.0634
1093.0000  0.0636
1104.0000  0.0630
1108.0000  0.0631
1108.0000  0.0632
1109.0000  0.0634
1111.0000  0.0635
1119.0000  0.0635
1120.0000  0.0635
1125.0000  0.0635
1137.0000  0.0635
1139.0000  0.0636
1139.0000  0.0637
1141.0000  0.0637
1142.0000  0.0638
1144.0000  0.0639
1145.0000  0.0639
1151.0000  0.0632
1151.0000  0.0634
1159.0000  0.0635
1164.0000  0.0636
1166.0000  0.0638
1169.0000  0.0640
1170.0000  0.0633
1174.0000  0.0634
1174.0000  0.0635
1177.0000  0.0636
1180.0000  0.0637
1181.0000  0.0638
1184.0000  0.0639
1191.0000  0.0640
1200.0000  0.0634
1212.0000  0.0628
1212.0000  0.0629
1217.0000  0.0629
1225.0000  0.0629
1230.0000  0.0630
1230.0000  0.0624
1236.0000  0.0625
1240.0000  0.0626
1241.0000  0.0627
1244.0000  0.0628
1246.0000  0.0629
1247.0000  0.0630
1250.0000  0.0631
1255.0000  0.0632
1255.0000  0.0620
1260.0000  0.0621
1260.0000  0.0622
1269.0000  0.0624
1272.0000  0.0625
1275.0000  0.0625
1278.0000  0.0626
1279.0000  0.0628
1279.0000  0.0629
1282.0000  0.0630
1285.0000  0.0632
1286.0000  0.0632
1289.0000  0.0632
1290.0000  0.0634
1291.0000  0.0635
1292.0000  0.0629
1293.0000  0.0630
1298.0000  0.0631
1301.0000  0.0632
1301.0000  0.0633
1304.0000  0.0635
1307.0000  0.0636
1308.0000  0.0638
1309.0000  0.0638
1311.0000  0.0639
1312.0000  0.0640
1313.0000  0.0642
1314.0000  0.0643
1315.0000  0.0645
1317.0000  0.0646
1317.0000  0.0647
1319.0000  0.0648
1320.0000  0.0649
1327.0000  0.0650
1328.0000  0.0651
1330.0000  0.0652
1337.0000  0.0653
1337.0000  0.0653
1340.0000  0.0655
1340.0000  0.0655
1342.0000  0.0656
1350.0000  0.0657
1353.0000  0.0651
1356.0000  0.0653
1357.0000  0.0655
1357.0000  0.0656
1362.0000  0.0657
1362.0000  0.0659
1365.0000  0.0660
1368.0000  0.0661
1370.0000  0.0662
1374.0000  0.0664
1377.0000  0.0666
1382.0000  0.0666
1383.0000  0.0668
1387.0000  0.0668
1388.0000  0.0669
1390.0000  0.0663
1396.0000  0.0664
1396.0000  0.0664
1399.0000  0.0665
1402.0000  0.0666
1407.0000  0.0667
1409.0000  0.0667
1412.0000  0.0669
1414.0000  0.0670
1415.0000  0.0663
1415.0000  0.0665
1419.0000  0.0666
1420.0000  0.0668
1420.0000  0.0669
1421.0000  0.0671
1422.0000  0.0664
1423.0000  0.0665
1429.0000  0.0665
1431.0000  0.0667
1433.0000  0.0668
1433.0000  0.0668
1433.0000  0.0669
1439.0000  0.0669
1441.0000  0.0670
1443.0000  0.0671
1454.0000  0.0672
1457.0000  0.0673
1459.0000  0.0667
1464.0000  0.0668
1465.0000  0.0670
1465.0000  0.0670
1466.0000  0.0670
1482.0000  0.0671
1484.0000  0.0673
1501.0000  0.0666
1502.0000  0.0660
1502.0000  0.0660
1509.0000  0.0654
1512.0000  0.0655
1513.0000  0.0656
1514.0000  0.0656
1519.0000  0.0656
1520.0000  0.0650
1531.0000  0.0651
1532.0000  0.0652
1538.0000  0.0654
1542.0000  0.0653
1543.0000  0.0655
1550.0000  0.0657
1552.0000  0.0657
1557.0000  0.0657
1568.0000  0.0657
1571.0000  0.0659
1575.0000  0.0660
1575.0000  0.0661
1578.0000  0.0661
1583.0000  0.0662
1592.0000  0.0662
1595.0000  0.0663
1595.0000  0.0663
1597.0000  0.0657
1597.0000  0.0652
1607.0000  0.0653
1616.0000  0.0653
1617.0000  0.0654
1620.0000  0.0654
1624.0000  0.0655
1624.0000  0.0657
1625.0000  0.0657
1628.0000  0.0651
1632.0000  0.0652
1635.0000  0.0653
1636.0000  0.0654
1639.0000  0.0654
1642.0000  0.0647
1642.0000  0.0649
1645.0000  0.0649
1650.0000  0.0651
1651.0000  0.0645
1658.0000  0.0646
1660.0000  0.0647
1665.0000  0.0648
1678.0000  0.0649
1681.0000  0.0649
1682.0000  0.0644
1683.0000  0.0639
1694.0000  0.0634
1696.0000  0.0635
1701.0000  0.0637
1712.0000  0.0638
1716.0000  0.0633
1718.0000  0.0633
1728.0000  0.0634
1728.0000  0.0635
1729.0000  0.0635
1743.0000  0.0630
1747.0000  0.0632
1750.0000  0.0633
1754.0000  0.0633
1756.0000  0.0635
1772.0000  0.0635
1774.0000  0.0636
1774.0000  0.0636
1783.0000  0.0637
1784.0000  0.0637
1784.0000  0.0638
1786.0000  0.0639
1786.0000  0.0640
1793.0000  0.0641
1794.0000  0.0643
1794.0000  0.0643
1801.0000  0.0645
1802.0000  0.0646
1803.0000  0.0641
1804.0000  0.0643
1804.0000  0.0643
1807.0000  0.0629
1809.0000  0.0629
1812.0000  0.0630
1820.0000  0.0630
1824.0000  0.0631
1825.0000  0.0631
1829.0000  0.0633
1834.0000  0.0634
1842.0000  0.0634
1847.0000  0.0635
1849.0000  0.0630
1849.0000  0.0630
1852.0000  0.0631
1853.0000  0.0631
1855.0000  0.0632
1856.0000  0.0633
1863.0000  0.0628
1864.0000  0.0629
1867.0000  0.0624
1877.0000  0.0624
1879.0000  0.0625
1880.0000  0.0626
1881.0000  0.0626
1882.0000  0.0628
1885.0000  0.0628
1886.0000  0.0629
1887.0000  0.0629
1889.0000  0.0630
1892.0000  0.0631
1895.0000  0.0633
1896.0000  0.0634
1905.0000  0.0635
1913.0000  0.0635
1918.0000  0.0636
1921.0000  0.0637
1923.0000  0.0638
1927.0000  0.0638
1927.0000  0.0639
1936.0000  0.0640
1939.0000  0.0640
1940.0000  0.0641
1942.0000  0.0641
1946.0000  0.0642
1947.0000  0.0643
1948.0000  0.0643
1952.0000  0.0644
1956.0000  0.0645
1958.0000  0.0640
1959.0000  0.0640
1960.0000  0.0641
1960.0000  0.0642
1963.0000  0.0642
1966.0000  0.0644
1966.0000  0.0644
1966.0000  0.0639
1969.0000  0.0640
1969.0000  0.0641
1976.0000  0.0642
1977.0000  0.0642
1981.0000  0.0643
1982.0000  0.0644
1983.0000  0.0645
1985.0000  0.0646
1987.0000  0.0647
1995.0000  0.0648
1998.0000  0.0649
1999.0000  0.0650
2000.0000  0.0651
2002.0000  0.0651
2006.0000  0.0652
2006.0000  0.0653
2008.0000  0.0655
2008.0000  0.0655
2015.0000  0.0657
2019.0000  0.0657
2027.0000  0.0657
2035.0000  0.0657
2038.0000  0.0658
2049.0000  0.0658
2060.0000  0.0659
2063.0000  0.0659
2069.0000  0.0660
2076.0000  0.0661
2092.0000  0.0662
2092.0000  0.0662
2096.0000  0.0662
2102.0000  0.0663
2106.0000  0.0663
2108.0000  0.0663
2112.0000  0.0665
2116.0000  0.0666
2120.0000  0.0666
2121.0000  0.0667
2122.0000  0.0667
2123.0000  0.0667
2128.0000  0.0668
2133.0000  0.0669
2134.0000  0.0669
2136.0000  0.0670
2138.0000  0.0671
2139.0000  0.0666
2141.0000  0.0661
2144.0000  0.0661
2150.0000  0.0663
2151.0000  0.0663
2154.0000  0.0664
2156.0000  0.0663
2160.0000  0.0664
2164.0000  0.0664
2168.0000  0.0665
2175.0000  0.0666
2176.0000  0.0667
2181.0000  0.0668
2190.0000  0.0670
2192.0000  0.0671
2192.0000  0.0672
2195.0000  0.0673
2200.0000  0.0674
2200.0000  0.0674
2203.0000  0.0675
2204.0000  0.0675
2205.0000  0.0670
2205.0000  0.0671
2205.0000  0.0673
2206.0000  0.0673
2212.0000  0.0675
2213.0000  0.0675
2214.0000  0.0676
2216.0000  0.0676
2216.0000  0.0676
2224.0000  0.0678
2232.0000  0.0678
2233.0000  0.0680
2235.0000  0.0674
2248.0000  0.0675
2249.0000  0.0676
2268.0000  0.0671
2268.0000  0.0671
2277.0000  0.0672
2279.0000  0.0673
2285.0000  0.0673
2290.0000  0.0668
2290.0000  0.0664
2295.0000  0.0664
2309.0000  0.0665
2311.0000  0.0665
2313.0000  0.0667
2315.0000  0.0668
2317.0000  0.0668
2318.0000  0.0669
2321.0000  0.0670
2331.0000  0.0670
2337.0000  0.0672
2346.0000  0.0673
2352.0000  0.0674
2352.0000  0.0675
2361.0000  0.0675
2364.0000  0.0676
2369.0000  0.0671
2369.0000  0.0671
2373.0000  0.0672
2375.0000  0.0672
2392.0000  0.0673
2396.0000  0.0674
2396.0000  0.0675
2402.0000  0.0676
2404.0000  0.0676
2406.0000  0.0677
2406.0000  0.0677
2415.0000  0.0679
2426.0000  0.0679
2430.0000  0.0680
2431.0000  0.0680
2433.0000  0.0681
2434.0000  0.0681
2435.0000  0.0682
2438.0000  0.0682
2446.0000  0.0683
2451.0000  0.0684
2452.0000  0.0684
2459.0000  0.0685
2459.0000  0.0685
2463.0000  0.0687
2463.0000  0.0687
2470.0000  0.0688
2473.0000  0.0688
2475.0000  0.0689
2476.0000  0.0689
2478.0000  0.0690
2485.0000  0.0691
2489.0000  0.0692
2495.0000  0.0692
2496.0000  0.0694
2501.0000  0.0695
2504.0000  0.0696
2505.0000  0.0696
2510.0000  0.0696
2512.0000  0.0697
2516.0000  0.0697
2526.0000  0.0698
2527.0000  0.0698
2528.0000  0.0698
2528.0000  0.0699
2530.0000  0.0699
2536.0000  0.0700
2536.0000  0.0701
2537.0000  0.0701
2541.0000  0.0696
2545.0000  0.0697
2552.0000  0.0697
2560.0000  0.0699
2562.0000  0.0699
2567.0000  0.0700
2579.0000  0.0702
2582.0000  0.0702
2590.0000  0.0702
2594.0000  0.0703
2596.0000  0.0703
2597.0000  0.0703
2604.0000  0.0704
2604.0000  0.0699
2606.0000  0.0701
2606.0000  0.0701
2608.0000  0.0701
2614.0000  0.0701
2615.0000  0.0696
2616.0000  0.0697
2618.0000  0.0698
2624.0000  0.0698
2630.0000  0.0693
2630.0000  0.0693
2633.0000  0.0694
2651.0000  0.0694
2655.0000  0.0695
2659.0000  0.0696
2666.0000  0.0697
2671.0000  0.0698
2672.0000  0.0699
2680.0000  0.0700
2682.0000  0.0701
2683.0000  0.0702
2685.0000  0.0702
2686.0000  0.0703
2687.0000  0.0703
2687.0000  0.0704
2688.0000  0.0705
2688.0000  0.0705
2716.0000  0.0706
2717.0000  0.0707
2731.0000  0.0708
2736.0000  0.0709
2745.0000  0.0710
2748.0000  0.0705
2748.0000  0.0706
2753.0000  0.0707
2755.0000  0.0707
2760.0000  0.0707
2763.0000  0.0708
2775.0000  0.0708
2776.0000  0.0709
2777.0000  0.0710
2784.0000  0.0710
2789.0000  0.0711
2791.0000  0.0712
2794.0000  0.0707
2796.0000  0.0708
2796.0000  0.0709
2797.0000  0.0709
2806.0000  0.0710
2809.0000  0.0711
2812.0000  0.0712
2813.0000  0.0713
2816.0000  0.0713
2819.0000  0.0714
2820.0000  0.0714
2836.0000  0.0715
2837.0000  0.0716
2840.0000  0.0716
2845.0000  0.0717
2847.0000  0.0712
2850.0000  0.0713
2855.0000  0.0715
2863.0000  0.0715
2868.0000  0.0716
2872.0000  0.0717
2873.0000  0.0718
2880.0000  0.0719
2886.0000  0.0720
2889.0000  0.0721
2891.0000  0.0722
2891.0000  0.0722
2894.0000  0.0722
2897.0000  0.0722
2899.0000  0.0723
2900.0000  0.0723
2905.0000  0.0718
2907.0000  0.0714
2913.0000  0.0715
2916.0000  0.0715
2918.0000  0.0715
2922.0000  0.0716
2933.0000  0.0717
2934.0000  0.0718
2937.0000  0.0718
2937.0000  0.0717
2945.0000  0.0718
2947.0000  0.0718
2949.0000  0.0718
2955.0000  0.0720
2959.0000  0.0719
2962.0000  0.0720
2963.0000  0.0721
2966.0000  0.0722
2971.0000  0.0722
2975.0000  0.0722
2977.0000  0.0717
2981.0000  0.0718
2983.0000  0.0719
2984.0000  0.0720
2986.0000  0.0715
2987.0000  0.0716
2993.0000  0.0716
3001.0000  0.0717
3006.0000  0.0718
3010.0000  0.0714
3012.0000  0.0709
3014.0000  0.0709
3018.0000  0.0710
3029.0000  0.0711
3035.0000  0.0712
3041.0000  0.0713
3042.0000  0.0714
3043.0000  0.0715
3052.0000  0.0715
3056.0000  0.0716
3056.0000  0.0716
3059.0000  0.0717
3060.0000  0.0717
3063.0000  0.0718
3063.0000  0.0718
3068.0000  0.0718
3069.0000  0.0718
3071.0000  0.0719
3073.0000  0.0721
3074.0000  0.0722
3076.0000  0.0722
3078.0000  0.0717
3079.0000  0.0718
3080.0000  0.0719
3083.0000  0.0720
3088.0000  0.0721
3088.0000  0.0721
3097.0000  0.0722
3100.0000  0.0722
3104.0000  0.0723
3104.0000  0.0724
3112.0000  0.0724
3112.0000  0.0725
3115.0000  0.0726
3118.0000  0.0727
3126.0000  0.0728
3130.0000  0.0729
3133.0000  0.0729
3134.0000  0.0730
3136.0000  0.0731
3150.0000  0.0731
3158.0000  0.0731
3168.0000  0.0732
3168.0000  0.0732
3171.0000  0.0732
3174.0000  0.0733
3176.0000  0.0734
3179.0000  0.0734
3179.0000  0.0735
3185.0000  0.0735
3194.0000  0.0736
3197.0000  0.0737
3197.0000  0.0737
3201.0000  0.0738
3219.0000  0.0739
3222.0000  0.0739
3233.0000  0.0740
3236.0000  0.0741
3238.0000  0.0741
3240.0000  0.0741
3242.0000  0.0741
3256.0000  0.0742
3256.0000  0.0743
3260.0000  0.0743
3273.0000  0.0744
3275.0000  0.0745
3276.0000  0.0740
3282.0000  0.0740
3285.0000  0.0741
3303.0000  0.0742
3309.0000  0.0743
3320.0000  0.0743
3325.0000  0.0745
3340.0000  0.0745
3350.0000  0.0746
3355.0000  0.0745
3359.0000  0.0746
3360.0000  0.0747
3362.0000  0.0748
3363.0000  0.0744
3392.0000  0.0744
3395.0000  0.0744
3397.0000  0.0746
3419.0000  0.0746
3433.0000  0.0747
3438.0000  0.0747
3441.0000  0.0748
3442.0000  0.0749
3453.0000  0.0750
3454.0000  0.0750
3455.0000  0.0750
3455.0000  0.0750
3455.0000  0.0751
3459.0000  0.0751
3462.0000  0.0752
3465.0000  0.0752
3474.0000  0.0753
3477.0000  0.0753
3479.0000  0.0753
3483.0000  0.0754
3483.0000  0.0755
3490.0000  0.0756
3493.0000  0.0757
3495.0000  0.0758
3496.0000  0.0758
3497.0000  0.0758
3502.0000  0.0754
3504.0000  0.0754
3512.0000  0.0754
3516.0000  0.0755
3517.0000  0.0756
3518.0000  0.0757
3520.0000  0.0752
3522.0000  0.0752
3526.0000  0.0753
3542.0000  0.0754
3547.0000  0.0754
3550.0000  0.0749
3557.0000  0.0749
3563.0000  0.0750
3563.0000  0.0751
3564.0000  0.0752
3566.0000  0.0752
3574.0000  0.0748
3577.0000  0.0748
3583.0000  0.0748
3584.0000  0.0748
3584.0000  0.0749
3590.0000  0.0749
3594.0000  0.0749
3594.0000  0.0750
3599.0000  0.0750
3604.0000  0.0751
3608.0000  0.0751
3610.0000  0.0752
3611.0000  0.0752
3611.0000  0.0752
3621.0000  0.0752
3621.0000  0.0753
3622.0000  0.0753
3623.0000  0.0754
3628.0000  0.0754
3630.0000  0.0755
3631.0000  0.0755
3632.0000  0.0757
3633.0000  0.0758
3639.0000  0.0758
3639.0000  0.0753
3640.0000  0.0754
3642.0000  0.0755
3650.0000  0.0750
3652.0000  0.0750
3653.0000  0.0750
3653.0000  0.0751
3657.0000  0.0748
3661.0000  0.0749
3669.0000  0.0750
3676.0000  0.0751
3691.0000  0.0751
3692.0000  0.0751
3697.0000  0.0752
3699.0000  0.0753
3706.0000  0.0753
3708.0000  0.0754
3709.0000  0.0754
3714.0000  0.0754
3715.0000  0.0755
3724.0000  0.0755
3730.0000  0.0756
3731.0000  0.0757
3736.0000  0.0757
3748.0000  0.0758
3749.0000  0.0759
3752.0000  0.0759
3759.0000  0.0759
3760.0000  0.0760
3760.0000  0.0760
3762.0000  0.0760
3765.0000  0.0761
3766.0000  0.0761
3767.0000  0.0762
3768.0000  0.0762
3772.0000  0.0763
3776.0000  0.0763
3778.0000  0.0764
3781.0000  0.0764
3784.0000  0.0764
3785.0000  0.0764
3785.0000  0.0765
3788.0000  0.0766
3794.0000  0.0767
3794.0000  0.0767
3795.0000  0.0767
3796.0000  0.0768
3801.0000  0.0769
3805.0000  0.0769
3808.0000  0.0769
3811.0000  0.0770
3816.0000  0.0771
3821.0000  0.0771
3823.0000  0.0771
3833.0000  0.0771
3834.0000  0.0772
3836.0000  0.0772
3844.0000  0.0772
3847.0000  0.0772
3851.0000  0.0773
3852.0000  0.0772
3853.0000  0.0772
3854.0000  0.0773
3858.0000  0.0772
3860.0000  0.0773
3861.0000  0.0773
3867.0000  0.0774
3868.0000  0.0774
3871.0000  0.0774
3873.0000  0.0775
3877.0000  0.0776
3884.0000  0.0776
3918.0000  0.0777
3922.0000  0.0777
3925.0000  0.0777
3931.0000  0.0777
3939.0000  0.0778
3941.0000  0.0779
3943.0000  0.0779
3943.0000  0.0780
3946.0000  0.0780
3949.0000  0.0780
3951.0000  0.0781
3953.0000  0.0777
3960.0000  0.0776
3963.0000  0.0777
3970.0000  0.0778
3974.0000  0.0779
3975.0000  0.0779
3987.0000  0.0778
4014.0000  0.0779
4046.0000  0.0777
4051.0000  0.0777
4060.0000  0.0778
4064.0000  0.0779
4071.0000  0.0780
4076.0000  0.0781
4076.0000  0.0781
4081.0000  0.0782
4082.0000  0.0782
4084.0000  0.0782
4087.0000  0.0783
4094.0000  0.0783
4097.0000  0.0784
4101.0000  0.0784
4121.0000  0.0779
4122.0000  0.0780
4128.0000  0.0780
4135.0000  0.0781
4143.0000  0.0781
4148.0000  0.0782
4161.0000  0.0783
4162.0000  0.0784
4176.0000  0.0784
4187.0000  0.0785
4191.0000  0.0785
4192.0000  0.0786
4194.0000  0.0787
4199.0000  0.0788
4205.0000  0.0788
4208.0000  0.0788
4211.0000  0.0788
4231.0000  0.0788
4235.0000  0.0788
4244.0000  0.0789
4246.0000  0.0789
4264.0000  0.0789
4267.0000  0.0790
4268.0000  0.0790
4269.0000  0.0790
4277.0000  0.0786
4278.0000  0.0786
4279.0000  0.0787
4282.0000  0.0787
4285.0000  0.0787
4294.0000  0.0788
4301.0000  0.0788
4303.0000  0.0788
4304.0000  0.0788
4316.0000  0.0789
4316.0000  0.0790
4319.0000  0.0790
4319.0000  0.0791
4324.0000  0.0792
4335.0000  0.0792
4338.0000  0.0792
4340.0000  0.0792
4343.0000  0.0792
4344.0000  0.0793
4352.0000  0.0793
4360.0000  0.0793
4363.0000  0.0793
4366.0000  0.0794
4367.0000  0.0794
4370.0000  0.0794
4381.0000  0.0794
4389.0000  0.0795
4403.0000  0.0795
4406.0000  0.0795
4413.0000  0.0790
4414.0000  0.0791
4416.0000  0.0791
4418.0000  0.0791
4429.0000  0.0791
4430.0000  0.0791
4434.0000  0.0792
4435.0000  0.0792
4437.0000  0.0792
4438.0000  0.0793
4449.0000  0.0793
4453.0000  0.0793
4459.0000  0.0793
4465.0000  0.0788
4470.0000  0.0789
4472.0000  0.0789
4483.0000  0.0789
4490.0000  0.0789
4492.0000  0.0790
4496.0000  0.0790
4502.0000  0.0790
4512.0000  0.0790
4513.0000  0.0790
4515.0000  0.0791
4520.0000  0.0792
4523.0000  0.0791
4527.0000  0.0792
4531.0000  0.0792
4535.0000  0.0794
4536.0000  0.0794
4548.0000  0.0794
4557.0000  0.0796
4558.0000  0.0796
4564.0000  0.0797
4566.0000  0.0798
4566.0000  0.0799
4575.0000  0.0799
4577.0000  0.0799
4589.0000  0.0800
4592.0000  0.0801
4594.0000  0.0801
4604.0000  0.0802
4612.0000  0.0803
4618.0000  0.0803
4621.0000  0.0804
4625.0000  0.0804
4626.0000  0.0805
4627.0000  0.0806
4631.0000  0.0806
4636.0000  0.0807
4639.0000  0.0802
4648.0000  0.0802
4652.0000  0.0803
4664.0000  0.0803
4665.0000  0.0804
4685.0000  0.0805
4686.0000  0.0805
4687.0000  0.0806
4690.0000  0.0806
4691.0000  0.0806
4692.0000  0.0807
4702.0000  0.0807
4704.0000  0.0807
4705.0000  0.0807
4724.0000  0.0808
4750.0000  0.0808
4753.0000  0.0809
4760.0000  0.0809
4767.0000  0.0809
4767.0000  0.0810
4772.0000  0.0811
4774.0000  0.0811
4776.0000  0.0811
4780.0000  0.0811
4789.0000  0.0812
4789.0000  0.0813
4793.0000  0.0813
4794.0000  0.0813
4794.0000  0.0814
4795.0000  0.0815
4802.0000  0.0816
4807.0000  0.0817
4808.0000  0.0818
4810.0000  0.0818
4815.0000  0.0818
4815.0000  0.0819
4815.0000  0.0819
4816.0000  0.0820
4816.0000  0.0820
4821.0000  0.0821
4832.0000  0.0821
4846.0000  0.0821
4854.0000  0.0821
4859.0000  0.0822
4865.0000  0.0822
4868.0000  0.0822
4869.0000  0.0822
4872.0000  0.0822
4875.0000  0.0823
4879.0000  0.0823
4886.0000  0.0824
4904.0000  0.0824
4925.0000  0.0823
4931.0000  0.0824
4938.0000  0.0824
4942.0000  0.0824
4942.0000  0.0824
4953.0000  0.0825
4955.0000  0.0825
4957.0000  0.0820
4959.0000  0.0821
4962.0000  0.0821
4967.0000  0.0822
4971.0000  0.0823
4973.0000  0.0824
4978.0000  0.0824
4978.0000  0.0824
4988.0000  0.0825
4992.0000  0.0825
4998.0000  0.0825
5000.0000  0.0825
5004.0000  0.0825
5008.0000  0.0826
5014.0000  0.0827
5027.0000  0.0828
5028.0000  0.0828
5031.0000  0.0828
5032.0000  0.0829
5037.0000  0.0829
5039.0000  0.0829
5039.0000  0.0830
5090.0000  0.0831
5099.0000  0.0831
5102.0000  0.0831
5106.0000  0.0832
5116.0000  0.0832
5119.0000  0.0832
5120.0000  0.0833
5127.0000  0.0835
5128.0000  0.0834
5131.0000  0.0835
5139.0000  0.0836
5147.0000  0.0836
5153.0000  0.0836
5154.0000  0.0836
5156.0000  0.0837
5158.0000  0.0837
5160.0000  0.0838
5163.0000  0.0839
5165.0000  0.0839
5166.0000  0.0840
5177.0000  0.0840
5186.0000  0.0841
5193.0000  0.0841
5193.0000  0.0842
5195.0000  0.0842
5197.0000  0.0843
5199.0000  0.0843
5210.0000  0.0843
5216.0000  0.0844
5218.0000  0.0844
5222.0000  0.0845
5224.0000  0.0844
5227.0000  0.0845
5232.0000  0.0846
5238.0000  0.0846
5244.0000  0.0846
5247.0000  0.0846
5255.0000  0.0847
5261.0000  0.0847
5261.0000  0.0847
5272.0000  0.0848
5275.0000  0.0848
5281.0000  0.0849
5291.0000  0.0849
5294.0000  0.0849
5296.0000  0.0850
5298.0000  0.0850
5298.0000  0.0850
5301.0000  0.0851
5309.0000  0.0851
5309.0000  0.0852
5309.0000  0.0852
5324.0000  0.0852
5324.0000  0.0852
5327.0000  0.0852
5327.0000  0.0852
5338.0000  0.0853
5338.0000  0.0853
5340.0000  0.0853
5344.0000  0.0848
5349.0000  0.0849
5353.0000  0.0849
5355.0000  0.0850
5377.0000  0.0850
5383.0000  0.0851
5398.0000  0.0852
5404.0000  0.0852
5406.0000  0.0853
5414.0000  0.0854
5420.0000  0.0854
5425.0000  0.0854
5427.0000  0.0854
5434.0000  0.0855
5436.0000  0.0856
5439.0000  0.0856
5450.0000  0.0856
5463.0000  0.0856
5467.0000  0.0856
5469.0000  0.0857
5473.0000  0.0857
5487.0000  0.0857
5491.0000  0.0858
5496.0000  0.0859
5496.0000  0.0859
5500.0000  0.0859
5501.0000  0.0860
5506.0000  0.0860
5515.0000  0.0860
5517.0000  0.0860
5532.0000  0.0860
5533.0000  0.0861
5536.0000  0.0861
5553.0000  0.0861
5558.0000  0.0861
5564.0000  0.0861
5573.0000  0.0862
5595.0000  0.0862
5598.0000  0.0862
5598.0000  0.0862
5609.0000  0.0863
5612.0000  0.0863
5617.0000  0.0864
5623.0000  0.0865
5626.0000  0.0866
5637.0000  0.0867
5642.0000  0.0867
5666.0000  0.0868
5668.0000  0.0868
5670.0000  0.0868
5674.0000  0.0868
5675.0000  0.0868
5677.0000  0.0868
5693.0000  0.0869
5696.0000  0.0869
5710.0000  0.0870
5710.0000  0.0865
5716.0000  0.0864
5722.0000  0.0865
5725.0000  0.0865
5738.0000  0.0865
5741.0000  0.0860
5747.0000  0.0861
5763.0000  0.0862
5782.0000  0.0857
5788.0000  0.0858
5789.0000  0.0853
5791.0000  0.0854
5795.0000  0.0854
5797.0000  0.0849
5799.0000  0.0850
5802.0000  0.0850
5804.0000  0.0850
5805.0000  0.0850
5811.0000  0.0851
5819.0000  0.0851
5820.0000  0.0852
5830.0000  0.0852
5844.0000  0.0853
5851.0000  0.0853
5854.0000  0.0853
5859.0000  0.0853
5868.0000  0.0853
5882.0000  0.0854
5924.0000  0.0855
5934.0000  0.0854
5938.0000  0.0855
5949.0000  0.0855
5949.0000  0.0855
5955.0000  0.0855
5961.0000  0.0855
5962.0000  0.0856
5965.0000  0.0856
5978.0000  0.0856
5979.0000  0.0856
5989.0000  0.0857
5998.0000  0.0856
5999.0000  0.0852
6000.0000  0.0853
6011.0000  0.0853
6012.0000  0.0853
6029.0000  0.0853
6029.0000  0.0854
6033.0000  0.0854
6034.0000  0.0854
6035.0000  0.0854
6038.0000  0.0850
6039.0000  0.0850
6040.0000  0.0850
6050.0000  0.0851
6050.0000  0.0850
6052.0000  0.0851
6054.0000  0.0851
6067.0000  0.0851
6070.0000  0.0851
6070.0000  0.0852
6072.0000  0.0852
6082.0000  0.0852
6091.0000  0.0853
6101.0000  0.0853
6104.0000  0.0853
6117.0000  0.0853
6119.0000  0.0853
6127.0000  0.0853
6135.0000  0.0853
6138.0000  0.0854
6142.0000  0.0854
6147.0000  0.0854
6147.0000  0.0855
6149.0000  0.0855
6153.0000  0.0856
6164.0000  0.0856
6175.0000  0.0856
6186.0000  0.0856
6191.0000  0.0856
6232.0000  0.0856
6239.0000  0.0856
6247.0000  0.0852
6253.0000  0.0852
6255.0000  0.0852
6262.0000  0.0852
6277.0000  0.0852
6277.0000  0.0853
6289.0000  0.0853
6299.0000  0.0853
6303.0000  0.0853
6310.0000  0.0853
6313.0000  0.0853
6318.0000  0.0854
6346.0000  0.0854
6348.0000  0.0854
6355.0000  0.0855
6361.0000  0.0856
6367.0000  0.0857
6368.0000  0.0857
6371.0000  0.0857
6372.0000  0.0853
6393.0000  0.0854
6396.0000  0.0854
6404.0000  0.0855
6407.0000  0.0855
6416.0000  0.0855
6417.0000  0.0855
6427.0000  0.0856
6431.0000  0.0856
6443.0000  0.0856
6455.0000  0.0856
6471.0000  0.0856
6478.0000  0.0856
6482.0000  0.0856
6490.0000  0.0856
6495.0000  0.0856
6500.0000  0.0857
6501.0000  0.0858
6505.0000  0.0858
6506.0000  0.0858
6510.0000  0.0859
6512.0000  0.0859
6515.0000  0.0859
6517.0000  0.0860
6527.0000  0.0860
6533.0000  0.0861
6539.0000  0.0856
6541.0000  0.0857
6544.0000  0.0857
6551.0000  0.0857
6571.0000  0.0857
6580.0000  0.0858
6586.0000  0.0858
6589.0000  0.0858
6592.0000  0.0858
6595.0000  0.0858
6604.0000  0.0859
6604.0000  0.0859
6607.0000  0.0859
6609.0000  0.0859
6613.0000  0.0860
6614.0000  0.0860
6622.0000  0.0860
6626.0000  0.0860
6630.0000  0.0861
6631.0000  0.0861
6642.0000  0.0861
6644.0000  0.0861
6646.0000  0.0862
6655.0000  0.0862
6657.0000  0.0863
6660.0000  0.0863
6670.0000  0.0862
6671.0000  0.0863
6676.0000  0.0863
6679.0000  0.0863
6683.0000  0.0863
6684.0000  0.0863
6692.0000  0.0864
6696.0000  0.0864
6703.0000  0.0864
6707.0000  0.0864
6707.0000  0.0865
6722.0000  0.0866
6728.0000  0.0866
6751.0000  0.0866
6763.0000  0.0866
6766.0000  0.0866
6769.0000  0.0867
6779.0000  0.0867
6791.0000  0.0868
6799.0000  0.0868
6803.0000  0.0868
6812.0000  0.0869
6823.0000  0.0869
6828.0000  0.0869
6839.0000  0.0869
6841.0000  0.0869
6841.0000  0.0869
6850.0000  0.0869
6856.0000  0.0869
6881.0000  0.0870
6889.0000  0.0870
6891.0000  0.0871
6892.0000  0.0866
6896.0000  0.0866
6911.0000  0.0866
6918.0000  0.0866
6935.0000  0.0867
6936.0000  0.0867
6954.0000  0.0867
6955.0000  0.0868
6962.0000  0.0868
6966.0000  0.0868
6967.0000  0.0869
6972.0000  0.0869
6980.0000  0.0869
6986.0000  0.0870
6988.0000  0.0871
7003.0000  0.0871
7003.0000  0.0871
7008.0000  0.0871
7027.0000  0.0871
7038.0000  0.0872
7047.0000  0.0872
7055.0000  0.0872
7061.0000  0.0873
7074.0000  0.0873
7086.0000  0.0874
7087.0000  0.0875
7093.0000  0.0875
7094.0000  0.0875
7098.0000  0.0876
7100.0000  0.0876
7103.0000  0.0876
7114.0000  0.0876
7118.0000  0.0876
7118.0000  0.0876
7119.0000  0.0876
7125.0000  0.0876
7131.0000  0.0876
7137.0000  0.0876
7139.0000  0.0877
7146.0000  0.0872
7147.0000  0.0873
7153.0000  0.0873
7163.0000  0.0873
7166.0000  0.0873
7169.0000  0.0874
7173.0000  0.0874
7180.0000  0.0874
7187.0000  0.0874
7189.0000  0.0875
7201.0000  0.0875
7213.0000  0.0875
7218.0000  0.0875
7238.0000  0.0871
7251.0000  0.0871
7253.0000  0.0871
7256.0000  0.0872
7263.0000  0.0873
7269.0000  0.0873
7273.0000  0.0873
7275.0000  0.0873
7276.0000  0.0873
7279.0000  0.0874
7283.0000  0.0874
7283.0000  0.0874
7286.0000  0.0875
7287.0000  0.0876
7288.0000  0.0871
7289.0000  0.0871
7291.0000  0.0871
7291.0000  0.0872
7296.0000  0.0872
7298.0000  0.0872
7298.0000  0.0872
7307.0000  0.0873
7325.0000  0.0873
7331.0000  0.0873
7332.0000  0.0873
7349.0000  0.0872
7351.0000  0.0873
7367.0000  0.0873
7375.0000  0.0873
7381.0000  0.0873
7385.0000  0.0873
7392.0000  0.0873
7398.0000  0.0873
7404.0000  0.0873
7411.0000  0.0873
7417.0000  0.0873
7417.0000  0.0873
7418.0000  0.0875
7418.0000  0.0870
7420.0000  0.0870
7421.0000  0.0871
7428.0000  0.0871
7429.0000  0.0871
7437.0000  0.0872
7440.0000  0.0867
7442.0000  0.0867
7442.0000  0.0868
7458.0000  0.0868
7460.0000  0.0868
7474.0000  0.0868
7484.0000  0.0868
7486.0000  0.0868
7492.0000  0.0869
7494.0000  0.0869
7516.0000  0.0869
7531.0000  0.0870
7534.0000  0.0870
7538.0000  0.0870
7548.0000  0.0870
7558.0000  0.0871
7558.0000  0.0871
7561.0000  0.0871
7562.0000  0.0871
7570.0000  0.0871
7572.0000  0.0872
7572.0000  0.0872
7574.0000  0.0873
7580.0000  0.0873
7585.0000  0.0873
7585.0000  0.0873
7593.0000  0.0874
7605.0000  0.0874
7608.0000  0.0875
7629.0000  0.0875
7632.0000  0.0875
7643.0000  0.0876
7649.0000  0.0876
7655.0000  0.0876
7659.0000  0.0877
7661.0000  0.0877
7662.0000  0.0877
7679.0000  0.0877
7683.0000  0.0877
7683.0000  0.0878
7698.0000  0.0878
7709.0000  0.0878
7711.0000  0.0879
7716.0000  0.0879
7722.0000  0.0879
7732.0000  0.0879
7741.0000  0.0879
7752.0000  0.0880
7755.0000  0.0880
7764.0000  0.0880
7768.0000  0.0880
7772.0000  0.0880
7784.0000  0.0880
7786.0000  0.0880
7790.0000  0.0881
7796.0000  0.0881
7802.0000  0.0876
7811.0000  0.0877
7814.0000  0.0877
7816.0000  0.0877
7825.0000  0.0877
7840.0000  0.0877
7844.0000  0.0877
7847.0000  0.0878
7850.0000  0.0878
7850.0000  0.0879
7850.0000  0.0879
7875.0000  0.0879
7885.0000  0.0879
7892.0000  0.0879
7899.0000  0.0879
7903.0000  0.0879
7927.0000  0.0880
7936.0000  0.0880
7936.0000  0.0881
7940.0000  0.0882
7944.0000  0.0882
7947.0000  0.0882
7959.0000  0.0883
7965.0000  0.0883
7966.0000  0.0884
7967.0000  0.0884
7968.0000  0.0884
7975.0000  0.0884
7976.0000  0.0884
7995.0000  0.0885
7997.0000  0.0885
8002.0000  0.0885
8006.0000  0.0886
8015.0000  0.0885
8020.0000  0.0886
8023.0000  0.0886
8025.0000  0.0886
8025.0000  0.0887
8027.0000  0.0887
8038.0000  0.0887
8040.0000  0.0888
8042.0000  0.0888
8049.0000  0.0888
8049.0000  0.0889
8059.0000  0.0884
8061.0000  0.0884
8069.0000  0.0885
8097.0000  0.0885
8097.0000  0.0885
8099.0000  0.0886
8113.0000  0.0885
8115.0000  0.0885
8121.0000  0.0886
8127.0000  0.0887
8127.0000  0.0887
8137.0000  0.0887
8142.0000  0.0887
8160.0000  0.0887
8160.0000  0.0888
8178.0000  0.0888
8184.0000  0.0889
8186.0000  0.0890
8196.0000  0.0890
8206.0000  0.0891
8235.0000  0.0891
8247.0000  0.0891
8248.0000  0.0891
8262.0000  0.0892
8262.0000  0.0892
8263.0000  0.0892
8267.0000  0.0892
8286.0000  0.0893
8294.0000  0.0893
8294.0000  0.0894
8295.0000  0.0895
8297.0000  0.0896
8301.0000  0.0896
8309.0000  0.0897
8314.0000  0.0898
8315.0000  0.0898
8320.0000  0.0898
8322.0000  0.0898
8335.0000  0.0898
8338.0000  0.0898
8345.0000  0.0898
8346.0000  0.0898
8356.0000  0.0899
8383.0000  0.0899
8389.0000  0.0900
8396.0000  0.0900
8403.0000  0.0901
8405.0000  0.0901
8405.0000  0.0902
8411.0000  0.0903
8416.0000  0.0904
8419.0000  0.0904
8425.0000  0.0904
8432.0000  0.0903
8441.0000  0.0903
8441.0000  0.0903
8443.0000  0.0904
8447.0000  0.0903
8451.0000  0.0903
8454.0000  0.0904
8455.0000  0.0904
8458.0000  0.0903
8466.0000  0.0903
8472.0000  0.0904
8478.0000  0.0905
8480.0000  0.0905
8485.0000  0.0905
8485.0000  0.0906
8488.0000  0.0906
8493.0000  0.0906
8501.0000  0.0906
8502.0000  0.0907
8505.0000  0.0907
8505.0000  0.0907
8506.0000  0.0907
8510.0000  0.0908
8513.0000  0.0908
8517.0000  0.0908
8517.0000  0.0908
8520.0000  0.0908
8521.0000  0.0908
8523.0000  0.0909
8535.0000  0.0910
8544.0000  0.0911
8545.0000  0.0912
8550.0000  0.0912
8552.0000  0.0912
8563.0000  0.0912
8564.0000  0.0912
8565.0000  0.0913
8582.0000  0.0913
8591.0000  0.0914
8600.0000  0.0914
8622.0000  0.0915
8622.0000  0.0915
8647.0000  0.0915
8648.0000  0.0911
8652.0000  0.0911
8654.0000  0.0910
8655.0000  0.0911
8655.0000  0.0911
8659.0000  0.0912
8676.0000  0.0912
8683.0000  0.0913
8688.0000  0.0913
8688.0000  0.0914
8693.0000  0.0914
8694.0000  0.0914
8697.0000  0.0914
8719.0000  0.0915
8722.0000  0.0915
8741.0000  0.0916
8745.0000  0.0916
8750.0000  0.0916
8759.0000  0.0916
8761.0000  0.0916
8762.0000  0.0911
8765.0000  0.0911
8766.0000  0.0911
8767.0000  0.0911
8769.0000  0.0911
8770.0000  0.0911
8771.0000  0.0912
8771.0000  0.0912
8777.0000  0.0913
8778.0000  0.0913
8779.0000  0.0913
8781.0000  0.0909
8783.0000  0.0909
8786.0000  0.0909
8789.0000  0.0909
8799.0000  0.0909
8800.0000  0.0910
8801.0000  0.0910
8805.0000  0.0910
8813.0000  0.0910
8831.0000  0.0910
8833.0000  0.0911
8843.0000  0.0911
8847.0000  0.0911
8847.0000  0.0911
8871.0000  0.0912
8879.0000  0.0912
8880.0000  0.0912
8880.0000  0.0912
8887.0000  0.0912
8899.0000  0.0912
8903.0000  0.0912
8908.0000  0.0912
8909.0000  0.0912
8913.0000  0.0913
8927.0000  0.0913
8929.0000  0.0913
8936.0000  0.0914
8957.0000  0.0914
8961.0000  0.0909
8964.0000  0.0910
8968.0000  0.0911
8979.0000  0.0911
8983.0000  0.0911
8984.0000  0.0911
8987.0000  0.0912
9029.0000  0.0912
9052.0000  0.0912
9069.0000  0.0912
9069.0000  0.0913
9074.0000  0.0913
9076.0000  0.0914
9087.0000  0.0914
9089.0000  0.0914
9092.0000  0.0915
9097.0000  0.0914
9100.0000  0.0915
9102.0000  0.0915
9104.0000  0.0915
9105.0000  0.0915
9108.0000  0.0915
9109.0000  0.0915
9118.0000  0.0915
9124.0000  0.0915
9125.0000  0.0915
9166.0000  0.0915
9170.0000  0.0915
9173.0000  0.0915
9178.0000  0.0916
9179.0000  0.0916
9188.0000  0.0917
9205.0000  0.0917
9205.0000  0.0917
9213.0000  0.0917
9213.0000  0.0917
9220.0000  0.0917
9221.0000  0.0917
9223.0000  0.0917
9231.0000  0.0917
9264.0000  0.0917
9269.0000  0.0918
9301.0000  0.0918
9312.0000  0.0919
9316.0000  0.0920
9317.0000  0.0920
9323.0000  0.0920
9329.0000  0.0920
9329.0000  0.0920
9333.0000  0.0921
9342.0000  0.0921
9358.0000  0.0922
9363.0000  0.0922
9365.0000  0.0922
9369.0000  0.0923
9369.0000  0.0924
9371.0000  0.0925
9373.0000  0.0924
9375.0000  0.0925
9378.0000  0.0925
9381.0000  0.0925
9389.0000  0.0925
9398.0000  0.0925
9414.0000  0.0926
9423.0000  0.0927
9426.0000  0.0927
9433.0000  0.0927
9434.0000  0.0923
9442.0000  0.0923
9442.0000  0.0923
9443.0000  0.0924
9450.0000  0.0924
9455.0000  0.0925
9462.0000  0.0925
9465.0000  0.0925
9467.0000  0.0926
9470.0000  0.0927
9475.0000  0.0927
9484.0000  0.0927
9489.0000  0.0927
9492.0000  0.0926
9496.0000  0.0927
9499.0000  0.0927
9519.0000  0.0927
9520.0000  0.0928
9524.0000  0.0928
9527.0000  0.0928
9528.0000  0.0928
9544.0000  0.0924
9565.0000  0.0924
9567.0000  0.0924
9571.0000  0.0924
9574.0000  0.0924
9586.0000  0.0925
9587.0000  0.0926
9601.0000  0.0926
9602.0000  0.0927
9613.0000  0.0927
9614.0000  0.0927
9614.0000  0.0927
9625.0000  0.0927
9629.0000  0.0928
9649.0000  0.0928
9655.0000  0.0923
9655.0000  0.0924
9662.0000  0.0924
9664.0000  0.0923
9664.0000  0.0923
9671.0000  0.0924
9674.0000  0.0924
9679.0000  0.0924
9680.0000  0.0924
9680.0000  0.0925
9682.0000  0.0925
9691.0000  0.0925
9694.0000  0.0925
9696.0000  0.0925
9699.0000  0.0925
9706.0000  0.0925
9707.0000  0.0926
9712.0000  0.0926
9718.0000  0.0927
9720.0000  0.0927
9731.0000  0.0927
9745.0000  0.0927
9749.0000  0.0928
9755.0000  0.0928
9757.0000  0.0928
9759.0000  0.0928
9780.0000  0.0929
9784.0000  0.0929
9787.0000  0.0929
9804.0000  0.0929
9804.0000  0.0929
9813.0000  0.0929
9818.0000  0.0929
9820.0000  0.0930
9830.0000  0.0931
9846.0000  0.0931
9854.0000  0.0931
9856.0000  0.0931
9868.0000  0.0932
9872.0000  0.0932
9875.0000  0.0932
9876.0000  0.0933
9883.0000  0.0933
9886.0000  0.0934
9888.0000  0.0934
9895.0000  0.0934
9898.0000  0.0934
9904.0000  0.0934
9906.0000  0.0934
9908.0000  0.0935
9909.0000  0.0935
9932.0000  0.0935
9935.0000  0.0935
9938.0000  0.0935
9940.0000  0.0935
9948.0000  0.0935
9955.0000  0.0935
9957.0000  0.0935
9973.0000  0.0935
9979.0000  0.0935
9982.0000  0.0936
9982.0000  0.0936
9986.0000  0.0936
9993.0000  0.0937
9996.0000  0.0937
10002.0000  0.0937
10003.0000  0.0938
10037.0000  0.0938
10037.0000  0.0938
10059.0000  0.0939
10066.0000  0.0939
10069.0000  0.0940
10072.0000  0.0940
10072.0000  0.0940
10078.0000  0.0941
10085.0000  0.0941
10087.0000  0.0941
10089.0000  0.0941
10091.0000  0.0941
10098.0000  0.0941
10102.0000  0.0941
10121.0000  0.0941
10129.0000  0.0941
10133.0000  0.0941
10136.0000  0.0941
10138.0000  0.0942
10146.0000  0.0942
10147.0000  0.0942
10147.0000  0.0942
10166.0000  0.0942
10172.0000  0.0937
10173.0000  0.0937
10178.0000  0.0938
10179.0000  0.0938
10188.0000  0.0939
10204.0000  0.0940
10245.0000  0.0940
10248.0000  0.0939
10300.0000  0.0939
10303.0000  0.0940
10306.0000  0.0940
10330.0000  0.0940
10351.0000  0.0940
10356.0000  0.0940
10359.0000  0.0940
10370.0000  0.0941
10383.0000  0.0940
10383.0000  0.0940
10384.0000  0.0941
10386.0000  0.0941
10394.0000  0.0941
10394.0000  0.0942
10397.0000  0.0942
10406.0000  0.0943
10407.0000  0.0938
10427.0000  0.0938
10445.0000  0.0938
10454.0000  0.0939
10454.0000  0.0939
10459.0000  0.0938
10472.0000  0.0938
10489.0000  0.0938
10509.0000  0.0939
10515.0000  0.0939
10521.0000  0.0939
10540.0000  0.0940
10542.0000  0.0940
10550.0000  0.0941
10566.0000  0.0941
10583.0000  0.0942
10598.0000  0.0942
10600.0000  0.0943
10627.0000  0.0943
10630.0000  0.0943
10633.0000  0.0943
10639.0000  0.0943
10650.0000  0.0944
10662.0000  0.0944
10668.0000  0.0944
10677.0000  0.0944
10678.0000  0.0945
10679.0000  0.0945
10679.0000  0.0945
10699.0000  0.0945
10703.0000  0.0945
10718.0000  0.0945
10733.0000  0.0945
10747.0000  0.0946
10753.0000  0.0946
10760.0000  0.0946
10766.0000  0.0947
10777.0000  0.0947
10781.0000  0.0947
10797.0000  0.0948
10798.0000  0.0948
10815.0000  0.0949
10821.0000  0.0944
10821.0000  0.0944
10841.0000  0.0945
10845.0000  0.0946
10855.0000  0.0946
10855.0000  0.0946
10861.0000  0.0947
10864.0000  0.0948
10871.0000  0.0948
10909.0000  0.0948
10920.0000  0.0948
10920.0000  0.0947
10922.0000  0.0948
10927.0000  0.0948
10928.0000  0.0943
10931.0000  0.0943
10934.0000  0.0943
10940.0000  0.0943
10941.0000  0.0943
10949.0000  0.0944
10949.0000  0.0944
10960.0000  0.0944
10963.0000  0.0944
10967.0000  0.0944
10967.0000  0.0945
10968.0000  0.0945
10971.0000  0.0945
10972.0000  0.0945
10973.0000  0.0946
10980.0000  0.0946
10983.0000  0.0946
10991.0000  0.0947
10993.0000  0.0942
10996.0000  0.0943
10996.0000  0.0944
10996.0000  0.0944
11000.0000  0.0944
11008.0000  0.0944
11016.0000  0.0945
11018.0000  0.0946
11020.0000  0.0946
11024.0000  0.0947
11028.0000  0.0947
11028.0000  0.0948
11054.0000  0.0948
11065.0000  0.0948
11065.0000  0.0949
11066.0000  0.0950
11073.0000  0.0951
11085.0000  0.0952
11086.0000  0.0951
11089.0000  0.0952
11092.0000  0.0952
11095.0000  0.0952
11112.0000  0.0952
11113.0000  0.0952
11130.0000  0.0952
11133.0000  0.0953
11133.0000  0.0953
11136.0000  0.0954
11149.0000  0.0954
11153.0000  0.0954
11159.0000  0.0955
11162.0000  0.0955
11162.0000  0.0956
11168.0000  0.0956
11172.0000  0.0956
11173.0000  0.0957
11174.0000  0.0958
11182.0000  0.0958
11183.0000  0.0953
11188.0000  0.0953
11191.0000  0.0953
11197.0000  0.0953
11198.0000  0.0954
11203.0000  0.0955
11204.0000  0.0955
11215.0000  0.0955
11227.0000  0.0955
11228.0000  0.0955
11229.0000  0.0955
11241.0000  0.0955
11243.0000  0.0955
11243.0000  0.0956
11243.0000  0.0956
11247.0000  0.0956
11255.0000  0.0957
11261.0000  0.0957
11263.0000  0.0957
11271.0000  0.0957
11276.0000  0.0958
11280.0000  0.0958
11280.0000  0.0958
11281.0000  0.0959
11281.0000  0.0960
11289.0000  0.0960
11289.0000  0.0961
11291.0000  0.0961
11298.0000  0.0962
11298.0000  0.0963
11306.0000  0.0963
11306.0000  0.0963
11309.0000  0.0963
11315.0000  0.0963
11316.0000  0.0963
11317.0000  0.0964
11328.0000  0.0964
11342.0000  0.0964
11344.0000  0.0965
11348.0000  0.0965
11349.0000  0.0965
11351.0000  0.0965
11364.0000  0.0965
11372.0000  0.0965
11375.0000  0.0966
11376.0000  0.0966
11382.0000  0.0966
11386.0000  0.0966
11387.0000  0.0966
11391.0000  0.0966
11396.0000  0.0966
11399.0000  0.0967
11403.0000  0.0967
11411.0000  0.0967
11412.0000  0.0968
11421.0000  0.0968
11424.0000  0.0968
11429.0000  0.0969
11453.0000  0.0968
11453.0000  0.0969
11454.0000  0.0970
11461.0000  0.0970
11461.0000  0.0969
11476.0000  0.0965
11484.0000  0.0965
11488.0000  0.0965
11512.0000  0.0965
11519.0000  0.0966
11519.0000  0.0967
11520.0000  0.0967
11529.0000  0.0968
11532.0000  0.0968
11535.0000  0.0968
11538.0000  0.0969
11545.0000  0.0968
11548.0000  0.0968
11548.0000  0.0969
11550.0000  0.0969
11553.0000  0.0969
11554.0000  0.0969
11559.0000  0.0969
11560.0000  0.0970
11561.0000  0.0970
11565.0000  0.0970
11568.0000  0.0965
11571.0000  0.0965
11594.0000  0.0965
11603.0000  0.0966
11606.0000  0.0965
11606.0000  0.0966
11607.0000  0.0948
11608.0000  0.0948
11615.0000  0.0948
11615.0000  0.0948
11617.0000  0.0949
11617.0000  0.0949
11622.0000  0.0949
11638.0000  0.0949
11642.0000  0.0949
11644.0000  0.0950
11654.0000  0.0945
11655.0000  0.0946
11659.0000  0.0946
11661.0000  0.0947
11665.0000  0.0947
11671.0000  0.0947
11671.0000  0.0947
11672.0000  0.0948
11675.0000  0.0948
11698.0000  0.0948
11701.0000  0.0948
11712.0000  0.0948
11741.0000  0.0949
11744.0000  0.0949
11751.0000  0.0949
11753.0000  0.0950
11761.0000  0.0951
11772.0000  0.0951
11778.0000  0.0952
11781.0000  0.0952
11810.0000  0.0952
11814.0000  0.0953
11824.0000  0.0954
11825.0000  0.0954
11826.0000  0.0955
11853.0000  0.0955
11859.0000  0.0955
11863.0000  0.0955
11864.0000  0.0955
11878.0000  0.0955
11891.0000  0.0956
11897.0000  0.0957
11898.0000  0.0957
11899.0000  0.0957
11901.0000  0.0958
11902.0000  0.0958
11906.0000  0.0958
11906.0000  0.0959
11908.0000  0.0959
11926.0000  0.0959
11934.0000  0.0960
11945.0000  0.0960
11963.0000  0.0961
11970.0000  0.0961
11973.0000  0.0961
11977.0000  0.0961
11984.0000  0.0961
11985.0000  0.0961
11987.0000  0.0962
11994.0000  0.0963
12001.0000  0.0963
12006.0000  0.0964
12009.0000  0.0964
12009.0000  0.0965
12012.0000  0.0965
12016.0000  0.0966
12018.0000  0.0966
12019.0000  0.0967
12020.0000  0.0967
12029.0000  0.0967
12054.0000  0.0967
12054.0000  0.0967
12057.0000  0.0968
12060.0000  0.0968
12064.0000  0.0968
12067.0000  0.0968
12088.0000  0.0968
12100.0000  0.0968
12102.0000  0.0969
12103.0000  0.0969
12103.0000  0.0969
12105.0000  0.0970
12106.0000  0.0970
12109.0000  0.0970
12109.0000  0.0970
12110.0000  0.0970
12112.0000  0.0971
12113.0000  0.0972
12116.0000  0.0972
12118.0000  0.0972
12120.0000  0.0967
12122.0000  0.0967
12125.0000  0.0968
12127.0000  0.0968
12133.0000  0.0969
12134.0000  0.0969
12139.0000  0.0969
12140.0000  0.0969
12142.0000  0.0970
12147.0000  0.0970
12153.0000  0.0970
12156.0000  0.0970
12157.0000  0.0970
12160.0000  0.0971
12164.0000  0.0971
12169.0000  0.0971
12177.0000  0.0972
12178.0000  0.0972
12181.0000  0.0972
12187.0000  0.0972
12191.0000  0.0972
12210.0000  0.0972
12217.0000  0.0973
12218.0000  0.0973
12219.0000  0.0973
12222.0000  0.0973
12229.0000  0.0973
12237.0000  0.0974
12248.0000  0.0974
12254.0000  0.0975
12258.0000  0.0974
12262.0000  0.0975
12264.0000  0.0976
12269.0000  0.0976
12292.0000  0.0977
12300.0000  0.0977
12307.0000  0.0977
12311.0000  0.0977
12316.0000  0.0977
12316.0000  0.0978
12323.0000  0.0978
12326.0000  0.0978
12342.0000  0.0978
12344.0000  0.0978
12349.0000  0.0978
12355.0000  0.0979
12357.0000  0.0974
12360.0000  0.0974
12363.0000  0.0974
12364.0000  0.0974
12368.0000  0.0974
12368.0000  0.0974
12370.0000  0.0969
12374.0000  0.0970
12378.0000  0.0970
12381.0000  0.0970
12399.0000  0.0970
12399.0000  0.0971
12400.0000  0.0971
12411.0000  0.0971
12411.0000  0.0972
12412.0000  0.0972
12414.0000  0.0972
12415.0000  0.0972
12423.0000  0.0973
12432.0000  0.0973
12433.0000  0.0968
12433.0000  0.0969
12441.0000  0.0969
12444.0000  0.0969
12448.0000  0.0969
12449.0000  0.0969
12452.0000  0.0970
12456.0000  0.0970
12457.0000  0.0970
12458.0000  0.0970
12458.0000  0.0971
12465.0000  0.0971
12469.0000  0.0972
12482.0000  0.0971
12487.0000  0.0972
12497.0000  0.0972
12500.0000  0.0972
12507.0000  0.0973
12508.0000  0.0973
12516.0000  0.0974
12519.0000  0.0974
12520.0000  0.0974
12522.0000  0.0975
12525.0000  0.0975
12527.0000  0.0975
12540.0000  0.0975
12547.0000  0.0976
12556.0000  0.0976
12559.0000  0.0977
12561.0000  0.0977
12566.0000  0.0977
12568.0000  0.0978
12572.0000  0.0978
12574.0000  0.0979
12579.0000  0.0979
12607.0000  0.0979
12611.0000  0.0980
12620.0000  0.0980
12624.0000  0.0981
12628.0000  0.0981
12634.0000  0.0982
12635.0000  0.0982
12636.0000  0.0982
12637.0000  0.0983
12639.0000  0.0983
12639.0000  0.0983
12647.0000  0.0983
12647.0000  0.0983
12648.0000  0.0979
12650.0000  0.0978
12654.0000  0.0978
12655.0000  0.0979
12660.0000  0.0979
12662.0000  0.0979
12665.0000  0.0980
12667.0000  0.0980
12667.0000  0.0980
12670.0000  0.0980
12677.0000  0.0980
12678.0000  0.0980
12679.0000  0.0980
12685.0000  0.0981
12696.0000  0.0981
12732.0000  0.0981
12737.0000  0.0981
12738.0000  0.0981
12741.0000  0.0982
12751.0000  0.0982
12754.0000  0.0982
12760.0000  0.0982
12766.0000  0.0978
12766.0000  0.0978
12774.0000  0.0978
12779.0000  0.0978
12798.0000  0.0979
12803.0000  0.0980
12815.0000  0.0980
12821.0000  0.0980
12837.0000  0.0981
12838.0000  0.0981
12840.0000  0.0982
12843.0000  0.0982
12845.0000  0.0982
12845.0000  0.0983
12853.0000  0.0978
12855.0000  0.0979
12856.0000  0.0979
12874.0000  0.0979
12874.0000  0.0979
12875.0000  0.0980
12878.0000  0.0980
12878.0000  0.0980
12880.0000  0.0980
12881.0000  0.0980
12885.0000  0.0981
12894.0000  0.0981
12894.0000  0.0981
12898.0000  0.0982
12898.0000  0.0982
12899.0000  0.0982
12901.0000  0.0982
12906.0000  0.0982
12910.0000  0.0982
12913.0000  0.0983
12918.0000  0.0983
12923.0000  0.0983
12942.0000  0.0979
12945.0000  0.0979
12950.0000  0.0979
12955.0000  0.0979
12958.0000  0.0979
12971.0000  0.0979
12976.0000  0.0979
12987.0000  0.0980
12989.0000  0.0980
12992.0000  0.0980
13001.0000  0.0981
13003.0000  0.0982
13004.0000  0.0982
13008.0000  0.0983
13020.0000  0.0983
13021.0000  0.0983
13024.0000  0.0983
13027.0000  0.0983
13031.0000  0.0984
13032.0000  0.0984
13042.0000  0.0984
13053.0000  0.0984
13056.0000  0.0985
13056.0000  0.0985
13062.0000  0.0985
13065.0000  0.0985
13066.0000  0.0985
13071.0000  0.0985
13075.0000  0.0985
13075.0000  0.0985
13075.0000  0.0986
13078.0000  0.0986
13083.0000  0.0986
13084.0000  0.0986
13086.0000  0.0986
13096.0000  0.0986
13099.0000  0.0986
13099.0000  0.0986
13099.0000  0.0987
13103.0000  0.0987
13111.0000  0.0988
13113.0000  0.0988
13118.0000  0.0989
13128.0000  0.0989
13131.0000  0.0990
13135.0000  0.0989
13140.0000  0.0990
13155.0000  0.0990
13158.0000  0.0991
13168.0000  0.0991
13181.0000  0.0991
13183.0000  0.0991
13197.0000  0.0991
13217.0000  0.0991
13220.0000  0.0991
13221.0000  0.0991
13223.0000  0.0991
13226.0000  0.0991
13235.0000  0.0991
13236.0000  0.0992
13236.0000  0.0992
13238.0000  0.0992
13242.0000  0.0992
13243.0000  0.0992
13247.0000  0.0992
13248.0000  0.0992
13257.0000  0.0992
13260.0000  0.0992
13264.0000  0.0992
13265.0000  0.0987
13270.0000  0.0987
13281.0000  0.0988
13283.0000  0.0988
13285.0000  0.0989
13289.0000  0.0989
13300.0000  0.0988
13314.0000  0.0988
13314.0000  0.0988
13322.0000  0.0989
13322.0000  0.0989
13328.0000  0.0989
13329.0000  0.0989
13331.0000  0.0989
13337.0000  0.0989
13338.0000  0.0989
13340.0000  0.0989
13343.0000  0.0989
13347.0000  0.0990
13347.0000  0.0990
13354.0000  0.0990
13360.0000  0.0990
13363.0000  0.0990
13379.0000  0.0990
13383.0000  0.0990
13392.0000  0.0990
13394.0000  0.0990
13398.0000  0.0991
13399.0000  0.0990
13401.0000  0.0990
13402.0000  0.0991
13405.0000  0.0991
13409.0000  0.0991
13417.0000  0.0991
13418.0000  0.0992
13422.0000  0.0992
13423.0000  0.0992
13425.0000  0.0992
13426.0000  0.0993
13433.0000  0.0993
13434.0000  0.0993
13443.0000  0.0993
13455.0000  0.0994
13458.0000  0.0994
13467.0000  0.0994
13471.0000  0.0995
13474.0000  0.0995
13474.0000  0.0995
13475.0000  0.0995
13482.0000  0.0996
13483.0000  0.0996
13484.0000  0.0996
13484.0000  0.0996
13492.0000  0.0996
13500.0000  0.0996
13503.0000  0.0996
13509.0000  0.0997
13511.0000  0.0997
13516.0000  0.0997
13516.0000  0.0997
13517.0000  0.0998
13518.0000  0.0999
13533.0000  0.0999
13538.0000  0.1000
13545.0000  0.1000
13549.0000  0.1000
13550.0000  0.1001
13563.0000  0.1001
13572.0000  0.1001
13576.0000  0.1001
13583.0000  0.1001
13584.0000  0.1001
13584.0000  0.1002
13588.0000  0.1002
13596.0000  0.1002
13597.0000  0.1002
13604.0000  0.1003
13604.0000  0.1003
13615.0000  0.1003
13616.0000  0.1004
13618.0000  0.1004
13621.0000  0.1003
13622.0000  0.1003
13622.0000  0.1003
13627.0000  0.1003
13629.0000  0.1003
13633.0000  0.1004
13643.0000  0.1004
13652.0000  0.1004
13653.0000  0.1004
13674.0000  0.1004
13682.0000  0.1005
13683.0000  0.1004
13684.0000  0.1005
13684.0000  0.1005
13687.0000  0.1005
13687.0000  0.1005
13694.0000  0.1006
13697.0000  0.1006
13700.0000  0.1007
13700.0000  0.1007
13701.0000  0.1007
13706.0000  0.1007
13710.0000  0.1007
13713.0000  0.1008
13716.0000  0.1008
13721.0000  0.1008
13722.0000  0.1008
13726.0000  0.1008
13728.0000  0.1008
13730.0000  0.1009
13737.0000  0.1009
13744.0000  0.1009
13748.0000  0.1009
13766.0000  0.1010
13770.0000  0.1010
13783.0000  0.1010
13783.0000  0.1010
13789.0000  0.1010
13798.0000  0.1010
13802.0000  0.1010
13806.0000  0.1010
13808.0000  0.1010
13813.0000  0.1010
13814.0000  0.1010
13815.0000  0.1011
13822.0000  0.1011
13826.0000  0.1011
13827.0000  0.1011
13831.0000  0.1011
13831.0000  0.1011
13831.0000  0.1012
13833.0000  0.1012
13837.0000  0.1012
13840.0000  0.1012
13840.0000  0.1012
13843.0000  0.1012
13848.0000  0.1013
13848.0000  0.1013
13861.0000  0.1013
13864.0000  0.1014
13864.0000  0.1014
13866.0000  0.1014
13866.0000  0.1014
13871.0000  0.1015
13871.0000  0.1015
13879.0000  0.1015
13888.0000  0.1015
13891.0000  0.1016
13894.0000  0.1016
13895.0000  0.1017
13900.0000  0.1016
13901.0000  0.1017
13906.0000  0.1017
13907.0000  0.1018
13908.0000  0.1018
13914.0000  0.1019
13926.0000  0.1018
13927.0000  0.1018
13933.0000  0.1019
13937.0000  0.1019
13940.0000  0.1020
13952.0000  0.1020
13960.0000  0.1020
13963.0000  0.1020
13963.0000  0.1020
13974.0000  0.1020
13980.0000  0.1020
13990.0000  0.1020
13994.0000  0.1021
13996.0000  0.1022
13999.0000  0.1022
14007.0000  0.1022
14010.0000  0.1022
14013.0000  0.1022
14018.0000  0.1022
14018.0000  0.1023
14024.0000  0.1023
14026.0000  0.1023
14035.0000  0.1023
14035.0000  0.1023
14038.0000  0.1023
14038.0000  0.1018
14040.0000  0.1019
14042.0000  0.1019
14057.0000  0.1019
14062.0000  0.1019
14065.0000  0.1019
14071.0000  0.1019
14073.0000  0.1019
14078.0000  0.1019
14085.0000  0.1019
14086.0000  0.1019
14091.0000  0.1020
14097.0000  0.1020
14098.0000  0.1020
14099.0000  0.1020
14103.0000  0.1020
14108.0000  0.1020
14111.0000  0.1020
14112.0000  0.1020
14116.0000  0.1020
14116.0000  0.1020
14118.0000  0.1020
14119.0000  0.1020
14120.0000  0.1020
14122.0000  0.1020
14123.0000  0.1021
14126.0000  0.1021
14127.0000  0.1021
14129.0000  0.1021
14135.0000  0.1021
14139.0000  0.1021
14141.0000  0.1021
14153.0000  0.1021
14158.0000  0.1021
14181.0000  0.1021
14185.0000  0.1022
14185.0000  0.1022
14185.0000  0.1022
14185.0000  0.1022
14188.0000  0.1022
14189.0000  0.1023
14190.0000  0.1023
14192.0000  0.1023
14194.0000  0.1024
14195.0000  0.1024
14199.0000  0.1024
14203.0000  0.1024
14203.0000  0.1025
14209.0000  0.1025
14210.0000  0.1025
14214.0000  0.1025
14214.0000  0.1025
14214.0000  0.1025
14217.0000  0.1026
14219.0000  0.1026
14221.0000  0.1026
14227.0000  0.1026
14229.0000  0.1026
14229.0000  0.1026
14237.0000  0.1027
14239.0000  0.1027
14240.0000  0.1027
14248.0000  0.1027
14259.0000  0.1027
14268.0000  0.1027
14269.0000  0.1028
14280.0000  0.1028
14286.0000  0.1028
14286.0000  0.1028
14287.0000  0.1028
14295.0000  0.1028
14300.0000  0.1028
14302.0000  0.1028
14302.0000  0.1028
14316.0000  0.1028
14320.0000  0.1029
14320.0000  0.1029
14324.0000  0.1029
14330.0000  0.1029
14331.0000  0.1029
14337.0000  0.1029
14343.0000  0.1029
14352.0000  0.1030
14352.0000  0.1030
14354.0000  0.1030
14355.0000  0.1030
14362.0000  0.1030
14367.0000  0.1030
14368.0000  0.1030
14370.0000  0.1030
14374.0000  0.1030
14375.0000  0.1031
14403.0000  0.1031
14420.0000  0.1032
14425.0000  0.1032
14425.0000  0.1032
14428.0000  0.1033
14437.0000  0.1033
14439.0000  0.1033
14440.0000  0.1033
14440.0000  0.1034
14444.0000  0.1033
14448.0000  0.1033
14452.0000  0.1034
14458.0000  0.1034
14461.0000  0.1035
14468.0000  0.1035
14470.0000  0.1035
14475.0000  0.1035
14477.0000  0.1035
14479.0000  0.1035
14480.0000  0.1035
14482.0000  0.1035
14484.0000  0.1035
14484.0000  0.1036
14487.0000  0.1036
14488.0000  0.1036
14493.0000  0.1036
14495.0000  0.1036
14497.0000  0.1036
14498.0000  0.1037
14501.0000  0.1037
14504.0000  0.1037
14504.0000  0.1037
14505.0000  0.1037
14508.0000  0.1038
14514.0000  0.1038
14526.0000  0.1039
14528.0000  0.1039
14533.0000  0.1039
14537.0000  0.1039
14538.0000  0.1039
14540.0000  0.1039
14541.0000  0.1039
14547.0000  0.1039
14549.0000  0.1039
14553.0000  0.1039
14560.0000  0.1039
14563.0000  0.1039
14566.0000  0.1039
14567.0000  0.1039
14568.0000  0.1039
14570.0000  0.1040
14583.0000  0.1040
14584.0000  0.1040
14588.0000  0.1040
14590.0000  0.1040
14591.0000  0.1040
14594.0000  0.1040
14595.0000  0.1040
14602.0000  0.1040
14603.0000  0.1040
14610.0000  0.1040
14611.0000  0.1041
14620.0000  0.1041
14620.0000  0.1041
14639.0000  0.1041
14642.0000  0.1041
14645.0000  0.1041
14648.0000  0.1041
14649.0000  0.1042
14651.0000  0.1043
14653.0000  0.1042
14660.0000  0.1043
14668.0000  0.1043
14670.0000  0.1043
14671.0000  0.1043
14673.0000  0.1043
14674.0000  0.1043
14678.0000  0.1043
14680.0000  0.1043
14687.0000  0.1043
14696.0000  0.1043
14698.0000  0.1043
14700.0000  0.1044
14706.0000  0.1044
14713.0000  0.1044
14713.0000  0.1045
14713.0000  0.1045
14723.0000  0.1045
14731.0000  0.1046
14735.0000  0.1046
14742.0000  0.1046
14743.0000  0.1046
14745.0000  0.1046
14746.0000  0.1046
14747.0000  0.1047
14753.0000  0.1047
14761.0000  0.1047
14762.0000  0.1047
14768.0000  0.1047
14771.0000  0.1048
14777.0000  0.1048
14777.0000  0.1048
14783.0000  0.1048
14787.0000  0.1048
14788.0000  0.1048
14794.0000  0.1048
14797.0000  0.1048
14800.0000  0.1049
14804.0000  0.1049
14806.0000  0.1049
14813.0000  0.1049
14816.0000  0.1050
14817.0000  0.1050
14820.0000  0.1050
14822.0000  0.1050
14822.0000  0.1050
14823.0000  0.1051
14826.0000  0.1051
14829.0000  0.1052
14831.0000  0.1052
14833.0000  0.1052
14842.0000  0.1052
14854.0000  0.1052
14860.0000  0.1053
14862.0000  0.1054
14863.0000  0.1054
14869.0000  0.1053
14871.0000  0.1054
14873.0000  0.1054
14879.0000  0.1054
14881.0000  0.1054
14884.0000  0.1054
14891.0000  0.1054
14903.0000  0.1054
14906.0000  0.1055
14918.0000  0.1055
14919.0000  0.1055
14920.0000  0.1055
14920.0000  0.1055
14922.0000  0.1056
14926.0000  0.1056
14930.0000  0.1056
14930.0000  0.1057
14932.0000  0.1057
14933.0000  0.1057
14934.0000  0.1058
14942.0000  0.1058
14946.0000  0.1058
14946.0000  0.1058
14946.0000  0.1058
14948.0000  0.1059
14948.0000  0.1059
14953.0000  0.1059
14957.0000  0.1059
14960.0000  0.1059
14961.0000  0.1059
14962.0000  0.1060
14964.0000  0.1060
14966.0000  0.1060
14966.0000  0.1061
14969.0000  0.1061
14971.0000  0.1061
14974.0000  0.1061
14978.0000  0.1061
14979.0000  0.1061
15000.0000  0.1061
15003.0000  0.1061
15013.0000  0.1061
15024.0000  0.1061
15026.0000  0.1061
15027.0000  0.1062
15036.0000  0.1062
15038.0000  0.1062
15041.0000  0.1062
15053.0000  0.1063
15063.0000  0.1063
15072.0000  0.1063
15075.0000  0.1063
15076.0000  0.1063
15096.0000  0.1063
15097.0000  0.1063
15099.0000  0.1063
15101.0000  0.1063
15103.0000  0.1064
15106.0000  0.1064
15110.0000  0.1064
15125.0000  0.1064
15129.0000  0.1064
15131.0000  0.1064
15132.0000  0.1064
15135.0000  0.1064
15147.0000  0.1064
15157.0000  0.1065
15160.0000  0.1065
15162.0000  0.1065
15162.0000  0.1065
15162.0000  0.1065
15164.0000  0.1065
15164.0000  0.1065
15170.0000  0.1066
15181.0000  0.1066
15182.0000  0.1066
15185.0000  0.1066
15193.0000  0.1066
15200.0000  0.1066
15204.0000  0.1065
15205.0000  0.1065
15208.0000  0.1065
15219.0000  0.1065
15223.0000  0.1065
15224.0000  0.1065
15224.0000  0.1066
15231.0000  0.1066
15245.0000  0.1067
15249.0000  0.1067
15257.0000  0.1067
15261.0000  0.1067
15261.0000  0.1067
15264.0000  0.1067
15265.0000  0.1068
15267.0000  0.1068
15274.0000  0.1068
15275.0000  0.1069
15278.0000  0.1069
15280.0000  0.1069
15281.0000  0.1069
15284.0000  0.1070
15287.0000  0.1070
15290.0000  0.1070
15290.0000  0.1070
15295.0000  0.1070
15298.0000  0.1070
15303.0000  0.1070
15304.0000  0.1071
15309.0000  0.1071
15315.0000  0.1072
15321.0000  0.1072
15322.0000  0.1072
15327.0000  0.1072
15327.0000  0.1072
15328.0000  0.1072
15331.0000  0.1072
15340.0000  0.1072
15340.0000  0.1073
15343.0000  0.1073
15343.0000  0.1073
15346.0000  0.1073
15351.0000  0.1073
15357.0000  0.1074
15361.0000  0.1074
15363.0000  0.1074
15364.0000  0.1074
15365.0000  0.1074
15379.0000  0.1074
15380.0000  0.1074
15383.0000  0.1074
15383.0000  0.1074
15388.0000  0.1075
15390.0000  0.1075
15391.0000  0.1075
15401.0000  0.1076
15410.0000  0.1076
15420.0000  0.1077
15439.0000  0.1077
15439.0000  0.1077
15442.0000  0.1077
15452.0000  0.1077
15458.0000  0.1078
15464.0000  0.1078
15477.0000  0.1078
15479.0000  0.1078
15482.0000  0.1079
15486.0000  0.1079
15491.0000  0.1079
15491.0000  0.1079
15494.0000  0.1079
15501.0000  0.1079
15502.0000  0.1079
15508.0000  0.1079
15508.0000  0.1080
15512.0000  0.1080
15514.0000  0.1080
15522.0000  0.1080
15523.0000  0.1080
15529.0000  0.1080
15531.0000  0.1080
15534.0000  0.1080
15537.0000  0.1080
15537.0000  0.1080
15540.0000  0.1080
15540.0000  0.1080
15547.0000  0.1081
15547.0000  0.1076
15547.0000  0.1076
15551.0000  0.1076
15552.0000  0.1076
15555.0000  0.1076
15559.0000  0.1076
15564.0000  0.1076
15569.0000  0.1076
15576.0000  0.1076
15583.0000  0.1076
15584.0000  0.1076
15586.0000  0.1076
15587.0000  0.1077
15588.0000  0.1077
15594.0000  0.1077
15595.0000  0.1077
15596.0000  0.1077
15601.0000  0.1077
15604.0000  0.1078
15606.0000  0.1078
15608.0000  0.1078
15611.0000  0.1079
15614.0000  0.1078
15622.0000  0.1079
15632.0000  0.1079
15634.0000  0.1079
15638.0000  0.1079
15644.0000  0.1079
15648.0000  0.1079
15651.0000  0.1079
15652.0000  0.1080
15654.0000  0.1080
15661.0000  0.1080
15661.0000  0.1081
15663.0000  0.1081
15664.0000  0.1081
15671.0000  0.1081
15676.0000  0.1082
15682.0000  0.1082
15684.0000  0.1082
15689.0000  0.1082
15697.0000  0.1082
15705.0000  0.1082
15710.0000  0.1082
15710.0000  0.1083
15714.0000  0.1083
15724.0000  0.1083
15728.0000  0.1083
15728.0000  0.1083
15729.0000  0.1084
15733.0000  0.1084
15735.0000  0.1085
15750.0000  0.1085
15751.0000  0.1085
15754.0000  0.1086
15756.0000  0.1086
15758.0000  0.1086
15761.0000  0.1086
15765.0000  0.1087
15766.0000  0.1087
15770.0000  0.1087
15774.0000  0.1087
15777.0000  0.1088
15778.0000  0.1088
15780.0000  0.1088
15782.0000  0.1089
15787.0000  0.1089
15788.0000  0.1089
15790.0000  0.1089
15792.0000  0.1090
15792.0000  0.1090
15794.0000  0.1090
15797.0000  0.1090
15798.0000  0.1090
15799.0000  0.1090
15799.0000  0.1090
15800.0000  0.1091
15800.0000  0.1091
15807.0000  0.1091
15811.0000  0.1091
15814.0000  0.1091
15819.0000  0.1092
15822.0000  0.1092
15824.0000  0.1091
15826.0000  0.1091
15828.0000  0.1092
15834.0000  0.1092
15834.0000  0.1092
15844.0000  0.1092
15849.0000  0.1092
15851.0000  0.1092
15852.0000  0.1092
15856.0000  0.1092
15856.0000  0.1093
15859.0000  0.1093
15859.0000  0.1093
15859.0000  0.1088
15866.0000  0.1088
15869.0000  0.1088
15871.0000  0.1088
15872.0000  0.1089
15873.0000  0.1089
15874.0000  0.1089
15877.0000  0.1089
15881.0000  0.1089
15885.0000  0.1089
15887.0000  0.1089
15887.0000  0.1090
15894.0000  0.1090
15904.0000  0.1085
15911.0000  0.1085
15912.0000  0.1085
15913.0000  0.1085
15914.0000  0.1086
15917.0000  0.1086
15921.0000  0.1086
15924.0000  0.1086
15925.0000  0.1086
15928.0000  0.1086
15934.0000  0.1086
15937.0000  0.1087
15944.0000  0.1087
15947.0000  0.1087
15954.0000  0.1087
15956.0000  0.1087
15958.0000  0.1088
15964.0000  0.1088
15965.0000  0.1088
15975.0000  0.1088
15981.0000  0.1089
15984.0000  0.1089
16000.0000  0.1089
16004.0000  0.1089
16007.0000  0.1089
16011.0000  0.1089
16015.0000  0.1089
16019.0000  0.1089
16019.0000  0.1089
16021.0000  0.1089
16023.0000  0.1090
16025.0000  0.1090
16042.0000  0.1090
16044.0000  0.1090
16046.0000  0.1090
16048.0000  0.1090
16052.0000  0.1091
16052.0000  0.1091
16054.0000  0.1091
16061.0000  0.1086
16065.0000  0.1086
16067.0000  0.1086
16073.0000  0.1086
16076.0000  0.1086
16083.0000  0.1087
16092.0000  0.1087
16095.0000  0.1087
16100.0000  0.1087
16101.0000  0.1087
16103.0000  0.1087
16104.0000  0.1087
16107.0000  0.1087
16110.0000  0.1088
16117.0000  0.1088
16118.0000  0.1088
16120.0000  0.1088
16120.0000  0.1088
16121.0000  0.1088
16127.0000  0.1088
16132.0000  0.1088
16133.0000  0.1088
16141.0000  0.1088
16142.0000  0.1088
16142.0000  0.1088
16143.0000  0.1088
16146.0000  0.1089
16150.0000  0.1089
16150.0000  0.1088
16163.0000  0.1088
16172.0000  0.1088
16173.0000  0.1088
16173.0000  0.1088
16190.0000  0.1088
16191.0000  0.1089
16198.0000  0.1089
16212.0000  0.1089
16219.0000  0.1089
16222.0000  0.1090
16222.0000  0.1090
16227.0000  0.1090
16230.0000  0.1090
16240.0000  0.1090
16241.0000  0.1091
16242.0000  0.1091
16246.0000  0.1091
16247.0000  0.1091
16247.0000  0.1091
16251.0000  0.1091
16260.0000  0.1091
16265.0000  0.1091
16266.0000  0.1091
16267.0000  0.1091
16280.0000  0.1091
16285.0000  0.1091
16289.0000  0.1086
16290.0000  0.1086
16291.0000  0.1086
16292.0000  0.1086
16292.0000  0.1086
16310.0000  0.1086
16318.0000  0.1087
16322.0000  0.1088
16325.0000  0.1088
16327.0000  0.1088
16340.0000  0.1088
16344.0000  0.1088
16346.0000  0.1088
16357.0000  0.1088
16357.0000  0.1088
16360.0000  0.1089
16366.0000  0.1089
16369.0000  0.1089
16381.0000  0.1090
16383.0000  0.1090
16386.0000  0.1090
16391.0000  0.1085
16391.0000  0.1085
16392.0000  0.1085
16394.0000  0.1085
16397.0000  0.1085
16398.0000  0.1085
16400.0000  0.1085
16408.0000  0.1085
16408.0000  0.1085
16418.0000  0.1085
16424.0000  0.1085
16428.0000  0.1085
16431.0000  0.1086
16437.0000  0.1086
16439.0000  0.1086
16445.0000  0.1086
16446.0000  0.1086
16453.0000  0.1086
16455.0000  0.1086
16459.0000  0.1086
16487.0000  0.1086
16491.0000  0.1086
16494.0000  0.1087
16494.0000  0.1087
16500.0000  0.1087
16504.0000  0.1087
16505.0000  0.1088
16509.0000  0.1088
16510.0000  0.1088
16512.0000  0.1088
16534.0000  0.1089
16538.0000  0.1089
16539.0000  0.1090
16544.0000  0.1090
16545.0000  0.1090
16547.0000  0.1090
16555.0000  0.1090
16557.0000  0.1090
16558.0000  0.1090
16558.0000  0.1090
16558.0000  0.1091
16559.0000  0.1091
16564.0000  0.1091
16570.0000  0.1092
16575.0000  0.1092
16578.0000  0.1092
16579.0000  0.1093
16580.0000  0.1092
16580.0000  0.1087
16580.0000  0.1087
16585.0000  0.1087
16586.0000  0.1087
16592.0000  0.1088
16600.0000  0.1088
16604.0000  0.1088
16605.0000  0.1088
16608.0000  0.1088
16608.0000  0.1088
16610.0000  0.1088
16627.0000  0.1089
16628.0000  0.1089
16645.0000  0.1089
16646.0000  0.1089
16660.0000  0.1090
16663.0000  0.1089
16668.0000  0.1090
16675.0000  0.1089
16678.0000  0.1089
16681.0000  0.1089
16682.0000  0.1089
16683.0000  0.1089
16689.0000  0.1090
16706.0000  0.1090
16707.0000  0.1090
16716.0000  0.1090
16724.0000  0.1090
16731.0000  0.1090
16734.0000  0.1090
16744.0000  0.1090
16751.0000  0.1091
16754.0000  0.1091
16755.0000  0.1091
16755.0000  0.1091
16759.0000  0.1091
16762.0000  0.1091
16763.0000  0.1092
16778.0000  0.1091
16784.0000  0.1091
16788.0000  0.1092
16796.0000  0.1092
16797.0000  0.1092
16806.0000  0.1092
16809.0000  0.1092
16810.0000  0.1093
16820.0000  0.1093
16824.0000  0.1093
16829.0000  0.1093
16830.0000  0.1093
16834.0000  0.1093
16837.0000  0.1094
16847.0000  0.1094
16856.0000  0.1094
16857.0000  0.1094
16870.0000  0.1095
16873.0000  0.1095
16879.0000  0.1096
16881.0000  0.1096
16894.0000  0.1096
16895.0000  0.1096
16904.0000  0.1096
16907.0000  0.1096
16907.0000  0.1096
16908.0000  0.1096
16909.0000  0.1097
16911.0000  0.1096
16918.0000  0.1097
16919.0000  0.1097
16928.0000  0.1097
16929.0000  0.1097
16939.0000  0.1098
16941.0000  0.1098
16943.0000  0.1098
16944.0000  0.1098
16944.0000  0.1098
16947.0000  0.1098
16949.0000  0.1099
16960.0000  0.1099
16978.0000  0.1099
16978.0000  0.1099
16981.0000  0.1100
16998.0000  0.1100
16999.0000  0.1095
17001.0000  0.1095
17010.0000  0.1095
17011.0000  0.1095
17023.0000  0.1095
17023.0000  0.1095
17024.0000  0.1095
17038.0000  0.1095
17045.0000  0.1095
17050.0000  0.1095
17056.0000  0.1094
17060.0000  0.1094
17073.0000  0.1094
17077.0000  0.1094
17084.0000  0.1095
17096.0000  0.1095
17105.0000  0.1096
17105.0000  0.1096
17108.0000  0.1096
17109.0000  0.1096
17112.0000  0.1097
17113.0000  0.1096
17114.0000  0.1097
17118.0000  0.1097
17121.0000  0.1097
17122.0000  0.1097
17134.0000  0.1097
17145.0000  0.1097
17149.0000  0.1097
17150.0000  0.1097
17155.0000  0.1097
17156.0000  0.1097
17157.0000  0.1097
17159.0000  0.1098
17159.0000  0.1097
17164.0000  0.1098
17166.0000  0.1098
17190.0000  0.1098
17192.0000  0.1098
17197.0000  0.1098
17198.0000  0.1098
17198.0000  0.1098
17201.0000  0.1098
17201.0000  0.1099
17202.0000  0.1099
17203.0000  0.1099
17204.0000  0.1099
17205.0000  0.1099
17207.0000  0.1099
17208.0000  0.1099
17212.0000  0.1099
17215.0000  0.1099
17219.0000  0.1099
17222.0000  0.1100
17222.0000  0.1100
17239.0000  0.1100
17240.0000  0.1100
17242.0000  0.1100
17243.0000  0.1100
17249.0000  0.1100
17252.0000  0.1100
17254.0000  0.1100
17266.0000  0.1100
17291.0000  0.1100
17296.0000  0.1100
17298.0000  0.1100
17301.0000  0.1101
17311.0000  0.1101
17323.0000  0.1102
17329.0000  0.1102
17331.0000  0.1102
17354.0000  0.1103
17355.0000  0.1104
17360.0000  0.1104
17362.0000  0.1104
17371.0000  0.1104
17375.0000  0.1104
17386.0000  0.1104
17393.0000  0.1104
17399.0000  0.1105
17399.0000  0.1105
17414.0000  0.1105
17414.0000  0.1105
17416.0000  0.1105
17419.0000  0.1105
17420.0000  0.1106
17421.0000  0.1106
17424.0000  0.1106
17426.0000  0.1106
17429.0000  0.1106
17430.0000  0.1106
17430.0000  0.1106
17431.0000  0.1106
17436.0000  0.1106
17439.0000  0.1106
17439.0000  0.1106
17442.0000  0.1106
17443.0000  0.1107
17447.0000  0.1107
17448.0000  0.1107
17451.0000  0.1107
17464.0000  0.1107
17469.0000  0.1107
17471.0000  0.1107
17474.0000  0.1107
17479.0000  0.1107
17481.0000  0.1107
17483.0000  0.1108
17484.0000  0.1108
17490.0000  0.1108
17493.0000  0.1108
17503.0000  0.1108
17513.0000  0.1108
17517.0000  0.1109
17519.0000  0.1109
17527.0000  0.1109
17528.0000  0.1110
17528.0000  0.1110
17529.0000  0.1110
17530.0000  0.1110
17535.0000  0.1110
17548.0000  0.1110
17551.0000  0.1110
17551.0000  0.1110
17555.0000  0.1110
17559.0000  0.1110
17559.0000  0.1110
17561.0000  0.1111
17562.0000  0.1111
17562.0000  0.1111
17565.0000  0.1111
17568.0000  0.1111
17575.0000  0.1112
17584.0000  0.1112
17588.0000  0.1112
17592.0000  0.1112
17595.0000  0.1112
17597.0000  0.1112
17603.0000  0.1112
17609.0000  0.1112
17619.0000  0.1113
17619.0000  0.1112
17629.0000  0.1112
17631.0000  0.1112
17632.0000  0.1112
17633.0000  0.1112
17635.0000  0.1112
17639.0000  0.1112
17642.0000  0.1113
17648.0000  0.1113
17649.0000  0.1113
17657.0000  0.1113
17661.0000  0.1113
17662.0000  0.1113
17669.0000  0.1113
17671.0000  0.1113
17675.0000  0.1113
17676.0000  0.1114
17692.0000  0.1114
17692.0000  0.1114
17694.0000  0.1115
17696.0000  0.1115
17697.0000  0.1116
17699.0000  0.1115
17701.0000  0.1116
17706.0000  0.1116
17715.0000  0.1116
17718.0000  0.1117
17719.0000  0.1117
17722.0000  0.1117
17725.0000  0.1117
17727.0000  0.1117
17733.0000  0.1117
17739.0000  0.1117
17748.0000  0.1117
17751.0000  0.1117
17752.0000  0.1118
17755.0000  0.1118
17758.0000  0.1118
17768.0000  0.1118
17772.0000  0.1118
17780.0000  0.1118
17782.0000  0.1118
17790.0000  0.1118
17791.0000  0.1118
17793.0000  0.1119
17794.0000  0.1119
17794.0000  0.1119
17798.0000  0.1119
17799.0000  0.1119
17802.0000  0.1119
17803.0000  0.1119
17806.0000  0.1119
17812.0000  0.1120
17812.0000  0.1119
17825.0000  0.1120
17833.0000  0.1120
17841.0000  0.1115
17851.0000  0.1115
17861.0000  0.1115
17866.0000  0.1115
17874.0000  0.1115
17876.0000  0.1115
17882.0000  0.1115
17890.0000  0.1115
17892.0000  0.1115
17904.0000  0.1115
17907.0000  0.1116
17913.0000  0.1116
17928.0000  0.1116
17929.0000  0.1116
17929.0000  0.1116
17933.0000  0.1116
17938.0000  0.1116
17940.0000  0.1116
17944.0000  0.1116
17950.0000  0.1117
17951.0000  0.1117
17957.0000  0.1118
17960.0000  0.1118
17973.0000  0.1118
17985.0000  0.1118
17986.0000  0.1119
17989.0000  0.1119
17995.0000  0.1119
done----------------------
18000.0000  0.1119
