# deliveryTime  hopCount
42.0000 3
36.0000 8
58.0000 11
53.0000 7
40.0000 6
57.0000 7
70.0000 4
41.0000 4
95.0000 7
57.0000 6
66.0000 9
87.0000 6
75.0000 8
122.0000 6
110.0000 13
127.0000 4
116.0000 7
187.0000 10
161.0000 7
147.0000 7
159.0000 4
136.0000 4
218.0000 10
162.0000 7
139.0000 5
43.0000 4
170.0000 5
147.0000 4
178.0000 4
72.0000 5
209.0000 4
192.0000 4
189.0000 6
209.0000 6
161.0000 3
108.0000 3
230.0000 5
88.0000 3
264.0000 8
197.0000 7
308.0000 8
291.0000 4
308.0000 6
202.0000 4
285.0000 6
261.0000 7
300.0000 6
72.0000 2
155.0000 3
307.0000 8
246.0000 4
146.0000 4
285.0000 4
4.0000 2
239.0000 7
378.0000 6
338.0000 6
208.0000 3
348.0000 7
321.0000 5
344.0000 7
267.0000 4
350.0000 7
353.0000 7
363.0000 9
244.0000 6
381.0000 6
391.0000 7
109.0000 4
351.0000 5
356.0000 4
360.0000 7
276.0000 7
403.0000 7
401.0000 9
338.0000 5
402.0000 5
267.0000 4
337.0000 5
376.0000 6
426.0000 5
420.0000 6
404.0000 8
247.0000 4
355.0000 5
397.0000 6
279.0000 6
350.0000 4
432.0000 8
401.0000 7
398.0000 7
390.0000 6
376.0000 6
308.0000 6
375.0000 7
310.0000 4
372.0000 5
275.0000 4
335.0000 6
343.0000 6
276.0000 3
414.0000 7
440.0000 8
384.0000 5
385.0000 5
284.0000 5
395.0000 7
418.0000 6
399.0000 8
459.0000 8
248.0000 5
265.0000 3
369.0000 7
389.0000 6
594.0000 7
439.0000 8
385.0000 4
479.0000 9
524.0000 6
612.0000 11
371.0000 4
490.0000 3
138.0000 2
393.0000 4
359.0000 2
644.0000 8
132.0000 3
409.0000 5
404.0000 4
472.0000 8
492.0000 7
304.0000 5
499.0000 7
285.0000 4
223.0000 4
464.0000 10
502.0000 4
489.0000 8
550.0000 4
543.0000 9
441.0000 5
459.0000 3
448.0000 5
448.0000 7
449.0000 12
449.0000 6
472.0000 3
625.0000 6
606.0000 7
529.0000 6
506.0000 5
593.0000 8
706.0000 10
257.0000 3
569.0000 4
495.0000 3
476.0000 6
419.0000 5
456.0000 4
516.0000 5
606.0000 7
497.0000 6
489.0000 8
647.0000 8
472.0000 7
212.0000 3
723.0000 10
731.0000 9
480.0000 9
493.0000 6
604.0000 8
472.0000 5
528.0000 6
555.0000 7
463.0000 7
598.0000 7
605.0000 7
467.0000 4
353.0000 5
544.0000 6
535.0000 6
541.0000 8
553.0000 4
549.0000 7
474.0000 3
560.0000 7
572.0000 4
473.0000 7
542.0000 5
623.0000 5
482.0000 4
553.0000 3
724.0000 7
495.0000 6
504.0000 4
555.0000 6
828.0000 8
712.0000 6
446.0000 8
537.0000 8
553.0000 5
720.0000 7
650.0000 5
613.0000 11
528.0000 5
594.0000 5
862.0000 12
449.0000 7
611.0000 6
599.0000 9
775.0000 7
590.0000 7
575.0000 6
261.0000 3
692.0000 6
776.0000 7
123.0000 2
640.0000 5
611.0000 6
447.0000 3
313.0000 4
635.0000 5
506.0000 2
918.0000 8
691.0000 4
840.0000 6
413.0000 3
703.0000 5
930.0000 10
684.0000 3
659.0000 5
701.0000 8
915.0000 12
713.0000 4
696.0000 5
827.0000 6
708.0000 10
684.0000 5
632.0000 5
850.0000 7
686.0000 6
804.0000 8
482.0000 4
595.0000 4
760.0000 6
748.0000 6
290.0000 2
903.0000 10
694.0000 9
854.0000 8
462.0000 7
664.0000 4
748.0000 6
879.0000 9
912.0000 6
587.0000 7
791.0000 7
889.0000 9
736.0000 6
788.0000 6
897.0000 12
789.0000 4
699.0000 7
904.0000 9
905.0000 5
858.0000 7
908.0000 5
975.0000 8
976.0000 9
586.0000 5
965.0000 7
755.0000 8
809.0000 4
777.0000 8
1032.0000 6
721.0000 6
851.0000 6
831.0000 9
813.0000 5
796.0000 3
738.0000 7
719.0000 6
669.0000 3
941.0000 7
845.0000 4
639.0000 6
776.0000 6
798.0000 9
1026.0000 9
308.0000 3
969.0000 7
842.0000 5
1068.0000 10
710.0000 4
895.0000 5
987.0000 8
653.0000 3
959.0000 6
804.0000 7
933.0000 7
1025.0000 9
654.0000 4
900.0000 6
920.0000 7
877.0000 7
1137.0000 12
1044.0000 12
938.0000 6
919.0000 8
648.0000 5
802.0000 8
841.0000 4
896.0000 7
859.0000 6
1010.0000 4
903.0000 7
949.0000 9
293.0000 3
910.0000 12
1096.0000 5
979.0000 6
977.0000 10
915.0000 6
919.0000 5
874.0000 5
745.0000 5
963.0000 6
1019.0000 7
993.0000 7
1117.0000 6
421.0000 3
1076.0000 6
1027.0000 7
1004.0000 5
1008.0000 8
908.0000 7
930.0000 6
1167.0000 10
788.0000 5
1173.0000 10
1110.0000 6
714.0000 5
1170.0000 9
985.0000 6
1005.0000 6
1244.0000 12
1189.0000 7
1006.0000 5
534.0000 5
1244.0000 8
1060.0000 3
917.0000 7
1191.0000 9
1197.0000 5
857.0000 5
947.0000 7
1035.0000 9
1255.0000 8
1199.0000 6
1176.0000 4
1031.0000 8
1122.0000 8
728.0000 4
1070.0000 6
1112.0000 6
1271.0000 8
1158.0000 6
1231.0000 8
1125.0000 5
1235.0000 9
1098.0000 8
1179.0000 10
1111.0000 5
1106.0000 9
1137.0000 6
1003.0000 6
1143.0000 6
1125.0000 8
1110.0000 8
1089.0000 9
1105.0000 9
1196.0000 10
1159.0000 9
1098.0000 7
627.0000 5
1157.0000 9
1077.0000 7
1161.0000 9
1263.0000 9
1137.0000 5
1293.0000 10
169.0000 2
1189.0000 7
1275.0000 11
1044.0000 9
1300.0000 5
1170.0000 10
1017.0000 4
1163.0000 9
1312.0000 12
1311.0000 9
1337.0000 5
1134.0000 6
1383.0000 12
1133.0000 6
1130.0000 9
1202.0000 7
1120.0000 6
1198.0000 9
1007.0000 6
705.0000 4
1154.0000 6
1251.0000 6
1278.0000 7
1204.0000 7
431.0000 3
1462.0000 8
1398.0000 7
1440.0000 8
1242.0000 8
1416.0000 12
1141.0000 5
1312.0000 7
1310.0000 10
1178.0000 8
1262.0000 9
1250.0000 6
973.0000 4
1192.0000 10
1391.0000 7
716.0000 6
1531.0000 10
1475.0000 8
1366.0000 8
1490.0000 9
1365.0000 7
1323.0000 9
1271.0000 7
1328.0000 10
1387.0000 8
1350.0000 9
1339.0000 10
1397.0000 8
1323.0000 8
1612.0000 8
624.0000 6
1260.0000 5
1618.0000 10
877.0000 5
1529.0000 9
1322.0000 7
1539.0000 9
1473.0000 5
1370.0000 10
1085.0000 8
1560.0000 8
1432.0000 8
1443.0000 9
1574.0000 7
928.0000 7
314.0000 3
1485.0000 10
1190.0000 8
1422.0000 8
1284.0000 7
1436.0000 9
1512.0000 8
1496.0000 6
888.0000 4
777.0000 5
1525.0000 4
1484.0000 8
1522.0000 8
1468.0000 12
1222.0000 4
975.0000 4
1535.0000 7
1214.0000 4
1542.0000 11
241.0000 2
1293.0000 5
1570.0000 9
940.0000 4
1525.0000 8
1291.0000 9
1267.0000 9
1556.0000 10
1477.0000 7
1376.0000 9
1518.0000 10
1489.0000 7
1578.0000 7
1582.0000 8
873.0000 5
1569.0000 8
1618.0000 7
478.0000 3
1123.0000 4
1325.0000 6
1469.0000 7
1734.0000 7
1612.0000 9
1602.0000 8
1616.0000 8
1185.0000 6
1544.0000 7
1474.0000 6
1495.0000 9
1651.0000 12
1572.0000 7
917.0000 5
5.0000 2
1445.0000 5
1661.0000 11
1644.0000 8
1269.0000 8
1507.0000 7
1578.0000 8
1428.0000 9
1436.0000 8
1601.0000 6
1823.0000 8
1676.0000 10
1611.0000 9
1797.0000 8
1627.0000 10
1675.0000 9
1610.0000 6
1519.0000 9
1697.0000 8
1659.0000 6
1705.0000 10
1707.0000 9
1540.0000 10
264.0000 4
1307.0000 5
1520.0000 10
1193.0000 5
1554.0000 6
1454.0000 8
1413.0000 9
1738.0000 9
1586.0000 9
1274.0000 9
1223.0000 6
1731.0000 10
1662.0000 10
1484.0000 8
1736.0000 8
979.0000 4
249.0000 2
968.0000 4
1769.0000 9
1310.0000 5
297.0000 3
394.0000 6
1886.0000 7
1638.0000 10
1519.0000 9
1737.0000 10
1583.0000 7
1306.0000 7
1577.0000 9
894.0000 4
178.0000 2
38.0000 2
1679.0000 11
1845.0000 8
1487.0000 6
1500.0000 8
1788.0000 7
1930.0000 9
1711.0000 8
1990.0000 11
1494.0000 7
1630.0000 7
1595.0000 8
2051.0000 13
660.0000 3
1820.0000 8
1165.0000 7
1798.0000 8
1887.0000 10
1345.0000 8
1566.0000 10
1749.0000 10
1899.0000 9
1838.0000 10
1824.0000 14
1628.0000 8
1878.0000 9
1880.0000 9
477.0000 3
1924.0000 8
1711.0000 10
2059.0000 9
1425.0000 6
1961.0000 9
1676.0000 11
751.0000 2
1756.0000 8
1389.0000 6
1797.0000 8
596.0000 3
1927.0000 12
2083.0000 10
1974.0000 8
1669.0000 8
1368.0000 7
1923.0000 11
1762.0000 9
1846.0000 10
2043.0000 12
1081.0000 4
2110.0000 11
1982.0000 9
1984.0000 7
1913.0000 13
2054.0000 14
1902.0000 9
1862.0000 8
1924.0000 10
2048.0000 11
2143.0000 10
1898.0000 8
2059.0000 8
1989.0000 8
2187.0000 11
1451.0000 6
2062.0000 7
983.0000 3
1799.0000 5
1866.0000 9
2126.0000 12
2023.0000 12
2086.0000 10
2005.0000 12
1579.0000 10
1660.0000 9
1669.0000 12
162.0000 2
2138.0000 9
2195.0000 13
2251.0000 11
1550.0000 8
1931.0000 10
2036.0000 10
873.0000 2
2311.0000 13
2006.0000 7
1984.0000 5
1546.0000 6
1536.0000 8
751.0000 4
1929.0000 9
803.0000 4
1571.0000 5
1336.0000 4
753.0000 5
1782.0000 10
2215.0000 9
2065.0000 11
2337.0000 10
2341.0000 7
2017.0000 10
1771.0000 10
1881.0000 13
2169.0000 12
1857.0000 8
1906.0000 9
1968.0000 5
1346.0000 5
2228.0000 10
2265.0000 10
1964.0000 9
2253.0000 9
1979.0000 5
2213.0000 11
2073.0000 10
807.0000 4
2065.0000 10
1981.0000 6
1839.0000 6
2336.0000 12
2289.0000 10
815.0000 5
2283.0000 13
1040.0000 3
2419.0000 10
2423.0000 11
2239.0000 12
1725.0000 6
1585.0000 9
2304.0000 10
2303.0000 9
1500.0000 6
1338.0000 4
2306.0000 12
2307.0000 11
1831.0000 8
2482.0000 16
1744.0000 5
2187.0000 9
2230.0000 10
2276.0000 8
2207.0000 8
2275.0000 13
2280.0000 10
1905.0000 7
1803.0000 9
2191.0000 8
775.0000 3
1203.0000 5
2424.0000 11
1443.0000 5
2565.0000 8
2433.0000 11
2327.0000 11
2429.0000 9
2239.0000 10
1469.0000 7
2417.0000 10
1032.0000 5
2171.0000 10
2578.0000 12
2153.0000 9
2172.0000 12
283.0000 2
1105.0000 8
1425.0000 8
1577.0000 4
1729.0000 7
2571.0000 12
2161.0000 11
2682.0000 10
2059.0000 9
734.0000 2
140.0000 3
1312.0000 4
1950.0000 7
2387.0000 13
2088.0000 10
2609.0000 11
2393.0000 11
2543.0000 11
2503.0000 13
1751.0000 9
2633.0000 12
137.0000 2
1846.0000 10
1951.0000 6
2160.0000 9
2090.0000 10
2523.0000 9
2319.0000 10
147.0000 2
2667.0000 13
2614.0000 9
2725.0000 14
2544.0000 10
2733.0000 13
2570.0000 11
2414.0000 10
2307.0000 9
2670.0000 16
1522.0000 6
2565.0000 9
979.0000 7
1909.0000 6
2272.0000 8
952.0000 3
2567.0000 11
2777.0000 11
2758.0000 13
2487.0000 9
2656.0000 10
2507.0000 10
1535.0000 6
2512.0000 12
2303.0000 10
2702.0000 9
2682.0000 18
1252.0000 5
2613.0000 10
1318.0000 3
2486.0000 12
2448.0000 10
2124.0000 10
2669.0000 12
1996.0000 8
2450.0000 10
2735.0000 14
2136.0000 11
2397.0000 14
2814.0000 8
2921.0000 13
2613.0000 7
2428.0000 12
2864.0000 14
2620.0000 11
2581.0000 12
2879.0000 10
2822.0000 10
2759.0000 9
2305.0000 11
2437.0000 9
1642.0000 9
907.0000 4
1664.0000 7
2790.0000 10
2850.0000 12
2773.0000 13
2068.0000 8
2721.0000 9
1037.0000 4
2914.0000 13
2288.0000 9
2959.0000 11
2094.0000 12
1859.0000 6
1558.0000 6
743.0000 3
2865.0000 14
2952.0000 14
2779.0000 12
2489.0000 11
2562.0000 11
2393.0000 12
2961.0000 10
948.0000 4
1056.0000 7
825.0000 4
2523.0000 11
1961.0000 8
2827.0000 12
1664.0000 8
2469.0000 12
2864.0000 10
2867.0000 11
2859.0000 9
2546.0000 11
2694.0000 10
2673.0000 12
3044.0000 11
1667.0000 6
2240.0000 8
2901.0000 11
1093.0000 4
502.0000 2
1090.0000 4
2477.0000 11
2877.0000 12
2489.0000 11
3082.0000 15
834.0000 3
2929.0000 12
2913.0000 15
2773.0000 15
2832.0000 8
3059.0000 14
2952.0000 15
2714.0000 10
624.0000 3
2997.0000 15
1097.0000 7
2938.0000 11
2712.0000 11
2749.0000 13
3154.0000 11
1123.0000 7
3054.0000 11
1669.0000 7
1697.0000 10
1131.0000 6
3074.0000 15
2583.0000 12
2909.0000 9
2890.0000 15
2625.0000 13
3129.0000 10
1851.0000 7
2842.0000 14
3099.0000 13
2570.0000 9
1836.0000 8
2720.0000 10
2417.0000 11
2451.0000 13
2920.0000 11
1283.0000 6
3136.0000 12
2935.0000 14
2929.0000 12
2726.0000 12
3219.0000 14
2555.0000 8
3320.0000 15
3079.0000 13
3084.0000 17
1291.0000 5
1788.0000 6
2964.0000 14
272.0000 4
2863.0000 12
3461.0000 15
3491.0000 21
3234.0000 11
3078.0000 18
2255.0000 6
1359.0000 5
1821.0000 5
2824.0000 14
3286.0000 13
3043.0000 13
3289.0000 13
3004.0000 14
2673.0000 10
2266.0000 9
3135.0000 19
3428.0000 12
2861.0000 11
3026.0000 11
3332.0000 9
592.0000 3
2589.0000 13
2206.0000 10
1895.0000 11
2133.0000 9
3130.0000 9
3294.0000 12
2662.0000 10
2612.0000 10
3377.0000 16
2323.0000 10
1919.0000 7
3202.0000 14
3359.0000 12
2629.0000 8
3083.0000 11
682.0000 3
1276.0000 4
2797.0000 10
3228.0000 11
659.0000 5
3399.0000 15
2381.0000 8
2938.0000 16
2289.0000 7
2735.0000 8
3408.0000 13
2017.0000 9
1009.0000 4
2382.0000 9
2436.0000 9
2964.0000 12
2521.0000 10
2085.0000 5
2965.0000 11
2807.0000 10
3445.0000 14
3182.0000 12
2218.0000 8
3373.0000 13
3468.0000 13
3178.0000 13
2565.0000 11
329.0000 4
3011.0000 10
2289.0000 9
2995.0000 12
3213.0000 12
909.0000 3
3411.0000 13
3497.0000 17
3310.0000 12
3215.0000 14
3305.0000 15
3436.0000 16
3064.0000 11
3059.0000 15
3514.0000 15
3482.0000 15
3009.0000 11
2492.0000 10
3042.0000 10
2518.0000 9
3707.0000 14
1509.0000 6
3095.0000 9
2189.0000 5
574.0000 4
3537.0000 16
2810.0000 10
2331.0000 7
3550.0000 19
3166.0000 22
658.0000 5
242.0000 2
3231.0000 11
3344.0000 14
1573.0000 15
3539.0000 13
1518.0000 7
2954.0000 9
3612.0000 14
2543.0000 9
289.0000 3
555.0000 3
2403.0000 7
2229.0000 9
3234.0000 11
3364.0000 14
2375.0000 8
2390.0000 13
3371.0000 13
1421.0000 4
709.0000 4
3406.0000 14
2410.0000 10
1106.0000 4
612.0000 4
1420.0000 5
72.0000 2
1160.0000 4
2722.0000 9
707.0000 3
1402.0000 6
3472.0000 10
1596.0000 4
348.0000 3
2315.0000 8
1078.0000 5
635.0000 3
2497.0000 8
3712.0000 13
397.0000 4
2172.0000 11
3517.0000 17
3469.0000 14
1218.0000 6
2935.0000 11
3597.0000 12
464.0000 5
815.0000 6
3540.0000 18
3504.0000 14
2118.0000 9
3740.0000 15
3696.0000 16
2363.0000 9
3701.0000 18
3578.0000 16
3846.0000 14
3592.0000 11
3441.0000 15
377.0000 3
1682.0000 7
3186.0000 9
3888.0000 19
2520.0000 10
2855.0000 14
3931.0000 17
3604.0000 15
4113.0000 20
4019.0000 13
920.0000 4
3589.0000 13
3968.0000 17
1264.0000 7
3463.0000 12
3639.0000 13
198.0000 5
3269.0000 11
3101.0000 12
3674.0000 14
2322.0000 7
3007.0000 9
2559.0000 7
4135.0000 18
3111.0000 10
2993.0000 12
3421.0000 14
3590.0000 15
3198.0000 13
3970.0000 15
3785.0000 11
1491.0000 6
3776.0000 15
4065.0000 16
2675.0000 9
3061.0000 8
4088.0000 17
3454.0000 19
2533.0000 15
3319.0000 13
2969.0000 10
3945.0000 19
3518.0000 9
3663.0000 15
3658.0000 14
3909.0000 14
2916.0000 11
3896.0000 13
4073.0000 16
3299.0000 12
1577.0000 6
465.0000 2
3581.0000 16
4135.0000 16
2812.0000 14
2820.0000 10
2941.0000 8
3144.0000 14
4018.0000 23
4377.0000 18
3469.0000 14
3339.0000 12
4130.0000 14
3793.0000 15
3934.0000 19
3088.0000 12
1489.0000 4
3746.0000 16
3212.0000 11
3827.0000 17
2708.0000 10
4358.0000 21
3280.0000 8
3217.0000 14
3740.0000 15
4392.0000 18
4393.0000 21
3536.0000 13
2218.0000 9
3490.0000 10
3048.0000 10
3219.0000 14
4058.0000 11
3005.0000 8
3974.0000 18
3832.0000 14
3279.0000 11
4144.0000 12
3423.0000 13
3231.0000 10
2660.0000 8
4112.0000 15
3997.0000 17
4353.0000 14
2952.0000 7
4102.0000 19
4370.0000 14
2081.0000 7
4504.0000 16
3405.0000 14
1351.0000 6
4108.0000 18
4087.0000 14
3823.0000 15
3989.0000 16
4155.0000 15
4434.0000 14
2964.0000 11
2990.0000 10
4620.0000 16
3932.0000 11
3763.0000 12
4183.0000 16
2158.0000 8
3543.0000 13
1433.0000 7
1868.0000 8
3138.0000 17
3203.0000 9
3805.0000 13
2809.0000 10
4650.0000 15
4290.0000 22
4255.0000 18
3081.0000 10
3814.0000 14
3371.0000 8
3634.0000 13
3914.0000 13
3112.0000 16
3919.0000 17
3471.0000 14
1980.0000 6
3572.0000 12
3783.0000 12
3844.0000 11
3244.0000 11
3899.0000 13
2626.0000 8
2925.0000 10
4725.0000 21
3125.0000 11
4579.0000 12
3848.0000 15
593.0000 2
2423.0000 7
2830.0000 11
3528.0000 13
4124.0000 17
1729.0000 8
2331.0000 8
3252.0000 8
4655.0000 13
2194.0000 5
3317.0000 15
4202.0000 13
4543.0000 13
3682.0000 18
3944.0000 11
1784.0000 8
4051.0000 15
4550.0000 17
3851.0000 13
1838.0000 6
4845.0000 18
3359.0000 17
3954.0000 16
3407.0000 18
4050.0000 15
1352.0000 9
2803.0000 9
4586.0000 19
1013.0000 5
949.0000 4
2724.0000 8
3875.0000 13
3767.0000 17
3657.0000 11
3404.0000 12
2525.0000 10
598.0000 3
4.0000 2
4620.0000 16
3129.0000 8
4341.0000 15
2818.0000 9
1447.0000 6
4885.0000 13
3548.0000 14
3149.0000 9
3984.0000 14
3852.0000 13
4559.0000 15
3338.0000 10
1734.0000 7
2342.0000 7
4335.0000 16
2969.0000 8
4792.0000 16
837.0000 4
3554.0000 19
4161.0000 19
4429.0000 18
2230.0000 7
5165.0000 24
4176.0000 18
4966.0000 20
4602.0000 14
4521.0000 15
4780.0000 20
4009.0000 13
3077.0000 10
2031.0000 8
3484.0000 14
1596.0000 11
2390.0000 10
1363.0000 8
3639.0000 17
2238.0000 8
4923.0000 15
4279.0000 16
4595.0000 16
2303.0000 9
1072.0000 5
2986.0000 13
3660.0000 12
3972.0000 13
4752.0000 17
2329.0000 9
4800.0000 16
4881.0000 17
4033.0000 10
4732.0000 19
3347.0000 12
3450.0000 14
4693.0000 17
1446.0000 7
3726.0000 19
4884.0000 15
3857.0000 14
1078.0000 4
5025.0000 17
289.0000 2
3753.0000 12
3681.0000 12
1272.0000 4
5060.0000 19
4516.0000 17
5155.0000 22
4299.0000 14
4717.0000 12
2456.0000 11
2065.0000 8
5312.0000 21
1492.0000 7
3834.0000 16
3142.0000 12
2698.0000 9
445.0000 4
4330.0000 13
5135.0000 20
2639.0000 12
4348.0000 14
2064.0000 8
4617.0000 13
2731.0000 11
4657.0000 16
5016.0000 17
1292.0000 6
1889.0000 5
1257.0000 4
4914.0000 18
826.0000 4
1330.0000 5
2845.0000 9
998.0000 3
5018.0000 17
5268.0000 18
2829.0000 12
5100.0000 17
2340.0000 6
4398.0000 14
1916.0000 4
3824.0000 16
5156.0000 24
2701.0000 8
5195.0000 16
5270.0000 18
2814.0000 9
1541.0000 5
5083.0000 20
2041.0000 10
3871.0000 11
4817.0000 17
5459.0000 19
3090.0000 10
5014.0000 18
5491.0000 20
4440.0000 18
329.0000 2
3871.0000 14
3.0000 2
4549.0000 19
3766.0000 15
5533.0000 25
5128.0000 16
5076.0000 25
3875.0000 17
2480.0000 12
5347.0000 19
3171.0000 17
5432.0000 21
3828.0000 11
2517.0000 10
3154.0000 12
1157.0000 5
3298.0000 14
3664.0000 10
3218.0000 9
4842.0000 18
3031.0000 7
3203.0000 10
321.0000 2
4441.0000 20
4985.0000 13
1363.0000 4
1126.0000 4
1093.0000 6
2115.0000 8
2363.0000 6
4350.0000 18
4338.0000 12
5206.0000 17
3038.0000 10
2380.0000 8
5014.0000 18
5877.0000 19
1448.0000 5
4671.0000 15
2137.0000 10
3181.0000 10
2590.0000 8
3728.0000 12
3820.0000 10
3886.0000 12
3442.0000 10
614.0000 3
480.0000 3
5034.0000 18
5031.0000 14
5739.0000 26
5535.0000 26
1900.0000 7
2940.0000 9
5819.0000 22
3232.0000 11
5133.0000 15
3263.0000 14
5222.0000 16
5832.0000 17
5571.0000 20
5416.0000 14
4972.0000 16
805.0000 3
5620.0000 19
387.0000 2
5142.0000 18
3720.0000 14
4541.0000 17
1714.0000 10
3395.0000 12
5937.0000 23
4154.0000 13
3171.0000 11
2392.0000 12
4776.0000 15
5699.0000 22
3298.0000 9
1560.0000 7
6259.0000 25
4669.0000 21
5733.0000 20
4637.0000 14
4603.0000 16
866.0000 3
2474.0000 8
4242.0000 14
6080.0000 24
5321.0000 16
2950.0000 10
4549.0000 18
6110.0000 19
566.0000 2
5726.0000 24
5355.0000 17
6121.0000 23
5989.0000 19
4088.0000 13
1421.0000 4
3452.0000 11
4338.0000 12
938.0000 6
2294.0000 6
4242.0000 15
4171.0000 11
3822.0000 12
2236.0000 6
1970.0000 5
1497.0000 8
6154.0000 19
4223.0000 13
1897.0000 5
5358.0000 17
1234.0000 4
5997.0000 25
916.0000 5
2957.0000 10
1072.0000 3
4998.0000 18
4653.0000 19
5517.0000 17
6121.0000 26
1083.0000 5
6018.0000 23
6400.0000 21
2254.0000 7
5979.0000 22
2459.0000 9
5605.0000 16
6337.0000 20
4446.0000 12
2329.0000 7
5154.0000 19
4630.0000 15
3084.0000 13
2279.0000 9
6156.0000 21
5797.0000 19
3916.0000 13
4598.0000 17
5665.0000 19
5144.0000 15
5181.0000 16
6395.0000 23
2522.0000 7
4622.0000 16
269.0000 3
5721.0000 20
3595.0000 10
2613.0000 7
3966.0000 12
1425.0000 6
2124.0000 9
1707.0000 8
3884.0000 10
3748.0000 14
5839.0000 16
1283.0000 4
5384.0000 19
4539.0000 13
5491.0000 19
6590.0000 28
2015.0000 10
881.0000 3
2025.0000 8
1083.0000 5
3437.0000 12
5848.0000 19
5637.0000 19
6592.0000 18
4540.0000 14
3003.0000 8
110.0000 3
6245.0000 23
6392.0000 27
6340.0000 25
3245.0000 14
2797.0000 10
4711.0000 13
6124.0000 22
6304.0000 24
4219.0000 11
4327.0000 16
5275.0000 18
5981.0000 18
1183.0000 6
5812.0000 16
6567.0000 20
1708.0000 7
2715.0000 9
4914.0000 15
4349.0000 24
6283.0000 20
5442.0000 18
4034.0000 15
5181.0000 21
2168.0000 9
4258.0000 18
2947.0000 12
6318.0000 20
5421.0000 19
6633.0000 17
3238.0000 8
2687.0000 12
5944.0000 20
5574.0000 17
6110.0000 18
3500.0000 8
3464.0000 12
4164.0000 10
6069.0000 25
5043.0000 19
5668.0000 19
388.0000 3
7009.0000 22
6437.0000 27
6591.0000 24
3839.0000 16
3209.0000 9
6004.0000 21
4146.0000 16
292.0000 3
3318.0000 11
1228.0000 6
3811.0000 12
3617.0000 12
5491.0000 21
2780.0000 8
6046.0000 19
6954.0000 22
2521.0000 10
5601.0000 20
6793.0000 22
2419.0000 7
6085.0000 19
3295.0000 10
3660.0000 13
6520.0000 21
159.0000 2
388.0000 3
5510.0000 20
3934.0000 12
6765.0000 21
4742.0000 17
6144.0000 18
5637.0000 24
4624.0000 15
5233.0000 17
4601.0000 16
3698.0000 11
4993.0000 14
5800.0000 17
2090.0000 6
4692.0000 16
6864.0000 22
7083.0000 21
1078.0000 4
6983.0000 21
4662.0000 15
2407.0000 6
4533.0000 15
485.0000 3
4682.0000 16
3789.0000 10
7080.0000 23
5434.0000 17
3577.0000 10
5396.0000 14
985.0000 3
4197.0000 13
6955.0000 27
5766.0000 18
6726.0000 21
6820.0000 21
5624.0000 18
6179.0000 26
6881.0000 19
4093.0000 13
3763.0000 15
2008.0000 5
3876.0000 12
6507.0000 17
6598.0000 29
6349.0000 20
3646.0000 11
3907.0000 14
1409.0000 6
1849.0000 7
2471.0000 7
1551.0000 7
5253.0000 17
4894.0000 12
3963.0000 13
2781.0000 12
5849.0000 21
7274.0000 25
447.0000 3
1463.0000 10
336.0000 3
6369.0000 24
6566.0000 27
3426.0000 11
5983.0000 20
7357.0000 25
4998.0000 20
2878.0000 10
4284.0000 17
5617.0000 20
7058.0000 23
3612.0000 12
5814.0000 21
5095.0000 18
6216.0000 18
5992.0000 20
6206.0000 22
5623.0000 17
1378.0000 5
3330.0000 13
6423.0000 21
6950.0000 28
2764.0000 8
2773.0000 9
291.0000 2
4814.0000 19
6815.0000 17
646.0000 3
7305.0000 24
3005.0000 11
6090.0000 23
7271.0000 29
6971.0000 24
1379.0000 5
6491.0000 18
6529.0000 28
7351.0000 28
5192.0000 13
6697.0000 19
3677.0000 12
4211.0000 15
3441.0000 9
2252.0000 7
7333.0000 24
4936.0000 15
5175.0000 14
988.0000 4
5713.0000 13
6643.0000 21
774.0000 2
6592.0000 22
6305.0000 26
5438.0000 18
6600.0000 20
7675.0000 26
6874.0000 24
3421.0000 11
6947.0000 27
5198.0000 17
3187.0000 11
4343.0000 16
6833.0000 22
671.0000 3
7341.0000 26
3034.0000 8
3446.0000 14
7738.0000 38
1227.0000 4
1482.0000 4
7041.0000 21
7348.0000 25
3094.0000 10
6191.0000 19
3074.0000 10
5535.0000 17
6773.0000 27
7585.0000 22
4685.0000 21
1730.0000 7
4901.0000 20
7114.0000 22
2645.0000 7
7465.0000 28
5344.0000 18
1593.0000 6
272.0000 2
4489.0000 17
113.0000 2
3184.0000 12
7389.0000 23
7583.0000 23
4254.0000 12
295.0000 2
952.0000 5
1461.0000 5
1078.0000 4
6020.0000 17
3960.0000 15
6616.0000 26
526.0000 3
1030.0000 5
5186.0000 17
5979.0000 18
6209.0000 20
3975.0000 12
7850.0000 22
6471.0000 21
6352.0000 18
5211.0000 22
7087.0000 25
2707.0000 8
7171.0000 23
1793.0000 7
3379.0000 9
2019.0000 8
1889.0000 7
5066.0000 14
5338.0000 25
7554.0000 26
6840.0000 21
1691.0000 8
960.0000 5
8145.0000 26
7260.0000 23
3452.0000 12
5978.0000 23
1882.0000 7
140.0000 2
7464.0000 21
1307.0000 4
4115.0000 14
6409.0000 23
4539.0000 19
5063.0000 15
6964.0000 24
1013.0000 5
7332.0000 24
7766.0000 22
6272.0000 18
2987.0000 13
3539.0000 13
202.0000 2
817.0000 3
1804.0000 7
5772.0000 18
1576.0000 6
7516.0000 25
3789.0000 13
5908.0000 19
7390.0000 25
7055.0000 26
607.0000 4
5733.0000 15
6879.0000 22
2186.0000 8
5852.0000 18
4680.0000 14
4906.0000 14
8170.0000 25
610.0000 5
695.0000 2
7170.0000 22
3636.0000 18
6956.0000 25
7967.0000 29
1833.0000 7
7520.0000 25
244.0000 2
8340.0000 30
8045.0000 25
4296.0000 15
7804.0000 25
2743.0000 11
6928.0000 20
7376.0000 26
2905.0000 13
3612.0000 14
1533.0000 5
5420.0000 19
7533.0000 25
1420.0000 6
530.0000 3
4468.0000 15
365.0000 2
2874.0000 7
6779.0000 24
4044.0000 13
8237.0000 29
7460.0000 27
464.0000 3
2019.0000 7
2637.0000 14
8322.0000 31
8025.0000 30
5572.0000 20
1566.0000 7
4316.0000 12
5141.0000 15
7554.0000 22
6569.0000 21
6061.0000 25
1735.0000 11
3427.0000 12
8409.0000 32
8374.0000 31
3483.0000 8
4693.0000 17
3836.0000 15
1916.0000 6
2449.0000 8
311.0000 2
2433.0000 9
3838.0000 12
1498.0000 9
5431.0000 18
7345.0000 17
1174.0000 4
642.0000 3
7728.0000 25
6665.0000 21
635.0000 3
7178.0000 32
1314.0000 4
6827.0000 25
724.0000 5
2935.0000 13
8213.0000 31
3525.0000 11
5547.0000 15
8188.0000 29
7486.0000 24
1498.0000 4
5552.0000 19
2870.0000 10
5240.0000 18
4415.0000 14
7840.0000 24
8282.0000 28
6046.0000 21
3550.0000 12
4806.0000 13
3262.0000 10
6183.0000 21
1597.0000 6
7933.0000 24
7453.0000 22
421.0000 3
6999.0000 23
1748.0000 6
5260.0000 19
2588.0000 6
6163.0000 24
8815.0000 33
522.0000 4
7893.0000 31
4951.0000 19
7089.0000 25
8654.0000 28
706.0000 6
4188.0000 15
2483.0000 9
2071.0000 12
5853.0000 20
1482.0000 5
1595.0000 6
7019.0000 15
1864.0000 6
1725.0000 5
7770.0000 28
3472.0000 14
708.0000 5
186.0000 2
6408.0000 23
7211.0000 26
2868.0000 10
5499.0000 19
4713.0000 15
1644.0000 5
949.0000 4
8401.0000 30
6637.0000 25
6457.0000 19
1679.0000 6
1030.0000 3
8794.0000 31
1728.0000 7
7478.0000 24
3962.0000 11
3183.0000 9
3985.0000 14
2475.0000 9
1715.0000 6
6671.0000 19
1548.0000 5
3095.0000 12
8993.0000 29
5808.0000 19
2194.0000 8
9369.0000 29
2265.0000 10
2668.0000 8
9415.0000 38
7634.0000 28
2187.0000 8
3706.0000 17
7988.0000 22
5402.0000 16
4458.0000 18
4395.0000 14
2353.0000 7
6656.0000 24
2121.0000 10
4539.0000 15
7161.0000 17
1286.0000 4
2997.0000 9
6908.0000 20
1107.0000 6
6817.0000 21
1488.0000 5
6413.0000 19
438.0000 3
9102.0000 33
5157.0000 20
6444.0000 19
9193.0000 28
2324.0000 8
1641.0000 6
5945.0000 21
2923.0000 12
1614.0000 8
5002.0000 15
9186.0000 28
7245.0000 24
7435.0000 22
7891.0000 21
4727.0000 15
5570.0000 23
5283.0000 17
3718.0000 14
6345.0000 22
929.0000 7
5270.0000 19
6911.0000 24
3706.0000 20
3709.0000 20
8310.0000 25
1988.0000 6
2284.0000 6
6301.0000 20
8325.0000 27
6621.0000 28
7563.0000 21
6192.0000 20
6605.0000 22
9139.0000 32
7080.0000 24
9371.0000 30
8064.0000 25
8381.0000 21
7067.0000 20
1126.0000 8
5972.0000 20
2536.0000 13
6109.0000 20
1981.0000 7
1375.0000 6
8525.0000 28
6657.0000 22
1239.0000 6
2646.0000 7
2089.0000 9
3125.0000 12
8066.0000 25
786.0000 4
7454.0000 22
4127.0000 18
8543.0000 24
6609.0000 26
1607.0000 5
5832.0000 15
8415.0000 34
7240.0000 20
8333.0000 28
6996.0000 19
5734.0000 17
4901.0000 23
8675.0000 31
1978.0000 8
538.0000 3
6000.0000 24
7671.0000 21
7129.0000 24
9248.0000 35
6167.0000 20
3251.0000 11
6134.0000 19
6048.0000 16
147.0000 2
1751.0000 7
2365.0000 9
1171.0000 5
8231.0000 21
8894.0000 27
5407.0000 15
1954.0000 7
4110.0000 18
7528.0000 23
1975.0000 9
3035.0000 13
3713.0000 9
1713.0000 8
1019.0000 4
2840.0000 7
3576.0000 10
1585.0000 5
9604.0000 30
1674.0000 4
2173.0000 9
2101.0000 11
3037.0000 11
3242.0000 12
9142.0000 28
4376.0000 13
6330.0000 20
6678.0000 23
8694.0000 24
6330.0000 18
6116.0000 19
625.0000 3
2098.0000 8
2536.0000 7
846.0000 4
3193.0000 14
3237.0000 15
3136.0000 9
491.0000 2
2642.0000 9
474.0000 3
3455.0000 11
6203.0000 23
6291.0000 26
2746.0000 10
8939.0000 24
6574.0000 20
4490.0000 13
7308.0000 30
2029.0000 6
153.0000 2
3863.0000 11
6791.0000 27
6497.0000 24
2535.0000 5
7823.0000 28
4156.0000 12
8188.0000 21
577.0000 2
4689.0000 11
8888.0000 19
6430.0000 22
148.0000 2
5416.0000 18
6827.0000 24
496.0000 2
10373.0000 37
7410.0000 23
9004.0000 32
4296.0000 14
8123.0000 27
5793.0000 19
825.0000 7
9713.0000 31
855.0000 5
8610.0000 29
2692.0000 9
9500.0000 31
6265.0000 22
3767.0000 15
9698.0000 25
8640.0000 29
9245.0000 24
9604.0000 30
7976.0000 20
9755.0000 27
1050.0000 4
6610.0000 26
1476.0000 4
5922.0000 23
7622.0000 27
6573.0000 19
5853.0000 16
8914.0000 25
1524.0000 5
1205.0000 7
3248.0000 11
9856.0000 25
10861.0000 45
9465.0000 31
7982.0000 22
8885.0000 29
6857.0000 21
7829.0000 25
10182.0000 32
9363.0000 29
7095.0000 21
321.0000 2
8862.0000 25
6878.0000 20
8082.0000 29
3698.0000 12
8771.0000 25
2774.0000 8
3064.0000 13
2400.0000 8
5704.0000 16
5067.0000 15
10594.0000 36
6574.0000 25
5160.0000 14
9378.0000 35
9585.0000 31
9490.0000 33
10117.0000 32
10333.0000 36
7184.0000 26
6725.0000 24
2907.0000 9
4644.0000 10
6815.0000 25
8328.0000 26
10432.0000 39
9387.0000 27
9346.0000 34
4011.0000 16
8755.0000 27
1858.0000 6
5110.0000 17
10462.0000 33
10576.0000 37
2283.0000 9
8038.0000 29
7327.0000 29
10108.0000 35
10584.0000 33
5209.0000 16
9991.0000 26
9849.0000 42
3629.0000 9
6685.0000 27
8301.0000 31
2029.0000 8
10231.0000 35
10143.0000 33
3177.0000 10
10866.0000 37
10530.0000 32
5439.0000 19
579.0000 2
3632.0000 12
9963.0000 28
117.0000 2
7811.0000 21
1795.0000 5
515.0000 4
2018.0000 7
583.0000 3
8450.0000 23
9619.0000 33
10012.0000 31
5042.0000 19
6487.0000 22
1511.0000 3
337.0000 2
8288.0000 24
8419.0000 28
2363.0000 8
9835.0000 34
10773.0000 36
8415.0000 25
2288.0000 9
3673.0000 12
10826.0000 35
1694.0000 4
2360.0000 10
1485.0000 7
3382.0000 12
8700.0000 32
10960.0000 39
10872.0000 35
8616.0000 29
5333.0000 24
272.0000 2
7150.0000 28
3498.0000 14
10712.0000 41
10998.0000 39
10414.0000 36
10084.0000 36
3388.0000 13
7584.0000 23
2200.0000 8
4992.0000 15
6356.0000 22
11258.0000 32
2859.0000 9
2809.0000 12
9102.0000 27
1089.0000 4
3814.0000 10
8124.0000 23
10739.0000 44
2948.0000 8
8287.0000 28
8485.0000 22
7256.0000 27
8469.0000 33
10286.0000 30
1373.0000 4
7847.0000 26
10953.0000 32
4780.0000 13
3438.0000 14
6752.0000 24
2485.0000 9
254.0000 2
3047.0000 10
1221.0000 4
10376.0000 29
1145.0000 4
3544.0000 12
11015.0000 35
2027.0000 6
9843.0000 34
1804.0000 6
2109.0000 5
816.0000 4
2977.0000 14
8888.0000 33
3891.0000 12
674.0000 3
288.0000 3
1747.0000 10
1624.0000 8
7006.0000 30
9266.0000 29
4343.0000 21
9882.0000 34
4029.0000 9
996.0000 6
1994.0000 6
11400.0000 37
5109.0000 18
10071.0000 33
6863.0000 21
502.0000 2
9007.0000 30
10349.0000 33
4913.0000 19
314.0000 4
9374.0000 31
1160.0000 6
9447.0000 28
11175.0000 36
11265.0000 33
6655.0000 24
2305.0000 10
11604.0000 40
9065.0000 27
7853.0000 20
1137.0000 3
10525.0000 34
7236.0000 21
7091.0000 24
5237.0000 19
11235.0000 32
7090.0000 20
10308.0000 35
3433.0000 10
3903.0000 11
9307.0000 29
3801.0000 10
4162.0000 10
11380.0000 37
9600.0000 32
6052.0000 19
22.0000 2
3829.0000 18
1665.0000 7
4425.0000 14
7556.0000 26
2577.0000 6
3154.0000 13
11375.0000 33
3316.0000 9
10890.0000 39
6083.0000 24
2469.0000 9
9295.0000 39
6396.0000 21
11661.0000 43
11741.0000 42
1821.0000 8
2996.0000 12
914.0000 3
4616.0000 18
11476.0000 42
9322.0000 30
7188.0000 26
9301.0000 27
11864.0000 43
9795.0000 31
3554.0000 15
7452.0000 27
6537.0000 24
4411.0000 14
4019.0000 15
7605.0000 25
9735.0000 25
1849.0000 8
3133.0000 11
3689.0000 12
10514.0000 33
3626.0000 15
10436.0000 37
4511.0000 14
404.0000 3
2832.0000 9
8011.0000 22
2594.0000 7
12073.0000 50
11178.0000 36
11723.0000 30
12049.0000 37
9155.0000 35
5598.0000 15
10311.0000 30
4237.0000 11
2967.0000 10
7385.0000 20
11801.0000 35
11299.0000 38
1737.0000 8
9178.0000 36
4174.0000 14
10651.0000 28
3141.0000 10
11443.0000 41
11243.0000 39
3026.0000 10
4774.0000 17
343.0000 2
5011.0000 21
1207.0000 10
8221.0000 30
7763.0000 26
8776.0000 27
8832.0000 28
1477.0000 5
10509.0000 42
4250.0000 18
807.0000 5
10847.0000 40
233.0000 2
9096.0000 27
6507.0000 27
10516.0000 36
9276.0000 33
2106.0000 7
10770.0000 35
3089.0000 13
11280.0000 35
12195.0000 32
11736.0000 32
125.0000 2
1989.0000 8
11423.0000 42
8480.0000 22
7902.0000 25
5921.0000 16
11307.0000 35
1325.0000 7
10748.0000 38
5649.0000 22
5326.0000 21
9359.0000 27
4382.0000 14
2905.0000 13
10542.0000 36
10740.0000 26
7415.0000 24
7668.0000 27
10185.0000 32
10682.0000 32
6902.0000 24
10678.0000 38
4822.0000 13
11056.0000 29
6108.0000 18
11289.0000 38
3413.0000 13
1042.0000 4
11838.0000 38
11846.0000 39
10218.0000 30
6039.0000 22
5521.0000 15
1586.0000 4
2231.0000 6
5341.0000 13
6727.0000 24
4492.0000 17
8616.0000 26
9950.0000 28
12019.0000 40
4881.0000 13
1755.0000 6
1714.0000 7
4277.0000 20
11652.0000 43
11981.0000 39
2393.0000 8
7999.0000 25
8417.0000 28
12181.0000 45
761.0000 3
11176.0000 35
8459.0000 22
8897.0000 29
4648.0000 12
12170.0000 47
635.0000 3
1136.0000 5
3192.0000 10
12377.0000 38
2589.0000 10
9219.0000 25
4731.0000 14
9116.0000 25
12135.0000 43
10532.0000 30
6286.0000 20
708.0000 5
5047.0000 14
10754.0000 39
4796.0000 25
2573.0000 8
1149.0000 4
11167.0000 38
6510.0000 19
4616.0000 17
4952.0000 13
11128.0000 34
3557.0000 10
1260.0000 3
2821.0000 8
1778.0000 9
11058.0000 34
12520.0000 43
12398.0000 37
11662.0000 32
9287.0000 35
1183.0000 4
3314.0000 9
1338.0000 5
4578.0000 12
4004.0000 12
3697.0000 13
6094.0000 22
5671.0000 23
11394.0000 33
10720.0000 33
3388.0000 12
2749.0000 8
12639.0000 45
8845.0000 30
4665.0000 16
11276.0000 28
11774.0000 37
6704.0000 17
496.0000 4
10802.0000 30
6090.0000 18
11648.0000 41
3097.0000 14
12322.0000 39
8676.0000 28
12039.0000 38
5779.0000 22
3459.0000 10
777.0000 3
8144.0000 29
983.0000 5
64.0000 2
9473.0000 28
12362.0000 45
845.0000 4
4675.0000 17
3208.0000 14
1299.0000 5
12891.0000 50
4513.0000 11
4801.0000 19
6776.0000 27
3628.0000 9
9089.0000 28
8814.0000 37
10070.0000 27
31.0000 2
4480.0000 15
4485.0000 14
6474.0000 18
4430.0000 16
5354.0000 16
5889.0000 18
5046.0000 17
5308.0000 15
9627.0000 30
11513.0000 30
6147.0000 20
4895.0000 20
4796.0000 18
2882.0000 11
506.0000 3
6202.0000 18
4882.0000 16
3016.0000 9
10989.0000 37
4441.0000 14
7988.0000 25
5299.0000 17
10156.0000 35
11570.0000 39
7577.0000 29
1358.0000 5
11027.0000 33
8660.0000 26
12858.0000 43
3330.0000 11
2058.0000 13
11577.0000 30
1566.0000 6
12688.0000 46
7110.0000 26
2954.0000 13
6945.0000 28
6724.0000 17
12133.0000 42
2389.0000 13
3889.0000 18
1245.0000 5
7749.0000 27
3746.0000 13
8102.0000 24
600.0000 4
12677.0000 37
11815.0000 32
2927.0000 8
1293.0000 5
4249.0000 13
12423.0000 36
2806.0000 10
2306.0000 10
5100.0000 22
2201.0000 6
3386.0000 9
1525.0000 7
528.0000 4
11776.0000 39
12410.0000 38
5985.0000 25
6714.0000 23
12784.0000 36
5187.0000 19
3101.0000 12
10843.0000 32
5043.0000 19
10318.0000 27
6194.0000 21
9172.0000 27
900.0000 4
9103.0000 30
90.0000 2
13034.0000 47
6469.0000 22
3482.0000 10
3295.0000 12
4799.0000 15
11030.0000 30
11896.0000 42
10466.0000 37
10821.0000 36
12810.0000 38
4180.0000 12
2627.0000 9
8434.0000 37
1372.0000 6
5680.0000 16
1978.0000 7
13163.0000 43
49.0000 2
8234.0000 28
5266.0000 20
3575.0000 15
6261.0000 19
12874.0000 35
8268.0000 27
4825.0000 16
9563.0000 28
5851.0000 19
5765.0000 19
9807.0000 29
10029.0000 35
9862.0000 26
10718.0000 34
6714.0000 26
11345.0000 35
5875.0000 19
3622.0000 13
9109.0000 27
1034.0000 6
3043.0000 12
1151.0000 6
11380.0000 37
2656.0000 8
1026.0000 4
13062.0000 41
13204.0000 45
13063.0000 50
9068.0000 27
1278.0000 8
444.0000 2
3084.0000 13
1681.0000 4
11904.0000 42
5298.0000 18
5128.0000 12
1702.0000 5
6248.0000 17
2414.0000 12
400.0000 3
560.0000 3
12846.0000 34
11886.0000 34
11356.0000 31
3653.0000 13
359.0000 2
3289.0000 10
4205.0000 15
6876.0000 14
5128.0000 18
12680.0000 43
1652.0000 5
5681.0000 19
8815.0000 25
12001.0000 42
11294.0000 35
6827.0000 24
6013.0000 16
10677.0000 38
5517.0000 13
9295.0000 27
11994.0000 30
4912.0000 16
4119.0000 12
5424.0000 20
13116.0000 43
12367.0000 47
4525.0000 17
13125.0000 46
4871.0000 16
11138.0000 34
1679.0000 5
13278.0000 38
308.0000 2
3899.0000 16
13514.0000 57
11847.0000 41
13524.0000 55
12014.0000 41
13588.0000 46
12096.0000 39
11073.0000 31
12212.0000 31
8873.0000 28
4455.0000 18
946.0000 4
11690.0000 36
11182.0000 34
11595.0000 33
1202.0000 6
13469.0000 35
12246.0000 34
494.0000 2
5349.0000 14
13596.0000 39
4309.0000 11
863.0000 5
938.0000 6
10449.0000 30
5895.0000 20
12651.0000 32
3310.0000 11
5241.0000 17
5465.0000 13
8982.0000 30
3323.0000 10
13568.0000 35
11167.0000 35
4658.0000 17
3735.0000 16
5926.0000 17
3945.0000 14
12469.0000 39
3710.0000 16
8364.0000 30
9284.0000 34
6514.0000 21
193.0000 2
2055.0000 7
6330.0000 16
411.0000 2
3491.0000 13
13345.0000 46
5298.0000 21
5364.0000 18
9437.0000 26
3678.0000 15
7921.0000 34
2088.0000 7
939.0000 5
6264.0000 20
10965.0000 41
11274.0000 37
7444.0000 21
2690.0000 9
12231.0000 39
11115.0000 42
1078.0000 4
10588.0000 31
3969.0000 11
13533.0000 44
13368.0000 43
12513.0000 41
431.0000 2
9739.0000 28
13683.0000 37
3615.0000 11
5897.0000 23
7180.0000 27
13819.0000 38
610.0000 2
5437.0000 18
392.0000 4
13547.0000 47
6416.0000 14
12095.0000 34
11198.0000 37
10686.0000 34
5938.0000 26
5039.0000 17
7622.0000 19
5525.0000 17
1458.0000 5
3908.0000 15
7540.0000 23
6010.0000 22
5556.0000 16
11440.0000 33
1513.0000 7
6422.0000 18
11802.0000 32
11279.0000 41
8375.0000 26
3199.0000 10
1232.0000 5
2406.0000 7
1193.0000 7
7899.0000 27
3437.0000 9
4855.0000 17
10268.0000 28
4857.0000 19
3409.0000 9
5603.0000 20
6219.0000 23
3910.0000 14
7823.0000 25
10729.0000 41
4388.0000 14
11628.0000 34
3797.0000 12
7521.0000 19
5443.0000 20
12467.0000 43
3498.0000 10
5804.0000 17
226.0000 2
14084.0000 51
4676.0000 18
805.0000 3
9677.0000 34
10562.0000 34
10564.0000 32
4559.0000 14
11254.0000 42
14078.0000 47
217.0000 3
10776.0000 28
5058.0000 15
10582.0000 32
6737.0000 21
2036.0000 7
294.0000 2
12589.0000 32
10054.0000 34
8248.0000 36
2420.0000 9
10620.0000 30
13683.0000 45
6099.0000 17
9675.0000 32
6577.0000 17
5731.0000 16
2562.0000 7
6280.0000 13
8128.0000 29
13296.0000 38
13131.0000 35
61.0000 2
3063.0000 10
5778.0000 19
2718.0000 13
7971.0000 27
8823.0000 32
435.0000 2
3283.0000 17
12822.0000 32
9943.0000 32
850.0000 4
1651.0000 7
3300.0000 17
9904.0000 38
6715.0000 22
9285.0000 26
13625.0000 44
9601.0000 25
13967.0000 38
5000.0000 19
5241.0000 19
4164.0000 13
6462.0000 17
3595.0000 15
296.0000 3
4207.0000 17
8973.0000 28
13149.0000 46
24.0000 2
1090.0000 7
11808.0000 37
11640.0000 35
7189.0000 24
6565.0000 24
2750.0000 7
4447.0000 14
4687.0000 21
1546.0000 9
4463.0000 16
13099.0000 40
8172.0000 21
9446.0000 35
4514.0000 13
13601.0000 37
3248.0000 10
246.0000 2
1141.0000 5
14185.0000 48
4556.0000 16
9885.0000 34
11115.0000 41
3406.0000 10
13000.0000 33
3464.0000 16
5741.0000 19
2500.0000 10
9003.0000 28
13443.0000 41
3567.0000 14
809.0000 3
4379.0000 18
2875.0000 12
6156.0000 18
4573.0000 13
902.0000 3
1061.0000 4
244.0000 3
10921.0000 36
13293.0000 47
14059.0000 47
2358.0000 7
3667.0000 14
6930.0000 24
11375.0000 35
10938.0000 36
9888.0000 30
8281.0000 28
13090.0000 34
4784.0000 19
409.0000 2
2138.0000 8
15.0000 2
1341.0000 5
5522.0000 20
9579.0000 34
7269.0000 23
12588.0000 39
12542.0000 40
6732.0000 18
3408.0000 10
12459.0000 39
1781.0000 7
2645.0000 8
5067.0000 14
6944.0000 19
238.0000 2
7581.0000 23
5575.0000 24
1820.0000 9
3333.0000 10
353.0000 3
7982.0000 24
4847.0000 16
8181.0000 26
9915.0000 28
4195.0000 12
14294.0000 45
14382.0000 43
2161.0000 7
10932.0000 35
9809.0000 25
339.0000 3
3703.0000 12
8831.0000 24
14480.0000 43
4972.0000 20
3739.0000 13
8046.0000 24
1281.0000 6
10209.0000 28
12170.0000 35
3064.0000 9
6713.0000 23
14313.0000 43
12742.0000 42
8970.0000 28
14719.0000 46
3771.0000 12
9835.0000 28
6049.0000 21
7675.0000 21
6426.0000 22
14059.0000 46
10958.0000 30
14446.0000 48
10980.0000 32
10063.0000 29
3935.0000 15
4951.0000 17
1472.0000 3
7757.0000 31
845.0000 6
324.0000 2
3249.0000 12
6416.0000 18
13566.0000 47
3888.0000 11
3103.0000 13
9410.0000 33
11051.0000 35
8518.0000 20
3148.0000 8
7236.0000 21
1496.0000 5
6780.0000 20
6516.0000 23
4208.0000 10
7837.0000 31
643.0000 4
839.0000 2
7420.0000 26
5793.0000 20
5825.0000 22
12742.0000 44
5185.0000 20
438.0000 3
5563.0000 22
810.0000 5
8960.0000 35
13985.0000 36
9953.0000 37
1308.0000 6
6236.0000 21
4144.0000 18
4489.0000 17
14259.0000 40
2820.0000 10
1232.0000 3
4995.0000 15
1264.0000 6
10742.0000 35
9838.0000 33
2761.0000 11
9232.0000 30
10555.0000 35
6833.0000 17
3201.0000 10
2974.0000 9
7100.0000 22
5905.0000 24
10589.0000 38
12981.0000 41
7958.0000 31
9900.0000 33
2499.0000 10
12004.0000 41
10526.0000 33
8345.0000 23
2107.0000 7
144.0000 2
8550.0000 26
7366.0000 22
596.0000 3
7217.0000 26
4422.0000 13
5167.0000 17
2896.0000 9
732.0000 3
3524.0000 11
2953.0000 8
1604.0000 8
5388.0000 19
11283.0000 27
4732.0000 16
1850.0000 8
8816.0000 30
15093.0000 47
4409.0000 16
4659.0000 17
3005.0000 9
3875.0000 13
10552.0000 30
3141.0000 13
14467.0000 46
2653.0000 10
5921.0000 20
14720.0000 47
7193.0000 22
4858.0000 14
4058.0000 11
5313.0000 18
1687.0000 7
3013.0000 9
864.0000 3
933.0000 5
3950.0000 16
1260.0000 5
8959.0000 22
8142.0000 29
1910.0000 8
4861.0000 17
5999.0000 18
14259.0000 42
5898.0000 22
6681.0000 17
11925.0000 35
5640.0000 16
11003.0000 38
7302.0000 22
1690.0000 6
14886.0000 40
9383.0000 26
15117.0000 44
193.0000 2
3113.0000 10
5469.0000 19
11574.0000 37
5344.0000 16
13280.0000 44
7414.0000 26
7685.0000 26
2381.0000 7
93.0000 2
10087.0000 29
4107.0000 13
15050.0000 36
2576.0000 11
11209.0000 32
14945.0000 41
12312.0000 39
14526.0000 43
5461.0000 19
4858.0000 18
2417.0000 7
5158.0000 18
15068.0000 49
11127.0000 35
1198.0000 7
14378.0000 41
11751.0000 36
1840.0000 4
5951.0000 24
11443.0000 37
9098.0000 26
3561.0000 13
7319.0000 22
1371.0000 7
13296.0000 34
4543.0000 17
4361.0000 15
13975.0000 47
13987.0000 53
12815.0000 38
11230.0000 30
8009.0000 27
1043.0000 4
5657.0000 16
3190.0000 10
3608.0000 10
2417.0000 7
5616.0000 18
3485.0000 14
742.0000 7
6556.0000 22
15269.0000 53
3954.0000 11
12896.0000 38
2650.0000 10
14579.0000 43
730.0000 4
2167.0000 8
13462.0000 46
14837.0000 42
12883.0000 40
3485.0000 16
394.0000 2
10772.0000 34
11943.0000 35
13834.0000 44
6571.0000 21
6883.0000 20
1786.0000 6
1217.0000 4
2999.0000 11
365.0000 2
4775.0000 14
2647.0000 7
4777.0000 15
12930.0000 40
1568.0000 7
14641.0000 47
6665.0000 20
228.0000 2
1773.0000 7
4898.0000 16
9638.0000 36
11200.0000 34
670.0000 4
13327.0000 37
3937.0000 11
8136.0000 29
12451.0000 39
862.0000 4
13367.0000 42
3087.0000 16
14750.0000 48
5531.0000 25
1829.0000 8
11022.0000 31
773.0000 4
8069.0000 24
1230.0000 5
4940.0000 16
10182.0000 32
5253.0000 14
14042.0000 43
12150.0000 31
1156.0000 3
859.0000 3
11300.0000 34
4155.0000 13
7849.0000 26
2180.0000 9
9413.0000 26
36.0000 2
5901.0000 21
15478.0000 50
10503.0000 27
1820.0000 6
15366.0000 51
15465.0000 50
13587.0000 34
624.0000 3
1768.0000 8
8133.0000 26
3862.0000 11
10937.0000 35
15089.0000 41
469.0000 2
944.0000 3
13709.0000 41
4091.0000 13
9886.0000 28
10492.0000 29
92.0000 2
8687.0000 30
11043.0000 30
15053.0000 45
1357.0000 4
9895.0000 28
6801.0000 22
10674.0000 36
9834.0000 40
3227.0000 11
11751.0000 33
10340.0000 36
15731.0000 49
3175.0000 9
11924.0000 45
15409.0000 59
4610.0000 17
14818.0000 50
7706.0000 26
13184.0000 39
3883.0000 13
4512.0000 16
4045.0000 12
15799.0000 44
5646.0000 20
11692.0000 36
3225.0000 10
11026.0000 36
5663.0000 18
2179.0000 7
8322.0000 24
2176.0000 7
14468.0000 41
12924.0000 39
15854.0000 62
15613.0000 47
7314.0000 23
7913.0000 28
15429.0000 51
6303.0000 16
2057.0000 7
15167.0000 45
7398.0000 22
15797.0000 47
2864.0000 9
4511.0000 13
4355.0000 14
4515.0000 14
9406.0000 25
7417.0000 23
14246.0000 50
896.0000 5
4250.0000 11
7622.0000 23
8705.0000 28
1655.0000 6
15085.0000 53
7512.0000 22
15286.0000 46
13334.0000 41
706.0000 2
12152.0000 38
1450.0000 6
2310.0000 10
2071.0000 8
15958.0000 46
14364.0000 46
4322.0000 13
15697.0000 49
15911.0000 53
11962.0000 31
14010.0000 48
1998.0000 7
1492.0000 8
2554.0000 11
1643.0000 5
15750.0000 48
8801.0000 25
13185.0000 36
3715.0000 18
14851.0000 47
851.0000 5
14468.0000 44
15730.0000 52
15564.0000 50
13431.0000 41
8849.0000 27
3517.0000 9
1321.0000 4
12495.0000 36
2611.0000 9
15786.0000 48
11363.0000 30
4536.0000 16
8019.0000 19
4656.0000 15
6612.0000 28
4640.0000 12
7751.0000 21
6299.0000 19
14889.0000 48
8004.0000 25
2740.0000 10
1912.0000 11
9024.0000 26
15271.0000 45
2937.0000 10
7725.0000 24
13508.0000 40
7000.0000 24
4016.0000 11
5379.0000 18
1353.0000 6
7946.0000 19
15263.0000 46
2221.0000 10
438.0000 2
2439.0000 7
12060.0000 34
6969.0000 20
3370.0000 9
3657.0000 13
711.0000 3
5100.0000 18
15343.0000 52
11833.0000 39
1892.0000 4
13716.0000 42
16006.0000 51
6370.0000 26
12204.0000 35
4582.0000 12
8406.0000 29
2884.0000 8
8627.0000 28
5057.0000 15
7338.0000 18
907.0000 5
8172.0000 26
1801.0000 8
16024.0000 51
889.0000 4
184.0000 2
15912.0000 46
15825.0000 48
4859.0000 14
1948.0000 7
9661.0000 27
15683.0000 51
14288.0000 46
13738.0000 45
2549.0000 8
4896.0000 15
15482.0000 49
14296.0000 38
4588.0000 13
4088.0000 21
3745.0000 13
9362.0000 30
2164.0000 5
7401.0000 26
9886.0000 30
6066.0000 19
2127.0000 7
7621.0000 25
7718.0000 23
16289.0000 63
8063.0000 29
5099.0000 17
6810.0000 17
4869.0000 15
13260.0000 41
3927.0000 12
12135.0000 35
15758.0000 47
1721.0000 7
12402.0000 35
5403.0000 18
7927.0000 28
16126.0000 47
2626.0000 13
3628.0000 13
1141.0000 4
3110.0000 11
16193.0000 47
7124.0000 24
1320.0000 5
3316.0000 11
5743.0000 21
325.0000 2
16247.0000 59
2860.0000 12
4425.0000 16
7463.0000 28
4000.0000 14
10208.0000 33
8172.0000 23
9754.0000 32
4271.0000 16
942.0000 3
1301.0000 5
9884.0000 30
9492.0000 31
13025.0000 34
4927.0000 20
15682.0000 53
892.0000 3
2418.0000 9
14996.0000 44
4747.0000 16
6935.0000 24
11187.0000 29
351.0000 4
368.0000 3
12177.0000 35
3292.0000 14
1281.0000 7
14029.0000 50
732.0000 3
2434.0000 6
10702.0000 43
16264.0000 54
8243.0000 25
15290.0000 44
2392.0000 8
7322.0000 23
1658.0000 8
12472.0000 34
13888.0000 32
9602.0000 26
724.0000 2
16643.0000 51
5046.0000 14
1913.0000 6
9412.0000 28
5755.0000 24
5632.0000 18
11459.0000 33
3415.0000 16
15608.0000 42
11997.0000 35
16081.0000 54
13233.0000 35
14106.0000 46
15201.0000 43
2708.0000 10
8604.0000 32
12719.0000 41
15854.0000 54
9702.0000 25
5605.0000 21
7703.0000 27
16661.0000 64
16319.0000 47
5044.0000 14
2497.0000 8
73.0000 2
16629.0000 56
16442.0000 51
2833.0000 10
5124.0000 25
3541.0000 15
9788.0000 35
10223.0000 31
2023.0000 9
13714.0000 42
13353.0000 34
1375.0000 5
3739.0000 11
5971.0000 20
7658.0000 24
9545.0000 29
2638.0000 8
4635.0000 16
16807.0000 53
100.0000 2
4640.0000 16
1575.0000 5
1125.0000 5
15341.0000 49
4843.0000 14
4444.0000 12
15702.0000 52
16537.0000 54
4841.0000 15
1100.0000 5
6852.0000 24
11710.0000 33
7740.0000 23
694.0000 3
9521.0000 35
3388.0000 13
7529.0000 21
1892.0000 8
14111.0000 40
4878.0000 20
8622.0000 30
6570.0000 22
5270.0000 18
14898.0000 39
4277.0000 12
4235.0000 15
3078.0000 9
8356.0000 23
3041.0000 10
1676.0000 5
9709.0000 33
9017.0000 31
1296.0000 5
2123.0000 10
3202.0000 9
3613.0000 13
10339.0000 30
16678.0000 57
333.0000 4
1534.0000 7
1424.0000 8
5923.0000 17
17050.0000 58
4340.0000 12
5677.0000 17
17075.0000 53
9553.0000 31
8754.0000 25
15589.0000 47
16708.0000 58
9319.0000 32
525.0000 3
16230.0000 44
16943.0000 53
6493.0000 25
7933.0000 29
6805.0000 25
12426.0000 37
16280.0000 54
16904.0000 60
9010.0000 32
14527.0000 41
2093.0000 9
7016.0000 28
2439.0000 11
15051.0000 39
7093.0000 25
10721.0000 38
16795.0000 51
1484.0000 5
17227.0000 62
9306.0000 29
1577.0000 6
6169.0000 20
1515.0000 6
6798.0000 23
9214.0000 30
4973.0000 19
13054.0000 39
13007.0000 39
9676.0000 33
6551.0000 20
597.0000 5
17305.0000 50
13523.0000 42
3854.0000 16
6349.0000 25
1112.0000 5
1974.0000 6
9520.0000 32
6467.0000 20
3560.0000 11
5718.0000 17
15384.0000 45
14592.0000 52
1050.0000 4
12645.0000 37
1682.0000 7
7641.0000 27
6206.0000 22
1846.0000 6
4243.0000 12
11105.0000 39
2074.0000 10
11136.0000 37
10920.0000 31
256.0000 4
15261.0000 45
14068.0000 44
15730.0000 46
7064.0000 24
17324.0000 50
16543.0000 54
403.0000 3
7104.0000 28
2927.0000 9
4537.0000 13
7414.0000 22
14551.0000 41
13884.0000 38
14790.0000 45
15229.0000 37
2963.0000 7
9640.0000 33
2034.0000 6
3257.0000 10
15493.0000 49
16704.0000 48
4484.0000 15
4188.0000 16
4376.0000 13
1384.0000 4
7878.0000 28
16539.0000 55
10437.0000 27
1271.0000 5
17366.0000 63
13660.0000 48
8759.0000 26
4212.0000 16
11166.0000 31
3148.0000 10
513.0000 2
2185.0000 6
1878.0000 7
9457.0000 28
12297.0000 32
14664.0000 42
4396.0000 12
2324.0000 9
2933.0000 9
1321.0000 7
1852.0000 7
3651.0000 15
12566.0000 34
5430.0000 18
10388.0000 30
7486.0000 23
3728.0000 14
6162.0000 19
2609.0000 8
17263.0000 50
6093.0000 18
3207.0000 11
6102.0000 18
1370.0000 7
8755.0000 23
366.0000 3
1713.0000 8
1384.0000 6
1920.0000 5
5842.0000 19
3604.0000 9
3069.0000 11
12465.0000 39
112.0000 2
11022.0000 35
7319.0000 25
785.0000 5
1979.0000 6
5104.0000 18
1343.0000 11
9029.0000 25
4614.0000 12
2037.0000 7
2754.0000 11
7606.0000 26
6181.0000 18
7562.0000 29
9869.0000 30
13268.0000 46
1407.0000 4
4152.0000 11
17657.0000 58
2515.0000 9
6553.0000 21
2297.0000 10
5913.0000 17
1386.0000 5
689.0000 2
6221.0000 20
1498.0000 6
17294.0000 51
2376.0000 7
6256.0000 14
6483.0000 23
6561.0000 18
15082.0000 48
7050.0000 20
4169.0000 15
3369.0000 9
914.0000 4
15251.0000 50
16962.0000 53
13113.0000 37
3984.0000 14
4554.0000 18
6344.0000 17
7654.0000 24
490.0000 2
16942.0000 50
6986.0000 21
940.0000 5
2443.0000 10
4161.0000 12
17722.0000 57
17432.0000 52
13102.0000 39
11609.0000 34
15018.0000 56
8890.0000 32
12943.0000 41
16298.0000 55
11299.0000 37
averageTime:4650.716821192053  averageHopCount:16.22066225165563
