5.0000 0.0000 0.0000
10.0000 0.0000 0.0000
15.0000 0.0000 0.0000
20.0000 0.0000 0.0000
25.0000 0.0000 0.0000
30.0000 0.0000 0.0000
35.0000 0.0000 0.0000
40.0000 0.0000 0.0000
45.0000 0.0000 0.0000
50.0000 0.0000 0.0000
55.0000 0.0000 0.0000
60.0000 0.0000 0.0000
65.0000 0.0000 0.0000
70.0000 0.0000 0.0000
75.0000 0.0000 0.0000
80.0000 0.0000 0.0000
85.0000 0.0036 0.0000
90.0000 0.0072 0.0001
95.0000 0.0288 0.0003
100.0000 0.0575 0.0006
105.0000 0.0863 0.0009
110.0000 0.1941 0.0019
115.0000 0.3091 0.0027
120.0000 0.4349 0.0033
125.0000 0.7511 0.0033
130.0000 1.0099 0.0018
135.0000 1.1285 0.0006
140.0000 1.1752 0.0001
145.0000 1.1752 0.0001
150.0000 1.1824 0.0000
155.0000 1.1824 0.0000
160.0000 1.1824 0.0000
165.0000 1.1824 0.0000
170.0000 1.1824 0.0000
175.0000 1.1824 0.0000
180.0000 1.1860 0.0000
185.0000 1.1860 0.0000
190.0000 1.1860 0.0000
195.0000 1.1860 0.0000
200.0000 1.1860 0.0000
205.0000 1.1860 0.0000
210.0000 1.1860 0.0000
215.0000 1.1860 0.0000
220.0000 1.1860 0.0000
225.0000 1.1860 0.0000
230.0000 1.1860 0.0000
235.0000 1.1860 0.0000
240.0000 1.1860 0.0000
245.0000 1.1860 0.0000
250.0000 1.1860 0.0000
255.0000 1.1860 0.0000
260.0000 1.1860 0.0000
265.0000 1.1860 0.0000
270.0000 1.1860 0.0000
275.0000 1.1860 0.0000
280.0000 1.1860 0.0000
285.0000 1.1860 0.0000
290.0000 1.1860 0.0000
295.0000 1.1860 0.0000
300.0000 1.1860 0.0000
305.0000 1.1860 0.0000
310.0000 1.1860 0.0000
315.0000 1.1860 0.0000
320.0000 1.1860 0.0000
325.0000 1.1860 0.0000
330.0000 1.1860 0.0000
335.0000 1.1860 0.0000
340.0000 1.1860 0.0000
345.0000 1.1860 0.0000
350.0000 1.1899 0.0000
355.0000 1.2015 0.0002
360.0000 1.2209 0.0004
365.0000 1.3021 0.0013
370.0000 1.4802 0.0029
375.0000 1.8441 0.0041
380.0000 2.1537 0.0030
385.0000 2.3594 0.0015
390.0000 2.4446 0.0005
395.0000 2.4562 0.0003
400.0000 2.4600 0.0003
405.0000 2.4661 0.0004
410.0000 2.4661 0.0004
415.0000 2.4661 0.0004
420.0000 2.4661 0.0004
425.0000 2.4661 0.0004
430.0000 2.4738 0.0003
435.0000 2.4738 0.0003
440.0000 2.4738 0.0003
445.0000 2.4777 0.0003
450.0000 2.4777 0.0003
455.0000 2.4777 0.0003
460.0000 2.4777 0.0003
465.0000 2.4777 0.0003
470.0000 2.4777 0.0003
475.0000 2.4777 0.0003
480.0000 2.4777 0.0003
485.0000 2.4777 0.0003
490.0000 2.4777 0.0003
495.0000 2.4777 0.0003
500.0000 2.4777 0.0003
505.0000 2.4777 0.0003
510.0000 2.4777 0.0003
515.0000 2.4777 0.0003
520.0000 2.4777 0.0003
525.0000 2.4777 0.0003
530.0000 2.4777 0.0003
535.0000 2.4777 0.0003
540.0000 2.4777 0.0003
545.0000 2.4777 0.0003
550.0000 2.4777 0.0003
555.0000 2.4777 0.0003
560.0000 2.4777 0.0003
565.0000 2.4777 0.0003
570.0000 2.4777 0.0003
575.0000 2.4777 0.0003
580.0000 2.4777 0.0003
585.0000 2.4777 0.0003
590.0000 2.4777 0.0003
595.0000 2.4777 0.0003
600.0000 2.4777 0.0003
605.0000 2.4777 0.0003
610.0000 2.4777 0.0003
615.0000 2.4777 0.0003
620.0000 2.4777 0.0003
625.0000 2.4777 0.0003
630.0000 2.4777 0.0003
635.0000 2.4777 0.0003
640.0000 2.4867 0.0004
645.0000 2.5046 0.0006
650.0000 2.5449 0.0012
655.0000 2.6749 0.0027
660.0000 2.8632 0.0044
665.0000 3.0962 0.0055
670.0000 3.4055 0.0053
675.0000 3.6654 0.0036
680.0000 3.8149 0.0020
685.0000 3.9045 0.0010
690.0000 3.9509 0.0006
695.0000 3.9599 0.0005
700.0000 3.9599 0.0005
705.0000 3.9599 0.0005
710.0000 3.9644 0.0004
715.0000 3.9644 0.0004
720.0000 3.9644 0.0004
725.0000 3.9644 0.0004
730.0000 3.9644 0.0004
735.0000 3.9644 0.0004
740.0000 3.9644 0.0004
745.0000 3.9644 0.0004
750.0000 3.9644 0.0004
755.0000 3.9644 0.0004
760.0000 3.9721 0.0005
765.0000 3.9915 0.0007
770.0000 4.0263 0.0011
775.0000 4.1964 0.0027
780.0000 4.4633 0.0040
785.0000 4.8174 0.0038
790.0000 5.0649 0.0022
795.0000 5.2002 0.0009
800.0000 5.2273 0.0006
805.0000 5.2312 0.0006
810.0000 5.2312 0.0006
815.0000 5.2312 0.0006
820.0000 5.2389 0.0004
825.0000 5.2428 0.0004
830.0000 5.2428 0.0004
835.0000 5.2428 0.0004
840.0000 5.2489 0.0005
845.0000 5.2489 0.0005
850.0000 5.2489 0.0005
855.0000 5.2489 0.0005
860.0000 5.2489 0.0005
865.0000 5.2489 0.0005
870.0000 5.2610 0.0007
875.0000 5.2852 0.0015
880.0000 5.3519 0.0029
885.0000 5.5216 0.0055
890.0000 5.7458 0.0082
895.0000 6.0428 0.0102
900.0000 6.4549 0.0099
905.0000 6.7579 0.0076
910.0000 6.9398 0.0054
915.0000 7.0973 0.0028
920.0000 7.1761 0.0014
925.0000 7.1943 0.0010
930.0000 7.1943 0.0010
935.0000 7.2004 0.0009
940.0000 7.2125 0.0007
945.0000 7.2125 0.0007
950.0000 7.2125 0.0007
955.0000 7.2125 0.0007
960.0000 7.2185 0.0006
965.0000 7.2246 0.0004
970.0000 7.2246 0.0004
975.0000 7.2246 0.0004
980.0000 7.2280 0.0005
985.0000 7.2383 0.0007
990.0000 7.2726 0.0012
995.0000 7.3344 0.0018
1000.0000 7.4751 0.0029
1005.0000 7.6261 0.0034
1010.0000 7.8182 0.0036
1015.0000 8.0027 0.0033
1020.0000 8.2387 0.0019
1025.0000 8.3210 0.0011
1030.0000 8.3519 0.0007
1035.0000 8.3622 0.0006
1040.0000 8.3622 0.0006
1045.0000 8.3657 0.0006
1050.0000 8.3714 0.0007
1055.0000 8.3772 0.0008
1060.0000 8.3888 0.0010
1065.0000 8.4120 0.0014
1070.0000 8.4641 0.0021
1075.0000 8.5741 0.0038
1080.0000 8.8174 0.0068
1085.0000 9.1591 0.0093
1090.0000 9.4544 0.0098
1095.0000 9.7787 0.0078
1100.0000 9.9817 0.0054
1105.0000 10.1731 0.0027
1110.0000 10.2426 0.0015
1115.0000 10.2600 0.0011
1120.0000 10.2657 0.0010
1125.0000 10.2773 0.0008
1130.0000 10.2773 0.0008
1135.0000 10.2773 0.0008
1140.0000 10.2773 0.0008
1145.0000 10.2773 0.0008
1150.0000 10.2773 0.0008
1155.0000 10.2773 0.0008
1160.0000 10.2831 0.0007
1165.0000 10.2831 0.0007
1170.0000 10.2831 0.0007
1175.0000 10.2831 0.0007
1180.0000 10.2831 0.0007
1185.0000 10.2831 0.0007
1190.0000 10.2831 0.0007
1195.0000 10.2831 0.0007
1200.0000 10.2831 0.0007
1205.0000 10.2831 0.0007
1210.0000 10.2831 0.0007
1215.0000 10.2831 0.0007
1220.0000 10.2831 0.0007
1225.0000 10.2831 0.0007
1230.0000 10.2892 0.0008
1235.0000 10.2892 0.0008
1240.0000 10.2892 0.0008
1245.0000 10.2892 0.0008
1250.0000 10.2892 0.0008
1255.0000 10.2952 0.0009
1260.0000 10.3013 0.0011
1265.0000 10.3013 0.0011
1270.0000 10.3013 0.0011
1275.0000 10.3013 0.0011
1280.0000 10.3013 0.0011
1285.0000 10.3195 0.0014
1290.0000 10.3983 0.0026
1295.0000 10.5619 0.0050
1300.0000 10.8104 0.0079
1305.0000 11.0468 0.0102
1310.0000 11.3801 0.0111
1315.0000 11.6468 0.0099
1320.0000 11.8892 0.0074
1325.0000 12.0321 0.0054
1330.0000 12.1847 0.0028
1335.0000 12.2888 0.0021
1340.0000 12.3682 0.0030
1345.0000 12.5382 0.0052
1350.0000 12.8268 0.0086
1355.0000 13.3446 0.0112
1360.0000 13.9376 0.0126
1365.0000 14.4236 0.0121
1370.0000 14.8626 0.0085
1375.0000 15.1040 0.0060
1380.0000 15.2788 0.0031
1385.0000 15.3493 0.0016
1390.0000 15.3731 0.0014
1395.0000 15.3838 0.0013
1400.0000 15.3873 0.0013
1405.0000 15.3909 0.0012
1410.0000 15.4016 0.0011
1415.0000 15.4158 0.0010
1420.0000 15.4193 0.0009
1425.0000 15.4229 0.0009
1430.0000 15.4229 0.0009
1435.0000 15.4229 0.0009
1440.0000 15.4229 0.0009
1445.0000 15.4229 0.0009
1450.0000 15.4229 0.0009
1455.0000 15.4229 0.0009
1460.0000 15.4229 0.0009
1465.0000 15.4229 0.0009
1470.0000 15.4229 0.0009
1475.0000 15.4229 0.0009
1480.0000 15.4229 0.0009
1485.0000 15.4229 0.0009
1490.0000 15.4229 0.0009
1495.0000 15.4229 0.0009
1500.0000 15.4229 0.0009
1505.0000 15.4229 0.0009
1510.0000 15.4229 0.0009
1515.0000 15.4229 0.0009
1520.0000 15.4229 0.0009
1525.0000 15.4229 0.0009
1530.0000 15.4229 0.0009
1535.0000 15.4229 0.0009
1540.0000 15.4229 0.0009
1545.0000 15.4229 0.0009
1550.0000 15.4229 0.0009
1555.0000 15.4229 0.0009
1560.0000 15.4229 0.0009
1565.0000 15.4229 0.0009
1570.0000 15.4229 0.0009
1575.0000 15.4291 0.0010
1580.0000 15.4354 0.0010
1585.0000 15.4665 0.0013
1590.0000 15.5349 0.0019
1595.0000 15.6874 0.0029
1600.0000 15.9269 0.0035
1605.0000 16.1758 0.0028
1610.0000 16.2908 0.0021
1615.0000 16.3620 0.0021
1620.0000 16.4304 0.0015
1625.0000 16.4522 0.0013
1630.0000 16.4553 0.0013
1635.0000 16.4647 0.0012
1640.0000 16.4647 0.0012
1645.0000 16.4647 0.0012
1650.0000 16.4647 0.0012
1655.0000 16.4647 0.0012
1660.0000 16.4647 0.0012
1665.0000 16.4707 0.0013
1670.0000 16.4707 0.0013
1675.0000 16.4707 0.0013
1680.0000 16.4707 0.0013
1685.0000 16.4707 0.0013
1690.0000 16.4707 0.0013
1695.0000 16.4707 0.0013
1700.0000 16.4707 0.0013
1705.0000 16.4707 0.0013
1710.0000 16.4707 0.0013
1715.0000 16.4707 0.0013
1720.0000 16.4707 0.0013
1725.0000 16.4707 0.0013
1730.0000 16.4707 0.0013
1735.0000 16.4707 0.0013
1740.0000 16.4707 0.0013
1745.0000 16.4707 0.0013
1750.0000 16.4707 0.0013
1755.0000 16.4707 0.0013
1760.0000 16.4707 0.0013
1765.0000 16.4707 0.0013
1770.0000 16.4707 0.0013
1775.0000 16.4707 0.0013
1780.0000 16.4707 0.0013
1785.0000 16.4707 0.0013
1790.0000 16.4707 0.0013
1795.0000 16.4789 0.0014
1800.0000 16.4872 0.0015
1805.0000 16.5118 0.0018
1810.0000 16.5940 0.0028
1815.0000 16.7543 0.0042
1820.0000 17.0153 0.0054
1825.0000 17.3337 0.0052
1830.0000 17.6420 0.0035
1835.0000 17.7283 0.0026
1840.0000 17.7777 0.0020
1845.0000 17.8270 0.0015
1850.0000 17.8352 0.0014
1855.0000 17.8403 0.0015
1860.0000 17.8454 0.0016
1865.0000 17.8707 0.0020
1870.0000 17.9233 0.0028
1875.0000 18.0083 0.0041
1880.0000 18.1864 0.0061
1885.0000 18.4493 0.0090
1890.0000 18.8871 0.0120
1895.0000 19.4704 0.0142
1900.0000 20.0317 0.0160
1905.0000 20.5083 0.0158
1910.0000 20.9302 0.0115
1915.0000 21.2316 0.0063
1920.0000 21.3651 0.0044
1925.0000 21.4461 0.0031
1930.0000 21.4855 0.0022
1935.0000 21.4957 0.0018
1940.0000 21.5017 0.0017
1945.0000 21.5017 0.0017
1950.0000 21.5017 0.0017
1955.0000 21.5017 0.0017
1960.0000 21.5017 0.0017
1965.0000 21.5017 0.0017
1970.0000 21.5017 0.0017
1975.0000 21.5017 0.0017
1980.0000 21.5017 0.0017
1985.0000 21.5017 0.0017
1990.0000 21.5017 0.0017
1995.0000 21.5017 0.0017
2000.0000 21.5017 0.0017
2005.0000 21.5017 0.0017
2010.0000 21.5017 0.0017
2015.0000 21.5017 0.0017
2020.0000 21.5089 0.0018
2025.0000 21.5304 0.0020
2030.0000 21.5591 0.0022
2035.0000 21.6692 0.0031
2040.0000 21.7804 0.0044
2045.0000 21.9383 0.0053
2050.0000 22.0843 0.0055
2055.0000 22.2697 0.0052
2060.0000 22.5162 0.0038
2065.0000 22.6346 0.0029
2070.0000 22.6920 0.0023
2075.0000 22.6991 0.0022
2080.0000 22.6991 0.0022
2085.0000 22.7027 0.0021
2090.0000 22.7245 0.0024
2095.0000 22.7609 0.0031
2100.0000 22.8275 0.0043
2105.0000 23.0093 0.0073
2110.0000 23.2760 0.0101
2115.0000 23.6699 0.0123
2120.0000 24.0881 0.0111
2125.0000 24.3003 0.0085
2130.0000 24.4154 0.0067
2135.0000 24.5609 0.0043
2140.0000 24.6699 0.0030
2145.0000 24.7306 0.0033
2150.0000 24.7912 0.0044
2155.0000 24.9669 0.0068
2160.0000 25.1609 0.0090
2165.0000 25.3609 0.0108
2170.0000 25.5790 0.0117
2175.0000 25.8942 0.0115
2180.0000 26.3003 0.0083
2185.0000 26.5184 0.0050
2190.0000 26.6555 0.0020
2195.0000 26.6592 0.0021
2200.0000 26.6815 0.0024
2205.0000 26.7150 0.0031
2210.0000 26.8525 0.0044
2215.0000 26.9864 0.0053
2220.0000 27.1560 0.0065
2225.0000 27.3703 0.0069
2230.0000 27.5487 0.0063
2235.0000 27.7384 0.0043
2240.0000 27.8090 0.0034
2245.0000 27.8536 0.0028
2250.0000 27.9062 0.0031
2255.0000 27.9608 0.0042
2260.0000 28.0880 0.0066
2265.0000 28.2978 0.0089
2270.0000 28.7113 0.0114
2275.0000 29.0750 0.0118
2280.0000 29.2628 0.0103
2285.0000 29.4265 0.0089
2290.0000 29.6022 0.0065
2295.0000 29.7598 0.0041
2300.0000 29.8447 0.0024
2305.0000 29.8568 0.0021
2310.0000 29.8738 0.0020
2315.0000 29.8786 0.0021
2320.0000 29.8884 0.0022
2325.0000 29.9090 0.0026
2330.0000 29.9686 0.0035
2335.0000 30.0903 0.0054
2340.0000 30.3385 0.0077
2345.0000 30.6354 0.0086
2350.0000 30.9274 0.0074
2355.0000 31.1513 0.0062
2360.0000 31.3216 0.0044
2365.0000 31.3617 0.0041
2370.0000 31.3958 0.0036
2375.0000 31.4347 0.0031
2380.0000 31.4591 0.0026
2385.0000 31.4834 0.0022
2390.0000 31.4883 0.0022
2395.0000 31.4883 0.0022
2400.0000 31.4883 0.0022
2405.0000 31.4883 0.0022
2410.0000 31.4883 0.0022
2415.0000 31.4883 0.0022
2420.0000 31.4943 0.0023
2425.0000 31.4943 0.0023
2430.0000 31.4943 0.0023
2435.0000 31.4943 0.0023
2440.0000 31.4943 0.0023
2445.0000 31.4943 0.0023
2450.0000 31.4943 0.0023
2455.0000 31.4943 0.0023
2460.0000 31.4943 0.0023
2465.0000 31.4943 0.0023
2470.0000 31.4943 0.0023
2475.0000 31.4943 0.0023
2480.0000 31.4943 0.0023
2485.0000 31.4943 0.0023
2490.0000 31.5163 0.0025
2495.0000 31.5687 0.0035
2500.0000 31.6342 0.0049
2505.0000 31.7835 0.0068
2510.0000 32.0629 0.0099
2515.0000 32.4617 0.0117
2520.0000 32.8121 0.0105
2525.0000 33.1349 0.0087
2530.0000 33.3883 0.0082
2535.0000 33.6884 0.0088
2540.0000 33.9191 0.0097
2545.0000 34.2407 0.0115
2550.0000 34.5446 0.0111
2555.0000 34.7499 0.0086
2560.0000 34.8689 0.0073
2565.0000 34.9531 0.0063
2570.0000 34.9977 0.0056
2575.0000 35.0384 0.0050
2580.0000 35.0582 0.0047
2585.0000 35.0582 0.0047
2590.0000 35.0632 0.0044
2595.0000 35.0753 0.0040
2600.0000 35.0803 0.0039
2605.0000 35.0803 0.0039
2610.0000 35.0984 0.0043
2615.0000 35.1458 0.0049
2620.0000 35.2913 0.0067
2625.0000 35.5932 0.0106
2630.0000 35.9436 0.0123
2635.0000 36.1304 0.0126
2640.0000 36.4031 0.0117
2645.0000 36.6395 0.0106
2650.0000 36.9183 0.0088
2655.0000 37.1667 0.0093
2660.0000 37.4698 0.0117
2665.0000 37.7910 0.0120
2670.0000 38.0516 0.0125
2675.0000 38.2940 0.0118
2680.0000 38.5607 0.0098
2685.0000 38.8092 0.0071
2690.0000 39.0273 0.0052
2695.0000 39.1849 0.0061
2700.0000 39.3728 0.0080
2705.0000 39.6576 0.0103
2710.0000 40.2031 0.0114
2715.0000 40.7789 0.0063
2720.0000 40.8819 0.0046
2725.0000 40.9486 0.0036
2730.0000 40.9789 0.0031
2735.0000 41.0334 0.0021
2740.0000 41.0334 0.0021
2745.0000 41.0334 0.0021
2750.0000 41.0334 0.0021
2755.0000 41.0374 0.0022
2760.0000 41.0494 0.0024
2765.0000 41.0655 0.0025
2770.0000 41.1376 0.0034
2775.0000 41.2739 0.0047
2780.0000 41.4983 0.0064
2785.0000 41.8370 0.0067
2790.0000 42.0976 0.0051
2795.0000 42.2820 0.0031
2800.0000 42.3581 0.0023
2805.0000 42.3702 0.0022
2810.0000 42.3762 0.0023
2815.0000 42.4126 0.0031
2820.0000 42.4611 0.0041
2825.0000 42.5581 0.0057
2830.0000 42.7641 0.0084
2835.0000 43.2308 0.0120
2840.0000 43.6368 0.0111
2845.0000 43.9277 0.0085
2850.0000 44.1581 0.0052
2855.0000 44.2490 0.0039
2860.0000 44.3277 0.0026
2865.0000 44.3520 0.0022
2870.0000 44.3520 0.0022
2875.0000 44.3520 0.0022
2880.0000 44.3520 0.0022
2885.0000 44.3520 0.0022
2890.0000 44.3641 0.0025
2895.0000 44.3641 0.0025
2900.0000 44.3641 0.0025
2905.0000 44.3641 0.0025
2910.0000 44.3641 0.0025
2915.0000 44.3641 0.0025
2920.0000 44.3641 0.0025
2925.0000 44.3641 0.0025
2930.0000 44.3641 0.0025
2935.0000 44.3641 0.0025
2940.0000 44.3641 0.0025
2945.0000 44.3684 0.0025
2950.0000 44.3769 0.0027
2955.0000 44.4172 0.0031
2960.0000 44.4927 0.0044
2965.0000 44.6915 0.0067
2970.0000 44.9466 0.0086
2975.0000 45.3033 0.0104
2980.0000 45.6984 0.0140
2985.0000 46.1931 0.0152
2990.0000 46.6952 0.0147
2995.0000 47.0705 0.0139
3000.0000 47.3443 0.0110
3005.0000 47.5208 0.0078
3010.0000 47.6580 0.0047
3015.0000 47.7296 0.0035
3020.0000 47.7521 0.0031
3025.0000 47.7558 0.0031
3030.0000 47.7633 0.0033
3035.0000 47.7894 0.0036
3040.0000 47.8490 0.0043
3045.0000 48.0452 0.0057
3050.0000 48.3253 0.0069
3055.0000 48.6422 0.0073
3060.0000 48.9153 0.0086
3065.0000 49.2253 0.0103
3070.0000 49.5558 0.0139
3075.0000 49.9786 0.0149
3080.0000 50.4201 0.0126
3085.0000 50.7236 0.0086
3090.0000 50.8607 0.0067
3095.0000 50.9031 0.0059
3100.0000 50.9334 0.0052
3105.0000 50.9433 0.0051
3110.0000 50.9631 0.0055
3115.0000 51.0065 0.0060
3120.0000 51.1239 0.0079
3125.0000 51.3726 0.0100
3130.0000 51.7802 0.0125
3135.0000 52.2581 0.0146
3140.0000 52.7744 0.0167
3145.0000 53.2795 0.0173
3150.0000 53.7690 0.0133
3155.0000 54.1760 0.0129
3160.0000 54.5894 0.0154
3165.0000 55.0811 0.0160
3170.0000 55.3516 0.0155
3175.0000 55.6243 0.0133
3180.0000 55.8706 0.0111
3185.0000 56.0342 0.0082
3190.0000 56.1046 0.0067
3195.0000 56.1955 0.0038
3200.0000 56.2114 0.0034
3205.0000 56.2175 0.0033
3210.0000 56.2236 0.0032
3215.0000 56.2236 0.0032
3220.0000 56.2236 0.0032
3225.0000 56.2236 0.0032
3230.0000 56.2236 0.0032
3235.0000 56.2236 0.0032
3240.0000 56.2236 0.0032
3245.0000 56.2236 0.0032
3250.0000 56.2236 0.0032
3255.0000 56.2236 0.0032
3260.0000 56.2296 0.0034
3265.0000 56.2357 0.0035
3270.0000 56.2357 0.0035
3275.0000 56.2357 0.0035
3280.0000 56.3024 0.0050
3285.0000 56.4054 0.0071
3290.0000 56.6236 0.0096
3295.0000 56.9872 0.0129
3300.0000 57.5145 0.0119
3305.0000 57.8721 0.0080
3310.0000 58.0357 0.0057
3315.0000 58.0842 0.0051
3320.0000 58.1387 0.0043
3325.0000 58.1508 0.0041
3330.0000 58.1569 0.0037
3335.0000 58.1630 0.0037
3340.0000 58.1751 0.0035
3345.0000 58.1872 0.0033
3350.0000 58.1872 0.0033
3355.0000 58.1912 0.0033
3360.0000 58.1952 0.0034
3365.0000 58.2253 0.0037
3370.0000 58.2853 0.0045
3375.0000 58.4373 0.0057
3380.0000 58.7093 0.0070
3385.0000 59.0034 0.0075
3390.0000 59.3154 0.0057
3395.0000 59.4374 0.0040
3400.0000 59.4854 0.0034
3405.0000 59.5054 0.0032
3410.0000 59.5214 0.0029
3415.0000 59.5214 0.0029
3420.0000 59.5214 0.0029
3425.0000 59.5214 0.0029
3430.0000 59.5214 0.0029
3435.0000 59.5214 0.0029
3440.0000 59.5214 0.0029
3445.0000 59.5214 0.0029
3450.0000 59.5214 0.0029
3455.0000 59.5214 0.0029
3460.0000 59.5214 0.0029
3465.0000 59.5214 0.0029
3470.0000 59.5214 0.0029
3475.0000 59.5214 0.0029
3480.0000 59.5214 0.0029
3485.0000 59.5214 0.0029
3490.0000 59.5214 0.0029
3495.0000 59.5214 0.0029
3500.0000 59.5214 0.0029
3505.0000 59.5214 0.0029
3510.0000 59.5214 0.0029
3515.0000 59.5214 0.0029
3520.0000 59.5214 0.0029
3525.0000 59.5214 0.0029
3530.0000 59.5214 0.0029
3535.0000 59.5214 0.0029
3540.0000 59.5214 0.0029
3545.0000 59.5214 0.0029
3550.0000 59.5214 0.0029
3555.0000 59.5214 0.0029
3560.0000 59.5214 0.0029
3565.0000 59.5214 0.0029
3570.0000 59.5214 0.0029
3575.0000 59.5214 0.0029
3580.0000 59.5214 0.0029
3585.0000 59.5214 0.0029
3590.0000 59.5214 0.0029
3595.0000 59.5214 0.0029
3600.0000 59.5214 0.0029
3605.0000 59.5259 0.0030
3610.0000 59.5303 0.0031
3615.0000 59.5569 0.0034
3620.0000 59.6145 0.0044
3625.0000 59.7757 0.0062
3630.0000 60.0637 0.0087
3635.0000 60.3562 0.0089
3640.0000 60.6000 0.0074
3645.0000 60.8215 0.0053
3650.0000 60.9279 0.0036
3655.0000 60.9855 0.0030
3660.0000 60.9855 0.0030
3665.0000 60.9855 0.0030
3670.0000 60.9855 0.0030
3675.0000 60.9855 0.0030
3680.0000 60.9855 0.0030
3685.0000 60.9855 0.0030
3690.0000 60.9929 0.0031
3695.0000 61.0077 0.0033
3700.0000 61.0448 0.0038
3705.0000 61.0929 0.0045
3710.0000 61.1336 0.0051
3715.0000 61.2151 0.0060
3720.0000 61.3151 0.0066
3725.0000 61.5262 0.0074
3730.0000 61.7100 0.0073
3735.0000 61.8951 0.0066
3740.0000 62.0715 0.0046
3745.0000 62.1776 0.0038
3750.0000 62.2183 0.0033
3755.0000 62.2220 0.0033
3760.0000 62.2220 0.0033
3765.0000 62.2220 0.0033
3770.0000 62.2220 0.0033
3775.0000 62.2267 0.0033
3780.0000 62.2361 0.0035
3785.0000 62.2455 0.0035
3790.0000 62.2689 0.0039
3795.0000 62.3345 0.0050
3800.0000 62.4422 0.0057
3805.0000 62.5640 0.0069
3810.0000 62.7139 0.0080
3815.0000 62.8933 0.0091
3820.0000 63.1571 0.0095
3825.0000 63.3726 0.0082
3830.0000 63.5178 0.0069
3835.0000 63.6349 0.0057
3840.0000 63.7052 0.0045
3845.0000 63.7675 0.0037
3850.0000 63.7997 0.0038
3855.0000 63.8361 0.0046
3860.0000 63.9088 0.0059
3865.0000 64.0967 0.0086
3870.0000 64.3512 0.0115
3875.0000 64.6846 0.0135
3880.0000 64.9694 0.0133
3885.0000 65.2119 0.0115
3890.0000 65.5149 0.0083
3895.0000 65.6725 0.0051
3900.0000 65.7331 0.0041
3905.0000 65.7573 0.0037
3910.0000 65.7573 0.0037
3915.0000 65.7648 0.0038
3920.0000 65.7784 0.0038
3925.0000 65.8233 0.0042
3930.0000 65.9244 0.0054
3935.0000 66.1529 0.0071
3940.0000 66.4774 0.0078
3945.0000 66.7494 0.0061
3950.0000 66.9497 0.0054
3955.0000 67.0657 0.0054
3960.0000 67.1421 0.0068
3965.0000 67.3240 0.0096
3970.0000 67.6512 0.0127
3975.0000 68.0815 0.0137
3980.0000 68.4088 0.0125
3985.0000 68.6742 0.0096
3990.0000 68.8136 0.0076
3995.0000 68.8923 0.0067
4000.0000 68.9456 0.0056
4005.0000 68.9841 0.0051
4010.0000 69.0126 0.0054
4015.0000 69.0696 0.0061
4020.0000 69.1931 0.0076
4025.0000 69.3451 0.0089
4030.0000 69.5378 0.0096
4035.0000 69.7769 0.0100
4040.0000 70.0942 0.0090
4045.0000 70.3127 0.0076
4050.0000 70.4565 0.0063
4055.0000 70.5330 0.0064
4060.0000 70.6087 0.0064
4065.0000 70.7553 0.0080
4070.0000 71.0509 0.0118
4075.0000 71.5042 0.0146
4080.0000 71.8496 0.0142
4085.0000 72.1587 0.0112
4090.0000 72.3163 0.0092
4095.0000 72.3951 0.0072
4100.0000 72.4860 0.0052
4105.0000 72.5224 0.0044
4110.0000 72.5405 0.0046
4115.0000 72.5648 0.0050
4120.0000 72.6133 0.0059
4125.0000 72.7224 0.0079
4130.0000 72.9042 0.0108
4135.0000 73.1224 0.0130
4140.0000 73.4618 0.0154
4145.0000 73.7890 0.0148
4150.0000 74.1345 0.0110
4155.0000 74.3587 0.0078
4160.0000 74.4496 0.0058
4165.0000 74.5163 0.0049
4170.0000 74.5284 0.0047
4175.0000 74.5284 0.0047
4180.0000 74.5284 0.0047
4185.0000 74.5403 0.0050
4190.0000 74.5522 0.0051
4195.0000 74.5820 0.0053
4200.0000 74.6177 0.0059
4205.0000 74.7008 0.0072
4210.0000 74.8256 0.0094
4215.0000 75.0039 0.0118
4220.0000 75.1882 0.0133
4225.0000 75.4021 0.0148
4230.0000 75.6280 0.0149
4235.0000 75.8959 0.0146
4240.0000 76.2298 0.0134
4245.0000 76.5717 0.0131
4250.0000 76.8487 0.0126
4255.0000 77.2053 0.0142
4260.0000 77.5383 0.0165
4265.0000 77.8714 0.0181
4270.0000 78.3984 0.0180
4275.0000 78.9256 0.0186
4280.0000 79.4042 0.0177
4285.0000 79.8042 0.0157
4290.0000 80.0830 0.0129
4295.0000 80.2891 0.0090
4300.0000 80.3800 0.0073
4305.0000 80.4224 0.0065
4310.0000 80.4588 0.0065
4315.0000 80.5194 0.0077
4320.0000 80.6345 0.0092
4325.0000 81.0164 0.0122
4330.0000 81.5436 0.0138
4335.0000 82.0588 0.0097
4340.0000 82.2588 0.0076
4345.0000 82.3254 0.0063
4350.0000 82.3739 0.0056
4355.0000 82.4103 0.0048
4360.0000 82.4164 0.0047
4365.0000 82.4280 0.0045
4370.0000 82.4396 0.0045
4375.0000 82.4508 0.0046
4380.0000 82.4786 0.0050
4385.0000 82.5567 0.0060
4390.0000 82.7295 0.0084
4395.0000 83.0528 0.0105
4400.0000 83.3655 0.0115
4405.0000 83.6447 0.0116
4410.0000 83.8398 0.0101
4415.0000 84.0293 0.0082
4420.0000 84.1296 0.0069
4425.0000 84.1854 0.0061
4430.0000 84.2188 0.0057
4435.0000 84.2523 0.0051
4440.0000 84.2634 0.0048
4445.0000 84.2690 0.0045
4450.0000 84.2690 0.0045
4455.0000 84.2690 0.0045
4460.0000 84.2690 0.0045
4465.0000 84.2690 0.0045
4470.0000 84.2725 0.0045
4475.0000 84.2760 0.0046
4480.0000 84.2991 0.0048
4485.0000 84.3342 0.0048
4490.0000 84.4606 0.0059
4495.0000 84.6668 0.0071
4500.0000 84.9150 0.0081
4505.0000 85.1116 0.0069
4510.0000 85.3012 0.0058
4515.0000 85.4100 0.0049
4520.0000 85.4381 0.0046
4525.0000 85.4416 0.0046
4530.0000 85.4416 0.0046
4535.0000 85.4416 0.0046
4540.0000 85.4416 0.0046
4545.0000 85.4416 0.0046
4550.0000 85.4416 0.0046
4555.0000 85.4416 0.0046
4560.0000 85.4416 0.0046
4565.0000 85.4416 0.0046
4570.0000 85.4416 0.0046
4575.0000 85.4416 0.0046
4580.0000 85.4416 0.0046
4585.0000 85.4416 0.0046
4590.0000 85.4416 0.0046
4595.0000 85.4416 0.0046
4600.0000 85.4416 0.0046
4605.0000 85.4416 0.0046
4610.0000 85.4416 0.0046
4615.0000 85.4416 0.0046
4620.0000 85.4416 0.0046
4625.0000 85.4416 0.0046
4630.0000 85.4416 0.0046
4635.0000 85.4416 0.0046
4640.0000 85.4416 0.0046
4645.0000 85.4416 0.0046
4650.0000 85.4416 0.0046
4655.0000 85.4416 0.0046
4660.0000 85.4416 0.0046
4665.0000 85.4416 0.0046
4670.0000 85.4416 0.0046
4675.0000 85.4416 0.0046
4680.0000 85.4416 0.0046
4685.0000 85.4416 0.0046
4690.0000 85.4416 0.0046
4695.0000 85.4416 0.0046
4700.0000 85.4416 0.0046
4705.0000 85.4416 0.0046
4710.0000 85.4416 0.0046
4715.0000 85.4416 0.0046
4720.0000 85.4416 0.0046
4725.0000 85.4416 0.0046
4730.0000 85.4416 0.0046
4735.0000 85.4416 0.0046
4740.0000 85.4451 0.0047
4745.0000 85.4558 0.0048
4750.0000 85.4843 0.0052
4755.0000 85.5449 0.0053
4760.0000 85.6625 0.0065
4765.0000 85.8645 0.0066
4770.0000 86.1460 0.0075
4775.0000 86.3918 0.0067
4780.0000 86.4952 0.0062
4785.0000 86.5664 0.0053
4790.0000 86.6163 0.0047
4795.0000 86.6199 0.0046
4800.0000 86.6199 0.0046
4805.0000 86.6199 0.0046
4810.0000 86.6199 0.0046
4815.0000 86.6199 0.0046
4820.0000 86.6199 0.0046
4825.0000 86.6199 0.0046
4830.0000 86.6199 0.0046
4835.0000 86.6199 0.0046
4840.0000 86.6199 0.0046
4845.0000 86.6199 0.0046
4850.0000 86.6199 0.0046
4855.0000 86.6199 0.0046
4860.0000 86.6199 0.0046
4865.0000 86.6259 0.0048
4870.0000 86.6441 0.0051
4875.0000 86.6805 0.0056
4880.0000 86.7896 0.0079
4885.0000 87.0017 0.0106
4890.0000 87.2502 0.0136
4895.0000 87.4934 0.0138
4900.0000 87.8241 0.0135
4905.0000 88.1435 0.0108
4910.0000 88.3712 0.0089
4915.0000 88.5157 0.0073
4920.0000 88.6183 0.0067
4925.0000 88.6986 0.0063
4930.0000 88.7580 0.0065
4935.0000 88.9668 0.0083
4940.0000 89.1730 0.0076
4945.0000 89.3750 0.0077
4950.0000 89.5228 0.0071
4955.0000 89.6560 0.0056
4960.0000 89.7136 0.0049
4965.0000 89.7377 0.0048
4970.0000 89.7411 0.0048
4975.0000 89.7411 0.0048
4980.0000 89.7411 0.0048
4985.0000 89.7411 0.0048
4990.0000 89.7411 0.0048
4995.0000 89.7411 0.0048
5000.0000 89.7411 0.0048
5005.0000 89.7411 0.0048
5010.0000 89.7411 0.0048
5015.0000 89.7411 0.0048
5020.0000 89.7445 0.0047
5025.0000 89.7445 0.0047
5030.0000 89.7445 0.0047
5035.0000 89.7445 0.0047
5040.0000 89.7445 0.0047
5045.0000 89.7445 0.0047
5050.0000 89.7445 0.0047
5055.0000 89.7445 0.0047
5060.0000 89.7445 0.0047
5065.0000 89.7506 0.0049
5070.0000 89.7578 0.0050
5075.0000 89.7649 0.0051
5080.0000 89.8079 0.0057
5085.0000 89.9046 0.0067
5090.0000 90.0085 0.0067
5095.0000 90.1733 0.0076
5100.0000 90.3775 0.0076
5105.0000 90.6068 0.0073
5110.0000 90.7322 0.0065
5115.0000 90.8361 0.0057
5120.0000 90.9174 0.0051
5125.0000 90.9377 0.0051
5130.0000 90.9413 0.0051
5135.0000 90.9413 0.0051
5140.0000 90.9413 0.0051
5145.0000 90.9474 0.0052
5150.0000 90.9474 0.0052
5155.0000 90.9474 0.0052
5160.0000 90.9474 0.0052
5165.0000 90.9474 0.0052
5170.0000 90.9474 0.0052
5175.0000 90.9474 0.0052
5180.0000 90.9474 0.0052
5185.0000 90.9474 0.0052
5190.0000 90.9474 0.0052
5195.0000 90.9595 0.0053
5200.0000 91.0383 0.0069
5205.0000 91.1413 0.0089
5210.0000 91.3595 0.0113
5215.0000 91.7171 0.0148
5220.0000 92.1231 0.0145
5225.0000 92.5534 0.0116
5230.0000 92.7534 0.0086
5235.0000 92.8686 0.0067
5240.0000 92.9110 0.0057
5245.0000 92.9292 0.0055
5250.0000 92.9595 0.0058
5255.0000 93.0383 0.0067
5260.0000 93.2019 0.0088
5265.0000 93.4383 0.0119
5270.0000 93.8868 0.0145
5275.0000 94.2747 0.0139
5280.0000 94.6683 0.0101
5285.0000 94.8498 0.0069
5290.0000 94.8917 0.0064
5295.0000 94.9330 0.0067
5300.0000 94.9734 0.0078
5305.0000 95.0834 0.0095
5310.0000 95.3149 0.0113
5315.0000 95.6269 0.0132
5320.0000 95.9964 0.0131
5325.0000 96.2562 0.0127
5330.0000 96.5221 0.0098
5335.0000 96.6436 0.0087
5340.0000 96.7654 0.0066
5345.0000 96.8116 0.0058
5350.0000 96.8289 0.0056
5355.0000 96.8347 0.0055
5360.0000 96.8347 0.0055
5365.0000 96.8493 0.0057
5370.0000 96.8818 0.0057
5375.0000 96.9195 0.0066
5380.0000 96.9861 0.0073
5385.0000 97.1437 0.0103
5390.0000 97.3726 0.0126
5395.0000 97.6384 0.0141
5400.0000 97.8370 0.0141
5405.0000 98.1110 0.0132
5410.0000 98.4041 0.0110
5415.0000 98.5933 0.0075
5420.0000 98.6523 0.0069
5425.0000 98.6767 0.0066
5430.0000 98.7051 0.0062
5435.0000 98.6928 0.0064
5440.0000 98.6537 0.0065
5445.0000 98.6215 0.0069
5450.0000 98.5659 0.0073
5455.0000 98.4863 0.0078
5460.0000 98.4412 0.0079
5465.0000 98.4032 0.0092
5470.0000 98.3264 0.0102
5475.0000 98.1935 0.0107
5480.0000 98.0812 0.0111
5485.0000 97.9369 0.0111
5490.0000 97.8083 0.0105
5495.0000 97.7537 0.0104
5500.0000 97.7406 0.0106
5505.0000 97.6835 0.0103
5510.0000 97.6775 0.0103
5515.0000 97.6725 0.0096
5520.0000 97.7506 0.0095
5525.0000 97.9585 0.0083
5530.0000 98.1276 0.0061
5535.0000 98.2924 0.0051
5540.0000 98.4060 0.0037
5545.0000 98.4481 0.0030
5550.0000 98.4562 0.0028
5555.0000 98.4330 0.0027
5560.0000 98.4500 0.0026
5565.0000 98.4624 0.0024
5570.0000 98.4540 0.0026
5575.0000 98.4520 0.0027
5580.0000 98.4401 0.0025
5585.0000 98.4308 0.0026
5590.0000 98.4321 0.0027
5595.0000 98.4361 0.0026
5600.0000 98.4256 0.0027
5605.0000 98.4217 0.0027
5610.0000 98.4217 0.0027
5615.0000 98.4235 0.0026
5620.0000 98.4235 0.0026
5625.0000 98.4268 0.0025
5630.0000 98.4390 0.0026
5635.0000 98.4343 0.0024
5640.0000 98.4536 0.0025
5645.0000 98.4901 0.0028
5650.0000 98.5658 0.0037
5655.0000 98.6766 0.0046
5660.0000 98.9211 0.0058
5665.0000 99.1708 0.0057
5670.0000 99.3184 0.0057
5675.0000 99.5119 0.0036
5680.0000 99.5366 0.0035
5685.0000 99.5409 0.0034
5690.0000 99.5409 0.0034
5695.0000 99.5355 0.0036
5700.0000 99.5224 0.0039
5705.0000 99.5345 0.0035
5710.0000 99.5309 0.0036
5715.0000 99.5249 0.0037
5720.0000 99.5249 0.0037
5725.0000 99.5210 0.0037
5730.0000 99.5176 0.0038
5735.0000 99.5176 0.0038
5740.0000 99.5176 0.0038
5745.0000 99.5084 0.0041
5750.0000 99.5084 0.0041
5755.0000 99.5033 0.0042
5760.0000 99.5058 0.0040
5765.0000 99.5068 0.0040
5770.0000 99.4845 0.0045
5775.0000 99.4698 0.0048
5780.0000 99.4349 0.0058
5785.0000 99.3924 0.0063
5790.0000 99.2533 0.0099
5795.0000 99.1552 0.0106
5800.0000 99.0100 0.0127
5805.0000 98.6685 0.0159
5810.0000 98.4178 0.0180
5815.0000 98.2090 0.0155
5820.0000 98.1523 0.0134
5825.0000 97.9583 0.0145
5830.0000 97.8329 0.0122
5835.0000 97.9129 0.0096
5840.0000 97.9942 0.0089
5845.0000 98.1014 0.0090
5850.0000 98.3232 0.0069
5855.0000 98.3751 0.0059
5860.0000 98.3918 0.0049
5865.0000 98.3963 0.0047
5870.0000 98.3932 0.0046
5875.0000 98.3963 0.0044
5880.0000 98.4113 0.0042
5885.0000 98.4047 0.0043
5890.0000 98.4045 0.0040
5895.0000 98.4186 0.0039
5900.0000 98.4145 0.0039
5905.0000 98.4145 0.0040
5910.0000 98.4255 0.0041
5915.0000 98.4318 0.0043
5920.0000 98.4385 0.0046
5925.0000 98.4496 0.0047
5930.0000 98.4598 0.0047
5935.0000 98.4509 0.0051
5940.0000 98.4690 0.0056
5945.0000 98.5437 0.0062
5950.0000 98.6009 0.0071
5955.0000 98.6517 0.0087
5960.0000 98.7323 0.0096
5965.0000 98.7891 0.0109
5970.0000 98.8515 0.0113
5975.0000 98.8204 0.0124
5980.0000 98.8665 0.0126
5985.0000 98.8590 0.0131
5990.0000 98.8311 0.0131
5995.0000 98.8068 0.0134
6000.0000 98.7584 0.0139
6005.0000 98.7059 0.0144
6010.0000 98.6748 0.0142
6015.0000 98.6125 0.0147
6020.0000 98.5234 0.0150
6025.0000 98.4486 0.0147
6030.0000 98.3943 0.0139
6035.0000 98.3439 0.0134
6040.0000 98.2436 0.0123
6045.0000 98.1738 0.0112
6050.0000 98.1522 0.0103
6055.0000 98.1267 0.0096
6060.0000 98.0810 0.0086
6065.0000 98.0468 0.0073
6070.0000 98.0675 0.0068
6075.0000 98.0337 0.0068
6080.0000 98.0344 0.0065
6085.0000 98.0241 0.0063
6090.0000 98.0214 0.0063
6095.0000 98.0245 0.0064
6100.0000 98.0255 0.0064
6105.0000 98.0284 0.0063
6110.0000 98.0274 0.0063
6115.0000 98.0369 0.0064
6120.0000 98.0530 0.0064
6125.0000 98.0494 0.0064
6130.0000 98.0755 0.0063
6135.0000 98.1150 0.0069
6140.0000 98.2273 0.0074
6145.0000 98.3208 0.0077
6150.0000 98.4237 0.0077
6155.0000 98.5264 0.0076
6160.0000 98.6161 0.0074
6165.0000 98.7578 0.0066
6170.0000 98.8691 0.0057
6175.0000 98.9267 0.0051
6180.0000 98.9399 0.0047
6185.0000 98.9149 0.0050
6190.0000 98.8594 0.0061
6195.0000 98.8400 0.0067
6200.0000 98.7884 0.0074
6205.0000 98.6765 0.0092
6210.0000 98.5781 0.0102
6215.0000 98.5180 0.0112
6220.0000 98.4282 0.0120
6225.0000 98.3427 0.0126
6230.0000 98.2131 0.0139
6235.0000 98.1022 0.0144
6240.0000 97.9989 0.0145
6245.0000 97.9001 0.0156
6250.0000 97.7946 0.0149
6255.0000 97.7465 0.0145
6260.0000 97.7946 0.0140
6265.0000 97.8708 0.0140
6270.0000 97.9652 0.0128
6275.0000 98.1598 0.0121
6280.0000 98.2671 0.0091
6285.0000 98.2943 0.0093
6290.0000 98.3336 0.0087
6295.0000 98.4468 0.0070
6300.0000 98.5492 0.0057
6305.0000 98.5726 0.0046
6310.0000 98.6176 0.0041
6315.0000 98.6753 0.0033
6320.0000 98.6911 0.0030
6325.0000 98.6835 0.0032
6330.0000 98.6979 0.0027
6335.0000 98.6702 0.0029
6340.0000 98.6457 0.0032
6345.0000 98.5925 0.0035
6350.0000 98.5174 0.0042
6355.0000 98.4524 0.0051
6360.0000 98.4017 0.0059
6365.0000 98.3421 0.0067
6370.0000 98.2468 0.0076
6375.0000 98.2397 0.0089
6380.0000 98.2451 0.0087
6385.0000 98.2001 0.0094
6390.0000 98.1376 0.0091
6395.0000 98.1458 0.0096
6400.0000 98.1405 0.0095
6405.0000 98.1346 0.0095
6410.0000 98.1190 0.0094
6415.0000 98.1447 0.0097
6420.0000 98.1501 0.0099
6425.0000 98.1451 0.0097
6430.0000 98.1778 0.0093
6435.0000 98.2197 0.0101
6440.0000 98.2362 0.0095
6445.0000 98.1215 0.0094
6450.0000 98.0469 0.0086
6455.0000 97.9713 0.0089
6460.0000 97.9202 0.0085
6465.0000 97.8782 0.0078
6470.0000 97.8103 0.0071
6475.0000 97.7915 0.0072
6480.0000 97.7784 0.0072
6485.0000 97.7879 0.0072
6490.0000 97.7633 0.0074
6495.0000 97.7655 0.0069
6500.0000 97.7639 0.0071
6505.0000 97.7699 0.0070
6510.0000 97.7517 0.0068
6515.0000 97.7451 0.0069
6520.0000 97.7532 0.0070
6525.0000 97.7569 0.0070
6530.0000 97.7569 0.0070
6535.0000 97.7411 0.0067
6540.0000 97.7416 0.0067
6545.0000 97.7570 0.0069
6550.0000 97.7725 0.0068
6555.0000 97.8310 0.0069
6560.0000 97.8888 0.0067
6565.0000 97.9740 0.0067
6570.0000 98.0502 0.0059
6575.0000 98.2544 0.0050
6580.0000 98.3902 0.0039
6585.0000 98.4606 0.0032
6590.0000 98.5227 0.0025
6595.0000 98.5423 0.0022
6600.0000 98.5607 0.0022
6605.0000 98.5568 0.0022
6610.0000 98.5629 0.0022
6615.0000 98.5508 0.0023
6620.0000 98.5605 0.0022
6625.0000 98.5568 0.0022
6630.0000 98.5447 0.0023
6635.0000 98.5357 0.0025
6640.0000 98.5322 0.0025
6645.0000 98.5075 0.0027
6650.0000 98.4759 0.0029
6655.0000 98.4559 0.0031
6660.0000 98.4088 0.0039
6665.0000 98.3392 0.0046
6670.0000 98.2960 0.0052
6675.0000 98.2170 0.0056
6680.0000 98.2153 0.0063
6685.0000 98.1573 0.0067
6690.0000 98.1136 0.0068
6695.0000 98.1244 0.0063
6700.0000 98.0679 0.0061
6705.0000 98.0218 0.0059
6710.0000 98.0437 0.0058
6715.0000 98.0201 0.0056
6720.0000 98.0038 0.0055
6725.0000 97.9876 0.0053
6730.0000 97.9911 0.0053
6735.0000 97.9872 0.0054
6740.0000 97.9886 0.0054
6745.0000 97.9886 0.0054
6750.0000 97.9826 0.0053
6755.0000 97.9842 0.0053
6760.0000 97.9805 0.0053
6765.0000 97.9805 0.0053
6770.0000 97.9744 0.0052
6775.0000 97.9744 0.0052
6780.0000 97.9744 0.0052
6785.0000 97.9744 0.0052
6790.0000 97.9764 0.0053
6795.0000 97.9773 0.0053
6800.0000 97.9829 0.0053
6805.0000 97.9914 0.0055
6810.0000 98.0137 0.0057
6815.0000 98.0459 0.0063
6820.0000 98.1107 0.0069
6825.0000 98.1646 0.0071
6830.0000 98.3017 0.0083
6835.0000 98.4554 0.0090
6840.0000 98.7022 0.0087
6845.0000 98.8624 0.0085
6850.0000 98.9666 0.0081
6855.0000 99.0832 0.0068
6860.0000 99.0971 0.0068
6865.0000 99.0629 0.0076
6870.0000 98.9453 0.0097
6875.0000 98.7935 0.0116
6880.0000 98.6589 0.0131
6885.0000 98.5403 0.0134
6890.0000 98.3980 0.0138
6895.0000 98.3256 0.0136
6900.0000 98.1565 0.0140
6905.0000 98.1947 0.0129
6910.0000 98.1871 0.0120
6915.0000 98.1424 0.0124
6920.0000 98.0711 0.0121
6925.0000 98.1235 0.0117
6930.0000 98.0824 0.0119
6935.0000 98.1035 0.0116
6940.0000 98.0968 0.0114
6945.0000 98.0795 0.0114
6950.0000 98.0832 0.0114
6955.0000 98.0869 0.0114
6960.0000 98.0869 0.0114
6965.0000 98.0762 0.0115
6970.0000 98.0883 0.0114
6975.0000 98.0833 0.0115
6980.0000 98.0833 0.0115
6985.0000 98.0833 0.0115
6990.0000 98.0773 0.0114
6995.0000 98.0536 0.0117
7000.0000 98.0406 0.0116
7005.0000 97.9995 0.0116
7010.0000 97.9637 0.0111
7015.0000 97.9304 0.0108
7020.0000 97.9954 0.0104
7025.0000 98.0800 0.0093
7030.0000 98.0390 0.0082
7035.0000 98.1450 0.0067
7040.0000 98.1474 0.0060
7045.0000 98.0453 0.0052
7050.0000 97.9496 0.0049
7055.0000 97.9412 0.0046
7060.0000 98.0284 0.0042
7065.0000 98.1080 0.0045
7070.0000 98.2211 0.0050
7075.0000 98.3359 0.0054
7080.0000 98.5437 0.0050
7085.0000 98.6715 0.0044
7090.0000 98.7539 0.0039
7095.0000 98.7938 0.0037
7100.0000 98.8312 0.0036
7105.0000 98.8453 0.0032
7110.0000 98.8344 0.0035
7115.0000 98.8088 0.0037
7120.0000 98.8009 0.0039
7125.0000 98.7532 0.0043
7130.0000 98.6892 0.0051
7135.0000 98.6317 0.0062
7140.0000 98.5731 0.0067
7145.0000 98.4951 0.0074
7150.0000 98.3432 0.0084
7155.0000 98.3071 0.0089
7160.0000 98.2515 0.0087
7165.0000 98.1926 0.0093
7170.0000 98.0926 0.0091
7175.0000 98.0491 0.0093
7180.0000 98.0461 0.0093
7185.0000 98.0058 0.0092
7190.0000 97.9659 0.0089
7195.0000 97.9560 0.0091
7200.0000 97.9467 0.0089
7205.0000 97.9365 0.0088
7210.0000 97.9163 0.0086
7215.0000 97.9118 0.0084
7220.0000 97.9012 0.0082
7225.0000 97.8947 0.0081
7230.0000 97.8901 0.0081
7235.0000 97.8901 0.0081
7240.0000 97.8961 0.0082
7245.0000 97.8961 0.0082
7250.0000 97.8961 0.0082
7255.0000 97.8961 0.0082
7260.0000 97.8870 0.0080
7265.0000 97.8860 0.0080
7270.0000 97.8860 0.0080
7275.0000 97.8850 0.0081
7280.0000 97.8795 0.0079
7285.0000 97.8784 0.0079
7290.0000 97.8775 0.0079
7295.0000 97.8775 0.0079
7300.0000 97.8673 0.0079
7305.0000 97.8673 0.0079
7310.0000 97.8673 0.0079
7315.0000 97.8718 0.0079
7320.0000 97.8794 0.0079
7325.0000 97.9038 0.0079
7330.0000 97.9563 0.0080
7335.0000 98.0783 0.0080
7340.0000 98.2925 0.0073
7345.0000 98.5319 0.0061
7350.0000 98.6465 0.0050
7355.0000 98.7125 0.0045
7360.0000 98.7022 0.0045
7365.0000 98.7113 0.0044
7370.0000 98.7234 0.0044
7375.0000 98.7163 0.0044
7380.0000 98.7163 0.0044
7385.0000 98.7129 0.0044
7390.0000 98.7093 0.0045
7395.0000 98.7093 0.0045
7400.0000 98.7093 0.0045
7405.0000 98.7093 0.0045
7410.0000 98.7093 0.0045
7415.0000 98.7093 0.0045
7420.0000 98.6931 0.0047
7425.0000 98.6732 0.0050
7430.0000 98.6559 0.0052
7435.0000 98.6382 0.0055
7440.0000 98.6161 0.0057
7445.0000 98.5711 0.0062
7450.0000 98.4839 0.0074
7455.0000 98.4225 0.0080
7460.0000 98.4393 0.0082
7465.0000 98.5056 0.0076
7470.0000 98.5224 0.0076
7475.0000 98.6426 0.0065
7480.0000 98.7104 0.0056
7485.0000 98.7243 0.0053
7490.0000 98.7239 0.0054
7495.0000 98.7451 0.0051
7500.0000 98.7759 0.0046
7505.0000 98.7682 0.0046
7510.0000 98.7657 0.0046
7515.0000 98.7864 0.0043
7520.0000 98.7891 0.0042
7525.0000 98.7916 0.0041
7530.0000 98.7919 0.0041
7535.0000 98.7825 0.0043
7540.0000 98.7755 0.0043
7545.0000 98.7701 0.0043
7550.0000 98.7724 0.0043
7555.0000 98.7628 0.0044
7560.0000 98.7592 0.0044
7565.0000 98.7559 0.0045
7570.0000 98.7523 0.0045
7575.0000 98.7523 0.0045
7580.0000 98.7523 0.0045
7585.0000 98.7465 0.0046
7590.0000 98.7465 0.0046
7595.0000 98.7311 0.0047
7600.0000 98.7278 0.0048
7605.0000 98.7242 0.0049
7610.0000 98.7184 0.0049
7615.0000 98.7148 0.0049
7620.0000 98.7112 0.0049
7625.0000 98.7076 0.0049
7630.0000 98.7076 0.0049
7635.0000 98.7040 0.0050
7640.0000 98.7004 0.0050
7645.0000 98.6968 0.0050
7650.0000 98.6968 0.0050
7655.0000 98.6932 0.0050
7660.0000 98.6932 0.0050
7665.0000 98.6896 0.0051
7670.0000 98.6800 0.0052
7675.0000 98.6824 0.0051
7680.0000 98.6824 0.0051
7685.0000 98.6788 0.0051
7690.0000 98.6753 0.0051
7695.0000 98.6710 0.0052
7700.0000 98.6710 0.0052
7705.0000 98.6616 0.0053
7710.0000 98.6580 0.0053
7715.0000 98.6580 0.0053
7720.0000 98.6544 0.0053
7725.0000 98.6508 0.0053
7730.0000 98.6508 0.0053
7735.0000 98.6508 0.0053
7740.0000 98.6472 0.0054
7745.0000 98.6472 0.0054
7750.0000 98.6472 0.0054
7755.0000 98.6472 0.0054
7760.0000 98.6472 0.0054
7765.0000 98.6472 0.0054
7770.0000 98.6472 0.0054
7775.0000 98.6472 0.0054
7780.0000 98.6436 0.0054
7785.0000 98.6382 0.0054
7790.0000 98.6289 0.0055
7795.0000 98.6181 0.0056
7800.0000 98.5997 0.0056
7805.0000 98.5488 0.0059
7810.0000 98.4934 0.0063
7815.0000 98.3743 0.0070
7820.0000 98.2627 0.0071
7825.0000 98.1333 0.0074
7830.0000 98.0171 0.0074
7835.0000 97.9818 0.0076
7840.0000 97.9439 0.0081
7845.0000 97.9227 0.0080
7850.0000 97.8813 0.0078
7855.0000 97.8335 0.0074
7860.0000 97.8110 0.0074
7865.0000 97.7976 0.0072
7870.0000 97.7928 0.0072
7875.0000 97.7928 0.0072
7880.0000 97.7806 0.0071
7885.0000 97.7806 0.0071
7890.0000 97.7711 0.0070
7895.0000 97.7796 0.0072
7900.0000 97.7805 0.0072
7905.0000 97.7865 0.0073
7910.0000 97.7865 0.0073
7915.0000 97.7865 0.0073
7920.0000 97.7822 0.0073
7925.0000 97.7719 0.0073
7930.0000 97.7779 0.0073
7935.0000 97.7713 0.0073
7940.0000 97.7713 0.0073
7945.0000 97.7616 0.0072
7950.0000 97.7570 0.0071
7955.0000 97.7605 0.0071
7960.0000 97.7607 0.0072
7965.0000 97.8322 0.0077
7970.0000 97.9165 0.0085
7975.0000 97.9712 0.0088
7980.0000 98.0697 0.0092
7985.0000 98.2031 0.0088
7990.0000 98.3330 0.0084
7995.0000 98.4331 0.0083
8000.0000 98.6109 0.0071
8005.0000 98.7176 0.0061
8010.0000 98.7455 0.0062
8015.0000 98.7176 0.0064
8020.0000 98.7054 0.0070
8025.0000 98.7989 0.0059
8030.0000 98.8728 0.0046
8035.0000 98.8850 0.0043
8040.0000 98.8753 0.0044
8045.0000 98.8594 0.0047
8050.0000 98.8534 0.0048
8055.0000 98.8412 0.0049
8060.0000 98.8066 0.0054
8065.0000 98.7824 0.0057
8070.0000 98.7543 0.0060
8075.0000 98.7086 0.0065
8080.0000 98.6048 0.0080
8085.0000 98.5405 0.0085
8090.0000 98.6952 0.0069
8095.0000 98.8320 0.0053
8100.0000 98.8771 0.0048
8105.0000 98.9195 0.0043
8110.0000 98.9576 0.0036
8115.0000 98.9473 0.0037
8120.0000 98.9594 0.0035
8125.0000 98.9551 0.0036
8130.0000 98.9448 0.0037
8135.0000 98.9448 0.0037
8140.0000 98.9350 0.0038
8145.0000 98.9363 0.0037
8150.0000 98.9200 0.0039
8155.0000 98.9235 0.0038
8160.0000 98.9023 0.0039
8165.0000 98.8632 0.0045
8170.0000 98.8246 0.0052
8175.0000 98.7101 0.0070
8180.0000 98.4812 0.0095
8185.0000 98.2976 0.0113
8190.0000 98.2653 0.0131
8195.0000 98.1123 0.0143
8200.0000 97.9621 0.0151
8205.0000 97.8795 0.0147
8210.0000 97.8418 0.0152
8215.0000 97.7907 0.0156
8220.0000 97.7894 0.0154
8225.0000 97.7556 0.0152
8230.0000 97.7238 0.0148
8235.0000 97.7014 0.0147
8240.0000 97.7341 0.0145
8245.0000 97.8114 0.0142
8250.0000 97.8958 0.0139
8255.0000 97.9838 0.0139
8260.0000 98.0150 0.0127
8265.0000 98.2023 0.0112
8270.0000 98.3342 0.0102
8275.0000 98.4121 0.0086
8280.0000 98.4520 0.0082
8285.0000 98.4580 0.0082
8290.0000 98.4516 0.0081
8295.0000 98.4587 0.0079
8300.0000 98.4344 0.0080
8305.0000 98.4217 0.0080
8310.0000 98.4009 0.0082
8315.0000 98.3847 0.0083
8320.0000 98.3724 0.0084
8325.0000 98.3569 0.0084
8330.0000 98.3332 0.0087
8335.0000 98.3121 0.0089
8340.0000 98.2597 0.0091
8345.0000 98.1507 0.0098
8350.0000 98.0112 0.0103
8355.0000 98.0137 0.0100
8360.0000 98.0887 0.0093
8365.0000 98.1568 0.0088
8370.0000 98.2856 0.0072
8375.0000 98.2760 0.0073
8380.0000 98.4191 0.0058
8385.0000 98.4071 0.0057
8390.0000 98.4297 0.0054
8395.0000 98.4258 0.0053
8400.0000 98.4400 0.0053
8405.0000 98.4373 0.0055
8410.0000 98.4379 0.0054
8415.0000 98.4323 0.0055
8420.0000 98.4323 0.0055
8425.0000 98.4323 0.0055
8430.0000 98.4262 0.0057
8435.0000 98.4262 0.0057
8440.0000 98.4167 0.0057
8445.0000 98.4106 0.0058
8450.0000 98.4045 0.0059
8455.0000 98.4036 0.0060
8460.0000 98.4002 0.0059
8465.0000 98.3905 0.0059
8470.0000 98.3905 0.0059
8475.0000 98.3845 0.0060
8480.0000 98.3845 0.0062
8485.0000 98.3723 0.0063
8490.0000 98.3784 0.0063
8495.0000 98.3682 0.0064
8500.0000 98.3545 0.0064
8505.0000 98.3424 0.0066
8510.0000 98.3302 0.0069
8515.0000 98.3302 0.0069
8520.0000 98.3181 0.0071
8525.0000 98.3065 0.0073
8530.0000 98.3065 0.0073
8535.0000 98.2883 0.0076
8540.0000 98.2883 0.0076
8545.0000 98.2762 0.0078
8550.0000 98.2701 0.0079
8555.0000 98.2641 0.0081
8560.0000 98.2580 0.0082
8565.0000 98.2520 0.0083
8570.0000 98.2418 0.0083
8575.0000 98.2175 0.0086
8580.0000 98.2200 0.0086
8585.0000 98.2115 0.0087
8590.0000 98.2120 0.0087
8595.0000 98.2120 0.0087
8600.0000 98.2120 0.0087
8605.0000 98.2120 0.0087
8610.0000 98.2018 0.0087
8615.0000 98.1897 0.0087
8620.0000 98.1837 0.0088
8625.0000 98.1791 0.0090
8630.0000 98.1761 0.0092
8635.0000 98.1925 0.0095
8640.0000 98.2195 0.0098
8645.0000 98.2708 0.0101
8650.0000 98.4065 0.0100
8655.0000 98.5846 0.0091
8660.0000 98.7257 0.0095
8665.0000 98.7929 0.0093
8670.0000 98.8872 0.0084
8675.0000 98.9259 0.0082
8680.0000 98.9744 0.0080
8685.0000 98.9737 0.0081
8690.0000 98.9695 0.0082
8695.0000 98.9491 0.0084
8700.0000 98.9450 0.0084
8705.0000 98.9389 0.0085
8710.0000 98.9227 0.0086
8715.0000 98.9171 0.0086
8720.0000 98.9110 0.0086
8725.0000 98.9110 0.0086
8730.0000 98.8989 0.0087
8735.0000 98.8966 0.0087
8740.0000 98.8845 0.0087
8745.0000 98.8906 0.0087
8750.0000 98.8790 0.0088
8755.0000 98.8853 0.0087
8760.0000 98.8468 0.0090
8765.0000 98.8225 0.0095
8770.0000 98.8060 0.0095
8775.0000 98.8926 0.0095
8780.0000 99.0340 0.0084
8785.0000 99.2390 0.0063
8790.0000 99.3484 0.0050
8795.0000 99.3573 0.0048
8800.0000 99.4017 0.0042
8805.0000 99.4391 0.0037
8810.0000 99.4636 0.0032
8815.0000 99.4636 0.0032
8820.0000 99.4636 0.0032
8825.0000 99.4636 0.0032
8830.0000 99.4636 0.0032
8835.0000 99.4513 0.0034
8840.0000 99.4276 0.0037
8845.0000 99.4163 0.0038
8850.0000 99.4052 0.0040
8855.0000 99.3606 0.0047
8860.0000 99.3179 0.0053
8865.0000 99.2530 0.0061
8870.0000 99.1658 0.0071
8875.0000 99.0719 0.0076
8880.0000 99.0064 0.0080
8885.0000 98.8491 0.0087
8890.0000 98.6996 0.0090
8895.0000 98.5814 0.0092
8900.0000 98.4206 0.0088
8905.0000 98.4138 0.0086
8910.0000 98.5006 0.0095
8915.0000 98.6352 0.0099
8920.0000 98.7430 0.0100
8925.0000 98.9341 0.0092
8930.0000 99.0607 0.0081
8935.0000 99.0916 0.0076
8940.0000 99.1032 0.0076
8945.0000 99.0952 0.0078
8950.0000 99.0714 0.0079
8955.0000 99.1140 0.0077
8960.0000 99.1132 0.0076
8965.0000 99.0915 0.0080
8970.0000 99.0314 0.0080
8975.0000 98.9907 0.0082
8980.0000 99.0056 0.0078
8985.0000 99.0198 0.0073
8990.0000 99.0538 0.0068
8995.0000 99.1024 0.0063
9000.0000 99.1172 0.0060
9005.0000 99.1489 0.0058
9010.0000 99.1372 0.0061
9015.0000 99.1254 0.0063
9020.0000 99.1086 0.0066
9025.0000 99.0907 0.0067
9030.0000 99.0678 0.0069
9035.0000 99.0334 0.0072
9040.0000 98.9933 0.0076
9045.0000 98.9324 0.0082
9050.0000 98.8141 0.0092
9055.0000 98.8893 0.0084
9060.0000 99.0164 0.0070
9065.0000 99.0671 0.0065
9070.0000 99.0894 0.0064
9075.0000 99.1055 0.0063
9080.0000 99.1031 0.0061
9085.0000 99.0672 0.0066
9090.0000 99.0192 0.0069
9095.0000 98.9675 0.0070
9100.0000 98.9069 0.0072
9105.0000 98.8746 0.0069
9110.0000 98.7399 0.0067
9115.0000 98.6810 0.0061
9120.0000 98.6624 0.0056
9125.0000 98.7075 0.0053
9130.0000 98.7143 0.0052
9135.0000 98.7200 0.0051
9140.0000 98.7135 0.0052
9145.0000 98.7081 0.0053
9150.0000 98.7002 0.0053
9155.0000 98.7044 0.0053
9160.0000 98.6990 0.0053
9165.0000 98.6935 0.0054
9170.0000 98.6823 0.0056
9175.0000 98.6768 0.0056
9180.0000 98.6659 0.0058
9185.0000 98.6491 0.0060
9190.0000 98.6012 0.0064
9195.0000 98.5688 0.0067
9200.0000 98.5346 0.0071
9205.0000 98.4971 0.0074
9210.0000 98.4931 0.0078
9215.0000 98.5639 0.0072
9220.0000 98.5964 0.0072
9225.0000 98.6861 0.0062
9230.0000 98.7986 0.0049
9235.0000 98.8459 0.0042
9240.0000 98.8095 0.0048
9245.0000 98.7132 0.0060
9250.0000 98.5419 0.0081
9255.0000 98.6736 0.0069
9260.0000 98.8916 0.0044
9265.0000 98.9669 0.0031
9270.0000 98.9829 0.0029
9275.0000 99.0078 0.0025
9280.0000 99.0199 0.0022
9285.0000 99.0583 0.0017
9290.0000 99.0602 0.0017
9295.0000 99.0420 0.0020
9300.0000 99.0602 0.0017
9305.0000 99.0542 0.0018
9310.0000 99.0470 0.0019
9315.0000 99.0530 0.0017
9320.0000 99.0530 0.0018
9325.0000 99.0367 0.0021
9330.0000 99.0480 0.0019
9335.0000 99.0480 0.0019
9340.0000 99.0419 0.0020
9345.0000 99.0358 0.0020
9350.0000 99.0358 0.0019
9355.0000 99.0358 0.0019
9360.0000 99.0358 0.0020
9365.0000 99.0298 0.0022
9370.0000 99.0228 0.0023
9375.0000 99.0253 0.0022
9380.0000 99.0192 0.0023
9385.0000 99.0192 0.0023
9390.0000 99.0253 0.0022
9395.0000 99.0272 0.0022
9400.0000 99.0090 0.0025
9405.0000 99.0150 0.0024
9410.0000 99.0150 0.0023
9415.0000 99.0150 0.0024
9420.0000 99.0090 0.0025
9425.0000 99.0150 0.0024
9430.0000 99.0150 0.0023
9435.0000 98.9913 0.0028
9440.0000 98.9519 0.0036
9445.0000 98.8802 0.0046
9450.0000 98.7252 0.0069
9455.0000 98.6029 0.0080
9460.0000 98.7627 0.0064
9465.0000 98.9410 0.0043
9470.0000 99.0138 0.0034
9475.0000 99.0424 0.0029
9480.0000 99.0605 0.0025
9485.0000 99.0754 0.0022
9490.0000 99.0814 0.0020
9495.0000 99.0759 0.0022
9500.0000 99.0656 0.0024
9505.0000 99.0615 0.0024
9510.0000 99.0554 0.0025
9515.0000 99.0397 0.0028
9520.0000 99.0276 0.0030
9525.0000 99.0355 0.0029
9530.0000 99.0234 0.0031
9535.0000 99.0234 0.0031
9540.0000 99.0295 0.0030
9545.0000 99.0234 0.0032
9550.0000 99.0055 0.0036
9555.0000 98.9995 0.0037
9560.0000 98.9874 0.0039
9565.0000 98.9874 0.0039
9570.0000 98.9692 0.0041
9575.0000 98.9743 0.0040
9580.0000 98.9743 0.0040
9585.0000 98.9622 0.0042
9590.0000 98.9562 0.0043
9595.0000 98.9459 0.0044
9600.0000 98.9278 0.0047
9605.0000 98.9217 0.0048
9610.0000 98.9217 0.0048
9615.0000 98.9217 0.0048
9620.0000 98.9096 0.0050
9625.0000 98.9060 0.0049
9630.0000 98.8878 0.0052
9635.0000 98.8757 0.0053
9640.0000 98.8715 0.0054
9645.0000 98.8654 0.0054
9650.0000 98.8431 0.0057
9655.0000 98.8455 0.0056
9660.0000 98.8422 0.0056
9665.0000 98.8380 0.0057
9670.0000 98.8218 0.0059
9675.0000 98.8200 0.0059
9680.0000 98.8038 0.0061
9685.0000 98.7977 0.0062
9690.0000 98.7977 0.0062
9695.0000 98.7856 0.0064
9700.0000 98.7773 0.0065
9705.0000 98.7549 0.0067
9710.0000 98.7568 0.0067
9715.0000 98.7507 0.0068
9720.0000 98.7447 0.0068
9725.0000 98.7405 0.0069
9730.0000 98.7424 0.0068
9735.0000 98.7424 0.0067
9740.0000 98.7364 0.0068
9745.0000 98.7280 0.0069
9750.0000 98.7130 0.0069
9755.0000 98.7063 0.0069
9760.0000 98.6788 0.0073
9765.0000 98.6321 0.0076
9770.0000 98.5707 0.0078
9775.0000 98.5494 0.0075
9780.0000 98.4353 0.0077
9785.0000 98.3469 0.0080
9790.0000 98.3095 0.0076
9795.0000 98.2753 0.0074
9800.0000 98.3088 0.0067
9805.0000 98.3586 0.0060
9810.0000 98.3826 0.0060
9815.0000 98.4016 0.0056
9820.0000 98.4065 0.0058
9825.0000 98.3819 0.0061
9830.0000 98.3778 0.0061
9835.0000 98.3694 0.0062
9840.0000 98.3350 0.0064
9845.0000 98.2916 0.0067
9850.0000 98.2819 0.0067
9855.0000 98.2923 0.0072
9860.0000 98.2545 0.0080
9865.0000 98.2571 0.0094
9870.0000 98.3001 0.0093
9875.0000 98.2413 0.0093
9880.0000 98.1576 0.0083
9885.0000 98.1756 0.0086
9890.0000 98.1726 0.0078
9895.0000 98.1943 0.0074
9900.0000 98.2101 0.0074
9905.0000 98.2133 0.0071
9910.0000 98.1874 0.0073
9915.0000 98.1730 0.0074
9920.0000 98.1700 0.0074
9925.0000 98.1700 0.0074
9930.0000 98.1664 0.0075
9935.0000 98.1567 0.0077
9940.0000 98.1465 0.0077
9945.0000 98.1302 0.0078
9950.0000 98.1120 0.0080
9955.0000 98.1145 0.0081
9960.0000 98.1144 0.0081
9965.0000 98.0981 0.0084
9970.0000 98.0653 0.0087
9975.0000 97.9863 0.0094
9980.0000 97.9069 0.0102
9985.0000 97.8735 0.0104
9990.0000 97.8599 0.0099
9995.0000 97.9018 0.0089
10000.0000 97.9753 0.0079
10005.0000 98.0909 0.0066
10010.0000 98.1461 0.0053
10015.0000 98.1514 0.0053
10020.0000 98.1831 0.0045
10025.0000 98.1997 0.0041
10030.0000 98.1937 0.0043
10035.0000 98.1779 0.0046
10040.0000 98.1719 0.0045
10045.0000 98.1683 0.0047
10050.0000 98.1683 0.0047
10055.0000 98.1445 0.0047
10060.0000 98.1389 0.0048
10065.0000 98.1332 0.0049
10070.0000 98.1210 0.0051
10075.0000 98.1235 0.0051
10080.0000 98.1199 0.0051
10085.0000 98.1163 0.0051
10090.0000 98.1041 0.0055
10095.0000 98.0980 0.0056
10100.0000 98.0980 0.0056
10105.0000 98.0738 0.0059
10110.0000 98.0240 0.0060
10115.0000 97.9900 0.0068
10120.0000 97.9178 0.0073
10125.0000 97.8141 0.0097
10130.0000 97.7398 0.0099
10135.0000 97.9374 0.0084
10140.0000 97.9507 0.0078
10145.0000 97.8984 0.0083
10150.0000 97.9791 0.0095
10155.0000 98.0729 0.0092
10160.0000 98.1546 0.0082
10165.0000 98.1407 0.0082
10170.0000 98.1497 0.0080
10175.0000 98.1417 0.0080
10180.0000 98.1356 0.0079
10185.0000 98.1187 0.0082
10190.0000 98.1212 0.0082
10195.0000 98.1176 0.0082
10200.0000 98.1092 0.0083
10205.0000 98.1109 0.0082
10210.0000 98.1042 0.0083
10215.0000 98.1051 0.0081
10220.0000 98.1171 0.0080
10225.0000 98.1607 0.0074
10230.0000 98.1924 0.0075
10235.0000 98.2244 0.0076
10240.0000 98.3254 0.0080
10245.0000 98.4527 0.0073
10250.0000 98.5411 0.0067
10255.0000 98.6038 0.0059
10260.0000 98.6219 0.0056
10265.0000 98.6467 0.0052
10270.0000 98.6370 0.0054
10275.0000 98.6336 0.0054
10280.0000 98.6397 0.0054
10285.0000 98.6276 0.0056
10290.0000 98.6155 0.0059
10295.0000 98.6119 0.0059
10300.0000 98.5937 0.0064
10305.0000 98.5804 0.0064
10310.0000 98.5502 0.0064
10315.0000 98.5406 0.0067
10320.0000 98.5255 0.0069
10325.0000 98.5183 0.0072
10330.0000 98.5114 0.0072
10335.0000 98.4923 0.0078
10340.0000 98.4422 0.0088
10345.0000 98.3474 0.0084
10350.0000 98.3875 0.0076
10355.0000 98.2735 0.0087
10360.0000 98.2316 0.0081
10365.0000 98.1421 0.0088
10370.0000 98.1634 0.0084
10375.0000 98.1856 0.0079
10380.0000 98.1898 0.0076
10385.0000 98.1721 0.0078
10390.0000 98.1879 0.0076
10395.0000 98.1911 0.0076
10400.0000 98.1988 0.0079
10405.0000 98.2412 0.0092
10410.0000 98.3398 0.0103
10415.0000 98.5234 0.0113
10420.0000 98.7119 0.0111
10425.0000 98.8289 0.0095
10430.0000 99.0289 0.0080
10435.0000 99.0968 0.0076
10440.0000 99.1404 0.0073
10445.0000 99.1558 0.0073
10450.0000 99.1482 0.0076
10455.0000 99.1422 0.0076
10460.0000 99.1276 0.0080
10465.0000 99.1337 0.0077
10470.0000 99.1186 0.0081
10475.0000 99.1214 0.0080
10480.0000 99.1092 0.0083
10485.0000 99.1092 0.0083
10490.0000 99.1059 0.0083
10495.0000 99.1059 0.0084
10500.0000 99.1059 0.0084
10505.0000 99.0998 0.0084
10510.0000 99.0938 0.0086
10515.0000 99.0816 0.0086
10520.0000 99.0783 0.0088
10525.0000 99.0783 0.0089
10530.0000 99.0750 0.0089
10535.0000 99.0511 0.0094
10540.0000 99.0445 0.0096
10545.0000 99.0317 0.0100
10550.0000 99.0056 0.0103
10555.0000 98.9148 0.0119
10560.0000 98.7953 0.0129
10565.0000 98.5089 0.0158
10570.0000 98.4066 0.0158
10575.0000 98.1402 0.0177
10580.0000 98.0259 0.0151
10585.0000 97.9369 0.0135
10590.0000 97.8424 0.0128
10595.0000 97.7319 0.0123
10600.0000 97.7622 0.0105
10605.0000 97.6463 0.0101
10610.0000 97.5763 0.0102
10615.0000 97.5373 0.0101
10620.0000 97.5068 0.0104
10625.0000 97.5072 0.0104
10630.0000 97.4843 0.0106
10635.0000 97.4773 0.0104
10640.0000 97.4814 0.0103
10645.0000 97.4770 0.0104
10650.0000 97.4713 0.0104
10655.0000 97.4510 0.0103
10660.0000 97.4631 0.0102
10665.0000 97.4579 0.0102
10670.0000 97.4465 0.0101
10675.0000 97.4469 0.0101
10680.0000 97.4474 0.0101
10685.0000 97.4478 0.0101
10690.0000 97.4384 0.0101
10695.0000 97.4384 0.0101
10700.0000 97.4328 0.0101
10705.0000 97.4155 0.0102
10710.0000 97.3808 0.0104
10715.0000 97.3648 0.0105
10720.0000 97.3325 0.0107
10725.0000 97.3004 0.0109
10730.0000 97.2559 0.0111
10735.0000 97.2178 0.0107
10740.0000 97.2001 0.0108
10745.0000 97.1722 0.0108
10750.0000 97.1847 0.0108
10755.0000 97.2176 0.0108
10760.0000 97.2437 0.0108
10765.0000 97.2728 0.0105
10770.0000 97.3084 0.0104
10775.0000 97.3396 0.0103
10780.0000 97.3352 0.0101
10785.0000 97.3357 0.0100
10790.0000 97.3482 0.0102
10795.0000 97.3430 0.0102
10800.0000 97.3374 0.0102
10805.0000 97.3374 0.0102
10810.0000 97.3374 0.0102
10815.0000 97.3313 0.0102
10820.0000 97.3257 0.0103
10825.0000 97.3201 0.0103
10830.0000 97.3201 0.0103
10835.0000 97.3144 0.0103
10840.0000 97.2989 0.0102
10845.0000 97.2695 0.0102
10850.0000 97.2749 0.0100
10855.0000 97.2593 0.0101
10860.0000 97.3013 0.0100
10865.0000 97.5148 0.0095
10870.0000 97.6603 0.0085
10875.0000 97.7992 0.0071
10880.0000 97.9709 0.0049
10885.0000 97.9674 0.0052
10890.0000 97.9844 0.0049
10895.0000 97.9844 0.0049
10900.0000 97.9602 0.0053
10905.0000 97.9299 0.0057
10910.0000 97.9178 0.0059
10915.0000 97.9117 0.0060
10920.0000 97.8935 0.0062
10925.0000 97.8693 0.0065
10930.0000 97.8572 0.0066
10935.0000 97.8451 0.0067
10940.0000 97.8329 0.0069
10945.0000 97.8147 0.0071
10950.0000 97.8087 0.0072
10955.0000 97.7905 0.0074
10960.0000 97.7905 0.0074
10965.0000 97.7723 0.0076
10970.0000 97.7663 0.0077
10975.0000 97.7541 0.0077
10980.0000 97.7420 0.0079
10985.0000 97.7238 0.0079
10990.0000 97.7178 0.0080
10995.0000 97.7057 0.0081
11000.0000 97.6996 0.0082
11005.0000 97.6814 0.0083
11010.0000 97.6693 0.0085
11015.0000 97.6511 0.0086
11020.0000 97.6451 0.0087
11025.0000 97.6269 0.0088
11030.0000 97.6208 0.0089
11035.0000 97.6087 0.0089
11040.0000 97.5996 0.0090
11045.0000 97.5814 0.0091
11050.0000 97.5753 0.0092
11055.0000 97.5632 0.0093
11060.0000 97.5455 0.0092
11065.0000 97.5394 0.0093
11070.0000 97.5387 0.0093
11075.0000 97.5319 0.0095
11080.0000 97.5305 0.0098
11085.0000 97.5397 0.0100
11090.0000 97.5804 0.0101
11095.0000 97.7185 0.0131
11100.0000 97.9576 0.0135
11105.0000 98.2513 0.0140
11110.0000 98.5393 0.0134
11115.0000 98.8370 0.0115
11120.0000 98.9799 0.0103
11125.0000 99.0313 0.0098
11130.0000 99.0765 0.0091
11135.0000 99.0704 0.0091
11140.0000 99.0704 0.0091
11145.0000 99.0704 0.0091
11150.0000 99.0765 0.0091
11155.0000 99.0886 0.0090
11160.0000 99.0826 0.0091
11165.0000 99.0765 0.0091
11170.0000 99.0644 0.0091
11175.0000 99.0697 0.0089
11180.0000 99.0637 0.0089
11185.0000 99.0576 0.0089
11190.0000 99.0516 0.0089
11195.0000 99.0455 0.0089
11200.0000 99.0455 0.0089
11205.0000 99.0455 0.0089
11210.0000 99.0394 0.0089
11215.0000 99.0334 0.0091
11220.0000 99.0273 0.0092
11225.0000 99.0273 0.0092
11230.0000 99.0152 0.0092
11235.0000 99.0096 0.0092
11240.0000 99.0035 0.0092
11245.0000 99.0035 0.0094
11250.0000 98.9974 0.0095
11255.0000 98.9914 0.0095
11260.0000 98.9853 0.0095
11265.0000 98.9793 0.0095
11270.0000 98.9550 0.0095
11275.0000 98.9550 0.0095
11280.0000 98.9490 0.0095
11285.0000 98.9429 0.0096
11290.0000 98.9313 0.0097
11295.0000 98.9313 0.0097
11300.0000 98.9313 0.0097
11305.0000 98.9344 0.0097
11310.0000 98.9134 0.0099
11315.0000 98.8960 0.0097
11320.0000 98.8915 0.0095
11325.0000 98.8710 0.0085
11330.0000 98.8761 0.0066
11335.0000 98.8876 0.0051
11340.0000 98.8701 0.0038
11345.0000 98.8957 0.0029
11350.0000 98.9342 0.0022
11355.0000 98.9135 0.0022
11360.0000 98.9105 0.0023
11365.0000 98.9045 0.0024
11370.0000 98.8984 0.0025
11375.0000 98.8863 0.0027
11380.0000 98.8834 0.0028
11385.0000 98.8773 0.0029
11390.0000 98.8804 0.0030
11395.0000 98.8654 0.0033
11400.0000 98.8654 0.0033
11405.0000 98.8532 0.0035
11410.0000 98.8472 0.0036
11415.0000 98.8411 0.0037
11420.0000 98.8169 0.0041
11425.0000 98.7684 0.0044
11430.0000 98.7043 0.0057
11435.0000 98.6428 0.0065
11440.0000 98.5738 0.0076
11445.0000 98.7318 0.0060
11450.0000 98.7237 0.0061
11455.0000 98.7886 0.0048
11460.0000 98.8983 0.0032
11465.0000 98.9286 0.0026
11470.0000 98.9164 0.0028
11475.0000 98.9104 0.0028
11480.0000 98.9043 0.0029
11485.0000 98.8827 0.0031
11490.0000 98.8887 0.0032
11495.0000 98.8887 0.0032
11500.0000 98.8827 0.0033
11505.0000 98.8827 0.0033
11510.0000 98.8766 0.0034
11515.0000 98.8705 0.0035
11520.0000 98.8645 0.0036
11525.0000 98.8524 0.0038
11530.0000 98.8463 0.0039
11535.0000 98.8402 0.0040
11540.0000 98.8342 0.0042
11545.0000 98.8221 0.0044
11550.0000 98.8160 0.0045
11555.0000 98.8125 0.0045
11560.0000 98.8065 0.0046
11565.0000 98.7969 0.0047
11570.0000 98.7909 0.0048
11575.0000 98.7848 0.0049
11580.0000 98.7787 0.0050
11585.0000 98.7727 0.0051
11590.0000 98.7666 0.0051
11595.0000 98.7410 0.0054
11600.0000 98.7315 0.0054
11605.0000 98.7219 0.0056
11610.0000 98.7159 0.0056
11615.0000 98.7037 0.0058
11620.0000 98.6795 0.0062
11625.0000 98.6639 0.0063
11630.0000 98.6518 0.0064
11635.0000 98.6362 0.0066
11640.0000 98.6180 0.0068
11645.0000 98.6050 0.0069
11650.0000 98.5868 0.0072
11655.0000 98.5712 0.0073
11660.0000 98.5530 0.0075
11665.0000 98.5409 0.0077
11670.0000 98.5227 0.0079
11675.0000 98.5167 0.0079
11680.0000 98.5192 0.0079
11685.0000 98.5102 0.0080
11690.0000 98.5102 0.0080
11695.0000 98.5102 0.0080
11700.0000 98.5042 0.0081
11705.0000 98.5015 0.0080
11710.0000 98.4719 0.0082
11715.0000 98.4283 0.0085
11720.0000 98.3860 0.0086
11725.0000 98.3086 0.0080
11730.0000 98.2191 0.0069
11735.0000 98.1054 0.0055
11740.0000 98.1800 0.0041
11745.0000 98.1712 0.0033
11750.0000 98.1762 0.0027
11755.0000 98.1763 0.0025
11760.0000 98.1811 0.0025
11765.0000 98.1811 0.0025
11770.0000 98.1776 0.0025
11775.0000 98.1776 0.0025
11780.0000 98.1741 0.0025
11785.0000 98.1680 0.0027
11790.0000 98.1620 0.0027
11795.0000 98.1559 0.0029
11800.0000 98.1403 0.0030
11805.0000 98.1308 0.0031
11810.0000 98.1308 0.0031
11815.0000 98.1213 0.0033
11820.0000 98.1178 0.0033
11825.0000 98.1178 0.0033
11830.0000 98.1057 0.0036
11835.0000 98.0996 0.0036
11840.0000 98.0961 0.0036
11845.0000 98.0926 0.0037
11850.0000 98.0926 0.0037
11855.0000 98.0831 0.0038
11860.0000 98.0770 0.0039
11865.0000 98.0710 0.0040
11870.0000 98.0710 0.0040
11875.0000 98.0675 0.0040
11880.0000 98.0640 0.0041
11885.0000 98.0510 0.0042
11890.0000 98.0415 0.0042
11895.0000 98.0326 0.0042
11900.0000 98.0291 0.0042
11905.0000 98.0239 0.0044
11910.0000 98.0273 0.0047
11915.0000 98.0280 0.0050
11920.0000 98.0713 0.0059
11925.0000 98.1278 0.0067
11930.0000 98.2362 0.0075
11935.0000 98.3592 0.0091
11940.0000 98.6002 0.0094
11945.0000 98.7701 0.0093
11950.0000 98.8669 0.0081
11955.0000 98.9554 0.0068
11960.0000 98.9263 0.0070
11965.0000 98.8368 0.0091
11970.0000 98.7362 0.0102
11975.0000 98.5527 0.0129
11980.0000 98.3426 0.0139
11985.0000 98.2023 0.0144
11990.0000 98.0982 0.0143
11995.0000 97.9414 0.0143
12000.0000 98.0864 0.0129
12005.0000 98.0943 0.0115
12010.0000 98.0991 0.0108
12015.0000 98.0137 0.0111
12020.0000 98.0246 0.0104
12025.0000 98.0746 0.0094
12030.0000 98.0908 0.0090
12035.0000 98.1071 0.0089
12040.0000 98.0402 0.0094
12045.0000 98.0645 0.0090
12050.0000 98.0463 0.0094
12055.0000 98.0220 0.0098
12060.0000 97.9887 0.0100
12065.0000 97.9766 0.0102
12070.0000 97.9584 0.0104
12075.0000 97.9584 0.0104
12080.0000 97.9236 0.0106
12085.0000 97.8933 0.0108
12090.0000 97.8811 0.0109
12095.0000 97.8690 0.0110
12100.0000 97.8448 0.0112
12105.0000 97.8326 0.0113
12110.0000 97.8326 0.0113
12115.0000 97.8115 0.0112
12120.0000 97.8054 0.0113
12125.0000 97.7933 0.0114
12130.0000 97.7474 0.0114
12135.0000 97.7232 0.0115
12140.0000 97.7090 0.0118
12145.0000 97.6707 0.0114
12150.0000 97.7980 0.0112
12155.0000 98.0724 0.0085
12160.0000 98.1541 0.0073
12165.0000 98.2430 0.0060
12170.0000 98.3839 0.0044
12175.0000 98.4218 0.0038
12180.0000 98.4582 0.0031
12185.0000 98.4536 0.0031
12190.0000 98.4430 0.0032
12195.0000 98.4430 0.0032
12200.0000 98.4385 0.0032
12205.0000 98.4339 0.0033
12210.0000 98.4218 0.0036
12215.0000 98.4097 0.0038
12220.0000 98.3869 0.0040
12225.0000 98.3718 0.0043
12230.0000 98.3173 0.0051
12235.0000 98.2945 0.0054
12240.0000 98.2349 0.0064
12245.0000 98.1188 0.0078
12250.0000 98.0604 0.0083
12255.0000 98.1892 0.0082
12260.0000 98.3638 0.0068
12265.0000 98.4762 0.0058
12270.0000 98.5864 0.0043
12275.0000 98.5939 0.0040
12280.0000 98.6030 0.0039
12285.0000 98.6045 0.0041
12290.0000 98.5803 0.0045
12295.0000 98.5552 0.0048
12300.0000 98.5226 0.0051
12305.0000 98.4921 0.0053
12310.0000 98.4235 0.0061
12315.0000 98.3131 0.0067
12320.0000 98.3107 0.0062
12325.0000 98.3099 0.0053
12330.0000 98.2873 0.0056
12335.0000 98.3241 0.0049
12340.0000 98.3319 0.0051
12345.0000 98.3454 0.0051
12350.0000 98.3440 0.0050
12355.0000 98.3397 0.0052
12360.0000 98.3057 0.0055
12365.0000 98.2851 0.0058
12370.0000 98.2392 0.0063
12375.0000 98.2066 0.0065
12380.0000 98.1757 0.0071
12385.0000 98.1372 0.0073
12390.0000 98.0818 0.0080
12395.0000 98.0168 0.0082
12400.0000 97.9174 0.0087
12405.0000 97.9121 0.0085
12410.0000 97.9301 0.0078
12415.0000 97.8990 0.0078
12420.0000 97.7815 0.0086
12425.0000 97.7178 0.0081
12430.0000 97.6961 0.0081
12435.0000 97.6874 0.0078
12440.0000 97.6708 0.0076
12445.0000 97.7355 0.0084
12450.0000 97.7995 0.0092
12455.0000 97.9897 0.0093
12460.0000 98.1765 0.0101
12465.0000 98.3756 0.0090
12470.0000 98.4679 0.0083
12475.0000 98.5317 0.0071
12480.0000 98.5880 0.0063
12485.0000 98.5968 0.0061
12490.0000 98.5931 0.0061
12495.0000 98.5968 0.0060
12500.0000 98.5792 0.0065
12505.0000 98.5530 0.0068
12510.0000 98.5596 0.0067
12515.0000 98.5441 0.0070
12520.0000 98.5386 0.0071
12525.0000 98.5232 0.0074
12530.0000 98.5061 0.0076
12535.0000 98.4963 0.0079
12540.0000 98.4817 0.0079
12545.0000 98.4580 0.0083
12550.0000 98.4585 0.0083
12555.0000 98.4431 0.0084
12560.0000 98.4436 0.0084
12565.0000 98.4441 0.0084
12570.0000 98.4386 0.0083
12575.0000 98.4270 0.0088
12580.0000 98.4172 0.0090
12585.0000 98.4084 0.0091
12590.0000 98.4047 0.0093
12595.0000 98.4064 0.0092
12600.0000 98.4014 0.0093
12605.0000 98.3987 0.0091
12610.0000 98.3876 0.0094
12615.0000 98.3876 0.0095
12620.0000 98.3796 0.0095
12625.0000 98.3735 0.0096
12630.0000 98.3581 0.0098
12635.0000 98.3544 0.0099
12640.0000 98.3506 0.0099
12645.0000 98.3451 0.0100
12650.0000 98.3396 0.0101
12655.0000 98.3176 0.0103
12660.0000 98.3199 0.0101
12665.0000 98.3157 0.0100
12670.0000 98.2990 0.0104
12675.0000 98.2990 0.0102
12680.0000 98.2990 0.0102
12685.0000 98.2814 0.0104
12690.0000 98.2814 0.0103
12695.0000 98.2832 0.0102
12700.0000 98.2614 0.0105
12705.0000 98.2616 0.0105
12710.0000 98.2558 0.0105
12715.0000 98.2088 0.0110
