5.0000 0.0000 0.0000
10.0000 0.0000 0.0000
15.0000 0.0000 0.0000
20.0000 0.0000 0.0000
25.0000 0.0000 0.0000
30.0000 0.0000 0.0000
35.0000 0.0000 0.0000
40.0000 0.0000 0.0000
45.0000 0.0000 0.0000
50.0000 0.0000 0.0000
55.0000 0.0000 0.0000
60.0000 0.0000 0.0000
65.0000 0.0000 0.0000
70.0000 0.0000 0.0000
75.0000 0.0000 0.0000
80.0000 0.0000 0.0000
85.0000 0.0036 0.0000
90.0000 0.0072 0.0001
95.0000 0.0288 0.0003
100.0000 0.0575 0.0006
105.0000 0.0863 0.0009
110.0000 0.1941 0.0019
115.0000 0.3091 0.0027
120.0000 0.4349 0.0033
125.0000 0.7511 0.0033
130.0000 1.0099 0.0018
135.0000 1.1285 0.0006
140.0000 1.1752 0.0001
145.0000 1.1752 0.0001
150.0000 1.1824 0.0000
155.0000 1.1824 0.0000
160.0000 1.1824 0.0000
165.0000 1.1824 0.0000
170.0000 1.1824 0.0000
175.0000 1.1824 0.0000
180.0000 1.1860 0.0000
185.0000 1.1860 0.0000
190.0000 1.1860 0.0000
195.0000 1.1860 0.0000
200.0000 1.1860 0.0000
205.0000 1.1860 0.0000
210.0000 1.1860 0.0000
215.0000 1.1860 0.0000
220.0000 1.1860 0.0000
225.0000 1.1860 0.0000
230.0000 1.1860 0.0000
235.0000 1.1860 0.0000
240.0000 1.1860 0.0000
245.0000 1.1860 0.0000
250.0000 1.1860 0.0000
255.0000 1.1860 0.0000
260.0000 1.1860 0.0000
265.0000 1.1860 0.0000
270.0000 1.1860 0.0000
275.0000 1.1860 0.0000
280.0000 1.1860 0.0000
285.0000 1.1860 0.0000
290.0000 1.1860 0.0000
295.0000 1.1860 0.0000
300.0000 1.1860 0.0000
305.0000 1.1860 0.0000
310.0000 1.1860 0.0000
315.0000 1.1860 0.0000
320.0000 1.1860 0.0000
325.0000 1.1860 0.0000
330.0000 1.1860 0.0000
335.0000 1.1860 0.0000
340.0000 1.1860 0.0000
345.0000 1.1860 0.0000
350.0000 1.1899 0.0000
355.0000 1.2015 0.0002
360.0000 1.2209 0.0004
365.0000 1.3021 0.0013
370.0000 1.4802 0.0029
375.0000 1.8441 0.0041
380.0000 2.1537 0.0030
385.0000 2.3594 0.0015
390.0000 2.4446 0.0005
395.0000 2.4562 0.0003
400.0000 2.4600 0.0003
405.0000 2.4661 0.0004
410.0000 2.4661 0.0004
415.0000 2.4661 0.0004
420.0000 2.4661 0.0004
425.0000 2.4661 0.0004
430.0000 2.4738 0.0003
435.0000 2.4738 0.0003
440.0000 2.4738 0.0003
445.0000 2.4777 0.0003
450.0000 2.4777 0.0003
455.0000 2.4777 0.0003
460.0000 2.4777 0.0003
465.0000 2.4777 0.0003
470.0000 2.4777 0.0003
475.0000 2.4777 0.0003
480.0000 2.4777 0.0003
485.0000 2.4777 0.0003
490.0000 2.4777 0.0003
495.0000 2.4777 0.0003
500.0000 2.4777 0.0003
505.0000 2.4777 0.0003
510.0000 2.4777 0.0003
515.0000 2.4777 0.0003
520.0000 2.4777 0.0003
525.0000 2.4777 0.0003
530.0000 2.4777 0.0003
535.0000 2.4777 0.0003
540.0000 2.4777 0.0003
545.0000 2.4777 0.0003
550.0000 2.4777 0.0003
555.0000 2.4777 0.0003
560.0000 2.4777 0.0003
565.0000 2.4777 0.0003
570.0000 2.4777 0.0003
575.0000 2.4777 0.0003
580.0000 2.4777 0.0003
585.0000 2.4777 0.0003
590.0000 2.4777 0.0003
595.0000 2.4777 0.0003
600.0000 2.4777 0.0003
605.0000 2.4777 0.0003
610.0000 2.4777 0.0003
615.0000 2.4777 0.0003
620.0000 2.4777 0.0003
625.0000 2.4777 0.0003
630.0000 2.4777 0.0003
635.0000 2.4777 0.0003
640.0000 2.4867 0.0004
645.0000 2.5046 0.0006
650.0000 2.5449 0.0012
655.0000 2.6749 0.0027
660.0000 2.8632 0.0044
665.0000 3.0962 0.0055
670.0000 3.4055 0.0053
675.0000 3.6654 0.0036
680.0000 3.8149 0.0020
685.0000 3.9045 0.0010
690.0000 3.9509 0.0006
695.0000 3.9599 0.0005
700.0000 3.9599 0.0005
705.0000 3.9599 0.0005
710.0000 3.9644 0.0004
715.0000 3.9644 0.0004
720.0000 3.9644 0.0004
725.0000 3.9644 0.0004
730.0000 3.9644 0.0004
735.0000 3.9644 0.0004
740.0000 3.9644 0.0004
745.0000 3.9644 0.0004
750.0000 3.9644 0.0004
755.0000 3.9644 0.0004
760.0000 3.9721 0.0005
765.0000 3.9915 0.0007
770.0000 4.0263 0.0011
775.0000 4.1964 0.0027
780.0000 4.4633 0.0040
785.0000 4.8174 0.0038
790.0000 5.0649 0.0022
795.0000 5.2002 0.0009
800.0000 5.2273 0.0006
805.0000 5.2312 0.0006
810.0000 5.2312 0.0006
815.0000 5.2312 0.0006
820.0000 5.2389 0.0004
825.0000 5.2428 0.0004
830.0000 5.2428 0.0004
835.0000 5.2428 0.0004
840.0000 5.2489 0.0005
845.0000 5.2489 0.0005
850.0000 5.2489 0.0005
855.0000 5.2489 0.0005
860.0000 5.2489 0.0005
865.0000 5.2489 0.0005
870.0000 5.2610 0.0007
875.0000 5.2852 0.0015
880.0000 5.3519 0.0029
885.0000 5.5216 0.0055
890.0000 5.7458 0.0082
895.0000 6.0428 0.0102
900.0000 6.4549 0.0099
905.0000 6.7579 0.0076
910.0000 6.9398 0.0054
915.0000 7.0973 0.0028
920.0000 7.1761 0.0014
925.0000 7.1943 0.0010
930.0000 7.1943 0.0010
935.0000 7.2004 0.0009
940.0000 7.2125 0.0007
945.0000 7.2125 0.0007
950.0000 7.2125 0.0007
955.0000 7.2125 0.0007
960.0000 7.2185 0.0006
965.0000 7.2246 0.0004
970.0000 7.2246 0.0004
975.0000 7.2246 0.0004
980.0000 7.2280 0.0005
985.0000 7.2383 0.0007
990.0000 7.2726 0.0012
995.0000 7.3344 0.0018
1000.0000 7.4751 0.0029
1005.0000 7.6261 0.0034
1010.0000 7.8182 0.0036
1015.0000 8.0027 0.0033
1020.0000 8.2387 0.0019
1025.0000 8.3210 0.0011
1030.0000 8.3519 0.0007
1035.0000 8.3622 0.0006
1040.0000 8.3622 0.0006
1045.0000 8.3657 0.0006
1050.0000 8.3714 0.0007
1055.0000 8.3772 0.0008
1060.0000 8.3888 0.0010
1065.0000 8.4120 0.0014
1070.0000 8.4641 0.0021
1075.0000 8.5741 0.0038
1080.0000 8.8174 0.0068
1085.0000 9.1591 0.0093
1090.0000 9.4544 0.0098
1095.0000 9.7787 0.0078
1100.0000 9.9817 0.0054
1105.0000 10.1731 0.0027
1110.0000 10.2426 0.0015
1115.0000 10.2600 0.0011
1120.0000 10.2657 0.0010
1125.0000 10.2773 0.0008
1130.0000 10.2773 0.0008
1135.0000 10.2773 0.0008
1140.0000 10.2773 0.0008
1145.0000 10.2773 0.0008
1150.0000 10.2773 0.0008
1155.0000 10.2773 0.0008
1160.0000 10.2831 0.0007
1165.0000 10.2831 0.0007
1170.0000 10.2831 0.0007
1175.0000 10.2831 0.0007
1180.0000 10.2831 0.0007
1185.0000 10.2831 0.0007
1190.0000 10.2831 0.0007
1195.0000 10.2831 0.0007
1200.0000 10.2831 0.0007
1205.0000 10.2831 0.0007
1210.0000 10.2831 0.0007
1215.0000 10.2831 0.0007
1220.0000 10.2831 0.0007
1225.0000 10.2831 0.0007
1230.0000 10.2892 0.0008
1235.0000 10.2892 0.0008
1240.0000 10.2892 0.0008
1245.0000 10.2892 0.0008
1250.0000 10.2892 0.0008
1255.0000 10.2952 0.0009
1260.0000 10.3013 0.0011
1265.0000 10.3013 0.0011
1270.0000 10.3013 0.0011
1275.0000 10.3013 0.0011
1280.0000 10.3013 0.0011
1285.0000 10.3195 0.0014
1290.0000 10.3983 0.0026
1295.0000 10.5619 0.0050
1300.0000 10.8104 0.0079
1305.0000 11.0468 0.0102
1310.0000 11.3801 0.0111
1315.0000 11.6468 0.0099
1320.0000 11.8892 0.0074
1325.0000 12.0321 0.0054
1330.0000 12.1847 0.0028
1335.0000 12.2888 0.0021
1340.0000 12.3682 0.0030
1345.0000 12.5382 0.0052
1350.0000 12.8268 0.0086
1355.0000 13.3446 0.0112
1360.0000 13.9376 0.0126
1365.0000 14.4236 0.0121
1370.0000 14.8626 0.0085
1375.0000 15.1040 0.0060
1380.0000 15.2788 0.0031
1385.0000 15.3493 0.0016
1390.0000 15.3731 0.0014
1395.0000 15.3838 0.0013
1400.0000 15.3873 0.0013
1405.0000 15.3909 0.0012
1410.0000 15.4016 0.0011
1415.0000 15.4158 0.0010
1420.0000 15.4193 0.0009
1425.0000 15.4229 0.0009
1430.0000 15.4229 0.0009
1435.0000 15.4229 0.0009
1440.0000 15.4229 0.0009
1445.0000 15.4229 0.0009
1450.0000 15.4229 0.0009
1455.0000 15.4229 0.0009
1460.0000 15.4229 0.0009
1465.0000 15.4229 0.0009
1470.0000 15.4229 0.0009
1475.0000 15.4229 0.0009
1480.0000 15.4229 0.0009
1485.0000 15.4229 0.0009
1490.0000 15.4229 0.0009
1495.0000 15.4229 0.0009
1500.0000 15.4229 0.0009
1505.0000 15.4229 0.0009
1510.0000 15.4229 0.0009
1515.0000 15.4229 0.0009
1520.0000 15.4229 0.0009
1525.0000 15.4229 0.0009
1530.0000 15.4229 0.0009
1535.0000 15.4229 0.0009
1540.0000 15.4229 0.0009
1545.0000 15.4229 0.0009
1550.0000 15.4229 0.0009
1555.0000 15.4229 0.0009
1560.0000 15.4229 0.0009
1565.0000 15.4229 0.0009
1570.0000 15.4229 0.0009
1575.0000 15.4291 0.0010
1580.0000 15.4354 0.0010
1585.0000 15.4665 0.0013
1590.0000 15.5349 0.0019
1595.0000 15.6874 0.0029
1600.0000 15.9269 0.0035
1605.0000 16.1758 0.0028
1610.0000 16.2908 0.0021
1615.0000 16.3620 0.0021
1620.0000 16.4304 0.0015
1625.0000 16.4522 0.0013
1630.0000 16.4553 0.0013
1635.0000 16.4647 0.0012
1640.0000 16.4647 0.0012
1645.0000 16.4647 0.0012
1650.0000 16.4647 0.0012
1655.0000 16.4647 0.0012
1660.0000 16.4647 0.0012
1665.0000 16.4707 0.0013
1670.0000 16.4707 0.0013
1675.0000 16.4707 0.0013
1680.0000 16.4707 0.0013
1685.0000 16.4707 0.0013
1690.0000 16.4707 0.0013
1695.0000 16.4707 0.0013
1700.0000 16.4707 0.0013
1705.0000 16.4707 0.0013
1710.0000 16.4707 0.0013
1715.0000 16.4707 0.0013
1720.0000 16.4707 0.0013
1725.0000 16.4707 0.0013
1730.0000 16.4707 0.0013
1735.0000 16.4707 0.0013
1740.0000 16.4707 0.0013
1745.0000 16.4707 0.0013
1750.0000 16.4707 0.0013
1755.0000 16.4707 0.0013
1760.0000 16.4707 0.0013
1765.0000 16.4707 0.0013
1770.0000 16.4707 0.0013
1775.0000 16.4707 0.0013
1780.0000 16.4707 0.0013
1785.0000 16.4707 0.0013
1790.0000 16.4707 0.0013
1795.0000 16.4789 0.0014
1800.0000 16.4872 0.0015
1805.0000 16.5118 0.0018
1810.0000 16.5940 0.0028
1815.0000 16.7543 0.0042
1820.0000 17.0153 0.0054
1825.0000 17.3337 0.0052
1830.0000 17.6420 0.0035
1835.0000 17.7283 0.0026
1840.0000 17.7777 0.0020
1845.0000 17.8270 0.0015
1850.0000 17.8352 0.0014
1855.0000 17.8403 0.0015
1860.0000 17.8454 0.0016
1865.0000 17.8707 0.0020
1870.0000 17.9233 0.0028
1875.0000 18.0083 0.0041
1880.0000 18.1864 0.0061
1885.0000 18.4493 0.0090
1890.0000 18.8871 0.0120
1895.0000 19.4704 0.0142
1900.0000 20.0317 0.0160
1905.0000 20.5083 0.0158
1910.0000 20.9302 0.0115
1915.0000 21.2316 0.0063
1920.0000 21.3651 0.0044
1925.0000 21.4461 0.0031
1930.0000 21.4855 0.0022
1935.0000 21.4957 0.0018
1940.0000 21.5017 0.0017
1945.0000 21.5017 0.0017
1950.0000 21.5017 0.0017
1955.0000 21.5017 0.0017
1960.0000 21.5017 0.0017
1965.0000 21.5017 0.0017
1970.0000 21.5017 0.0017
1975.0000 21.5017 0.0017
1980.0000 21.5017 0.0017
1985.0000 21.5017 0.0017
1990.0000 21.5017 0.0017
1995.0000 21.5017 0.0017
2000.0000 21.5017 0.0017
2005.0000 21.5017 0.0017
2010.0000 21.5017 0.0017
2015.0000 21.5017 0.0017
2020.0000 21.5089 0.0018
2025.0000 21.5304 0.0020
2030.0000 21.5591 0.0022
2035.0000 21.6692 0.0031
2040.0000 21.7804 0.0044
2045.0000 21.9383 0.0053
2050.0000 22.0843 0.0055
2055.0000 22.2697 0.0052
2060.0000 22.5162 0.0038
2065.0000 22.6346 0.0029
2070.0000 22.6920 0.0023
2075.0000 22.6991 0.0022
2080.0000 22.6991 0.0022
2085.0000 22.7027 0.0021
2090.0000 22.7245 0.0024
2095.0000 22.7609 0.0031
2100.0000 22.8275 0.0043
2105.0000 23.0093 0.0073
2110.0000 23.2760 0.0101
2115.0000 23.6699 0.0123
2120.0000 24.0881 0.0111
2125.0000 24.3003 0.0085
2130.0000 24.4154 0.0067
2135.0000 24.5609 0.0043
2140.0000 24.6699 0.0030
2145.0000 24.7306 0.0033
2150.0000 24.7912 0.0044
2155.0000 24.9669 0.0068
2160.0000 25.1609 0.0090
2165.0000 25.3609 0.0108
2170.0000 25.5790 0.0117
2175.0000 25.8942 0.0115
2180.0000 26.3003 0.0083
2185.0000 26.5184 0.0050
2190.0000 26.6555 0.0020
2195.0000 26.6592 0.0021
2200.0000 26.6815 0.0024
2205.0000 26.7150 0.0031
2210.0000 26.8525 0.0044
2215.0000 26.9864 0.0053
2220.0000 27.1560 0.0065
2225.0000 27.3703 0.0069
2230.0000 27.5487 0.0063
2235.0000 27.7384 0.0043
2240.0000 27.8090 0.0034
2245.0000 27.8536 0.0028
2250.0000 27.9062 0.0031
2255.0000 27.9608 0.0042
2260.0000 28.0880 0.0066
2265.0000 28.2978 0.0089
2270.0000 28.7113 0.0114
2275.0000 29.0750 0.0118
2280.0000 29.2628 0.0103
2285.0000 29.4265 0.0089
2290.0000 29.6022 0.0065
2295.0000 29.7598 0.0041
2300.0000 29.8447 0.0024
2305.0000 29.8568 0.0021
2310.0000 29.8738 0.0020
2315.0000 29.8786 0.0021
2320.0000 29.8884 0.0022
2325.0000 29.9090 0.0026
2330.0000 29.9686 0.0035
2335.0000 30.0903 0.0054
2340.0000 30.3385 0.0077
2345.0000 30.6354 0.0086
2350.0000 30.9274 0.0074
2355.0000 31.1513 0.0062
2360.0000 31.3216 0.0044
2365.0000 31.3617 0.0041
2370.0000 31.3958 0.0036
2375.0000 31.4347 0.0031
2380.0000 31.4591 0.0026
2385.0000 31.4834 0.0022
2390.0000 31.4883 0.0022
2395.0000 31.4883 0.0022
2400.0000 31.4883 0.0022
2405.0000 31.4883 0.0022
2410.0000 31.4883 0.0022
2415.0000 31.4883 0.0022
2420.0000 31.4943 0.0023
2425.0000 31.4943 0.0023
2430.0000 31.4943 0.0023
2435.0000 31.4943 0.0023
2440.0000 31.4943 0.0023
2445.0000 31.4943 0.0023
2450.0000 31.4943 0.0023
2455.0000 31.4943 0.0023
2460.0000 31.4943 0.0023
2465.0000 31.4943 0.0023
2470.0000 31.4943 0.0023
2475.0000 31.4943 0.0023
2480.0000 31.4943 0.0023
2485.0000 31.4943 0.0023
2490.0000 31.5163 0.0025
2495.0000 31.5687 0.0035
2500.0000 31.6342 0.0049
2505.0000 31.7835 0.0068
2510.0000 32.0629 0.0099
2515.0000 32.4617 0.0117
2520.0000 32.8121 0.0105
2525.0000 33.1349 0.0087
2530.0000 33.3883 0.0082
2535.0000 33.6884 0.0088
2540.0000 33.9191 0.0097
2545.0000 34.2407 0.0115
2550.0000 34.5446 0.0111
2555.0000 34.7499 0.0086
2560.0000 34.8689 0.0073
2565.0000 34.9531 0.0063
2570.0000 34.9977 0.0056
2575.0000 35.0384 0.0050
2580.0000 35.0582 0.0047
2585.0000 35.0582 0.0047
2590.0000 35.0632 0.0044
2595.0000 35.0753 0.0040
2600.0000 35.0803 0.0039
2605.0000 35.0803 0.0039
2610.0000 35.0984 0.0043
2615.0000 35.1458 0.0049
2620.0000 35.2913 0.0067
2625.0000 35.5932 0.0106
2630.0000 35.9436 0.0123
2635.0000 36.1304 0.0126
2640.0000 36.4031 0.0117
2645.0000 36.6395 0.0106
2650.0000 36.9183 0.0088
2655.0000 37.1667 0.0093
2660.0000 37.4698 0.0117
2665.0000 37.7910 0.0120
2670.0000 38.0516 0.0125
2675.0000 38.2940 0.0118
2680.0000 38.5607 0.0098
2685.0000 38.8092 0.0071
2690.0000 39.0273 0.0052
2695.0000 39.1849 0.0061
2700.0000 39.3728 0.0080
2705.0000 39.6576 0.0103
2710.0000 40.2031 0.0114
2715.0000 40.7789 0.0063
2720.0000 40.8819 0.0046
2725.0000 40.9486 0.0036
2730.0000 40.9789 0.0031
2735.0000 41.0334 0.0021
2740.0000 41.0334 0.0021
2745.0000 41.0334 0.0021
2750.0000 41.0334 0.0021
2755.0000 41.0374 0.0022
2760.0000 41.0494 0.0024
2765.0000 41.0655 0.0025
2770.0000 41.1376 0.0034
2775.0000 41.2739 0.0047
2780.0000 41.4983 0.0064
2785.0000 41.8370 0.0067
2790.0000 42.0976 0.0051
2795.0000 42.2820 0.0031
2800.0000 42.3581 0.0023
2805.0000 42.3702 0.0022
2810.0000 42.3762 0.0023
2815.0000 42.4126 0.0031
2820.0000 42.4611 0.0041
2825.0000 42.5581 0.0057
2830.0000 42.7641 0.0084
2835.0000 43.2308 0.0120
2840.0000 43.6368 0.0111
2845.0000 43.9277 0.0085
2850.0000 44.1581 0.0052
2855.0000 44.2490 0.0039
2860.0000 44.3277 0.0026
2865.0000 44.3520 0.0022
2870.0000 44.3520 0.0022
2875.0000 44.3520 0.0022
2880.0000 44.3520 0.0022
2885.0000 44.3520 0.0022
2890.0000 44.3641 0.0025
2895.0000 44.3641 0.0025
2900.0000 44.3641 0.0025
2905.0000 44.3641 0.0025
2910.0000 44.3641 0.0025
2915.0000 44.3641 0.0025
2920.0000 44.3641 0.0025
2925.0000 44.3641 0.0025
2930.0000 44.3641 0.0025
2935.0000 44.3641 0.0025
2940.0000 44.3641 0.0025
2945.0000 44.3684 0.0025
2950.0000 44.3769 0.0027
2955.0000 44.4172 0.0031
2960.0000 44.4927 0.0044
2965.0000 44.6915 0.0067
2970.0000 44.9466 0.0086
2975.0000 45.3033 0.0104
2980.0000 45.6984 0.0140
2985.0000 46.1931 0.0152
2990.0000 46.6952 0.0147
2995.0000 47.0705 0.0139
3000.0000 47.3443 0.0110
3005.0000 47.5208 0.0078
3010.0000 47.6580 0.0047
3015.0000 47.7296 0.0035
3020.0000 47.7521 0.0031
3025.0000 47.7558 0.0031
3030.0000 47.7633 0.0033
3035.0000 47.7894 0.0036
3040.0000 47.8490 0.0043
3045.0000 48.0452 0.0057
3050.0000 48.3253 0.0069
3055.0000 48.6422 0.0073
3060.0000 48.9153 0.0086
3065.0000 49.2253 0.0103
3070.0000 49.5558 0.0139
3075.0000 49.9786 0.0149
3080.0000 50.4201 0.0126
3085.0000 50.7236 0.0086
3090.0000 50.8607 0.0067
3095.0000 50.9031 0.0059
3100.0000 50.9334 0.0052
3105.0000 50.9433 0.0051
3110.0000 50.9631 0.0055
3115.0000 51.0065 0.0060
3120.0000 51.1239 0.0079
3125.0000 51.3726 0.0100
3130.0000 51.7802 0.0125
3135.0000 52.2581 0.0146
3140.0000 52.7744 0.0167
3145.0000 53.2795 0.0173
3150.0000 53.7690 0.0133
3155.0000 54.1760 0.0129
3160.0000 54.5894 0.0154
3165.0000 55.0811 0.0160
3170.0000 55.3516 0.0155
3175.0000 55.6243 0.0133
3180.0000 55.8743 0.0108
3185.0000 56.0379 0.0080
3190.0000 56.1083 0.0065
3195.0000 56.1992 0.0038
3200.0000 56.2152 0.0034
3205.0000 56.2212 0.0033
3210.0000 56.2273 0.0032
3215.0000 56.2273 0.0032
3220.0000 56.2273 0.0032
3225.0000 56.2273 0.0032
3230.0000 56.2273 0.0032
3235.0000 56.2273 0.0032
3240.0000 56.2273 0.0032
3245.0000 56.2273 0.0032
3250.0000 56.2273 0.0032
3255.0000 56.2273 0.0032
3260.0000 56.2334 0.0033
3265.0000 56.2394 0.0035
3270.0000 56.2394 0.0035
3275.0000 56.2394 0.0035
3280.0000 56.3061 0.0049
3285.0000 56.4091 0.0070
3290.0000 56.6273 0.0096
3295.0000 56.9909 0.0128
3300.0000 57.5182 0.0119
3305.0000 57.8758 0.0080
3310.0000 58.0394 0.0057
3315.0000 58.0879 0.0050
3320.0000 58.1424 0.0042
3325.0000 58.1546 0.0040
3330.0000 58.1606 0.0037
3335.0000 58.1667 0.0036
3340.0000 58.1788 0.0034
3345.0000 58.1909 0.0032
3350.0000 58.1909 0.0032
3355.0000 58.1949 0.0033
3360.0000 58.1989 0.0034
3365.0000 58.2290 0.0037
3370.0000 58.2890 0.0045
3375.0000 58.4410 0.0057
3380.0000 58.7130 0.0070
3385.0000 59.0071 0.0074
3390.0000 59.3191 0.0056
3395.0000 59.4412 0.0039
3400.0000 59.4892 0.0033
3405.0000 59.5092 0.0032
3410.0000 59.5252 0.0029
3415.0000 59.5252 0.0029
3420.0000 59.5252 0.0029
3425.0000 59.5252 0.0029
3430.0000 59.5252 0.0029
3435.0000 59.5252 0.0029
3440.0000 59.5252 0.0029
3445.0000 59.5252 0.0029
3450.0000 59.5252 0.0029
3455.0000 59.5252 0.0029
3460.0000 59.5252 0.0029
3465.0000 59.5252 0.0029
3470.0000 59.5252 0.0029
3475.0000 59.5252 0.0029
3480.0000 59.5252 0.0029
3485.0000 59.5252 0.0029
3490.0000 59.5252 0.0029
3495.0000 59.5252 0.0029
3500.0000 59.5252 0.0029
3505.0000 59.5252 0.0029
3510.0000 59.5252 0.0029
3515.0000 59.5252 0.0029
3520.0000 59.5252 0.0029
3525.0000 59.5252 0.0029
3530.0000 59.5252 0.0029
3535.0000 59.5252 0.0029
3540.0000 59.5252 0.0029
3545.0000 59.5252 0.0029
3550.0000 59.5252 0.0029
3555.0000 59.5252 0.0029
3560.0000 59.5252 0.0029
3565.0000 59.5252 0.0029
3570.0000 59.5252 0.0029
3575.0000 59.5252 0.0029
3580.0000 59.5252 0.0029
3585.0000 59.5252 0.0029
3590.0000 59.5252 0.0029
3595.0000 59.5252 0.0029
3600.0000 59.5252 0.0029
3605.0000 59.5296 0.0030
3610.0000 59.5340 0.0031
3615.0000 59.5606 0.0034
3620.0000 59.6182 0.0043
3625.0000 59.7794 0.0062
3630.0000 60.0675 0.0086
3635.0000 60.3599 0.0089
3640.0000 60.6037 0.0074
3645.0000 60.8253 0.0053
3650.0000 60.9316 0.0035
3655.0000 60.9892 0.0029
3660.0000 60.9892 0.0029
3665.0000 60.9892 0.0029
3670.0000 60.9892 0.0029
3675.0000 60.9892 0.0029
3680.0000 60.9892 0.0029
3685.0000 60.9892 0.0029
3690.0000 60.9966 0.0030
3695.0000 61.0115 0.0033
3700.0000 61.0485 0.0038
3705.0000 61.0966 0.0045
3710.0000 61.1374 0.0051
3715.0000 61.2188 0.0060
3720.0000 61.3188 0.0065
3725.0000 61.5299 0.0073
3730.0000 61.7137 0.0073
3735.0000 61.8989 0.0066
3740.0000 62.0753 0.0046
3745.0000 62.1813 0.0038
3750.0000 62.2221 0.0033
3755.0000 62.2258 0.0032
3760.0000 62.2258 0.0032
3765.0000 62.2258 0.0032
3770.0000 62.2258 0.0032
3775.0000 62.2304 0.0033
3780.0000 62.2398 0.0035
3785.0000 62.2492 0.0035
3790.0000 62.2726 0.0039
3795.0000 62.3382 0.0050
3800.0000 62.4459 0.0056
3805.0000 62.5678 0.0068
3810.0000 62.7177 0.0080
3815.0000 62.8971 0.0090
3820.0000 63.1608 0.0094
3825.0000 63.3763 0.0082
3830.0000 63.5215 0.0069
3835.0000 63.6387 0.0057
3840.0000 63.7089 0.0045
3845.0000 63.7712 0.0036
3850.0000 63.8035 0.0038
3855.0000 63.8398 0.0046
3860.0000 63.9125 0.0059
3865.0000 64.1004 0.0085
3870.0000 64.3550 0.0114
3875.0000 64.6883 0.0134
3880.0000 64.9732 0.0133
3885.0000 65.2156 0.0115
3890.0000 65.5186 0.0083
3895.0000 65.6762 0.0051
3900.0000 65.7368 0.0040
3905.0000 65.7610 0.0036
3910.0000 65.7610 0.0036
3915.0000 65.7685 0.0037
3920.0000 65.7821 0.0038
3925.0000 65.8270 0.0042
3930.0000 65.9282 0.0054
3935.0000 66.1567 0.0070
3940.0000 66.4811 0.0078
3945.0000 66.7532 0.0061
3950.0000 66.9535 0.0053
3955.0000 67.0694 0.0056
3960.0000 67.1459 0.0069
3965.0000 67.3277 0.0097
3970.0000 67.6550 0.0128
3975.0000 68.0853 0.0137
3980.0000 68.4125 0.0125
3985.0000 68.6779 0.0096
3990.0000 68.8173 0.0075
3995.0000 68.8961 0.0067
4000.0000 68.9493 0.0056
4005.0000 68.9878 0.0050
4010.0000 69.0163 0.0054
4015.0000 69.0733 0.0061
4020.0000 69.1968 0.0076
4025.0000 69.3488 0.0088
4030.0000 69.5415 0.0096
4035.0000 69.7806 0.0099
4040.0000 70.0979 0.0089
4045.0000 70.3164 0.0075
4050.0000 70.4603 0.0062
4055.0000 70.5368 0.0062
4060.0000 70.6124 0.0063
4065.0000 70.7590 0.0080
4070.0000 71.0547 0.0117
4075.0000 71.5079 0.0145
4080.0000 71.8534 0.0141
4085.0000 72.1625 0.0110
4090.0000 72.3200 0.0091
4095.0000 72.3988 0.0072
4100.0000 72.4897 0.0052
4105.0000 72.5261 0.0044
4110.0000 72.5443 0.0045
4115.0000 72.5685 0.0050
4120.0000 72.6170 0.0058
4125.0000 72.7261 0.0078
4130.0000 72.9079 0.0107
4135.0000 73.1261 0.0130
4140.0000 73.4655 0.0153
4145.0000 73.7928 0.0147
4150.0000 74.1382 0.0108
4155.0000 74.3625 0.0078
4160.0000 74.4534 0.0058
4165.0000 74.5200 0.0049
4170.0000 74.5322 0.0047
4175.0000 74.5322 0.0047
4180.0000 74.5322 0.0047
4185.0000 74.5440 0.0050
4190.0000 74.5559 0.0051
4195.0000 74.5857 0.0053
4200.0000 74.6214 0.0059
4205.0000 74.7045 0.0072
4210.0000 74.8293 0.0094
4215.0000 75.0076 0.0118
4220.0000 75.1919 0.0132
4225.0000 75.4058 0.0147
4230.0000 75.6318 0.0150
4235.0000 75.8996 0.0146
4240.0000 76.2336 0.0134
4245.0000 76.5754 0.0130
4250.0000 76.8524 0.0125
4255.0000 77.2090 0.0141
4260.0000 77.5420 0.0164
4265.0000 77.8751 0.0181
4270.0000 78.4021 0.0180
4275.0000 78.9293 0.0187
4280.0000 79.4080 0.0177
4285.0000 79.8080 0.0158
4290.0000 80.0867 0.0129
4295.0000 80.2928 0.0089
4300.0000 80.3837 0.0073
4305.0000 80.4261 0.0064
4310.0000 80.4625 0.0064
4315.0000 80.5231 0.0076
4320.0000 80.6383 0.0092
4325.0000 81.0201 0.0123
4330.0000 81.5474 0.0138
4335.0000 82.0625 0.0097
4340.0000 82.2625 0.0076
4345.0000 82.3292 0.0063
4350.0000 82.3777 0.0056
4355.0000 82.4140 0.0047
4360.0000 82.4201 0.0047
4365.0000 82.4317 0.0044
4370.0000 82.4433 0.0045
4375.0000 82.4545 0.0045
4380.0000 82.4824 0.0050
4385.0000 82.5604 0.0059
4390.0000 82.7332 0.0083
4395.0000 83.0565 0.0104
4400.0000 83.3692 0.0116
4405.0000 83.6484 0.0117
4410.0000 83.8435 0.0101
4415.0000 84.0330 0.0082
4420.0000 84.1334 0.0069
4425.0000 84.1891 0.0061
4430.0000 84.2225 0.0057
4435.0000 84.2560 0.0050
4440.0000 84.2671 0.0048
4445.0000 84.2727 0.0045
4450.0000 84.2727 0.0045
4455.0000 84.2727 0.0045
4460.0000 84.2727 0.0045
4465.0000 84.2727 0.0045
4470.0000 84.2762 0.0045
4475.0000 84.2797 0.0046
4480.0000 84.3029 0.0048
4485.0000 84.3380 0.0048
4490.0000 84.4643 0.0058
4495.0000 84.6705 0.0072
4500.0000 84.9188 0.0081
4505.0000 85.1153 0.0069
4510.0000 85.3049 0.0058
4515.0000 85.4137 0.0049
4520.0000 85.4418 0.0046
4525.0000 85.4453 0.0046
4530.0000 85.4453 0.0046
4535.0000 85.4453 0.0046
4540.0000 85.4453 0.0046
4545.0000 85.4453 0.0046
4550.0000 85.4453 0.0046
4555.0000 85.4453 0.0046
4560.0000 85.4453 0.0046
4565.0000 85.4453 0.0046
4570.0000 85.4453 0.0046
4575.0000 85.4453 0.0046
4580.0000 85.4453 0.0046
4585.0000 85.4453 0.0046
4590.0000 85.4453 0.0046
4595.0000 85.4453 0.0046
4600.0000 85.4453 0.0046
4605.0000 85.4453 0.0046
4610.0000 85.4453 0.0046
4615.0000 85.4453 0.0046
4620.0000 85.4453 0.0046
4625.0000 85.4453 0.0046
4630.0000 85.4453 0.0046
4635.0000 85.4453 0.0046
4640.0000 85.4453 0.0046
4645.0000 85.4453 0.0046
4650.0000 85.4453 0.0046
4655.0000 85.4453 0.0046
4660.0000 85.4453 0.0046
4665.0000 85.4453 0.0046
4670.0000 85.4453 0.0046
4675.0000 85.4453 0.0046
4680.0000 85.4453 0.0046
4685.0000 85.4453 0.0046
4690.0000 85.4453 0.0046
4695.0000 85.4453 0.0046
4700.0000 85.4453 0.0046
4705.0000 85.4453 0.0046
4710.0000 85.4453 0.0046
4715.0000 85.4453 0.0046
4720.0000 85.4453 0.0046
4725.0000 85.4453 0.0046
4730.0000 85.4453 0.0046
4735.0000 85.4453 0.0046
4740.0000 85.4489 0.0046
4745.0000 85.4596 0.0048
4750.0000 85.4881 0.0052
4755.0000 85.5486 0.0052
4760.0000 85.6662 0.0065
4765.0000 85.8682 0.0066
4770.0000 86.1497 0.0075
4775.0000 86.3956 0.0067
4780.0000 86.4989 0.0062
4785.0000 86.5702 0.0053
4790.0000 86.6200 0.0047
4795.0000 86.6236 0.0046
4800.0000 86.6236 0.0046
4805.0000 86.6236 0.0046
4810.0000 86.6236 0.0046
4815.0000 86.6236 0.0046
4820.0000 86.6236 0.0046
4825.0000 86.6236 0.0046
4830.0000 86.6236 0.0046
4835.0000 86.6236 0.0046
4840.0000 86.6236 0.0046
4845.0000 86.6236 0.0046
4850.0000 86.6236 0.0046
4855.0000 86.6236 0.0046
4860.0000 86.6236 0.0046
4865.0000 86.6297 0.0047
4870.0000 86.6478 0.0050
4875.0000 86.6842 0.0056
4880.0000 86.7933 0.0079
4885.0000 87.0054 0.0106
4890.0000 87.2539 0.0135
4895.0000 87.4971 0.0138
4900.0000 87.8279 0.0135
4905.0000 88.1473 0.0108
4910.0000 88.3749 0.0089
4915.0000 88.5194 0.0073
4920.0000 88.6221 0.0067
4925.0000 88.7023 0.0063
4930.0000 88.7617 0.0064
4935.0000 88.9705 0.0083
4940.0000 89.1768 0.0076
4945.0000 89.3787 0.0077
4950.0000 89.5265 0.0071
4955.0000 89.6597 0.0056
4960.0000 89.7173 0.0049
4965.0000 89.7414 0.0048
4970.0000 89.7448 0.0047
4975.0000 89.7448 0.0047
4980.0000 89.7448 0.0047
4985.0000 89.7448 0.0047
4990.0000 89.7448 0.0047
4995.0000 89.7448 0.0047
5000.0000 89.7448 0.0047
5005.0000 89.7448 0.0047
5010.0000 89.7448 0.0047
5015.0000 89.7448 0.0047
5020.0000 89.7483 0.0047
5025.0000 89.7483 0.0047
5030.0000 89.7483 0.0047
5035.0000 89.7483 0.0047
5040.0000 89.7483 0.0047
5045.0000 89.7483 0.0047
5050.0000 89.7483 0.0047
5055.0000 89.7483 0.0047
5060.0000 89.7483 0.0047
5065.0000 89.7543 0.0049
5070.0000 89.7615 0.0050
5075.0000 89.7687 0.0051
5080.0000 89.8117 0.0057
5085.0000 89.9084 0.0066
5090.0000 90.0123 0.0066
5095.0000 90.1771 0.0075
5100.0000 90.3812 0.0077
5105.0000 90.6105 0.0073
5110.0000 90.7359 0.0065
5115.0000 90.8398 0.0057
5120.0000 90.9211 0.0050
5125.0000 90.9415 0.0051
5130.0000 90.9451 0.0050
5135.0000 90.9451 0.0050
5140.0000 90.9451 0.0050
5145.0000 90.9511 0.0052
5150.0000 90.9511 0.0052
5155.0000 90.9511 0.0052
5160.0000 90.9511 0.0052
5165.0000 90.9511 0.0052
5170.0000 90.9511 0.0052
5175.0000 90.9511 0.0052
5180.0000 90.9511 0.0052
5185.0000 90.9511 0.0052
5190.0000 90.9511 0.0052
5195.0000 90.9632 0.0053
5200.0000 91.0420 0.0068
5205.0000 91.1451 0.0088
5210.0000 91.3632 0.0112
5215.0000 91.7208 0.0147
5220.0000 92.1269 0.0145
5225.0000 92.5572 0.0116
5230.0000 92.7572 0.0086
5235.0000 92.8723 0.0067
5240.0000 92.9148 0.0057
5245.0000 92.9329 0.0055
5250.0000 92.9632 0.0058
5255.0000 93.0420 0.0067
5260.0000 93.2057 0.0089
5265.0000 93.4420 0.0120
5270.0000 93.8905 0.0146
5275.0000 94.2784 0.0139
5280.0000 94.6720 0.0101
5285.0000 94.8536 0.0069
5290.0000 94.8954 0.0063
5295.0000 94.9367 0.0066
5300.0000 94.9771 0.0078
5305.0000 95.0871 0.0095
5310.0000 95.3186 0.0113
5315.0000 95.6307 0.0131
5320.0000 96.0001 0.0130
5325.0000 96.2600 0.0126
5330.0000 96.5258 0.0098
5335.0000 96.6473 0.0086
5340.0000 96.7692 0.0066
5345.0000 96.8153 0.0058
5350.0000 96.8327 0.0055
5355.0000 96.8384 0.0054
5360.0000 96.8384 0.0054
5365.0000 96.8530 0.0056
5370.0000 96.8855 0.0057
5375.0000 96.9271 0.0066
5380.0000 96.9877 0.0073
5385.0000 97.1513 0.0103
5390.0000 97.3802 0.0126
5395.0000 97.6460 0.0140
5400.0000 97.8485 0.0140
5405.0000 98.1213 0.0130
5410.0000 98.4209 0.0109
5415.0000 98.6182 0.0074
5420.0000 98.6703 0.0068
5425.0000 98.7080 0.0063
5430.0000 98.7411 0.0058
5435.0000 98.7389 0.0058
5440.0000 98.7463 0.0057
5445.0000 98.7451 0.0058
5450.0000 98.7364 0.0057
5455.0000 98.7433 0.0057
5460.0000 98.7322 0.0057
5465.0000 98.7314 0.0056
5470.0000 98.7300 0.0057
5475.0000 98.7203 0.0058
5480.0000 98.7070 0.0058
5485.0000 98.6842 0.0060
5490.0000 98.6696 0.0061
5495.0000 98.6608 0.0058
5500.0000 98.6470 0.0059
5505.0000 98.6103 0.0064
5510.0000 98.5847 0.0066
5515.0000 98.5311 0.0081
5520.0000 98.5222 0.0080
5525.0000 98.5149 0.0085
5530.0000 98.4996 0.0095
5535.0000 98.4515 0.0111
5540.0000 98.4760 0.0101
5545.0000 98.4035 0.0113
5550.0000 98.3649 0.0113
5555.0000 98.3946 0.0110
5560.0000 98.3079 0.0112
5565.0000 98.3381 0.0115
5570.0000 98.3035 0.0124
5575.0000 98.2796 0.0123
5580.0000 98.2658 0.0120
5585.0000 98.2718 0.0118
5590.0000 98.2861 0.0123
5595.0000 98.2466 0.0122
5600.0000 98.2620 0.0123
5605.0000 98.2189 0.0127
5610.0000 98.2650 0.0123
5615.0000 98.2090 0.0127
5620.0000 98.2220 0.0130
5625.0000 98.2799 0.0130
5630.0000 98.2867 0.0128
5635.0000 98.2865 0.0124
5640.0000 98.2998 0.0119
5645.0000 98.2895 0.0120
5650.0000 98.2844 0.0127
5655.0000 98.3295 0.0114
5660.0000 98.2944 0.0133
5665.0000 98.3345 0.0128
5670.0000 98.3360 0.0130
5675.0000 98.3328 0.0135
5680.0000 98.3255 0.0136
5685.0000 98.3592 0.0131
5690.0000 98.3659 0.0131
5695.0000 98.3887 0.0132
5700.0000 98.4458 0.0130
5705.0000 98.4948 0.0126
5710.0000 98.4953 0.0134
5715.0000 98.5227 0.0123
5720.0000 98.4851 0.0127
5725.0000 98.4122 0.0121
5730.0000 98.3723 0.0126
5735.0000 98.3817 0.0127
5740.0000 98.3391 0.0131
5745.0000 98.2861 0.0137
5750.0000 98.3154 0.0136
5755.0000 98.3185 0.0136
5760.0000 98.2886 0.0135
5765.0000 98.2899 0.0135
5770.0000 98.3113 0.0137
5775.0000 98.2953 0.0137
5780.0000 98.3480 0.0132
5785.0000 98.3488 0.0131
5790.0000 98.3155 0.0144
5795.0000 98.3313 0.0145
5800.0000 98.4120 0.0136
5805.0000 98.4661 0.0130
5810.0000 98.5308 0.0123
5815.0000 98.5092 0.0127
5820.0000 98.5212 0.0126
5825.0000 98.5609 0.0126
5830.0000 98.5572 0.0131
5835.0000 98.6172 0.0118
5840.0000 98.6356 0.0112
5845.0000 98.6593 0.0109
5850.0000 98.6918 0.0110
5855.0000 98.6778 0.0116
5860.0000 98.6728 0.0107
5865.0000 98.6659 0.0110
5870.0000 98.6687 0.0112
5875.0000 98.6417 0.0120
5880.0000 98.6595 0.0115
5885.0000 98.6680 0.0113
5890.0000 98.6074 0.0124
5895.0000 98.5613 0.0124
5900.0000 98.5566 0.0124
5905.0000 98.4893 0.0126
5910.0000 98.4859 0.0126
5915.0000 98.4691 0.0127
5920.0000 98.4313 0.0129
5925.0000 98.3740 0.0134
5930.0000 98.3556 0.0133
5935.0000 98.2932 0.0132
5940.0000 98.3702 0.0133
5945.0000 98.4147 0.0124
5950.0000 98.4005 0.0134
5955.0000 98.4533 0.0123
5960.0000 98.4838 0.0121
5965.0000 98.4785 0.0127
5970.0000 98.5240 0.0124
5975.0000 98.5784 0.0117
5980.0000 98.5926 0.0119
5985.0000 98.6402 0.0111
5990.0000 98.7037 0.0101
5995.0000 98.7343 0.0097
6000.0000 98.7726 0.0090
6005.0000 98.7778 0.0093
6010.0000 98.7770 0.0091
6015.0000 98.8224 0.0084
6020.0000 98.8463 0.0083
6025.0000 98.8451 0.0083
6030.0000 98.8655 0.0077
6035.0000 98.8670 0.0075
6040.0000 98.8489 0.0080
6045.0000 98.8529 0.0078
6050.0000 98.8638 0.0078
6055.0000 98.8892 0.0065
6060.0000 98.8936 0.0066
6065.0000 98.9241 0.0064
6070.0000 98.8991 0.0066
6075.0000 98.8968 0.0068
6080.0000 98.8975 0.0073
6085.0000 98.8906 0.0065
6090.0000 98.8764 0.0070
6095.0000 98.8443 0.0075
6100.0000 98.8086 0.0080
6105.0000 98.7682 0.0086
6110.0000 98.7492 0.0084
6115.0000 98.7665 0.0081
6120.0000 98.7026 0.0096
6125.0000 98.6358 0.0107
6130.0000 98.5546 0.0118
6135.0000 98.5568 0.0113
6140.0000 98.5530 0.0105
6145.0000 98.4877 0.0110
6150.0000 98.4463 0.0109
6155.0000 98.3452 0.0118
6160.0000 98.2363 0.0120
6165.0000 98.1846 0.0122
6170.0000 98.1766 0.0123
6175.0000 98.1661 0.0111
6180.0000 98.0880 0.0118
6185.0000 98.0593 0.0122
6190.0000 98.1150 0.0108
6195.0000 98.1482 0.0109
6200.0000 98.1405 0.0112
6205.0000 98.0824 0.0113
6210.0000 98.0627 0.0122
6215.0000 98.0868 0.0120
6220.0000 98.0842 0.0116
6225.0000 98.1129 0.0118
6230.0000 98.1352 0.0113
6235.0000 98.1083 0.0118
6240.0000 98.2067 0.0105
6245.0000 98.1985 0.0111
6250.0000 98.1502 0.0121
6255.0000 98.2173 0.0120
6260.0000 98.2641 0.0114
6265.0000 98.2598 0.0107
6270.0000 98.1706 0.0119
6275.0000 98.1745 0.0119
6280.0000 98.2136 0.0116
6285.0000 98.1727 0.0117
6290.0000 98.2025 0.0122
6295.0000 98.1806 0.0120
6300.0000 98.2161 0.0124
6305.0000 98.2222 0.0115
6310.0000 98.2498 0.0110
6315.0000 98.2152 0.0117
6320.0000 98.1492 0.0126
6325.0000 98.1663 0.0115
6330.0000 98.1369 0.0116
6335.0000 98.1495 0.0111
6340.0000 98.1136 0.0116
6345.0000 98.1433 0.0109
6350.0000 98.1579 0.0109
6355.0000 98.1234 0.0109
6360.0000 98.1981 0.0102
6365.0000 98.2019 0.0111
6370.0000 98.1937 0.0111
6375.0000 98.2143 0.0117
6380.0000 98.3061 0.0107
6385.0000 98.2677 0.0116
6390.0000 98.2639 0.0119
6395.0000 98.3352 0.0114
6400.0000 98.4017 0.0113
6405.0000 98.4484 0.0111
6410.0000 98.4339 0.0119
6415.0000 98.4754 0.0117
6420.0000 98.5153 0.0114
6425.0000 98.5563 0.0109
6430.0000 98.5554 0.0111
6435.0000 98.5968 0.0110
6440.0000 98.6264 0.0105
6445.0000 98.6917 0.0094
6450.0000 98.6990 0.0092
6455.0000 98.7162 0.0091
6460.0000 98.7577 0.0087
6465.0000 98.7832 0.0082
6470.0000 98.7949 0.0080
6475.0000 98.8050 0.0077
6480.0000 98.7736 0.0080
6485.0000 98.7570 0.0074
6490.0000 98.6709 0.0087
6495.0000 98.6076 0.0096
6500.0000 98.6049 0.0105
6505.0000 98.5394 0.0104
6510.0000 98.5364 0.0112
6515.0000 98.4886 0.0114
6520.0000 98.4649 0.0110
6525.0000 98.4714 0.0114
6530.0000 98.4706 0.0115
6535.0000 98.4778 0.0114
6540.0000 98.4780 0.0103
6545.0000 98.4483 0.0112
6550.0000 98.4075 0.0114
6555.0000 98.3878 0.0107
6560.0000 98.3504 0.0107
6565.0000 98.3523 0.0113
6570.0000 98.3053 0.0116
6575.0000 98.2947 0.0107
6580.0000 98.2917 0.0109
6585.0000 98.2318 0.0114
6590.0000 98.2910 0.0119
6595.0000 98.2437 0.0125
6600.0000 98.2680 0.0125
6605.0000 98.2946 0.0118
6610.0000 98.3345 0.0119
6615.0000 98.2631 0.0120
6620.0000 98.2001 0.0118
6625.0000 98.2655 0.0122
6630.0000 98.3542 0.0112
6635.0000 98.4035 0.0110
6640.0000 98.3627 0.0121
6645.0000 98.3374 0.0124
6650.0000 98.4429 0.0114
6655.0000 98.4652 0.0119
6660.0000 98.5029 0.0116
6665.0000 98.5402 0.0114
6670.0000 98.6020 0.0108
6675.0000 98.5819 0.0109
6680.0000 98.6594 0.0095
6685.0000 98.7032 0.0090
6690.0000 98.7398 0.0080
6695.0000 98.7552 0.0077
6700.0000 98.8012 0.0074
6705.0000 98.8222 0.0068
6710.0000 98.8556 0.0061
6715.0000 98.8589 0.0061
6720.0000 98.8845 0.0056
6725.0000 98.8962 0.0055
6730.0000 98.8888 0.0056
6735.0000 98.9089 0.0051
6740.0000 98.8984 0.0054
6745.0000 98.9117 0.0051
6750.0000 98.9276 0.0049
6755.0000 98.9383 0.0046
6760.0000 98.9266 0.0048
6765.0000 98.9314 0.0049
6770.0000 98.9304 0.0051
6775.0000 98.9309 0.0051
6780.0000 98.9456 0.0046
6785.0000 98.9439 0.0047
6790.0000 98.9363 0.0047
6795.0000 98.9329 0.0048
6800.0000 98.9468 0.0045
6805.0000 98.9479 0.0045
6810.0000 98.9422 0.0047
6815.0000 98.9381 0.0047
6820.0000 98.9397 0.0047
6825.0000 98.9361 0.0048
6830.0000 98.9082 0.0052
6835.0000 98.8738 0.0057
6840.0000 98.8740 0.0057
6845.0000 98.8490 0.0064
6850.0000 98.7780 0.0072
6855.0000 98.7426 0.0077
6860.0000 98.7249 0.0076
6865.0000 98.6612 0.0087
6870.0000 98.6607 0.0086
6875.0000 98.6682 0.0085
6880.0000 98.5913 0.0090
6885.0000 98.5141 0.0098
6890.0000 98.5820 0.0088
6895.0000 98.5421 0.0090
6900.0000 98.4980 0.0101
6905.0000 98.5134 0.0092
6910.0000 98.4657 0.0099
6915.0000 98.4869 0.0095
6920.0000 98.4548 0.0101
6925.0000 98.4487 0.0109
6930.0000 98.5149 0.0102
6935.0000 98.6076 0.0091
6940.0000 98.6195 0.0097
6945.0000 98.6425 0.0098
6950.0000 98.6714 0.0095
6955.0000 98.7577 0.0082
6960.0000 98.7424 0.0091
6965.0000 98.7799 0.0080
6970.0000 98.8043 0.0077
6975.0000 98.8590 0.0071
6980.0000 98.8687 0.0069
6985.0000 98.8887 0.0064
6990.0000 98.9156 0.0058
6995.0000 98.9097 0.0061
7000.0000 98.9359 0.0055
7005.0000 98.9545 0.0054
7010.0000 98.9495 0.0057
7015.0000 98.9878 0.0050
7020.0000 98.9878 0.0049
7025.0000 98.9765 0.0051
7030.0000 98.9895 0.0049
7035.0000 98.9977 0.0047
7040.0000 99.0077 0.0045
7045.0000 99.0119 0.0046
7050.0000 99.0039 0.0044
7055.0000 98.9796 0.0049
7060.0000 98.9542 0.0052
7065.0000 98.9131 0.0064
7070.0000 98.8787 0.0071
7075.0000 98.8516 0.0072
7080.0000 98.7629 0.0087
7085.0000 98.6767 0.0098
7090.0000 98.5452 0.0103
7095.0000 98.5236 0.0107
7100.0000 98.4905 0.0110
7105.0000 98.4766 0.0116
7110.0000 98.4292 0.0117
7115.0000 98.3400 0.0119
7120.0000 98.3323 0.0119
7125.0000 98.2561 0.0116
7130.0000 98.2639 0.0116
7135.0000 98.2027 0.0121
7140.0000 98.1972 0.0117
7145.0000 98.1555 0.0111
7150.0000 98.1643 0.0118
7155.0000 98.1834 0.0117
7160.0000 98.1554 0.0125
7165.0000 98.1747 0.0124
7170.0000 98.1916 0.0125
7175.0000 98.1382 0.0120
7180.0000 98.1133 0.0119
7185.0000 98.0992 0.0120
7190.0000 98.0502 0.0116
7195.0000 98.0698 0.0115
7200.0000 98.1067 0.0109
7205.0000 98.0442 0.0116
7210.0000 98.1037 0.0112
7215.0000 98.1815 0.0116
7220.0000 98.1734 0.0116
7225.0000 98.2179 0.0112
7230.0000 98.2282 0.0113
7235.0000 98.2268 0.0118
7240.0000 98.2721 0.0114
7245.0000 98.3175 0.0115
7250.0000 98.3759 0.0107
7255.0000 98.4437 0.0108
7260.0000 98.4877 0.0110
7265.0000 98.5608 0.0101
7270.0000 98.6290 0.0091
7275.0000 98.6524 0.0087
7280.0000 98.6741 0.0086
7285.0000 98.6923 0.0083
7290.0000 98.6874 0.0092
7295.0000 98.7406 0.0081
7300.0000 98.7858 0.0071
7305.0000 98.7922 0.0074
7310.0000 98.8234 0.0069
7315.0000 98.8381 0.0067
7320.0000 98.8243 0.0069
7325.0000 98.8357 0.0063
7330.0000 98.8183 0.0067
7335.0000 98.8136 0.0069
7340.0000 98.7723 0.0074
7345.0000 98.7459 0.0078
7350.0000 98.6525 0.0085
7355.0000 98.5294 0.0099
7360.0000 98.4213 0.0114
7365.0000 98.3839 0.0108
7370.0000 98.3531 0.0115
7375.0000 98.3727 0.0115
7380.0000 98.4835 0.0107
7385.0000 98.5465 0.0105
7390.0000 98.5387 0.0102
7395.0000 98.5921 0.0101
7400.0000 98.5965 0.0100
7405.0000 98.6650 0.0092
7410.0000 98.6967 0.0087
7415.0000 98.7182 0.0087
7420.0000 98.7660 0.0078
7425.0000 98.7989 0.0073
7430.0000 98.8048 0.0075
7435.0000 98.8192 0.0075
7440.0000 98.8451 0.0068
7445.0000 98.8690 0.0063
7450.0000 98.8680 0.0066
7455.0000 98.8989 0.0058
7460.0000 98.9051 0.0057
7465.0000 98.9200 0.0054
7470.0000 98.9264 0.0053
7475.0000 98.9287 0.0053
7480.0000 98.9406 0.0051
7485.0000 98.9368 0.0052
7490.0000 98.9448 0.0050
7495.0000 98.9423 0.0049
7500.0000 98.9362 0.0049
7505.0000 98.9221 0.0052
7510.0000 98.9127 0.0053
7515.0000 98.9069 0.0053
7520.0000 98.9044 0.0054
7525.0000 98.9027 0.0054
7530.0000 98.8851 0.0060
7535.0000 98.8736 0.0062
7540.0000 98.8604 0.0061
7545.0000 98.7998 0.0073
7550.0000 98.7910 0.0070
7555.0000 98.7653 0.0075
7560.0000 98.6630 0.0086
7565.0000 98.6360 0.0089
7570.0000 98.5042 0.0105
7575.0000 98.4538 0.0101
7580.0000 98.3356 0.0119
7585.0000 98.2613 0.0121
7590.0000 98.2404 0.0119
7595.0000 98.2869 0.0119
7600.0000 98.2888 0.0114
7605.0000 98.2633 0.0113
7610.0000 98.2251 0.0124
7615.0000 98.2294 0.0117
7620.0000 98.1735 0.0123
7625.0000 98.1266 0.0114
7630.0000 98.1212 0.0109
7635.0000 98.1349 0.0105
7640.0000 98.0965 0.0105
7645.0000 98.1991 0.0101
7650.0000 98.1677 0.0106
7655.0000 98.1939 0.0108
7660.0000 98.1906 0.0113
7665.0000 98.1682 0.0112
7670.0000 98.2237 0.0113
7675.0000 98.2777 0.0111
7680.0000 98.2629 0.0116
7685.0000 98.3390 0.0110
7690.0000 98.3139 0.0119
7695.0000 98.3472 0.0111
7700.0000 98.3572 0.0115
7705.0000 98.3571 0.0116
7710.0000 98.3913 0.0117
7715.0000 98.3849 0.0118
7720.0000 98.4159 0.0117
7725.0000 98.4561 0.0116
7730.0000 98.4885 0.0115
7735.0000 98.4930 0.0114
7740.0000 98.5661 0.0101
7745.0000 98.5902 0.0102
7750.0000 98.6139 0.0107
7755.0000 98.6494 0.0098
7760.0000 98.6612 0.0100
7765.0000 98.6618 0.0101
7770.0000 98.7095 0.0094
7775.0000 98.7273 0.0091
7780.0000 98.7671 0.0084
7785.0000 98.7797 0.0079
7790.0000 98.8078 0.0075
7795.0000 98.8070 0.0077
7800.0000 98.8228 0.0074
7805.0000 98.8266 0.0075
7810.0000 98.7819 0.0082
7815.0000 98.7778 0.0080
7820.0000 98.7233 0.0088
7825.0000 98.6439 0.0091
7830.0000 98.5766 0.0103
7835.0000 98.5132 0.0107
7840.0000 98.4402 0.0111
7845.0000 98.4281 0.0111
7850.0000 98.3399 0.0115
7855.0000 98.3218 0.0109
7860.0000 98.2782 0.0109
7865.0000 98.1956 0.0118
7870.0000 98.2130 0.0120
7875.0000 98.1758 0.0125
7880.0000 98.1642 0.0122
7885.0000 98.1174 0.0118
7890.0000 98.1716 0.0121
7895.0000 98.2433 0.0113
7900.0000 98.2775 0.0126
7905.0000 98.2724 0.0125
7910.0000 98.2771 0.0118
7915.0000 98.2711 0.0130
7920.0000 98.3169 0.0115
7925.0000 98.3675 0.0112
7930.0000 98.4504 0.0105
7935.0000 98.4796 0.0109
7940.0000 98.5400 0.0103
7945.0000 98.5842 0.0105
7950.0000 98.5972 0.0105
7955.0000 98.6093 0.0098
7960.0000 98.6112 0.0099
7965.0000 98.5475 0.0105
7970.0000 98.5073 0.0098
7975.0000 98.4285 0.0108
7980.0000 98.3787 0.0116
7985.0000 98.3873 0.0117
7990.0000 98.3733 0.0113
7995.0000 98.3193 0.0114
8000.0000 98.3101 0.0111
8005.0000 98.2141 0.0121
8010.0000 98.2363 0.0114
8015.0000 98.2253 0.0113
8020.0000 98.1851 0.0123
8025.0000 98.1656 0.0121
8030.0000 98.1601 0.0119
8035.0000 98.1190 0.0122
8040.0000 98.1825 0.0113
8045.0000 98.1485 0.0119
8050.0000 98.1914 0.0099
8055.0000 98.2468 0.0102
8060.0000 98.2798 0.0111
8065.0000 98.2692 0.0119
8070.0000 98.2911 0.0110
8075.0000 98.3464 0.0110
8080.0000 98.4141 0.0109
8085.0000 98.5044 0.0107
8090.0000 98.5380 0.0105
8095.0000 98.5862 0.0102
8100.0000 98.6088 0.0100
8105.0000 98.6358 0.0097
8110.0000 98.6869 0.0091
8115.0000 98.7306 0.0087
8120.0000 98.7832 0.0079
8125.0000 98.8132 0.0077
8130.0000 98.8396 0.0073
8135.0000 98.8753 0.0064
8140.0000 98.8664 0.0067
8145.0000 98.8675 0.0073
8150.0000 98.9100 0.0060
8155.0000 98.9318 0.0056
8160.0000 98.9444 0.0055
8165.0000 98.9512 0.0054
8170.0000 98.9480 0.0053
8175.0000 98.9483 0.0055
8180.0000 98.9521 0.0053
8185.0000 98.9579 0.0053
8190.0000 98.9712 0.0049
8195.0000 98.9679 0.0051
8200.0000 98.9744 0.0050
8205.0000 98.9761 0.0049
8210.0000 98.9785 0.0048
8215.0000 98.9826 0.0048
8220.0000 98.9807 0.0047
8225.0000 98.9777 0.0048
8230.0000 98.9780 0.0049
8235.0000 98.9757 0.0048
8240.0000 98.9648 0.0049
8245.0000 98.9620 0.0050
8250.0000 98.9600 0.0049
8255.0000 98.9410 0.0053
8260.0000 98.9400 0.0052
8265.0000 98.9305 0.0054
8270.0000 98.9366 0.0052
8275.0000 98.9185 0.0055
8280.0000 98.8960 0.0059
8285.0000 98.8872 0.0063
8290.0000 98.8532 0.0069
8295.0000 98.8251 0.0073
8300.0000 98.8369 0.0069
8305.0000 98.8131 0.0076
8310.0000 98.7712 0.0086
8315.0000 98.7177 0.0091
8320.0000 98.7208 0.0092
8325.0000 98.6270 0.0106
8330.0000 98.6241 0.0099
8335.0000 98.5271 0.0109
8340.0000 98.5015 0.0109
8345.0000 98.4785 0.0108
8350.0000 98.4620 0.0108
8355.0000 98.4736 0.0109
8360.0000 98.4868 0.0105
8365.0000 98.5513 0.0099
8370.0000 98.5523 0.0104
8375.0000 98.5896 0.0099
8380.0000 98.6148 0.0093
8385.0000 98.5964 0.0096
8390.0000 98.5835 0.0101
8395.0000 98.5832 0.0094
8400.0000 98.5580 0.0098
8405.0000 98.5434 0.0095
8410.0000 98.5157 0.0100
8415.0000 98.4682 0.0103
8420.0000 98.4080 0.0111
8425.0000 98.4767 0.0104
8430.0000 98.3987 0.0103
8435.0000 98.3716 0.0107
8440.0000 98.4318 0.0102
8445.0000 98.4572 0.0099
8450.0000 98.3721 0.0118
8455.0000 98.4224 0.0114
8460.0000 98.3992 0.0115
8465.0000 98.4229 0.0108
8470.0000 98.3891 0.0117
8475.0000 98.3936 0.0111
8480.0000 98.3632 0.0116
8485.0000 98.3898 0.0108
8490.0000 98.3553 0.0116
8495.0000 98.3654 0.0117
8500.0000 98.3580 0.0118
8505.0000 98.4083 0.0115
8510.0000 98.4330 0.0111
8515.0000 98.4442 0.0111
8520.0000 98.4895 0.0108
8525.0000 98.5301 0.0105
8530.0000 98.5443 0.0098
8535.0000 98.6227 0.0096
8540.0000 98.6312 0.0097
8545.0000 98.6490 0.0094
8550.0000 98.6939 0.0085
8555.0000 98.7174 0.0090
8560.0000 98.7448 0.0087
8565.0000 98.7794 0.0078
8570.0000 98.8240 0.0074
8575.0000 98.8585 0.0067
8580.0000 98.8574 0.0071
8585.0000 98.8836 0.0063
8590.0000 98.8891 0.0062
8595.0000 98.9011 0.0059
8600.0000 98.8916 0.0062
8605.0000 98.9039 0.0059
8610.0000 98.8949 0.0061
8615.0000 98.9081 0.0059
8620.0000 98.9159 0.0059
8625.0000 98.9176 0.0058
8630.0000 98.9124 0.0059
8635.0000 98.9211 0.0058
8640.0000 98.9169 0.0057
8645.0000 98.9235 0.0056
8650.0000 98.9277 0.0055
8655.0000 98.9134 0.0056
8660.0000 98.9053 0.0059
8665.0000 98.8974 0.0058
8670.0000 98.8441 0.0066
8675.0000 98.8261 0.0068
8680.0000 98.7432 0.0083
8685.0000 98.6426 0.0100
8690.0000 98.6252 0.0097
8695.0000 98.5898 0.0106
8700.0000 98.5396 0.0105
8705.0000 98.4742 0.0114
8710.0000 98.5115 0.0110
8715.0000 98.5413 0.0112
8720.0000 98.5792 0.0107
8725.0000 98.6101 0.0106
8730.0000 98.6913 0.0090
8735.0000 98.6816 0.0090
8740.0000 98.7029 0.0091
8745.0000 98.6981 0.0091
8750.0000 98.6866 0.0097
8755.0000 98.6406 0.0101
8760.0000 98.5948 0.0106
8765.0000 98.5818 0.0107
8770.0000 98.4739 0.0114
8775.0000 98.3803 0.0120
8780.0000 98.3694 0.0112
8785.0000 98.3241 0.0116
8790.0000 98.2968 0.0113
8795.0000 98.2189 0.0115
8800.0000 98.2083 0.0117
8805.0000 98.1457 0.0123
8810.0000 98.2428 0.0111
8815.0000 98.2922 0.0103
8820.0000 98.2297 0.0111
8825.0000 98.2424 0.0112
8830.0000 98.2130 0.0107
8835.0000 98.2694 0.0114
8840.0000 98.2803 0.0110
8845.0000 98.3698 0.0102
8850.0000 98.3763 0.0100
8855.0000 98.4374 0.0099
8860.0000 98.4915 0.0093
8865.0000 98.5488 0.0097
8870.0000 98.5399 0.0095
8875.0000 98.5407 0.0092
8880.0000 98.5482 0.0094
8885.0000 98.4918 0.0107
8890.0000 98.4934 0.0107
8895.0000 98.5110 0.0095
8900.0000 98.4467 0.0103
8905.0000 98.4447 0.0104
8910.0000 98.3556 0.0111
8915.0000 98.3338 0.0106
8920.0000 98.3253 0.0116
8925.0000 98.2975 0.0122
8930.0000 98.2948 0.0118
8935.0000 98.3485 0.0118
8940.0000 98.3739 0.0114
8945.0000 98.3764 0.0116
8950.0000 98.3994 0.0112
8955.0000 98.3814 0.0114
8960.0000 98.3352 0.0112
8965.0000 98.3553 0.0108
8970.0000 98.3283 0.0110
8975.0000 98.3364 0.0114
8980.0000 98.2959 0.0113
8985.0000 98.2084 0.0117
8990.0000 98.1713 0.0122
8995.0000 98.2061 0.0125
9000.0000 98.2163 0.0121
9005.0000 98.1714 0.0120
9010.0000 98.1665 0.0114
9015.0000 98.1661 0.0121
9020.0000 98.1969 0.0121
9025.0000 98.2061 0.0117
9030.0000 98.2173 0.0111
9035.0000 98.1958 0.0113
9040.0000 98.2076 0.0124
9045.0000 98.2282 0.0113
9050.0000 98.1808 0.0127
9055.0000 98.1942 0.0121
9060.0000 98.1605 0.0117
9065.0000 98.2110 0.0125
9070.0000 98.1086 0.0124
9075.0000 98.1398 0.0114
9080.0000 98.1953 0.0117
9085.0000 98.1827 0.0119
9090.0000 98.2024 0.0120
9095.0000 98.2319 0.0117
9100.0000 98.2207 0.0119
9105.0000 98.3137 0.0115
9110.0000 98.4064 0.0109
9115.0000 98.3739 0.0109
9120.0000 98.3550 0.0106
9125.0000 98.4210 0.0102
9130.0000 98.4519 0.0107
9135.0000 98.4727 0.0104
9140.0000 98.5024 0.0104
9145.0000 98.4256 0.0120
9150.0000 98.4609 0.0103
9155.0000 98.4860 0.0109
9160.0000 98.4569 0.0108
9165.0000 98.3864 0.0111
9170.0000 98.3752 0.0119
9175.0000 98.3082 0.0123
9180.0000 98.3950 0.0108
9185.0000 98.3675 0.0114
9190.0000 98.4315 0.0113
9195.0000 98.4106 0.0113
9200.0000 98.3947 0.0121
9205.0000 98.4751 0.0115
9210.0000 98.5111 0.0106
9215.0000 98.4251 0.0119
9220.0000 98.4274 0.0121
9225.0000 98.4875 0.0109
9230.0000 98.4504 0.0125
9235.0000 98.4471 0.0121
9240.0000 98.3995 0.0120
9245.0000 98.3706 0.0122
9250.0000 98.3775 0.0119
9255.0000 98.3759 0.0119
9260.0000 98.3330 0.0125
9265.0000 98.3361 0.0128
9270.0000 98.4081 0.0120
9275.0000 98.4115 0.0129
9280.0000 98.4073 0.0123
9285.0000 98.4950 0.0119
9290.0000 98.5411 0.0110
9295.0000 98.5877 0.0102
9300.0000 98.6151 0.0108
9305.0000 98.6955 0.0097
9310.0000 98.7193 0.0093
9315.0000 98.7385 0.0092
9320.0000 98.7954 0.0079
9325.0000 98.7781 0.0084
9330.0000 98.7799 0.0087
9335.0000 98.8089 0.0078
9340.0000 98.8271 0.0076
9345.0000 98.7821 0.0085
9350.0000 98.7973 0.0080
9355.0000 98.8197 0.0079
9360.0000 98.8342 0.0074
9365.0000 98.8131 0.0081
9370.0000 98.8172 0.0080
9375.0000 98.8325 0.0074
9380.0000 98.8031 0.0076
9385.0000 98.7823 0.0077
9390.0000 98.7889 0.0077
9395.0000 98.7941 0.0078
9400.0000 98.7974 0.0077
9405.0000 98.7346 0.0087
9410.0000 98.7101 0.0095
9415.0000 98.7449 0.0089
9420.0000 98.7604 0.0084
9425.0000 98.7516 0.0087
9430.0000 98.6834 0.0099
9435.0000 98.6675 0.0097
9440.0000 98.6193 0.0088
9445.0000 98.5508 0.0097
9450.0000 98.5375 0.0103
9455.0000 98.4980 0.0113
9460.0000 98.4753 0.0113
9465.0000 98.3917 0.0127
9470.0000 98.3736 0.0117
9475.0000 98.3063 0.0127
9480.0000 98.3263 0.0126
9485.0000 98.3249 0.0122
9490.0000 98.3194 0.0123
9495.0000 98.3147 0.0114
9500.0000 98.3374 0.0111
9505.0000 98.3149 0.0118
9510.0000 98.3754 0.0111
9515.0000 98.3518 0.0115
9520.0000 98.4038 0.0113
9525.0000 98.4118 0.0118
9530.0000 98.4468 0.0112
9535.0000 98.4211 0.0116
9540.0000 98.4308 0.0109
9545.0000 98.4337 0.0107
9550.0000 98.3845 0.0117
9555.0000 98.4550 0.0107
9560.0000 98.4458 0.0112
9565.0000 98.4508 0.0103
9570.0000 98.4235 0.0103
9575.0000 98.3553 0.0116
9580.0000 98.3690 0.0111
9585.0000 98.3714 0.0109
9590.0000 98.3380 0.0115
9595.0000 98.3890 0.0115
9600.0000 98.3953 0.0114
9605.0000 98.4141 0.0111
9610.0000 98.4786 0.0102
9615.0000 98.5168 0.0099
9620.0000 98.5590 0.0101
9625.0000 98.6055 0.0095
9630.0000 98.6191 0.0097
9635.0000 98.6422 0.0096
9640.0000 98.6866 0.0088
9645.0000 98.6958 0.0092
9650.0000 98.7216 0.0082
9655.0000 98.7447 0.0080
9660.0000 98.7277 0.0084
9665.0000 98.7583 0.0078
9670.0000 98.7511 0.0078
9675.0000 98.7598 0.0079
9680.0000 98.7844 0.0073
9685.0000 98.7778 0.0075
9690.0000 98.7889 0.0072
9695.0000 98.7936 0.0073
9700.0000 98.8116 0.0069
9705.0000 98.8219 0.0067
9710.0000 98.8282 0.0065
9715.0000 98.8309 0.0065
9720.0000 98.8430 0.0065
9725.0000 98.8515 0.0062
9730.0000 98.8539 0.0063
9735.0000 98.8537 0.0063
9740.0000 98.8483 0.0062
9745.0000 98.8146 0.0064
9750.0000 98.8023 0.0064
9755.0000 98.7740 0.0069
9760.0000 98.7644 0.0073
9765.0000 98.7314 0.0075
9770.0000 98.6490 0.0086
9775.0000 98.5702 0.0092
9780.0000 98.4841 0.0106
9785.0000 98.3353 0.0114
9790.0000 98.3551 0.0106
9795.0000 98.2807 0.0118
9800.0000 98.2112 0.0112
9805.0000 98.2227 0.0114
9810.0000 98.1995 0.0108
9815.0000 98.2294 0.0103
9820.0000 98.2494 0.0102
9825.0000 98.3401 0.0101
9830.0000 98.3431 0.0111
9835.0000 98.3522 0.0100
9840.0000 98.3805 0.0101
9845.0000 98.2696 0.0113
9850.0000 98.3509 0.0100
9855.0000 98.3119 0.0113
9860.0000 98.3288 0.0109
9865.0000 98.3154 0.0114
9870.0000 98.3472 0.0114
9875.0000 98.3644 0.0115
9880.0000 98.3716 0.0117
9885.0000 98.4054 0.0115
9890.0000 98.4274 0.0106
9895.0000 98.3899 0.0116
9900.0000 98.4116 0.0113
9905.0000 98.4298 0.0117
9910.0000 98.4166 0.0117
9915.0000 98.4132 0.0122
9920.0000 98.4936 0.0113
9925.0000 98.4977 0.0116
9930.0000 98.5751 0.0110
9935.0000 98.6114 0.0110
9940.0000 98.6646 0.0103
9945.0000 98.6889 0.0096
9950.0000 98.7052 0.0094
9955.0000 98.7362 0.0093
9960.0000 98.7461 0.0089
9965.0000 98.8027 0.0079
9970.0000 98.8513 0.0070
9975.0000 98.8652 0.0067
9980.0000 98.8513 0.0070
9985.0000 98.8426 0.0072
9990.0000 98.8494 0.0068
9995.0000 98.8653 0.0067
10000.0000 98.8700 0.0066
10005.0000 98.8475 0.0070
10010.0000 98.8279 0.0075
10015.0000 98.8011 0.0079
10020.0000 98.7397 0.0086
10025.0000 98.7253 0.0085
10030.0000 98.6227 0.0096
10035.0000 98.5634 0.0096
10040.0000 98.5349 0.0097
10045.0000 98.4603 0.0109
10050.0000 98.4468 0.0102
10055.0000 98.4993 0.0102
10060.0000 98.3993 0.0122
10065.0000 98.3932 0.0118
10070.0000 98.4872 0.0110
10075.0000 98.4482 0.0115
10080.0000 98.5275 0.0101
10085.0000 98.5813 0.0099
10090.0000 98.6276 0.0094
10095.0000 98.6801 0.0085
10100.0000 98.7080 0.0085
10105.0000 98.7249 0.0081
10110.0000 98.7286 0.0083
10115.0000 98.8290 0.0063
10120.0000 98.8552 0.0067
10125.0000 98.8723 0.0062
10130.0000 98.8817 0.0062
10135.0000 98.9246 0.0057
10140.0000 98.9218 0.0057
10145.0000 98.9203 0.0059
10150.0000 98.9383 0.0055
10155.0000 98.9430 0.0053
10160.0000 98.9557 0.0051
10165.0000 98.9538 0.0052
10170.0000 98.9467 0.0050
10175.0000 98.9481 0.0050
10180.0000 98.9822 0.0043
10185.0000 98.9715 0.0045
10190.0000 98.9698 0.0045
10195.0000 98.9710 0.0045
10200.0000 98.9613 0.0047
10205.0000 98.9787 0.0043
10210.0000 98.9789 0.0044
10215.0000 98.9917 0.0043
10220.0000 99.0074 0.0041
10225.0000 98.9817 0.0046
10230.0000 98.9839 0.0048
10235.0000 98.9546 0.0053
10240.0000 98.9377 0.0056
10245.0000 98.9353 0.0059
10250.0000 98.8731 0.0065
10255.0000 98.8470 0.0068
10260.0000 98.8200 0.0072
10265.0000 98.7961 0.0077
10270.0000 98.7079 0.0094
10275.0000 98.6606 0.0098
10280.0000 98.5977 0.0101
10285.0000 98.5504 0.0109
10290.0000 98.5253 0.0115
10295.0000 98.6107 0.0108
10300.0000 98.6379 0.0104
10305.0000 98.6601 0.0103
10310.0000 98.7033 0.0094
10315.0000 98.7414 0.0093
10320.0000 98.7602 0.0089
10325.0000 98.7681 0.0086
10330.0000 98.8273 0.0081
10335.0000 98.8114 0.0089
10340.0000 98.7960 0.0081
10345.0000 98.7323 0.0094
10350.0000 98.6900 0.0100
10355.0000 98.6268 0.0110
10360.0000 98.6453 0.0109
10365.0000 98.6833 0.0104
10370.0000 98.6258 0.0112
10375.0000 98.5709 0.0114
10380.0000 98.6083 0.0109
10385.0000 98.5587 0.0116
10390.0000 98.6219 0.0108
10395.0000 98.6291 0.0104
10400.0000 98.6390 0.0107
10405.0000 98.6265 0.0104
10410.0000 98.6664 0.0096
10415.0000 98.6741 0.0100
10420.0000 98.6723 0.0099
10425.0000 98.6771 0.0095
10430.0000 98.6866 0.0095
10435.0000 98.7190 0.0088
10440.0000 98.7471 0.0082
10445.0000 98.7333 0.0082
10450.0000 98.7104 0.0084
10455.0000 98.7395 0.0083
10460.0000 98.7159 0.0084
10465.0000 98.6601 0.0100
10470.0000 98.6030 0.0100
10475.0000 98.5615 0.0107
10480.0000 98.5861 0.0101
10485.0000 98.5260 0.0111
10490.0000 98.4724 0.0113
10495.0000 98.4348 0.0112
10500.0000 98.4887 0.0113
10505.0000 98.5178 0.0110
10510.0000 98.5439 0.0107
10515.0000 98.5202 0.0114
10520.0000 98.5725 0.0107
10525.0000 98.6155 0.0105
10530.0000 98.6457 0.0097
10535.0000 98.7085 0.0086
10540.0000 98.7592 0.0076
10545.0000 98.8110 0.0072
10550.0000 98.8305 0.0069
10555.0000 98.8337 0.0069
10560.0000 98.8135 0.0071
10565.0000 98.8138 0.0072
10570.0000 98.8090 0.0069
10575.0000 98.7799 0.0072
10580.0000 98.7535 0.0069
10585.0000 98.7433 0.0068
10590.0000 98.6785 0.0082
10595.0000 98.6391 0.0089
10600.0000 98.5520 0.0095
10605.0000 98.5338 0.0102
10610.0000 98.5401 0.0095
10615.0000 98.5667 0.0100
10620.0000 98.5344 0.0097
10625.0000 98.5474 0.0106
10630.0000 98.6070 0.0094
10635.0000 98.6463 0.0083
10640.0000 98.6358 0.0095
10645.0000 98.6757 0.0090
10650.0000 98.6295 0.0099
10655.0000 98.6714 0.0087
10660.0000 98.6427 0.0092
10665.0000 98.6881 0.0086
10670.0000 98.6530 0.0094
10675.0000 98.6257 0.0100
10680.0000 98.5483 0.0104
10685.0000 98.5217 0.0101
10690.0000 98.4258 0.0110
10695.0000 98.3864 0.0116
10700.0000 98.3385 0.0114
10705.0000 98.3685 0.0116
10710.0000 98.3193 0.0115
10715.0000 98.3866 0.0111
10720.0000 98.3616 0.0116
10725.0000 98.4236 0.0113
10730.0000 98.3845 0.0111
10735.0000 98.2767 0.0121
10740.0000 98.2854 0.0113
10745.0000 98.2934 0.0120
10750.0000 98.2538 0.0116
10755.0000 98.2494 0.0117
10760.0000 98.2448 0.0116
10765.0000 98.2100 0.0112
10770.0000 98.2692 0.0106
10775.0000 98.2925 0.0111
10780.0000 98.3666 0.0109
10785.0000 98.3997 0.0098
10790.0000 98.4941 0.0091
10795.0000 98.5281 0.0095
10800.0000 98.5590 0.0096
10805.0000 98.5491 0.0097
10810.0000 98.5745 0.0092
10815.0000 98.6810 0.0083
10820.0000 98.7175 0.0077
10825.0000 98.7379 0.0073
10830.0000 98.7825 0.0068
10835.0000 98.7830 0.0067
10840.0000 98.7985 0.0067
10845.0000 98.8217 0.0060
10850.0000 98.8096 0.0068
10855.0000 98.8274 0.0062
10860.0000 98.8623 0.0055
10865.0000 98.8671 0.0055
10870.0000 98.8633 0.0058
10875.0000 98.8634 0.0058
10880.0000 98.8849 0.0052
10885.0000 98.8748 0.0055
10890.0000 98.8790 0.0054
10895.0000 98.8686 0.0056
10900.0000 98.8995 0.0051
10905.0000 98.8960 0.0053
10910.0000 98.8836 0.0055
10915.0000 98.8862 0.0054
10920.0000 98.8784 0.0055
10925.0000 98.8892 0.0054
10930.0000 98.8867 0.0055
10935.0000 98.8701 0.0060
10940.0000 98.8510 0.0064
10945.0000 98.8579 0.0058
10950.0000 98.8539 0.0059
10955.0000 98.8710 0.0057
10960.0000 98.8509 0.0061
10965.0000 98.8556 0.0061
10970.0000 98.8443 0.0063
10975.0000 98.8382 0.0063
10980.0000 98.8404 0.0062
10985.0000 98.8561 0.0059
10990.0000 98.8451 0.0062
10995.0000 98.8378 0.0061
11000.0000 98.8410 0.0062
11005.0000 98.8388 0.0059
11010.0000 98.8032 0.0066
11015.0000 98.8013 0.0060
11020.0000 98.7815 0.0069
11025.0000 98.7806 0.0068
11030.0000 98.7808 0.0066
11035.0000 98.7677 0.0071
11040.0000 98.7764 0.0071
11045.0000 98.7853 0.0071
11050.0000 98.7501 0.0074
11055.0000 98.6930 0.0082
11060.0000 98.6745 0.0084
11065.0000 98.6442 0.0085
11070.0000 98.6203 0.0091
11075.0000 98.6162 0.0090
11080.0000 98.6277 0.0087
11085.0000 98.6229 0.0090
11090.0000 98.5705 0.0089
11095.0000 98.5461 0.0093
11100.0000 98.5474 0.0092
11105.0000 98.5116 0.0102
11110.0000 98.4222 0.0111
11115.0000 98.3743 0.0114
11120.0000 98.3269 0.0109
11125.0000 98.3039 0.0115
11130.0000 98.2847 0.0117
11135.0000 98.2896 0.0119
11140.0000 98.2824 0.0121
11145.0000 98.2639 0.0112
11150.0000 98.1955 0.0122
11155.0000 98.2685 0.0107
11160.0000 98.2540 0.0110
11165.0000 98.2249 0.0111
11170.0000 98.2448 0.0109
11175.0000 98.2027 0.0121
11180.0000 98.1925 0.0118
11185.0000 98.1930 0.0119
11190.0000 98.2304 0.0120
11195.0000 98.2368 0.0121
11200.0000 98.2740 0.0124
11205.0000 98.2874 0.0120
11210.0000 98.3312 0.0117
11215.0000 98.3732 0.0120
11220.0000 98.4349 0.0112
11225.0000 98.4730 0.0111
11230.0000 98.5206 0.0104
11235.0000 98.5150 0.0113
11240.0000 98.5218 0.0111
11245.0000 98.5769 0.0100
11250.0000 98.6009 0.0103
11255.0000 98.6532 0.0093
11260.0000 98.6799 0.0096
11265.0000 98.7332 0.0085
11270.0000 98.7411 0.0084
11275.0000 98.7314 0.0088
11280.0000 98.7583 0.0087
11285.0000 98.7854 0.0079
11290.0000 98.8224 0.0076
11295.0000 98.8044 0.0081
11300.0000 98.8244 0.0072
11305.0000 98.8285 0.0071
11310.0000 98.8304 0.0072
11315.0000 98.8462 0.0069
11320.0000 98.8330 0.0073
11325.0000 98.8511 0.0069
11330.0000 98.8535 0.0068
11335.0000 98.8650 0.0066
11340.0000 98.8772 0.0064
11345.0000 98.9094 0.0061
11350.0000 98.9194 0.0059
11355.0000 98.9130 0.0059
11360.0000 98.9046 0.0061
11365.0000 98.8861 0.0065
11370.0000 98.8705 0.0069
11375.0000 98.8316 0.0076
11380.0000 98.8144 0.0075
11385.0000 98.7317 0.0087
11390.0000 98.6653 0.0098
11395.0000 98.6259 0.0103
11400.0000 98.6130 0.0104
11405.0000 98.6081 0.0110
11410.0000 98.6338 0.0107
11415.0000 98.6577 0.0105
11420.0000 98.6501 0.0104
11425.0000 98.6911 0.0104
11430.0000 98.6789 0.0110
11435.0000 98.7588 0.0096
11440.0000 98.7907 0.0087
11445.0000 98.8023 0.0082
11450.0000 98.8040 0.0080
11455.0000 98.7699 0.0085
11460.0000 98.7221 0.0095
11465.0000 98.6237 0.0103
11470.0000 98.6122 0.0107
11475.0000 98.4819 0.0116
11480.0000 98.4524 0.0114
11485.0000 98.4018 0.0127
11490.0000 98.4248 0.0112
11495.0000 98.4425 0.0112
11500.0000 98.4106 0.0120
11505.0000 98.3882 0.0116
11510.0000 98.4524 0.0115
11515.0000 98.5388 0.0111
11520.0000 98.5813 0.0109
11525.0000 98.6260 0.0109
11530.0000 98.7052 0.0093
11535.0000 98.7058 0.0099
11540.0000 98.7504 0.0085
11545.0000 98.7793 0.0078
11550.0000 98.8074 0.0076
11555.0000 98.8345 0.0072
11560.0000 98.8718 0.0067
11565.0000 98.8682 0.0067
11570.0000 98.8788 0.0071
11575.0000 98.9059 0.0064
11580.0000 98.8992 0.0065
11585.0000 98.9373 0.0059
11590.0000 98.9498 0.0056
11595.0000 98.9300 0.0057
11600.0000 98.9287 0.0058
11605.0000 98.9385 0.0054
11610.0000 98.9163 0.0060
11615.0000 98.9031 0.0059
11620.0000 98.8998 0.0062
11625.0000 98.8520 0.0066
11630.0000 98.8111 0.0074
11635.0000 98.8014 0.0079
11640.0000 98.7738 0.0085
11645.0000 98.6604 0.0092
11650.0000 98.6110 0.0102
11655.0000 98.6451 0.0100
11660.0000 98.6012 0.0108
11665.0000 98.6351 0.0109
11670.0000 98.7035 0.0100
11675.0000 98.7237 0.0103
11680.0000 98.7527 0.0105
11685.0000 98.7764 0.0094
11690.0000 98.8373 0.0081
11695.0000 98.8769 0.0077
11700.0000 98.9102 0.0068
11705.0000 98.9056 0.0073
11710.0000 98.9132 0.0071
11715.0000 98.9381 0.0065
11720.0000 98.9462 0.0065
11725.0000 98.9351 0.0067
11730.0000 98.9410 0.0069
11735.0000 98.9332 0.0068
11740.0000 98.8839 0.0074
11745.0000 98.8487 0.0078
11750.0000 98.7813 0.0085
11755.0000 98.7065 0.0093
11760.0000 98.6553 0.0104
11765.0000 98.6262 0.0093
11770.0000 98.6263 0.0104
11775.0000 98.6478 0.0096
11780.0000 98.6163 0.0103
11785.0000 98.6475 0.0099
11790.0000 98.6467 0.0102
11795.0000 98.6880 0.0098
11800.0000 98.7372 0.0090
11805.0000 98.7718 0.0088
11810.0000 98.7783 0.0085
11815.0000 98.8384 0.0077
11820.0000 98.8653 0.0070
11825.0000 98.8727 0.0066
11830.0000 98.9136 0.0060
11835.0000 98.9171 0.0058
11840.0000 98.9357 0.0055
11845.0000 98.9340 0.0055
11850.0000 98.9580 0.0050
11855.0000 98.9425 0.0052
11860.0000 98.9543 0.0050
11865.0000 98.9536 0.0050
11870.0000 98.9399 0.0053
11875.0000 98.9304 0.0055
11880.0000 98.9221 0.0058
11885.0000 98.9321 0.0057
11890.0000 98.9268 0.0057
11895.0000 98.9140 0.0059
11900.0000 98.8692 0.0066
11905.0000 98.8074 0.0071
11910.0000 98.7730 0.0074
11915.0000 98.6562 0.0089
11920.0000 98.5169 0.0104
11925.0000 98.4724 0.0101
11930.0000 98.3924 0.0102
11935.0000 98.3309 0.0117
11940.0000 98.3671 0.0120
11945.0000 98.3627 0.0112
11950.0000 98.3794 0.0107
11955.0000 98.3122 0.0119
11960.0000 98.2763 0.0114
11965.0000 98.2649 0.0110
11970.0000 98.2687 0.0115
11975.0000 98.2184 0.0121
11980.0000 98.2695 0.0110
11985.0000 98.3193 0.0106
11990.0000 98.2646 0.0108
11995.0000 98.3499 0.0106
12000.0000 98.4154 0.0107
12005.0000 98.4086 0.0115
12010.0000 98.4429 0.0115
12015.0000 98.4978 0.0113
12020.0000 98.5577 0.0108
12025.0000 98.6201 0.0103
12030.0000 98.6767 0.0094
12035.0000 98.6841 0.0094
12040.0000 98.7174 0.0091
12045.0000 98.7287 0.0090
12050.0000 98.7455 0.0088
12055.0000 98.7961 0.0071
12060.0000 98.7957 0.0074
12065.0000 98.7848 0.0076
12070.0000 98.8162 0.0071
12075.0000 98.7904 0.0072
12080.0000 98.8124 0.0066
12085.0000 98.8012 0.0067
12090.0000 98.7658 0.0074
12095.0000 98.7430 0.0077
12100.0000 98.7231 0.0079
12105.0000 98.6923 0.0088
12110.0000 98.7139 0.0080
12115.0000 98.6615 0.0083
12120.0000 98.6480 0.0087
12125.0000 98.6522 0.0083
12130.0000 98.6241 0.0095
12135.0000 98.6182 0.0093
12140.0000 98.5911 0.0098
12145.0000 98.5411 0.0101
12150.0000 98.5374 0.0103
12155.0000 98.5808 0.0103
12160.0000 98.6522 0.0090
12165.0000 98.6822 0.0091
12170.0000 98.7141 0.0089
12175.0000 98.7102 0.0092
12180.0000 98.7423 0.0085
12185.0000 98.7475 0.0085
12190.0000 98.7847 0.0076
12195.0000 98.7969 0.0077
12200.0000 98.7989 0.0076
12205.0000 98.8257 0.0073
12210.0000 98.8525 0.0070
12215.0000 98.8471 0.0073
12220.0000 98.8656 0.0067
12225.0000 98.8854 0.0063
12230.0000 98.8882 0.0066
12235.0000 98.8699 0.0069
12240.0000 98.8717 0.0068
12245.0000 98.8748 0.0065
12250.0000 98.8781 0.0066
12255.0000 98.8786 0.0067
12260.0000 98.8958 0.0063
12265.0000 98.8927 0.0064
12270.0000 98.8986 0.0062
12275.0000 98.8963 0.0063
12280.0000 98.9043 0.0061
12285.0000 98.8965 0.0063
12290.0000 98.8983 0.0062
12295.0000 98.8951 0.0064
12300.0000 98.8979 0.0064
12305.0000 98.8927 0.0064
12310.0000 98.8826 0.0064
12315.0000 98.8664 0.0067
12320.0000 98.8393 0.0069
12325.0000 98.7669 0.0074
12330.0000 98.6986 0.0089
12335.0000 98.6456 0.0092
12340.0000 98.6062 0.0101
12345.0000 98.5423 0.0108
12350.0000 98.5876 0.0105
12355.0000 98.6309 0.0101
12360.0000 98.6211 0.0103
12365.0000 98.6844 0.0095
12370.0000 98.7160 0.0095
12375.0000 98.7747 0.0080
12380.0000 98.7828 0.0080
12385.0000 98.7962 0.0078
12390.0000 98.8281 0.0075
12395.0000 98.8618 0.0070
12400.0000 98.8936 0.0066
12405.0000 98.9215 0.0057
12410.0000 98.9349 0.0054
12415.0000 98.9592 0.0049
12420.0000 98.9551 0.0050
12425.0000 98.9642 0.0047
12430.0000 98.9421 0.0054
12435.0000 98.9576 0.0049
12440.0000 98.9563 0.0049
12445.0000 98.9550 0.0048
12450.0000 98.9356 0.0049
12455.0000 98.9132 0.0053
12460.0000 98.9189 0.0051
12465.0000 98.9020 0.0055
12470.0000 98.8860 0.0057
12475.0000 98.8341 0.0063
12480.0000 98.7806 0.0074
12485.0000 98.7382 0.0072
12490.0000 98.7191 0.0076
12495.0000 98.6304 0.0086
12500.0000 98.5948 0.0091
12505.0000 98.5580 0.0096
12510.0000 98.5694 0.0095
12515.0000 98.5044 0.0110
12520.0000 98.5888 0.0096
12525.0000 98.6250 0.0093
12530.0000 98.6520 0.0089
12535.0000 98.6761 0.0089
12540.0000 98.7032 0.0087
12545.0000 98.7522 0.0078
12550.0000 98.8086 0.0066
12555.0000 98.8224 0.0068
12560.0000 98.8440 0.0062
12565.0000 98.8552 0.0064
12570.0000 98.8605 0.0064
12575.0000 98.9058 0.0055
12580.0000 98.9109 0.0054
12585.0000 98.9243 0.0055
12590.0000 98.9459 0.0048
12595.0000 98.9599 0.0045
12600.0000 98.9625 0.0043
12605.0000 98.9656 0.0043
12610.0000 98.9789 0.0040
12615.0000 98.9775 0.0040
12620.0000 98.9811 0.0039
12625.0000 98.9885 0.0040
12630.0000 98.9830 0.0039
12635.0000 98.9804 0.0040
12640.0000 98.9779 0.0041
12645.0000 98.9856 0.0040
12650.0000 98.9834 0.0040
12655.0000 98.9759 0.0040
12660.0000 98.9758 0.0041
12665.0000 98.9792 0.0040
12670.0000 98.9759 0.0040
12675.0000 98.9700 0.0043
12680.0000 98.9737 0.0042
12685.0000 98.9767 0.0042
12690.0000 98.9784 0.0041
12695.0000 98.9807 0.0040
12700.0000 98.9675 0.0043
12705.0000 98.9711 0.0041
12710.0000 98.9624 0.0041
12715.0000 98.9679 0.0041
12720.0000 98.9757 0.0039
12725.0000 98.9695 0.0040
12730.0000 98.9691 0.0039
12735.0000 98.9646 0.0042
12740.0000 98.9566 0.0043
12745.0000 98.9332 0.0048
12750.0000 98.9079 0.0050
12755.0000 98.8717 0.0060
12760.0000 98.8437 0.0065
12765.0000 98.8004 0.0075
12770.0000 98.7928 0.0072
12775.0000 98.7170 0.0087
12780.0000 98.6959 0.0084
12785.0000 98.6969 0.0087
12790.0000 98.6329 0.0094
12795.0000 98.5636 0.0100
12800.0000 98.5612 0.0100
12805.0000 98.5436 0.0108
12810.0000 98.5236 0.0101
12815.0000 98.4944 0.0101
12820.0000 98.4214 0.0118
12825.0000 98.3677 0.0123
12830.0000 98.4282 0.0116
12835.0000 98.4170 0.0125
12840.0000 98.5090 0.0109
12845.0000 98.5519 0.0103
12850.0000 98.5366 0.0111
12855.0000 98.6428 0.0093
12860.0000 98.7120 0.0082
12865.0000 98.7244 0.0086
12870.0000 98.7205 0.0088
12875.0000 98.7605 0.0083
12880.0000 98.7901 0.0075
12885.0000 98.8334 0.0071
12890.0000 98.8316 0.0072
12895.0000 98.8376 0.0071
12900.0000 98.8792 0.0062
12905.0000 98.9085 0.0056
12910.0000 98.9200 0.0056
12915.0000 98.9008 0.0060
12920.0000 98.9170 0.0056
12925.0000 98.9260 0.0055
12930.0000 98.9204 0.0057
12935.0000 98.9320 0.0054
12940.0000 98.9331 0.0054
12945.0000 98.9261 0.0054
12950.0000 98.9038 0.0058
12955.0000 98.8928 0.0057
12960.0000 98.8814 0.0058
12965.0000 98.8247 0.0065
12970.0000 98.7797 0.0071
12975.0000 98.7248 0.0081
12980.0000 98.6887 0.0085
12985.0000 98.6845 0.0092
12990.0000 98.6351 0.0097
12995.0000 98.6001 0.0108
13000.0000 98.6069 0.0111
13005.0000 98.6360 0.0111
13010.0000 98.6455 0.0103
13015.0000 98.6859 0.0094
13020.0000 98.7008 0.0098
13025.0000 98.7802 0.0085
13030.0000 98.8539 0.0069
13035.0000 98.8340 0.0074
13040.0000 98.8603 0.0071
13045.0000 98.8786 0.0072
13050.0000 98.8850 0.0069
13055.0000 98.8906 0.0068
13060.0000 98.9014 0.0067
13065.0000 98.9153 0.0064
13070.0000 98.9465 0.0058
13075.0000 98.9360 0.0060
13080.0000 98.9203 0.0062
13085.0000 98.9240 0.0060
13090.0000 98.9140 0.0062
13095.0000 98.9194 0.0061
13100.0000 98.8711 0.0068
13105.0000 98.8359 0.0070
13110.0000 98.7824 0.0078
13115.0000 98.6653 0.0095
13120.0000 98.6406 0.0092
13125.0000 98.5405 0.0099
13130.0000 98.4694 0.0108
13135.0000 98.4337 0.0110
13140.0000 98.4400 0.0107
13145.0000 98.4290 0.0101
13150.0000 98.3579 0.0111
13155.0000 98.3625 0.0112
13160.0000 98.3284 0.0117
13165.0000 98.2937 0.0112
13170.0000 98.3058 0.0115
13175.0000 98.2826 0.0122
13180.0000 98.3401 0.0112
13185.0000 98.2958 0.0124
13190.0000 98.3186 0.0116
13195.0000 98.3470 0.0116
13200.0000 98.4116 0.0105
13205.0000 98.3968 0.0105
13210.0000 98.3653 0.0107
13215.0000 98.3960 0.0108
13220.0000 98.5111 0.0093
13225.0000 98.4629 0.0108
13230.0000 98.5164 0.0089
13235.0000 98.5433 0.0092
13240.0000 98.5559 0.0094
13245.0000 98.5994 0.0089
13250.0000 98.6423 0.0086
13255.0000 98.6295 0.0084
13260.0000 98.5928 0.0088
13265.0000 98.6452 0.0080
13270.0000 98.6137 0.0083
13275.0000 98.5876 0.0084
13280.0000 98.5816 0.0087
13285.0000 98.5347 0.0088
13290.0000 98.4666 0.0096
13295.0000 98.4185 0.0106
13300.0000 98.4178 0.0101
13305.0000 98.4682 0.0098
13310.0000 98.4599 0.0105
13315.0000 98.4906 0.0098
13320.0000 98.5083 0.0093
13325.0000 98.4835 0.0113
13330.0000 98.5345 0.0112
13335.0000 98.6149 0.0103
13340.0000 98.6114 0.0104
13345.0000 98.6254 0.0103
13350.0000 98.6748 0.0094
13355.0000 98.7175 0.0090
13360.0000 98.7484 0.0083
13365.0000 98.7888 0.0074
13370.0000 98.8357 0.0068
13375.0000 98.8422 0.0071
13380.0000 98.8347 0.0071
13385.0000 98.8376 0.0070
13390.0000 98.8347 0.0072
13395.0000 98.8651 0.0066
13400.0000 98.8872 0.0062
13405.0000 98.8633 0.0068
13410.0000 98.8571 0.0067
13415.0000 98.7845 0.0073
13420.0000 98.7374 0.0076
13425.0000 98.7003 0.0079
13430.0000 98.6145 0.0092
13435.0000 98.5911 0.0087
13440.0000 98.5041 0.0105
13445.0000 98.4724 0.0114
13450.0000 98.4706 0.0112
13455.0000 98.4807 0.0116
13460.0000 98.4185 0.0119
13465.0000 98.4180 0.0121
13470.0000 98.3941 0.0123
13475.0000 98.4023 0.0119
13480.0000 98.3522 0.0118
13485.0000 98.3923 0.0117
13490.0000 98.3865 0.0116
13495.0000 98.3461 0.0118
13500.0000 98.3518 0.0121
13505.0000 98.3872 0.0117
13510.0000 98.3668 0.0119
13515.0000 98.3723 0.0119
13520.0000 98.4500 0.0118
13525.0000 98.4640 0.0119
13530.0000 98.4806 0.0115
13535.0000 98.5005 0.0113
13540.0000 98.5746 0.0098
13545.0000 98.5884 0.0099
13550.0000 98.6257 0.0101
13555.0000 98.6861 0.0100
13560.0000 98.7475 0.0089
13565.0000 98.7731 0.0080
13570.0000 98.8364 0.0073
13575.0000 98.8519 0.0068
13580.0000 98.8469 0.0074
13585.0000 98.8674 0.0071
13590.0000 98.8754 0.0067
13595.0000 98.9028 0.0063
13600.0000 98.9182 0.0063
13605.0000 98.8935 0.0067
13610.0000 98.9205 0.0061
13615.0000 98.9432 0.0056
13620.0000 98.9705 0.0053
13625.0000 98.9600 0.0057
13630.0000 98.9724 0.0055
13635.0000 98.9738 0.0053
13640.0000 98.9848 0.0052
13645.0000 98.9998 0.0048
13650.0000 98.9998 0.0046
13655.0000 99.0004 0.0047
13660.0000 99.0029 0.0047
13665.0000 99.0094 0.0046
13670.0000 99.0032 0.0047
13675.0000 98.9894 0.0048
13680.0000 98.9716 0.0053
13685.0000 98.9587 0.0053
13690.0000 98.9568 0.0052
13695.0000 98.9205 0.0060
13700.0000 98.8574 0.0064
13705.0000 98.8386 0.0069
13710.0000 98.7705 0.0080
13715.0000 98.7271 0.0087
13720.0000 98.6441 0.0099
13725.0000 98.6235 0.0098
13730.0000 98.5731 0.0099
13735.0000 98.5469 0.0099
13740.0000 98.4833 0.0105
13745.0000 98.5316 0.0102
13750.0000 98.5357 0.0101
13755.0000 98.5510 0.0107
13760.0000 98.5824 0.0101
13765.0000 98.5999 0.0095
13770.0000 98.5262 0.0111
13775.0000 98.5601 0.0100
13780.0000 98.5649 0.0099
13785.0000 98.5024 0.0105
13790.0000 98.4948 0.0104
13795.0000 98.4326 0.0098
13800.0000 98.4410 0.0098
13805.0000 98.3583 0.0107
13810.0000 98.3329 0.0110
13815.0000 98.2432 0.0119
13820.0000 98.2497 0.0110
13825.0000 98.3269 0.0109
13830.0000 98.3358 0.0108
13835.0000 98.3659 0.0104
13840.0000 98.4048 0.0108
13845.0000 98.4044 0.0108
13850.0000 98.4965 0.0109
13855.0000 98.5501 0.0105
13860.0000 98.6034 0.0098
13865.0000 98.6330 0.0092
13870.0000 98.6576 0.0095
13875.0000 98.6828 0.0088
13880.0000 98.7163 0.0086
13885.0000 98.7457 0.0081
13890.0000 98.7913 0.0072
13895.0000 98.8157 0.0069
13900.0000 98.8407 0.0068
13905.0000 98.8893 0.0055
13910.0000 98.8906 0.0054
13915.0000 98.8767 0.0056
13920.0000 98.8907 0.0054
13925.0000 98.8900 0.0054
13930.0000 98.8910 0.0055
13935.0000 98.8874 0.0055
13940.0000 98.9085 0.0051
13945.0000 98.9020 0.0051
13950.0000 98.8907 0.0053
13955.0000 98.8773 0.0057
13960.0000 98.8564 0.0060
13965.0000 98.7878 0.0069
13970.0000 98.7675 0.0071
13975.0000 98.6899 0.0079
13980.0000 98.6267 0.0087
13985.0000 98.4627 0.0106
13990.0000 98.4453 0.0099
13995.0000 98.3014 0.0104
14000.0000 98.2286 0.0108
14005.0000 98.2244 0.0110
14010.0000 98.2822 0.0109
14015.0000 98.2887 0.0112
14020.0000 98.2442 0.0117
14025.0000 98.3160 0.0105
14030.0000 98.3619 0.0109
14035.0000 98.4023 0.0106
14040.0000 98.4869 0.0101
14045.0000 98.5250 0.0102
14050.0000 98.5496 0.0097
14055.0000 98.5435 0.0101
14060.0000 98.5609 0.0099
14065.0000 98.5943 0.0095
14070.0000 98.5690 0.0097
14075.0000 98.5906 0.0094
14080.0000 98.5179 0.0105
14085.0000 98.5237 0.0102
14090.0000 98.5033 0.0095
14095.0000 98.4513 0.0106
14100.0000 98.4378 0.0108
14105.0000 98.4190 0.0102
14110.0000 98.3777 0.0099
14115.0000 98.3339 0.0111
14120.0000 98.3371 0.0108
14125.0000 98.3520 0.0106
14130.0000 98.3461 0.0111
14135.0000 98.3330 0.0115
14140.0000 98.4024 0.0103
14145.0000 98.4024 0.0107
14150.0000 98.4323 0.0105
14155.0000 98.4211 0.0106
14160.0000 98.3681 0.0111
14165.0000 98.3307 0.0113
14170.0000 98.2851 0.0112
14175.0000 98.2123 0.0119
14180.0000 98.2590 0.0112
14185.0000 98.1923 0.0110
14190.0000 98.1772 0.0115
14195.0000 98.2312 0.0112
14200.0000 98.1903 0.0113
14205.0000 98.1505 0.0109
14210.0000 98.2658 0.0106
14215.0000 98.2443 0.0114
14220.0000 98.2728 0.0102
14225.0000 98.2336 0.0111
14230.0000 98.1372 0.0113
14235.0000 98.1336 0.0122
14240.0000 98.1453 0.0114
14245.0000 98.1402 0.0116
14250.0000 98.1217 0.0116
14255.0000 98.1408 0.0114
14260.0000 98.1543 0.0106
14265.0000 98.1349 0.0102
14270.0000 98.1668 0.0097
14275.0000 98.1689 0.0101
14280.0000 98.1424 0.0102
14285.0000 98.1800 0.0110
14290.0000 98.1770 0.0115
14295.0000 98.1809 0.0114
14300.0000 98.1676 0.0116
14305.0000 98.1441 0.0113
14310.0000 98.1403 0.0122
14315.0000 98.1795 0.0124
14320.0000 98.2320 0.0117
14325.0000 98.1927 0.0124
14330.0000 98.2588 0.0116
14335.0000 98.2772 0.0118
14340.0000 98.2174 0.0120
14345.0000 98.2187 0.0113
14350.0000 98.2323 0.0111
14355.0000 98.1889 0.0117
14360.0000 98.1107 0.0118
14365.0000 98.2799 0.0108
14370.0000 98.2107 0.0110
14375.0000 98.2463 0.0108
14380.0000 98.1987 0.0113
14385.0000 98.2092 0.0117
14390.0000 98.3065 0.0113
14395.0000 98.2032 0.0120
14400.0000 98.2080 0.0123
14405.0000 98.2498 0.0115
14410.0000 98.2141 0.0121
14415.0000 98.2264 0.0116
14420.0000 98.2117 0.0115
14425.0000 98.2235 0.0114
14430.0000 98.2442 0.0114
14435.0000 98.2196 0.0115
14440.0000 98.2517 0.0119
14445.0000 98.2906 0.0120
14450.0000 98.2399 0.0119
14455.0000 98.3095 0.0115
14460.0000 98.3181 0.0111
14465.0000 98.3591 0.0107
14470.0000 98.4029 0.0108
14475.0000 98.3911 0.0108
14480.0000 98.4525 0.0107
14485.0000 98.4610 0.0105
14490.0000 98.5001 0.0097
14495.0000 98.4730 0.0106
14500.0000 98.4469 0.0109
14505.0000 98.4930 0.0103
14510.0000 98.5124 0.0105
14515.0000 98.5447 0.0103
14520.0000 98.5302 0.0110
14525.0000 98.6162 0.0098
14530.0000 98.6548 0.0094
14535.0000 98.6221 0.0099
14540.0000 98.6752 0.0092
14545.0000 98.6405 0.0097
14550.0000 98.6679 0.0089
14555.0000 98.5864 0.0103
14560.0000 98.5832 0.0098
14565.0000 98.5689 0.0100
14570.0000 98.4895 0.0118
14575.0000 98.4672 0.0121
14580.0000 98.4996 0.0113
14585.0000 98.4548 0.0121
14590.0000 98.4241 0.0113
14595.0000 98.3821 0.0120
14600.0000 98.3460 0.0113
14605.0000 98.3144 0.0112
14610.0000 98.3260 0.0110
14615.0000 98.2636 0.0112
14620.0000 98.2627 0.0112
14625.0000 98.1967 0.0116
14630.0000 98.2057 0.0115
14635.0000 98.2304 0.0117
14640.0000 98.2420 0.0117
14645.0000 98.2325 0.0112
14650.0000 98.2556 0.0108
14655.0000 98.2472 0.0116
14660.0000 98.2418 0.0116
14665.0000 98.3014 0.0106
14670.0000 98.3555 0.0108
14675.0000 98.3974 0.0098
14680.0000 98.4038 0.0100
14685.0000 98.4249 0.0092
14690.0000 98.4000 0.0103
14695.0000 98.4242 0.0097
14700.0000 98.4227 0.0101
14705.0000 98.4467 0.0099
14710.0000 98.3958 0.0112
14715.0000 98.3513 0.0110
14720.0000 98.4076 0.0097
14725.0000 98.3350 0.0110
14730.0000 98.3478 0.0106
14735.0000 98.3259 0.0118
14740.0000 98.2915 0.0125
14745.0000 98.3987 0.0110
14750.0000 98.4199 0.0114
14755.0000 98.4573 0.0112
14760.0000 98.4646 0.0114
14765.0000 98.4923 0.0112
14770.0000 98.5485 0.0100
14775.0000 98.5540 0.0099
14780.0000 98.5751 0.0095
14785.0000 98.6443 0.0094
14790.0000 98.7060 0.0081
14795.0000 98.7238 0.0083
14800.0000 98.6857 0.0084
14805.0000 98.7211 0.0076
14810.0000 98.7253 0.0076
14815.0000 98.7488 0.0072
14820.0000 98.7608 0.0069
14825.0000 98.8148 0.0064
14830.0000 98.8368 0.0060
14835.0000 98.7996 0.0066
14840.0000 98.8276 0.0061
14845.0000 98.8437 0.0060
14850.0000 98.8542 0.0059
14855.0000 98.8536 0.0059
14860.0000 98.8576 0.0057
14865.0000 98.8494 0.0060
14870.0000 98.8634 0.0055
14875.0000 98.8725 0.0054
14880.0000 98.8760 0.0054
14885.0000 98.8745 0.0054
14890.0000 98.8945 0.0050
14895.0000 98.8933 0.0051
14900.0000 98.8967 0.0051
14905.0000 98.9084 0.0049
14910.0000 98.8962 0.0049
14915.0000 98.9013 0.0047
14920.0000 98.9048 0.0046
14925.0000 98.9021 0.0047
14930.0000 98.8935 0.0048
14935.0000 98.8806 0.0051
14940.0000 98.8587 0.0053
14945.0000 98.8440 0.0054
14950.0000 98.8451 0.0053
14955.0000 98.7788 0.0063
14960.0000 98.7087 0.0072
14965.0000 98.6874 0.0073
14970.0000 98.5887 0.0089
14975.0000 98.5047 0.0095
14980.0000 98.3735 0.0113
14985.0000 98.3682 0.0115
14990.0000 98.3505 0.0113
14995.0000 98.3635 0.0120
15000.0000 98.3812 0.0117
15005.0000 98.4234 0.0120
15010.0000 98.4804 0.0109
15015.0000 98.5758 0.0103
15020.0000 98.5591 0.0105
15025.0000 98.6304 0.0094
15030.0000 98.6519 0.0098
15035.0000 98.6461 0.0094
15040.0000 98.6940 0.0089
15045.0000 98.7242 0.0083
15050.0000 98.7334 0.0082
15055.0000 98.7925 0.0073
15060.0000 98.8391 0.0071
15065.0000 98.8591 0.0070
15070.0000 98.8836 0.0064
15075.0000 98.8640 0.0069
15080.0000 98.8647 0.0068
15085.0000 98.8800 0.0064
15090.0000 98.9038 0.0063
15095.0000 98.9248 0.0058
15100.0000 98.9421 0.0053
15105.0000 98.9355 0.0054
15110.0000 98.9368 0.0053
15115.0000 98.9412 0.0052
15120.0000 98.9447 0.0052
15125.0000 98.9453 0.0052
15130.0000 98.9458 0.0051
15135.0000 98.9372 0.0051
15140.0000 98.9303 0.0055
15145.0000 98.9298 0.0055
15150.0000 98.9175 0.0058
15155.0000 98.8770 0.0067
15160.0000 98.8055 0.0070
15165.0000 98.6965 0.0082
15170.0000 98.5892 0.0090
15175.0000 98.5743 0.0102
15180.0000 98.5392 0.0110
15185.0000 98.4784 0.0118
15190.0000 98.5573 0.0121
15195.0000 98.5943 0.0113
15200.0000 98.6007 0.0120
15205.0000 98.6225 0.0119
15210.0000 98.6647 0.0107
15215.0000 98.7027 0.0099
15220.0000 98.7446 0.0095
15225.0000 98.7793 0.0090
15230.0000 98.8132 0.0090
15235.0000 98.8528 0.0082
15240.0000 98.8883 0.0076
15245.0000 98.9182 0.0070
15250.0000 98.9305 0.0066
15255.0000 98.9272 0.0069
15260.0000 98.9533 0.0062
15265.0000 98.9746 0.0057
15270.0000 98.9645 0.0060
15275.0000 98.9639 0.0061
15280.0000 98.9613 0.0060
15285.0000 98.9293 0.0067
15290.0000 98.9485 0.0060
15295.0000 98.9194 0.0067
15300.0000 98.9118 0.0071
15305.0000 98.9118 0.0068
15310.0000 98.9215 0.0063
15315.0000 98.8885 0.0067
15320.0000 98.8462 0.0076
15325.0000 98.7904 0.0079
15330.0000 98.7641 0.0085
15335.0000 98.6652 0.0094
15340.0000 98.6167 0.0098
15345.0000 98.5039 0.0116
15350.0000 98.4684 0.0122
15355.0000 98.3960 0.0123
15360.0000 98.3558 0.0117
15365.0000 98.3615 0.0115
15370.0000 98.2843 0.0118
15375.0000 98.2921 0.0119
15380.0000 98.3085 0.0116
15385.0000 98.2900 0.0122
15390.0000 98.2419 0.0118
15395.0000 98.1862 0.0126
15400.0000 98.2605 0.0116
15405.0000 98.1707 0.0115
15410.0000 98.1689 0.0117
15415.0000 98.2577 0.0110
15420.0000 98.2536 0.0117
15425.0000 98.1988 0.0118
15430.0000 98.2310 0.0125
15435.0000 98.2214 0.0120
15440.0000 98.2369 0.0119
15445.0000 98.2643 0.0119
15450.0000 98.2763 0.0122
15455.0000 98.2509 0.0129
15460.0000 98.3275 0.0114
15465.0000 98.3415 0.0122
15470.0000 98.3304 0.0132
15475.0000 98.3767 0.0119
15480.0000 98.3799 0.0118
15485.0000 98.4455 0.0114
15490.0000 98.5010 0.0111
15495.0000 98.4913 0.0115
15500.0000 98.5190 0.0115
15505.0000 98.5404 0.0109
15510.0000 98.5861 0.0106
15515.0000 98.6045 0.0106
15520.0000 98.6807 0.0093
15525.0000 98.6761 0.0094
15530.0000 98.6466 0.0103
15535.0000 98.6431 0.0104
15540.0000 98.6777 0.0099
15545.0000 98.7369 0.0091
15550.0000 98.7354 0.0100
15555.0000 98.7651 0.0091
15560.0000 98.7995 0.0088
15565.0000 98.8077 0.0087
15570.0000 98.7858 0.0090
15575.0000 98.8341 0.0080
15580.0000 98.8292 0.0082
15585.0000 98.8586 0.0074
15590.0000 98.8572 0.0076
15595.0000 98.8701 0.0073
15600.0000 98.8787 0.0071
15605.0000 98.9004 0.0066
15610.0000 98.9165 0.0064
15615.0000 98.8887 0.0068
15620.0000 98.8835 0.0069
15625.0000 98.8840 0.0071
15630.0000 98.8943 0.0070
15635.0000 98.9146 0.0065
15640.0000 98.8954 0.0069
15645.0000 98.9223 0.0063
15650.0000 98.9250 0.0063
15655.0000 98.9382 0.0061
15660.0000 98.9390 0.0062
15665.0000 98.9234 0.0068
15670.0000 98.9326 0.0064
15675.0000 98.9343 0.0064
15680.0000 98.9297 0.0064
15685.0000 98.9472 0.0059
15690.0000 98.9504 0.0059
15695.0000 98.9495 0.0060
15700.0000 98.9552 0.0058
15705.0000 98.9471 0.0060
15710.0000 98.9473 0.0059
15715.0000 98.9499 0.0060
15720.0000 98.9282 0.0063
15725.0000 98.9248 0.0064
15730.0000 98.9217 0.0064
15735.0000 98.9066 0.0067
15740.0000 98.9268 0.0058
15745.0000 98.9034 0.0063
15750.0000 98.8682 0.0071
15755.0000 98.8438 0.0076
15760.0000 98.8134 0.0081
15765.0000 98.7816 0.0082
15770.0000 98.7436 0.0089
15775.0000 98.6772 0.0092
15780.0000 98.6444 0.0094
15785.0000 98.5779 0.0103
15790.0000 98.5270 0.0097
15795.0000 98.4246 0.0111
15800.0000 98.3425 0.0118
15805.0000 98.3329 0.0115
15810.0000 98.2243 0.0121
15815.0000 98.2616 0.0116
15820.0000 98.2570 0.0123
15825.0000 98.1915 0.0131
15830.0000 98.2303 0.0122
15835.0000 98.2331 0.0121
15840.0000 98.2483 0.0115
15845.0000 98.2383 0.0113
15850.0000 98.2144 0.0121
15855.0000 98.2816 0.0113
15860.0000 98.2980 0.0111
15865.0000 98.3088 0.0112
15870.0000 98.2584 0.0110
15875.0000 98.3072 0.0116
15880.0000 98.2588 0.0113
15885.0000 98.2793 0.0110
15890.0000 98.2857 0.0109
15895.0000 98.3059 0.0108
15900.0000 98.2868 0.0121
15905.0000 98.3374 0.0113
15910.0000 98.3525 0.0116
15915.0000 98.3584 0.0117
15920.0000 98.3678 0.0120
15925.0000 98.2890 0.0118
15930.0000 98.3113 0.0116
15935.0000 98.2949 0.0116
15940.0000 98.3294 0.0116
15945.0000 98.3147 0.0117
15950.0000 98.3490 0.0111
15955.0000 98.3688 0.0114
15960.0000 98.4000 0.0108
15965.0000 98.4451 0.0103
15970.0000 98.4274 0.0105
15975.0000 98.4728 0.0108
15980.0000 98.5211 0.0109
15985.0000 98.5361 0.0105
15990.0000 98.5755 0.0106
15995.0000 98.5755 0.0098
16000.0000 98.5548 0.0098
16005.0000 98.5658 0.0097
16010.0000 98.4947 0.0104
16015.0000 98.4997 0.0097
16020.0000 98.4954 0.0106
16025.0000 98.4597 0.0109
16030.0000 98.4705 0.0115
16035.0000 98.5288 0.0104
16040.0000 98.5432 0.0110
16045.0000 98.5754 0.0108
16050.0000 98.6167 0.0108
16055.0000 98.6523 0.0104
16060.0000 98.6462 0.0106
16065.0000 98.6828 0.0096
16070.0000 98.7482 0.0084
16075.0000 98.7350 0.0087
16080.0000 98.7628 0.0085
16085.0000 98.8026 0.0078
16090.0000 98.8229 0.0075
16095.0000 98.8099 0.0079
16100.0000 98.8454 0.0071
16105.0000 98.8553 0.0072
16110.0000 98.8555 0.0073
16115.0000 98.8814 0.0066
16120.0000 98.8917 0.0063
16125.0000 98.8926 0.0068
16130.0000 98.9012 0.0064
16135.0000 98.8973 0.0064
16140.0000 98.8968 0.0065
16145.0000 98.8995 0.0065
16150.0000 98.9053 0.0063
16155.0000 98.9125 0.0062
16160.0000 98.9243 0.0060
16165.0000 98.9310 0.0058
16170.0000 98.9308 0.0057
16175.0000 98.9142 0.0063
16180.0000 98.9046 0.0064
16185.0000 98.9193 0.0061
16190.0000 98.9368 0.0057
16195.0000 98.9421 0.0055
16200.0000 98.9485 0.0054
16205.0000 98.9339 0.0057
16210.0000 98.9376 0.0056
16215.0000 98.9213 0.0059
16220.0000 98.9250 0.0058
16225.0000 98.9093 0.0057
16230.0000 98.9039 0.0064
16235.0000 98.9022 0.0064
16240.0000 98.8981 0.0061
16245.0000 98.8988 0.0062
16250.0000 98.8647 0.0068
16255.0000 98.8229 0.0073
16260.0000 98.7866 0.0076
16265.0000 98.8130 0.0072
16270.0000 98.8075 0.0073
16275.0000 98.8064 0.0069
16280.0000 98.7915 0.0070
16285.0000 98.7594 0.0078
16290.0000 98.7798 0.0075
16295.0000 98.7595 0.0077
16300.0000 98.7371 0.0085
16305.0000 98.6731 0.0089
16310.0000 98.6594 0.0085
16315.0000 98.6208 0.0085
16320.0000 98.5900 0.0088
16325.0000 98.5125 0.0099
16330.0000 98.4532 0.0103
16335.0000 98.3760 0.0110
16340.0000 98.3052 0.0113
16345.0000 98.3823 0.0109
16350.0000 98.2966 0.0112
16355.0000 98.3039 0.0107
16360.0000 98.3291 0.0108
16365.0000 98.3046 0.0113
16370.0000 98.2563 0.0122
16375.0000 98.2728 0.0125
16380.0000 98.3173 0.0116
16385.0000 98.3661 0.0113
16390.0000 98.3199 0.0121
16395.0000 98.3438 0.0111
16400.0000 98.3925 0.0113
16405.0000 98.4274 0.0112
16410.0000 98.4291 0.0120
16415.0000 98.4978 0.0114
16420.0000 98.5529 0.0119
16425.0000 98.5838 0.0108
16430.0000 98.5886 0.0110
16435.0000 98.6467 0.0103
16440.0000 98.5614 0.0122
16445.0000 98.6704 0.0100
16450.0000 98.6192 0.0112
16455.0000 98.6460 0.0106
16460.0000 98.7025 0.0096
16465.0000 98.6893 0.0108
16470.0000 98.7776 0.0083
16475.0000 98.7565 0.0089
16480.0000 98.7645 0.0089
16485.0000 98.7975 0.0084
16490.0000 98.7798 0.0086
16495.0000 98.7747 0.0088
16500.0000 98.7138 0.0102
16505.0000 98.7610 0.0097
16510.0000 98.7037 0.0104
16515.0000 98.6749 0.0111
16520.0000 98.6978 0.0102
16525.0000 98.6069 0.0113
16530.0000 98.5520 0.0122
16535.0000 98.5499 0.0111
16540.0000 98.4924 0.0118
16545.0000 98.3978 0.0127
16550.0000 98.3973 0.0115
16555.0000 98.2997 0.0124
16560.0000 98.2973 0.0125
16565.0000 98.2605 0.0128
16570.0000 98.2566 0.0117
16575.0000 98.2292 0.0124
16580.0000 98.2784 0.0122
16585.0000 98.2224 0.0124
16590.0000 98.2177 0.0122
16595.0000 98.2721 0.0107
16600.0000 98.2351 0.0121
16605.0000 98.2150 0.0120
16610.0000 98.2594 0.0115
16615.0000 98.3122 0.0111
16620.0000 98.3133 0.0119
16625.0000 98.3685 0.0117
16630.0000 98.3465 0.0122
16635.0000 98.3691 0.0113
16640.0000 98.3776 0.0112
16645.0000 98.4336 0.0110
16650.0000 98.4673 0.0107
16655.0000 98.5016 0.0106
16660.0000 98.5637 0.0098
16665.0000 98.5730 0.0093
16670.0000 98.5982 0.0099
16675.0000 98.5434 0.0102
16680.0000 98.5620 0.0102
16685.0000 98.5204 0.0100
16690.0000 98.4766 0.0106
16695.0000 98.4737 0.0108
16700.0000 98.5008 0.0105
16705.0000 98.5054 0.0107
16710.0000 98.4809 0.0105
16715.0000 98.4190 0.0116
16720.0000 98.3470 0.0113
16725.0000 98.3500 0.0114
16730.0000 98.2795 0.0124
16735.0000 98.2975 0.0121
16740.0000 98.2100 0.0114
16745.0000 98.2769 0.0116
16750.0000 98.3214 0.0111
16755.0000 98.3179 0.0109
16760.0000 98.3181 0.0110
16765.0000 98.3466 0.0114
16770.0000 98.3671 0.0111
16775.0000 98.3911 0.0111
16780.0000 98.3655 0.0114
16785.0000 98.4423 0.0111
16790.0000 98.5038 0.0111
16795.0000 98.5052 0.0107
16800.0000 98.5329 0.0101
16805.0000 98.5576 0.0100
16810.0000 98.5965 0.0096
16815.0000 98.6079 0.0093
16820.0000 98.6375 0.0083
16825.0000 98.6571 0.0084
16830.0000 98.7208 0.0077
16835.0000 98.7225 0.0075
16840.0000 98.7424 0.0075
16845.0000 98.7303 0.0078
16850.0000 98.7530 0.0075
16855.0000 98.7327 0.0078
16860.0000 98.7260 0.0079
16865.0000 98.7669 0.0070
16870.0000 98.7732 0.0070
16875.0000 98.7978 0.0065
16880.0000 98.8012 0.0063
16885.0000 98.8066 0.0062
16890.0000 98.8413 0.0060
16895.0000 98.8345 0.0061
16900.0000 98.8376 0.0064
16905.0000 98.8572 0.0061
16910.0000 98.8652 0.0061
16915.0000 98.8714 0.0057
16920.0000 98.8714 0.0057
16925.0000 98.8900 0.0054
16930.0000 98.8868 0.0056
16935.0000 98.8913 0.0052
16940.0000 98.8824 0.0054
16945.0000 98.9003 0.0052
16950.0000 98.8735 0.0057
16955.0000 98.8617 0.0059
16960.0000 98.8731 0.0057
16965.0000 98.8587 0.0059
16970.0000 98.8519 0.0062
16975.0000 98.8396 0.0065
16980.0000 98.8167 0.0068
16985.0000 98.8247 0.0063
16990.0000 98.8187 0.0064
16995.0000 98.7858 0.0067
17000.0000 98.7842 0.0065
17005.0000 98.7649 0.0065
17010.0000 98.7500 0.0067
17015.0000 98.7421 0.0064
17020.0000 98.7317 0.0068
17025.0000 98.7311 0.0067
17030.0000 98.7223 0.0074
17035.0000 98.6545 0.0077
17040.0000 98.6184 0.0084
17045.0000 98.6386 0.0080
17050.0000 98.6035 0.0087
17055.0000 98.5138 0.0096
17060.0000 98.4352 0.0100
17065.0000 98.3834 0.0106
17070.0000 98.2872 0.0116
17075.0000 98.3039 0.0116
17080.0000 98.2908 0.0115
17085.0000 98.2228 0.0118
17090.0000 98.1844 0.0099
17095.0000 98.1995 0.0116
17100.0000 98.1402 0.0123
17105.0000 98.2313 0.0114
17110.0000 98.2329 0.0112
17115.0000 98.2125 0.0109
17120.0000 98.1811 0.0119
17125.0000 98.1612 0.0122
17130.0000 98.1612 0.0116
17135.0000 98.1501 0.0112
17140.0000 98.1515 0.0117
17145.0000 98.1693 0.0119
17150.0000 98.1991 0.0113
17155.0000 98.1633 0.0113
17160.0000 98.1583 0.0117
17165.0000 98.1852 0.0122
17170.0000 98.2756 0.0116
17175.0000 98.2866 0.0106
17180.0000 98.2503 0.0108
17185.0000 98.2141 0.0109
17190.0000 98.2383 0.0109
17195.0000 98.2016 0.0106
17200.0000 98.2507 0.0097
17205.0000 98.2431 0.0096
17210.0000 98.2661 0.0095
17215.0000 98.2977 0.0103
17220.0000 98.3273 0.0105
17225.0000 98.3336 0.0111
17230.0000 98.3519 0.0111
17235.0000 98.3597 0.0116
17240.0000 98.3485 0.0116
17245.0000 98.3289 0.0116
17250.0000 98.3136 0.0121
17255.0000 98.2876 0.0131
17260.0000 98.3422 0.0114
17265.0000 98.3243 0.0115
17270.0000 98.3516 0.0117
17275.0000 98.3646 0.0112
17280.0000 98.4256 0.0107
17285.0000 98.3931 0.0110
17290.0000 98.4739 0.0107
17295.0000 98.4525 0.0111
17300.0000 98.4488 0.0120
17305.0000 98.5346 0.0107
17310.0000 98.5481 0.0101
17315.0000 98.5602 0.0101
17320.0000 98.5913 0.0101
17325.0000 98.6163 0.0096
17330.0000 98.5983 0.0099
17335.0000 98.5887 0.0106
17340.0000 98.6514 0.0091
17345.0000 98.6636 0.0094
17350.0000 98.6751 0.0089
17355.0000 98.7064 0.0086
17360.0000 98.7208 0.0082
17365.0000 98.7278 0.0080
17370.0000 98.7256 0.0082
17375.0000 98.7476 0.0084
17380.0000 98.7258 0.0088
17385.0000 98.7163 0.0084
17390.0000 98.6957 0.0088
17395.0000 98.6821 0.0089
17400.0000 98.7035 0.0083
17405.0000 98.6927 0.0084
17410.0000 98.6594 0.0092
17415.0000 98.5814 0.0102
17420.0000 98.4828 0.0098
17425.0000 98.4380 0.0105
17430.0000 98.3792 0.0103
17435.0000 98.3456 0.0108
17440.0000 98.3413 0.0102
17445.0000 98.3095 0.0108
17450.0000 98.3033 0.0117
17455.0000 98.3088 0.0107
17460.0000 98.2663 0.0118
17465.0000 98.3002 0.0110
17470.0000 98.2823 0.0118
17475.0000 98.2521 0.0112
17480.0000 98.2891 0.0108
17485.0000 98.2371 0.0106
17490.0000 98.2612 0.0104
17495.0000 98.2235 0.0120
17500.0000 98.2795 0.0114
17505.0000 98.2826 0.0105
17510.0000 98.2246 0.0107
17515.0000 98.3149 0.0099
17520.0000 98.3015 0.0106
17525.0000 98.2980 0.0106
17530.0000 98.2599 0.0115
17535.0000 98.3110 0.0112
17540.0000 98.2809 0.0119
17545.0000 98.3362 0.0121
17550.0000 98.3076 0.0117
17555.0000 98.2818 0.0112
17560.0000 98.2659 0.0115
17565.0000 98.3185 0.0115
17570.0000 98.2639 0.0116
17575.0000 98.2625 0.0116
17580.0000 98.2668 0.0119
17585.0000 98.3010 0.0114
17590.0000 98.3271 0.0112
17595.0000 98.3407 0.0103
17600.0000 98.3227 0.0112
17605.0000 98.3366 0.0109
17610.0000 98.3387 0.0111
17615.0000 98.3664 0.0103
17620.0000 98.3921 0.0104
17625.0000 98.4109 0.0105
17630.0000 98.4829 0.0095
17635.0000 98.4754 0.0103
17640.0000 98.4858 0.0101
17645.0000 98.4809 0.0101
17650.0000 98.5442 0.0095
17655.0000 98.5153 0.0096
17660.0000 98.5232 0.0097
17665.0000 98.5610 0.0091
17670.0000 98.5706 0.0097
17675.0000 98.5798 0.0093
17680.0000 98.6041 0.0093
17685.0000 98.6141 0.0093
17690.0000 98.6209 0.0090
17695.0000 98.6310 0.0093
17700.0000 98.6373 0.0089
17705.0000 98.6320 0.0093
17710.0000 98.6485 0.0086
17715.0000 98.6324 0.0088
17720.0000 98.6709 0.0090
17725.0000 98.6860 0.0087
17730.0000 98.7029 0.0081
17735.0000 98.6717 0.0089
17740.0000 98.6788 0.0087
17745.0000 98.6547 0.0097
17750.0000 98.6867 0.0091
17755.0000 98.6831 0.0090
17760.0000 98.6742 0.0090
17765.0000 98.6885 0.0086
17770.0000 98.6855 0.0086
17775.0000 98.7031 0.0085
17780.0000 98.7052 0.0091
17785.0000 98.6899 0.0089
17790.0000 98.6726 0.0083
17795.0000 98.6412 0.0089
17800.0000 98.6322 0.0088
17805.0000 98.5944 0.0094
17810.0000 98.6080 0.0091
17815.0000 98.6078 0.0091
17820.0000 98.5211 0.0103
17825.0000 98.5039 0.0108
17830.0000 98.3947 0.0114
17835.0000 98.3439 0.0118
17840.0000 98.3378 0.0117
17845.0000 98.3248 0.0111
17850.0000 98.3054 0.0113
17855.0000 98.2591 0.0112
17860.0000 98.2290 0.0119
17865.0000 98.2758 0.0109
17870.0000 98.2345 0.0106
17875.0000 98.2723 0.0113
17880.0000 98.3372 0.0112
17885.0000 98.3582 0.0110
17890.0000 98.2964 0.0108
17895.0000 98.3156 0.0113
17900.0000 98.3054 0.0110
17905.0000 98.2540 0.0121
17910.0000 98.3183 0.0107
17915.0000 98.2596 0.0109
17920.0000 98.2838 0.0102
17925.0000 98.2822 0.0096
17930.0000 98.2146 0.0110
17935.0000 98.2290 0.0117
17940.0000 98.2424 0.0110
17945.0000 98.2326 0.0113
17950.0000 98.2502 0.0117
17955.0000 98.3049 0.0117
17960.0000 98.2560 0.0112
17965.0000 98.2947 0.0110
17970.0000 98.3165 0.0110
17975.0000 98.3993 0.0108
17980.0000 98.3801 0.0118
17985.0000 98.4491 0.0104
17990.0000 98.5074 0.0096
17995.0000 98.5370 0.0100
18000.0000 98.5219 0.0103
