# deliveryTime  hopCount
9.0000 3
33.0000 4
40.0000 4
43.0000 4
51.0000 4
51.0000 8
4.0000 2
32.0000 4
66.0000 8
67.0000 4
69.0000 5
52.0000 6
72.0000 4
81.0000 8
61.0000 5
33.0000 5
88.0000 8
38.0000 4
68.0000 4
92.0000 6
39.0000 4
39.0000 2
93.0000 5
95.0000 4
95.0000 8
95.0000 4
41.0000 5
96.0000 5
96.0000 7
96.0000 10
3.0000 2
99.0000 6
99.0000 4
99.0000 5
6.0000 2
101.0000 6
78.0000 3
102.0000 8
105.0000 4
53.0000 5
53.0000 4
54.0000 3
108.0000 5
84.0000 4
41.0000 2
85.0000 5
109.0000 6
97.0000 4
86.0000 6
86.0000 6
57.0000 4
111.0000 4
57.0000 5
111.0000 8
88.0000 3
45.0000 2
113.0000 6
62.0000 4
92.0000 5
28.0000 2
116.0000 3
117.0000 6
117.0000 9
57.0000 2
65.0000 3
98.0000 7
120.0000 10
120.0000 6
121.0000 10
121.0000 13
97.0000 6
68.0000 5
124.0000 5
71.0000 3
103.0000 5
25.0000 4
128.0000 5
129.0000 6
129.0000 3
130.0000 4
130.0000 6
121.0000 7
77.0000 8
78.0000 4
132.0000 4
132.0000 15
80.0000 4
4.0000 2
137.0000 6
138.0000 6
77.0000 2
115.0000 6
86.0000 4
108.0000 4
118.0000 6
143.0000 4
119.0000 2
119.0000 5
144.0000 9
98.0000 6
43.0000 3
121.0000 4
5.0000 2
53.0000 2
46.0000 4
149.0000 14
11.0000 2
97.0000 4
151.0000 10
152.0000 4
153.0000 7
52.0000 4
40.0000 3
95.0000 2
55.0000 4
157.0000 12
104.0000 4
108.0000 5
159.0000 7
105.0000 4
105.0000 8
28.0000 2
160.0000 5
99.0000 4
21.0000 2
160.0000 8
161.0000 3
161.0000 3
67.0000 2
161.0000 5
138.0000 4
60.0000 4
24.0000 2
75.0000 2
103.0000 4
111.0000 9
165.0000 11
166.0000 6
166.0000 8
27.0000 2
66.0000 3
164.0000 21
169.0000 4
169.0000 12
111.0000 4
146.0000 6
170.0000 8
171.0000 6
117.0000 4
140.0000 4
173.0000 4
120.0000 5
175.0000 5
37.0000 2
124.0000 5
178.0000 6
179.0000 12
156.0000 3
112.0000 2
156.0000 5
78.0000 4
157.0000 4
157.0000 6
80.0000 3
13.0000 2
159.0000 3
184.0000 8
144.0000 5
185.0000 13
185.0000 4
132.0000 9
123.0000 4
168.0000 6
138.0000 4
139.0000 9
170.0000 3
196.0000 10
196.0000 11
172.0000 3
142.0000 3
173.0000 6
9.0000 2
165.0000 4
174.0000 6
144.0000 5
56.0000 2
105.0000 3
145.0000 4
52.0000 2
62.0000 2
178.0000 5
202.0000 10
178.0000 4
148.0000 2
203.0000 7
101.0000 4
180.0000 6
205.0000 4
152.0000 9
112.0000 2
153.0000 6
154.0000 3
4.0000 2
149.0000 2
211.0000 9
158.0000 8
159.0000 4
180.0000 4
119.0000 2
153.0000 4
160.0000 2
182.0000 4
161.0000 4
67.0000 2
216.0000 4
216.0000 5
192.0000 3
192.0000 5
193.0000 6
75.0000 2
156.0000 2
47.0000 2
164.0000 4
15.0000 2
196.0000 5
196.0000 6
5.0000 2
33.0000 2
198.0000 5
134.0000 2
18.0000 2
55.0000 2
202.0000 6
87.0000 2
14.0000 2
173.0000 2
203.0000 4
203.0000 6
175.0000 3
230.0000 8
88.0000 2
178.0000 4
130.0000 4
44.0000 2
180.0000 5
132.0000 2
151.0000 5
182.0000 4
66.0000 2
186.0000 3
146.0000 2
186.0000 8
186.0000 4
138.0000 2
93.0000 2
217.0000 5
141.0000 5
220.0000 6
245.0000 9
85.0000 3
192.0000 5
246.0000 11
65.0000 2
204.0000 6
79.0000 2
249.0000 5
195.0000 4
78.0000 2
196.0000 6
163.0000 2
228.0000 5
229.0000 5
152.0000 2
4.0000 2
79.0000 2
202.0000 4
202.0000 7
233.0000 2
155.0000 4
204.0000 8
164.0000 2
201.0000 2
92.0000 2
161.0000 5
262.0000 6
240.0000 5
87.0000 2
163.0000 2
241.0000 5
84.0000 2
212.0000 6
45.0000 2
266.0000 7
212.0000 4
25.0000 2
213.0000 8
215.0000 8
215.0000 8
56.0000 2
251.0000 5
276.0000 3
174.0000 2
175.0000 4
223.0000 5
253.0000 8
185.0000 2
255.0000 4
75.0000 2
219.0000 2
226.0000 8
257.0000 3
181.0000 4
250.0000 5
181.0000 2
95.0000 2
186.0000 2
231.0000 5
18.0000 2
9.0000 2
86.0000 2
238.0000 4
154.0000 2
29.0000 2
194.0000 4
243.0000 4
273.0000 4
273.0000 2
92.0000 2
5.0000 2
268.0000 6
278.0000 3
279.0000 5
209.0000 2
244.0000 4
128.0000 2
71.0000 2
286.0000 4
257.0000 7
3.0000 2
258.0000 4
282.0000 4
78.0000 2
105.0000 2
137.0000 2
242.0000 4
259.0000 3
211.0000 6
38.0000 2
219.0000 4
82.0000 2
297.0000 5
269.0000 7
11.0000 2
28.0000 2
156.0000 2
149.0000 2
227.0000 4
306.0000 6
307.0000 3
307.0000 6
307.0000 5
265.0000 2
231.0000 4
279.0000 8
114.0000 2
281.0000 5
303.0000 6
325.0000 8
336.0000 10
235.0000 4
39.0000 2
314.0000 4
149.0000 2
133.0000 2
305.0000 6
314.0000 5
315.0000 4
118.0000 2
89.0000 2
316.0000 5
11.0000 2
247.0000 2
129.0000 2
273.0000 2
288.0000 6
171.0000 2
289.0000 4
7.0000 2
243.0000 4
156.0000 2
201.0000 3
176.0000 2
325.0000 4
247.0000 5
248.0000 4
131.0000 2
328.0000 5
57.0000 2
17.0000 2
299.0000 8
330.0000 6
300.0000 4
90.0000 2
187.0000 7
213.0000 2
5.0000 2
225.0000 2
189.0000 2
138.0000 2
24.0000 2
258.0000 4
259.0000 5
222.0000 2
11.0000 2
308.0000 2
339.0000 5
51.0000 2
307.0000 5
305.0000 4
305.0000 2
74.0000 2
345.0000 5
41.0000 2
9.0000 2
317.0000 8
348.0000 3
349.0000 4
4.0000 2
322.0000 5
234.0000 2
16.0000 2
344.0000 5
276.0000 5
44.0000 2
237.0000 2
20.0000 2
327.0000 9
243.0000 2
170.0000 2
347.0000 7
329.0000 4
86.0000 2
243.0000 2
204.0000 2
332.0000 7
354.0000 6
27.0000 2
320.0000 2
364.0000 5
33.0000 2
287.0000 4
316.0000 5
302.0000 2
366.0000 3
150.0000 2
280.0000 5
358.0000 8
64.0000 2
109.0000 2
341.0000 3
362.0000 6
191.0000 2
328.0000 2
342.0000 9
13.0000 2
181.0000 2
21.0000 2
339.0000 4
161.0000 2
376.0000 3
42.0000 2
191.0000 2
379.0000 5
379.0000 3
112.0000 2
46.0000 2
73.0000 2
171.0000 2
87.0000 2
206.0000 2
358.0000 4
63.0000 2
384.0000 6
274.0000 2
314.0000 4
348.0000 2
314.0000 3
363.0000 5
363.0000 4
393.0000 6
329.0000 2
206.0000 2
167.0000 2
244.0000 2
389.0000 9
368.0000 3
72.0000 2
401.0000 5
11.0000 2
277.0000 2
154.0000 2
284.0000 2
365.0000 3
178.0000 2
405.0000 4
134.0000 2
116.0000 4
175.0000 2
406.0000 4
407.0000 6
75.0000 2
82.0000 2
96.0000 2
38.0000 2
408.0000 4
314.0000 5
305.0000 2
382.0000 6
382.0000 3
172.0000 2
337.0000 4
258.0000 2
415.0000 5
370.0000 7
157.0000 3
135.0000 2
70.0000 2
256.0000 2
423.0000 6
73.0000 2
135.0000 2
232.0000 3
209.0000 2
348.0000 4
101.0000 3
230.0000 2
69.0000 2
327.0000 3
284.0000 2
104.0000 2
352.0000 4
5.0000 2
348.0000 6
122.0000 2
404.0000 6
163.0000 2
435.0000 5
344.0000 6
357.0000 4
427.0000 5
444.0000 8
436.0000 5
436.0000 7
359.0000 4
240.0000 2
438.0000 5
89.0000 2
409.0000 4
440.0000 5
4.0000 2
433.0000 5
298.0000 2
258.0000 2
56.0000 2
416.0000 4
115.0000 2
143.0000 2
177.0000 2
236.0000 2
224.0000 2
421.0000 5
125.0000 2
14.0000 2
424.0000 4
331.0000 3
195.0000 3
427.0000 3
428.0000 4
227.0000 3
272.0000 2
229.0000 2
268.0000 2
70.0000 2
433.0000 8
386.0000 2
5.0000 2
435.0000 3
387.0000 4
429.0000 3
132.0000 2
154.0000 2
438.0000 8
459.0000 7
472.0000 5
112.0000 2
442.0000 6
348.0000 2
187.0000 2
281.0000 3
32.0000 2
58.0000 2
475.0000 6
10.0000 2
449.0000 4
88.0000 2
405.0000 5
453.0000 4
407.0000 4
509.0000 8
407.0000 3
293.0000 2
333.0000 2
488.0000 7
195.0000 6
460.0000 4
303.0000 2
155.0000 2
275.0000 6
191.0000 3
235.0000 2
466.0000 3
150.0000 2
128.0000 2
511.0000 2
76.0000 2
42.0000 2
422.0000 4
33.0000 2
356.0000 2
315.0000 2
397.0000 2
135.0000 2
468.0000 2
68.0000 2
174.0000 2
65.0000 2
232.0000 2
56.0000 2
138.0000 2
230.0000 2
93.0000 2
163.0000 2
320.0000 5
89.0000 2
433.0000 4
298.0000 2
373.0000 3
6.0000 2
297.0000 2
506.0000 6
267.0000 2
126.0000 2
64.0000 2
439.0000 4
327.0000 2
4.0000 2
246.0000 2
484.0000 3
340.0000 2
370.0000 5
291.0000 3
210.0000 2
244.0000 2
380.0000 7
447.0000 2
424.0000 3
253.0000 2
140.0000 2
503.0000 5
370.0000 2
425.0000 7
48.0000 2
183.0000 2
500.0000 4
459.0000 4
480.0000 7
528.0000 8
415.0000 3
192.0000 2
76.0000 2
461.0000 4
119.0000 2
148.0000 2
326.0000 2
514.0000 7
500.0000 2
122.0000 2
38.0000 2
467.0000 3
266.0000 2
22.0000 2
516.0000 4
418.0000 5
482.0000 2
120.0000 2
14.0000 2
573.0000 8
574.0000 3
36.0000 2
180.0000 2
18.0000 2
48.0000 2
519.0000 4
548.0000 8
188.0000 2
520.0000 2
330.0000 2
582.0000 8
348.0000 5
21.0000 2
249.0000 2
263.0000 2
215.0000 2
193.0000 2
590.0000 9
49.0000 2
208.0000 2
42.0000 2
284.0000 2
146.0000 2
58.0000 2
314.0000 3
344.0000 3
208.0000 2
396.0000 2
578.0000 7
602.0000 6
6.0000 2
572.0000 8
400.0000 2
283.0000 2
504.0000 2
382.0000 6
14.0000 2
78.0000 2
609.0000 10
556.0000 8
148.0000 2
556.0000 4
305.0000 3
579.0000 7
309.0000 2
558.0000 8
300.0000 2
470.0000 2
519.0000 2
545.0000 2
559.0000 3
465.0000 3
482.0000 2
238.0000 2
66.0000 2
616.0000 5
475.0000 2
428.0000 2
61.0000 2
517.0000 4
588.0000 7
183.0000 2
535.0000 8
625.0000 11
440.0000 4
571.0000 4
565.0000 4
234.0000 2
88.0000 2
629.0000 6
605.0000 4
296.0000 2
543.0000 2
282.0000 2
91.0000 2
494.0000 2
601.0000 8
322.0000 2
486.0000 2
634.0000 6
503.0000 2
326.0000 2
238.0000 5
614.0000 4
155.0000 2
303.0000 2
614.0000 5
254.0000 2
483.0000 6
385.0000 3
608.0000 6
130.0000 2
615.0000 5
649.0000 7
411.0000 2
651.0000 12
619.0000 6
316.0000 2
259.0000 2
298.0000 2
466.0000 2
631.0000 6
656.0000 9
657.0000 6
98.0000 2
499.0000 7
121.0000 2
481.0000 2
662.0000 10
664.0000 9
185.0000 2
51.0000 2
215.0000 2
129.0000 2
634.0000 7
496.0000 2
567.0000 4
669.0000 6
670.0000 9
637.0000 5
638.0000 8
422.0000 2
280.0000 2
620.0000 4
675.0000 10
527.0000 3
200.0000 2
579.0000 4
580.0000 4
159.0000 2
556.0000 3
115.0000 2
400.0000 2
389.0000 2
447.0000 2
654.0000 8
657.0000 5
690.0000 9
107.0000 2
517.0000 6
299.0000 2
296.0000 6
231.0000 2
644.0000 6
159.0000 2
668.0000 9
436.0000 2
669.0000 6
702.0000 9
670.0000 9
367.0000 2
374.0000 2
705.0000 3
285.0000 2
117.0000 2
678.0000 6
678.0000 2
350.0000 2
482.0000 3
154.0000 2
515.0000 7
681.0000 4
690.0000 2
717.0000 10
477.0000 2
407.0000 5
720.0000 9
501.0000 2
722.0000 9
184.0000 2
186.0000 2
444.0000 2
425.0000 2
180.0000 2
730.0000 5
553.0000 2
689.0000 7
730.0000 8
355.0000 2
184.0000 2
320.0000 2
261.0000 2
178.0000 2
570.0000 2
158.0000 2
387.0000 2
124.0000 2
643.0000 4
422.0000 2
384.0000 2
552.0000 5
659.0000 2
473.0000 5
626.0000 6
751.0000 7
718.0000 6
719.0000 8
622.0000 2
230.0000 2
471.0000 3
687.0000 2
755.0000 6
143.0000 2
724.0000 10
384.0000 2
736.0000 4
729.0000 4
729.0000 6
763.0000 8
312.0000 2
731.0000 8
11.0000 2
732.0000 4
463.0000 2
733.0000 7
733.0000 6
737.0000 9
738.0000 7
527.0000 7
379.0000 2
450.0000 7
741.0000 5
313.0000 2
399.0000 2
447.0000 2
292.0000 2
524.0000 3
396.0000 2
780.0000 8
783.0000 10
243.0000 2
594.0000 4
546.0000 2
416.0000 2
755.0000 8
395.0000 2
738.0000 6
769.0000 4
494.0000 2
769.0000 2
574.0000 6
650.0000 3
159.0000 2
425.0000 2
769.0000 6
769.0000 5
519.0000 2
803.0000 9
770.0000 3
804.0000 6
772.0000 7
33.0000 2
774.0000 5
775.0000 6
432.0000 2
594.0000 2
779.0000 5
780.0000 5
610.0000 8
784.0000 6
784.0000 9
492.0000 2
510.0000 2
186.0000 2
497.0000 3
830.0000 5
831.0000 5
798.0000 6
802.0000 6
565.0000 2
749.0000 2
838.0000 7
280.0000 2
839.0000 5
836.0000 13
361.0000 2
809.0000 8
788.0000 8
809.0000 6
519.0000 2
302.0000 2
533.0000 2
821.0000 4
720.0000 5
818.0000 7
750.0000 4
830.0000 6
430.0000 2
41.0000 2
826.0000 3
827.0000 2
860.0000 7
807.0000 6
829.0000 8
862.0000 8
92.0000 2
834.0000 5
836.0000 6
617.0000 3
423.0000 2
337.0000 2
842.0000 9
718.0000 7
880.0000 6
847.0000 7
850.0000 8
852.0000 6
668.0000 7
615.0000 2
633.0000 2
117.0000 2
860.0000 7
352.0000 2
727.0000 2
366.0000 2
546.0000 2
876.0000 6
372.0000 2
883.0000 6
545.0000 2
40.0000 2
661.0000 3
362.0000 2
888.0000 9
284.0000 2
24.0000 2
131.0000 2
326.0000 2
446.0000 2
752.0000 2
574.0000 2
770.0000 5
437.0000 2
411.0000 2
442.0000 2
936.0000 5
200.0000 2
904.0000 10
639.0000 2
915.0000 4
371.0000 2
85.0000 2
391.0000 2
909.0000 6
383.0000 2
122.0000 2
130.0000 2
140.0000 2
572.0000 2
928.0000 7
937.0000 6
134.0000 2
634.0000 2
714.0000 2
937.0000 5
75.0000 2
665.0000 3
118.0000 2
9.0000 2
200.0000 2
668.0000 2
224.0000 2
852.0000 6
947.0000 11
951.0000 10
694.0000 6
932.0000 6
59.0000 2
955.0000 5
811.0000 2
956.0000 7
650.0000 5
946.0000 6
966.0000 7
438.0000 2
510.0000 2
22.0000 2
748.0000 7
75.0000 2
976.0000 5
677.0000 2
843.0000 7
979.0000 8
683.0000 2
106.0000 2
981.0000 5
667.0000 8
71.0000 2
472.0000 2
1022.0000 10
1003.0000 8
910.0000 8
39.0000 2
9.0000 2
740.0000 2
237.0000 2
452.0000 2
797.0000 2
197.0000 2
1029.0000 7
789.0000 6
705.0000 2
1028.0000 8
935.0000 6
1064.0000 10
553.0000 2
148.0000 2
47.0000 2
711.0000 2
662.0000 3
144.0000 2
667.0000 5
117.0000 2
52.0000 2
1053.0000 6
598.0000 5
56.0000 2
945.0000 3
576.0000 2
1066.0000 3
757.0000 9
845.0000 2
66.0000 2
777.0000 3
285.0000 2
687.0000 5
730.0000 2
321.0000 2
193.0000 2
908.0000 3
386.0000 2
781.0000 7
1103.0000 7
740.0000 7
180.0000 2
1015.0000 6
734.0000 7
181.0000 2
920.0000 10
1029.0000 8
257.0000 2
66.0000 2
661.0000 7
842.0000 6
132.0000 2
1057.0000 8
1145.0000 9
24.0000 2
373.0000 2
810.0000 2
363.0000 2
985.0000 7
1068.0000 8
1069.0000 8
971.0000 5
1073.0000 7
606.0000 2
30.0000 2
360.0000 2
1045.0000 7
312.0000 2
35.0000 2
892.0000 8
783.0000 3
1055.0000 10
479.0000 2
91.0000 2
1099.0000 5
495.0000 2
653.0000 6
175.0000 2
277.0000 2
83.0000 2
907.0000 7
995.0000 9
235.0000 2
517.0000 2
915.0000 8
8.0000 2
65.0000 2
237.0000 2
1083.0000 4
1235.0000 9
92.0000 2
994.0000 6
731.0000 5
633.0000 3
316.0000 2
1215.0000 8
291.0000 2
167.0000 2
869.0000 5
1263.0000 7
400.0000 2
28.0000 2
29.0000 2
484.0000 2
1104.0000 5
1181.0000 10
1181.0000 4
507.0000 2
962.0000 2
259.0000 2
27.0000 2
489.0000 2
108.0000 2
1030.0000 7
49.0000 2
256.0000 2
236.0000 2
990.0000 2
127.0000 2
33.0000 2
78.0000 2
790.0000 2
555.0000 2
102.0000 2
400.0000 2
449.0000 2
456.0000 2
346.0000 2
1230.0000 8
1009.0000 2
186.0000 2
336.0000 2
196.0000 2
177.0000 2
728.0000 4
74.0000 2
994.0000 8
38.0000 2
19.0000 2
1041.0000 9
1086.0000 5
1123.0000 5
371.0000 2
1370.0000 9
510.0000 2
939.0000 7
126.0000 2
373.0000 2
241.0000 2
497.0000 2
396.0000 2
69.0000 2
609.0000 2
231.0000 2
1314.0000 7
287.0000 2
758.0000 2
179.0000 2
143.0000 2
267.0000 2
462.0000 2
736.0000 2
1122.0000 5
3.0000 2
106.0000 2
559.0000 2
243.0000 2
1031.0000 5
632.0000 2
910.0000 6
472.0000 2
1093.0000 10
450.0000 2
1472.0000 7
814.0000 4
236.0000 2
810.0000 6
152.0000 2
503.0000 2
169.0000 2
392.0000 2
1489.0000 8
344.0000 2
245.0000 2
244.0000 2
1044.0000 9
492.0000 2
808.0000 2
235.0000 2
270.0000 2
1333.0000 6
1427.0000 11
695.0000 2
324.0000 2
286.0000 2
1385.0000 9
217.0000 2
163.0000 2
284.0000 2
608.0000 2
131.0000 2
1428.0000 7
68.0000 2
325.0000 2
135.0000 2
635.0000 2
25.0000 2
69.0000 2
450.0000 2
785.0000 2
1335.0000 5
336.0000 2
183.0000 2
339.0000 3
52.0000 2
65.0000 2
108.0000 2
206.0000 2
133.0000 2
463.0000 2
966.0000 8
656.0000 4
1367.0000 10
454.0000 2
93.0000 2
388.0000 2
1407.0000 4
395.0000 2
670.0000 2
149.0000 2
1529.0000 8
388.0000 2
253.0000 2
188.0000 2
1365.0000 8
996.0000 4
1001.0000 7
983.0000 2
704.0000 2
1566.0000 4
1150.0000 8
613.0000 2
706.0000 2
358.0000 2
983.0000 4
685.0000 4
49.0000 2
308.0000 2
280.0000 2
1181.0000 7
722.0000 3
723.0000 5
1075.0000 5
11.0000 2
502.0000 5
13.0000 2
108.0000 2
522.0000 2
155.0000 2
347.0000 2
1110.0000 7
1647.0000 7
760.0000 6
709.0000 2
1458.0000 12
826.0000 5
1668.0000 8
421.0000 2
1716.0000 10
442.0000 2
584.0000 2
649.0000 2
149.0000 2
1667.0000 12
719.0000 2
1360.0000 6
235.0000 2
1766.0000 6
15.0000 2
189.0000 2
1177.0000 5
218.0000 2
159.0000 2
1739.0000 9
1589.0000 5
246.0000 2
1586.0000 5
475.0000 4
153.0000 2
867.0000 6
254.0000 2
457.0000 2
115.0000 2
1040.0000 5
379.0000 2
1790.0000 7
1827.0000 9
55.0000 2
1798.0000 8
1802.0000 7
456.0000 2
351.0000 2
565.0000 2
320.0000 2
525.0000 2
101.0000 2
100.0000 2
151.0000 2
1858.0000 11
431.0000 2
1027.0000 2
533.0000 2
1494.0000 11
426.0000 3
123.0000 2
697.0000 2
133.0000 2
948.0000 2
915.0000 2
477.0000 2
282.0000 2
345.0000 2
392.0000 2
1588.0000 8
46.0000 2
455.0000 2
1627.0000 9
1876.0000 9
127.0000 2
1919.0000 9
1373.0000 7
651.0000 2
1252.0000 5
227.0000 2
182.0000 2
1003.0000 2
454.0000 2
202.0000 2
54.0000 2
682.0000 2
118.0000 2
1682.0000 7
85.0000 2
139.0000 2
1933.0000 8
1371.0000 5
203.0000 2
359.0000 2
1629.0000 6
281.0000 2
227.0000 2
168.0000 2
712.0000 2
149.0000 2
376.0000 2
466.0000 2
1996.0000 10
692.0000 2
61.0000 2
462.0000 2
1680.0000 8
1432.0000 11
588.0000 2
2026.0000 8
330.0000 2
340.0000 2
1437.0000 5
65.0000 2
2033.0000 9
106.0000 2
91.0000 2
67.0000 2
262.0000 2
195.0000 2
79.0000 2
460.0000 2
295.0000 2
193.0000 2
246.0000 2
192.0000 2
331.0000 2
1859.0000 10
106.0000 2
642.0000 2
261.0000 2
395.0000 2
1815.0000 9
357.0000 2
381.0000 2
116.0000 2
1604.0000 9
375.0000 2
168.0000 2
1884.0000 11
296.0000 2
312.0000 2
37.0000 2
413.0000 2
1051.0000 6
720.0000 2
554.0000 2
231.0000 2
50.0000 2
455.0000 2
807.0000 2
2041.0000 7
816.0000 2
86.0000 2
343.0000 2
270.0000 3
89.0000 2
1549.0000 5
1854.0000 12
36.0000 2
784.0000 2
40.0000 2
108.0000 2
1983.0000 7
261.0000 3
213.0000 2
733.0000 2
509.0000 2
356.0000 2
454.0000 2
199.0000 2
1616.0000 7
140.0000 2
2246.0000 7
439.0000 2
517.0000 2
62.0000 2
1615.0000 7
2263.0000 9
421.0000 2
27.0000 2
480.0000 2
496.0000 2
352.0000 2
1562.0000 4
735.0000 2
922.0000 2
2287.0000 7
179.0000 2
473.0000 2
239.0000 2
728.0000 2
433.0000 2
150.0000 2
215.0000 2
245.0000 2
1874.0000 5
1688.0000 4
1658.0000 8
1329.0000 6
1171.0000 4
23.0000 2
87.0000 2
1929.0000 9
372.0000 3
561.0000 4
471.0000 2
2365.0000 10
246.0000 2
27.0000 2
131.0000 2
94.0000 2
1756.0000 8
1608.0000 6
277.0000 2
187.0000 2
276.0000 2
275.0000 2
221.0000 2
233.0000 2
127.0000 2
35.0000 2
583.0000 2
692.0000 2
274.0000 2
2074.0000 12
1076.0000 5
517.0000 2
2518.0000 10
231.0000 2
221.0000 2
570.0000 2
2043.0000 8
324.0000 2
2349.0000 12
310.0000 2
92.0000 2
555.0000 2
95.0000 2
1958.0000 10
157.0000 2
166.0000 2
1185.0000 6
360.0000 2
598.0000 2
909.0000 2
656.0000 2
568.0000 2
335.0000 2
458.0000 2
347.0000 2
2511.0000 10
608.0000 2
516.0000 2
2126.0000 8
258.0000 2
371.0000 2
236.0000 2
245.0000 2
2132.0000 8
351.0000 2
2106.0000 7
90.0000 2
296.0000 2
336.0000 2
1044.0000 6
2180.0000 5
29.0000 2
479.0000 2
2110.0000 11
1696.0000 6
448.0000 2
405.0000 2
507.0000 2
398.0000 2
527.0000 2
121.0000 2
363.0000 2
95.0000 2
70.0000 2
2008.0000 9
498.0000 2
1981.0000 6
425.0000 2
1821.0000 6
2147.0000 10
181.0000 2
282.0000 2
300.0000 2
1823.0000 8
376.0000 2
2038.0000 8
688.0000 2
624.0000 3
2173.0000 9
875.0000 2
2465.0000 10
7.0000 2
315.0000 2
273.0000 2
101.0000 2
395.0000 2
505.0000 2
539.0000 2
72.0000 2
280.0000 2
377.0000 2
2424.0000 12
532.0000 2
813.0000 3
277.0000 2
2796.0000 10
2302.0000 10
556.0000 2
1829.0000 9
2774.0000 11
661.0000 2
241.0000 2
882.0000 2
315.0000 2
21.0000 2
68.0000 2
253.0000 2
530.0000 2
230.0000 2
32.0000 2
901.0000 2
2166.0000 9
2816.0000 14
178.0000 2
89.0000 2
255.0000 2
708.0000 2
66.0000 2
545.0000 2
738.0000 2
364.0000 2
330.0000 2
339.0000 2
747.0000 2
573.0000 2
30.0000 2
458.0000 2
499.0000 2
41.0000 2
558.0000 2
857.0000 2
62.0000 2
2592.0000 8
971.0000 2
771.0000 2
116.0000 2
430.0000 2
1043.0000 2
523.0000 2
809.0000 2
747.0000 2
2087.0000 7
2914.0000 12
1283.0000 3
78.0000 2
477.0000 2
2154.0000 11
444.0000 2
2964.0000 13
99.0000 2
698.0000 2
388.0000 2
592.0000 2
2657.0000 12
2974.0000 12
1278.0000 6
609.0000 2
253.0000 2
18.0000 2
175.0000 2
45.0000 2
802.0000 5
2803.0000 10
553.0000 2
271.0000 2
524.0000 2
1573.0000 6
643.0000 2
14.0000 2
191.0000 2
611.0000 2
244.0000 2
2439.0000 10
18.0000 2
582.0000 2
150.0000 2
195.0000 2
376.0000 2
560.0000 2
3127.0000 10
1024.0000 2
641.0000 2
967.0000 2
620.0000 2
498.0000 2
367.0000 2
1542.0000 5
92.0000 2
3149.0000 12
133.0000 2
2519.0000 10
410.0000 2
1380.0000 7
341.0000 2
83.0000 2
260.0000 2
1434.0000 5
12.0000 2
263.0000 2
2427.0000 9
399.0000 2
595.0000 2
862.0000 2
666.0000 4
1023.0000 2
457.0000 2
83.0000 2
431.0000 2
802.0000 2
475.0000 2
3249.0000 15
425.0000 2
62.0000 2
450.0000 2
188.0000 2
174.0000 2
761.0000 2
665.0000 2
3324.0000 13
1601.0000 6
120.0000 2
345.0000 2
2117.0000 7
649.0000 2
854.0000 2
3473.0000 15
371.0000 2
2586.0000 9
803.0000 2
298.0000 2
162.0000 2
117.0000 2
1957.0000 6
521.0000 2
3014.0000 15
389.0000 2
2905.0000 14
3369.0000 12
453.0000 2
491.0000 2
3065.0000 11
24.0000 2
4.0000 2
3401.0000 17
18.0000 2
315.0000 2
2384.0000 8
98.0000 2
10.0000 2
191.0000 2
3429.0000 11
1824.0000 5
84.0000 2
266.0000 2
99.0000 2
625.0000 2
3129.0000 14
3505.0000 13
849.0000 2
28.0000 2
23.0000 2
853.0000 4
257.0000 2
376.0000 2
3510.0000 13
527.0000 5
309.0000 2
364.0000 2
431.0000 2
605.0000 2
347.0000 2
2777.0000 10
3534.0000 13
258.0000 2
134.0000 2
228.0000 2
60.0000 2
107.0000 2
1205.0000 2
3595.0000 14
415.0000 2
379.0000 2
486.0000 2
89.0000 2
3610.0000 13
136.0000 2
156.0000 2
2698.0000 12
169.0000 2
2670.0000 10
152.0000 2
773.0000 2
961.0000 2
414.0000 2
414.0000 2
2385.0000 7
3325.0000 15
790.0000 2
1381.0000 6
71.0000 2
151.0000 2
214.0000 2
200.0000 2
492.0000 2
519.0000 2
2896.0000 10
110.0000 2
582.0000 2
474.0000 2
184.0000 2
753.0000 2
324.0000 2
288.0000 2
1912.0000 7
269.0000 2
3613.0000 16
563.0000 2
2591.0000 10
988.0000 5
255.0000 2
204.0000 2
258.0000 2
3746.0000 13
2108.0000 5
196.0000 2
651.0000 2
30.0000 2
1495.0000 5
471.0000 2
2830.0000 9
918.0000 2
520.0000 2
3011.0000 11
109.0000 2
362.0000 2
2615.0000 11
498.0000 2
3699.0000 15
107.0000 2
3440.0000 14
2999.0000 10
3788.0000 12
2943.0000 13
820.0000 2
527.0000 4
891.0000 2
3929.0000 17
265.0000 2
534.0000 2
2104.0000 8
102.0000 2
2438.0000 9
446.0000 2
816.0000 2
762.0000 2
1585.0000 5
137.0000 2
680.0000 2
2700.0000 12
162.0000 2
1047.0000 2
41.0000 2
2287.0000 11
178.0000 2
224.0000 2
3398.0000 10
154.0000 2
2527.0000 8
52.0000 2
3157.0000 11
71.0000 2
218.0000 2
879.0000 2
197.0000 2
1450.0000 6
42.0000 2
3477.0000 11
279.0000 2
21.0000 2
3808.0000 13
310.0000 2
3734.0000 14
2173.0000 7
42.0000 2
3783.0000 12
218.0000 2
9.0000 2
422.0000 2
3370.0000 14
516.0000 2
66.0000 2
3522.0000 16
138.0000 2
3102.0000 13
226.0000 2
3512.0000 13
626.0000 2
845.0000 2
40.0000 2
963.0000 2
905.0000 2
260.0000 2
188.0000 2
587.0000 2
366.0000 2
631.0000 2
654.0000 2
2695.0000 8
547.0000 2
280.0000 2
391.0000 2
2922.0000 13
245.0000 2
27.0000 2
295.0000 2
425.0000 2
662.0000 2
230.0000 2
61.0000 2
653.0000 2
4069.0000 14
2230.0000 9
91.0000 2
605.0000 2
373.0000 2
3723.0000 14
235.0000 2
3667.0000 15
2441.0000 9
439.0000 2
555.0000 2
22.0000 2
495.0000 2
4121.0000 16
98.0000 2
2665.0000 9
3479.0000 11
101.0000 2
334.0000 2
242.0000 2
945.0000 2
15.0000 2
695.0000 2
7.0000 2
191.0000 2
165.0000 2
329.0000 2
136.0000 2
113.0000 2
3661.0000 9
100.0000 2
3431.0000 11
1939.0000 8
697.0000 2
3824.0000 14
343.0000 2
286.0000 2
3535.0000 10
275.0000 2
166.0000 2
373.0000 2
3753.0000 10
7.0000 2
16.0000 2
1910.0000 8
756.0000 2
11.0000 2
2485.0000 8
300.0000 2
332.0000 2
3266.0000 15
3946.0000 9
304.0000 2
347.0000 2
480.0000 2
402.0000 2
322.0000 2
2325.0000 8
4240.0000 13
590.0000 2
299.0000 2
342.0000 2
435.0000 2
4344.0000 17
618.0000 2
3866.0000 15
1254.0000 6
815.0000 2
727.0000 2
1174.0000 2
80.0000 2
481.0000 2
431.0000 2
11.0000 2
4283.0000 13
4284.0000 15
269.0000 2
451.0000 2
802.0000 2
4072.0000 16
461.0000 2
319.0000 2
105.0000 2
3375.0000 9
411.0000 2
501.0000 2
308.0000 2
1887.0000 8
592.0000 2
200.0000 2
501.0000 2
652.0000 2
264.0000 2
3425.0000 14
527.0000 2
635.0000 2
138.0000 2
113.0000 2
2887.0000 6
757.0000 4
227.0000 2
4362.0000 16
4314.0000 16
2943.0000 14
3418.0000 7
2645.0000 11
3446.0000 13
2567.0000 9
3095.0000 10
1876.0000 6
481.0000 2
973.0000 8
215.0000 2
58.0000 2
465.0000 2
736.0000 6
3536.0000 12
1742.0000 6
509.0000 2
4236.0000 17
291.0000 2
396.0000 2
577.0000 2
2820.0000 8
1727.0000 3
282.0000 2
22.0000 2
3953.0000 15
90.0000 2
3294.0000 10
387.0000 2
4590.0000 19
252.0000 2
23.0000 2
296.0000 3
2603.0000 12
3795.0000 13
113.0000 2
158.0000 2
2839.0000 10
339.0000 2
2711.0000 6
2461.0000 8
435.0000 2
550.0000 2
583.0000 2
264.0000 2
121.0000 2
122.0000 2
1996.0000 5
896.0000 2
1869.0000 7
208.0000 2
324.0000 2
523.0000 2
74.0000 2
3273.0000 11
200.0000 2
344.0000 2
2597.0000 8
2128.0000 7
387.0000 2
454.0000 2
844.0000 2
3879.0000 14
365.0000 2
4609.0000 17
4645.0000 18
1119.0000 6
75.0000 2
689.0000 2
1095.0000 3
282.0000 2
3737.0000 9
252.0000 2
43.0000 2
222.0000 2
134.0000 2
879.0000 5
473.0000 2
190.0000 2
905.0000 4
434.0000 2
100.0000 2
4014.0000 12
4697.0000 14
4083.0000 13
18.0000 2
2729.0000 12
414.0000 2
322.0000 2
475.0000 2
2544.0000 9
4221.0000 15
123.0000 2
3907.0000 17
4182.0000 16
4513.0000 18
522.0000 2
3460.0000 10
2910.0000 9
1014.0000 3
8.0000 2
304.0000 2
119.0000 2
4569.0000 16
504.0000 2
945.0000 7
124.0000 2
2653.0000 8
361.0000 2
3261.0000 12
443.0000 2
295.0000 2
75.0000 2
4822.0000 17
75.0000 2
310.0000 2
1049.0000 3
1707.0000 6
269.0000 2
4287.0000 16
440.0000 2
4392.0000 18
606.0000 2
176.0000 2
4188.0000 15
152.0000 2
98.0000 2
1158.0000 6
3919.0000 12
185.0000 2
4299.0000 16
3379.0000 14
172.0000 2
319.0000 2
186.0000 2
4259.0000 16
69.0000 2
275.0000 2
793.0000 2
3093.0000 13
143.0000 2
398.0000 2
349.0000 2
329.0000 2
4956.0000 16
367.0000 2
151.0000 2
3352.0000 17
4787.0000 14
244.0000 2
97.0000 2
776.0000 2
3139.0000 14
2642.0000 11
2369.0000 9
209.0000 2
3813.0000 10
4848.0000 16
4476.0000 17
2328.0000 5
27.0000 2
93.0000 2
1229.0000 6
2297.0000 5
4016.0000 8
4050.0000 14
2784.0000 8
264.0000 2
425.0000 2
1591.0000 7
129.0000 2
4.0000 2
234.0000 2
5072.0000 21
2992.0000 10
89.0000 2
121.0000 2
158.0000 2
121.0000 2
729.0000 5
239.0000 2
718.0000 2
5120.0000 20
2639.0000 7
93.0000 2
3796.0000 13
119.0000 2
75.0000 2
112.0000 2
139.0000 2
2968.0000 12
231.0000 2
513.0000 2
4864.0000 15
3343.0000 12
2944.0000 13
290.0000 2
137.0000 2
3182.0000 10
19.0000 2
138.0000 2
260.0000 2
4221.0000 18
191.0000 2
142.0000 2
3779.0000 11
172.0000 2
4715.0000 16
3953.0000 11
3377.0000 14
2009.0000 9
4157.0000 18
3902.0000 13
333.0000 2
100.0000 2
135.0000 2
171.0000 2
646.0000 2
2996.0000 11
34.0000 2
3022.0000 15
4207.0000 13
3800.0000 16
677.0000 2
524.0000 3
2036.0000 8
332.0000 2
5282.0000 16
457.0000 2
250.0000 2
301.0000 2
3262.0000 16
5265.0000 20
91.0000 2
2522.0000 7
4345.0000 10
480.0000 2
437.0000 2
503.0000 2
384.0000 2
50.0000 2
393.0000 2
4433.0000 15
4360.0000 15
2960.0000 10
278.0000 2
139.0000 2
5358.0000 21
349.0000 2
2122.0000 6
478.0000 2
828.0000 2
5067.0000 17
222.0000 2
649.0000 2
4222.0000 17
2511.0000 8
134.0000 2
798.0000 2
39.0000 2
67.0000 2
108.0000 2
2308.0000 8
2904.0000 12
319.0000 2
586.0000 2
4929.0000 15
5448.0000 21
2156.0000 8
508.0000 2
4974.0000 21
883.0000 2
2859.0000 10
859.0000 2
168.0000 2
183.0000 2
4604.0000 16
4511.0000 13
1869.0000 8
1590.0000 6
29.0000 2
4839.0000 13
297.0000 2
603.0000 2
584.0000 2
191.0000 2
174.0000 2
81.0000 2
487.0000 2
5062.0000 20
539.0000 2
231.0000 2
895.0000 2
93.0000 2
351.0000 2
1137.0000 2
530.0000 2
386.0000 2
5185.0000 15
106.0000 2
275.0000 2
4283.0000 14
538.0000 2
2077.0000 6
112.0000 2
1423.0000 5
251.0000 2
51.0000 2
556.0000 2
457.0000 2
226.0000 2
5320.0000 17
472.0000 2
64.0000 2
302.0000 2
5644.0000 17
5684.0000 25
327.0000 2
704.0000 2
434.0000 2
3587.0000 11
559.0000 2
328.0000 2
2076.0000 7
9.0000 2
672.0000 4
458.0000 2
5655.0000 21
740.0000 2
532.0000 2
678.0000 2
2173.0000 7
241.0000 2
32.0000 2
606.0000 2
3013.0000 8
157.0000 2
5588.0000 21
2636.0000 8
263.0000 2
442.0000 2
3725.0000 13
1719.0000 7
5109.0000 14
5865.0000 23
115.0000 2
212.0000 2
412.0000 2
225.0000 2
371.0000 2
411.0000 2
521.0000 2
674.0000 2
854.0000 2
458.0000 2
417.0000 2
304.0000 2
674.0000 3
23.0000 2
5906.0000 22
2397.0000 10
3060.0000 14
274.0000 2
305.0000 2
656.0000 2
4848.0000 18
3968.0000 16
5176.0000 16
2756.0000 8
235.0000 2
3456.0000 12
659.0000 3
46.0000 2
878.0000 3
27.0000 2
5464.0000 15
137.0000 2
175.0000 2
87.0000 2
779.0000 2
387.0000 2
4493.0000 16
318.0000 2
753.0000 2
5306.0000 22
140.0000 2
507.0000 2
292.0000 2
5170.0000 16
346.0000 2
172.0000 2
568.0000 2
489.0000 2
3948.0000 16
223.0000 2
301.0000 2
51.0000 2
4666.0000 16
436.0000 2
6008.0000 21
679.0000 2
544.0000 2
167.0000 2
5565.0000 16
4398.0000 16
140.0000 2
68.0000 2
3154.0000 10
367.0000 2
717.0000 2
5942.0000 17
97.0000 2
4933.0000 15
164.0000 2
706.0000 2
2989.0000 9
568.0000 2
336.0000 2
4823.0000 16
640.0000 2
5428.0000 20
432.0000 2
60.0000 2
735.0000 2
2342.0000 5
396.0000 2
810.0000 2
526.0000 2
4941.0000 13
1023.0000 2
5964.0000 23
3190.0000 8
545.0000 2
265.0000 2
3119.0000 9
450.0000 2
5435.0000 16
2751.0000 12
855.0000 2
5908.0000 24
542.0000 2
236.0000 2
204.0000 2
2003.0000 4
559.0000 4
570.0000 2
4909.0000 16
3438.0000 9
77.0000 2
4744.0000 15
834.0000 2
18.0000 2
5111.0000 17
532.0000 2
4.0000 2
3297.0000 11
378.0000 2
4506.0000 21
213.0000 2
3220.0000 11
4598.0000 18
4402.0000 17
5.0000 2
324.0000 2
4954.0000 17
5684.0000 16
74.0000 2
826.0000 2
337.0000 2
5656.0000 19
437.0000 2
2905.0000 7
425.0000 2
564.0000 2
98.0000 2
325.0000 2
187.0000 2
179.0000 2
404.0000 2
140.0000 2
436.0000 2
664.0000 2
692.0000 2
131.0000 2
134.0000 2
268.0000 2
5781.0000 17
413.0000 2
1278.0000 5
225.0000 2
5262.0000 16
290.0000 2
266.0000 2
472.0000 2
125.0000 2
6038.0000 22
152.0000 2
5823.0000 19
4793.0000 14
297.0000 2
5721.0000 20
43.0000 2
192.0000 2
4047.0000 16
4831.0000 16
5247.0000 19
4035.0000 14
5647.0000 15
315.0000 2
4988.0000 14
800.0000 2
3303.0000 11
5177.0000 16
4262.0000 13
2224.0000 11
384.0000 4
888.0000 2
5617.0000 19
204.0000 2
84.0000 2
352.0000 2
58.0000 2
31.0000 2
931.0000 2
39.0000 2
5905.0000 18
5791.0000 20
15.0000 2
886.0000 2
5666.0000 15
108.0000 2
8.0000 2
2355.0000 7
5791.0000 17
174.0000 2
37.0000 2
4790.0000 18
686.0000 2
7.0000 2
35.0000 2
2440.0000 12
2361.0000 6
6042.0000 20
382.0000 2
3978.0000 12
6342.0000 23
5837.0000 15
3765.0000 11
445.0000 3
495.0000 2
369.0000 2
452.0000 2
1985.0000 6
74.0000 2
2889.0000 6
254.0000 2
4361.0000 13
554.0000 2
769.0000 2
343.0000 2
229.0000 2
6103.0000 22
1418.0000 6
3157.0000 11
2406.0000 6
790.0000 2
589.0000 2
59.0000 2
2755.0000 8
68.0000 2
1637.0000 8
517.0000 2
357.0000 2
2690.0000 11
436.0000 2
4211.0000 13
6177.0000 18
169.0000 2
5350.0000 16
2470.0000 7
860.0000 2
388.0000 2
8.0000 2
6810.0000 32
6015.0000 16
1028.0000 4
231.0000 2
39.0000 2
453.0000 2
63.0000 2
644.0000 2
470.0000 2
561.0000 2
85.0000 2
125.0000 2
122.0000 2
4240.0000 12
86.0000 2
414.0000 2
603.0000 2
6809.0000 26
269.0000 2
6314.0000 22
603.0000 2
546.0000 2
4798.0000 18
554.0000 2
6126.0000 17
3537.0000 12
461.0000 2
152.0000 2
278.0000 2
156.0000 2
5912.0000 14
67.0000 2
6259.0000 17
235.0000 2
266.0000 2
238.0000 2
1320.0000 6
1655.0000 6
3148.0000 6
525.0000 2
3910.0000 12
5344.0000 16
765.0000 2
1464.0000 5
207.0000 2
379.0000 2
654.0000 2
6910.0000 21
6069.0000 19
3118.0000 9
5555.0000 17
239.0000 2
125.0000 2
506.0000 2
611.0000 2
364.0000 2
695.0000 3
360.0000 2
498.0000 2
527.0000 2
6271.0000 15
343.0000 2
5688.0000 16
216.0000 2
378.0000 2
347.0000 2
502.0000 2
7054.0000 23
6255.0000 19
6376.0000 19
3153.0000 15
9.0000 2
6475.0000 16
516.0000 2
203.0000 2
183.0000 2
441.0000 2
2668.0000 6
5741.0000 14
500.0000 2
360.0000 2
905.0000 2
232.0000 2
6439.0000 21
1606.0000 6
492.0000 2
564.0000 2
10.0000 2
248.0000 2
330.0000 2
15.0000 2
217.0000 2
22.0000 2
548.0000 2
597.0000 2
549.0000 2
6691.0000 15
235.0000 2
1185.0000 4
6621.0000 22
30.0000 2
265.0000 2
153.0000 2
6713.0000 15
376.0000 2
6442.0000 15
428.0000 2
237.0000 2
7132.0000 21
7065.0000 21
687.0000 2
663.0000 2
484.0000 2
189.0000 2
3061.0000 9
652.0000 3
683.0000 2
6552.0000 20
240.0000 2
577.0000 2
2554.0000 9
16.0000 2
650.0000 2
6793.0000 20
271.0000 2
406.0000 2
181.0000 2
363.0000 2
4128.0000 13
4214.0000 14
5076.0000 13
134.0000 2
6617.0000 16
3925.0000 11
1050.0000 2
58.0000 2
338.0000 2
127.0000 2
180.0000 2
6529.0000 16
4451.0000 12
6688.0000 25
388.0000 2
736.0000 2
2829.0000 11
873.0000 6
471.0000 2
6130.0000 20
260.0000 2
349.0000 2
171.0000 2
301.0000 2
73.0000 2
158.0000 2
195.0000 2
7320.0000 28
431.0000 2
384.0000 2
3743.0000 13
122.0000 2
5908.0000 21
6701.0000 20
358.0000 2
601.0000 2
5486.0000 20
4381.0000 11
388.0000 2
107.0000 2
572.0000 2
2567.0000 10
371.0000 2
59.0000 2
1844.0000 5
568.0000 2
301.0000 2
597.0000 2
417.0000 2
267.0000 2
897.0000 2
311.0000 2
2486.0000 11
105.0000 2
343.0000 2
431.0000 2
512.0000 2
7177.0000 21
310.0000 2
1917.0000 8
5815.0000 20
2861.0000 7
486.0000 2
538.0000 2
13.0000 2
1936.0000 8
960.0000 2
281.0000 2
437.0000 2
98.0000 2
2509.0000 11
4884.0000 13
1497.0000 9
513.0000 2
420.0000 2
209.0000 2
693.0000 2
391.0000 2
1995.0000 5
497.0000 2
6949.0000 23
5091.0000 13
5778.0000 19
102.0000 2
572.0000 2
757.0000 2
2339.0000 6
2013.0000 8
125.0000 2
18.0000 2
6769.0000 22
5176.0000 16
2021.0000 8
180.0000 3
2109.0000 6
541.0000 2
5270.0000 17
4110.0000 8
688.0000 2
5.0000 2
281.0000 2
5.0000 2
457.0000 2
501.0000 2
5935.0000 15
419.0000 2
3501.0000 12
654.0000 2
26.0000 2
494.0000 2
76.0000 2
152.0000 2
265.0000 2
5732.0000 17
367.0000 2
5635.0000 16
195.0000 2
1024.0000 5
81.0000 2
97.0000 2
2118.0000 6
46.0000 2
621.0000 2
6735.0000 20
236.0000 2
2719.0000 9
225.0000 2
2117.0000 7
115.0000 2
913.0000 2
424.0000 2
552.0000 2
772.0000 2
5098.0000 13
476.0000 2
182.0000 2
7745.0000 26
5.0000 2
7333.0000 26
579.0000 2
6164.0000 17
631.0000 2
6.0000 2
3308.0000 12
1751.0000 8
372.0000 2
2210.0000 8
720.0000 2
7062.0000 23
566.0000 2
2224.0000 6
367.0000 2
280.0000 2
5968.0000 17
111.0000 2
271.0000 2
565.0000 2
345.0000 2
211.0000 2
4072.0000 14
7301.0000 18
298.0000 2
605.0000 2
5106.0000 20
574.0000 2
987.0000 2
405.0000 2
1125.0000 6
713.0000 2
3744.0000 11
6736.0000 27
6833.0000 23
36.0000 2
3247.0000 8
462.0000 2
7467.0000 21
17.0000 2
414.0000 2
141.0000 2
1025.0000 3
47.0000 2
468.0000 2
8.0000 2
677.0000 2
1393.0000 4
7847.0000 23
4922.0000 20
1934.0000 9
321.0000 2
758.0000 2
373.0000 2
4346.0000 16
17.0000 2
767.0000 2
6753.0000 18
108.0000 2
600.0000 2
59.0000 2
2412.0000 8
33.0000 2
18.0000 2
6777.0000 24
130.0000 2
515.0000 2
19.0000 2
7940.0000 23
2012.0000 9
989.0000 3
378.0000 2
191.0000 2
1920.0000 6
690.0000 2
452.0000 2
275.0000 2
979.0000 2
526.0000 2
228.0000 2
185.0000 2
114.0000 2
437.0000 2
931.0000 2
439.0000 2
247.0000 2
6690.0000 21
1980.0000 8
488.0000 2
40.0000 2
441.0000 2
462.0000 2
318.0000 2
1970.0000 9
6.0000 2
7896.0000 20
3870.0000 15
5003.0000 13
521.0000 2
526.0000 2
7446.0000 22
4012.0000 18
8.0000 2
7282.0000 24
869.0000 2
7410.0000 24
3792.0000 16
384.0000 2
370.0000 2
203.0000 2
1591.0000 4
61.0000 2
6477.0000 21
4344.0000 13
251.0000 2
214.0000 2
4138.0000 17
247.0000 2
133.0000 2
553.0000 2
412.0000 2
711.0000 4
7489.0000 21
318.0000 2
4968.0000 15
8124.0000 28
24.0000 2
3331.0000 12
1477.0000 3
604.0000 2
152.0000 2
385.0000 2
3255.0000 17
4234.0000 12
387.0000 2
207.0000 2
434.0000 2
3076.0000 9
5877.0000 17
412.0000 2
523.0000 2
646.0000 2
53.0000 2
505.0000 2
5837.0000 19
79.0000 2
280.0000 2
134.0000 2
11.0000 2
106.0000 2
259.0000 2
2526.0000 9
230.0000 2
2153.0000 5
526.0000 2
97.0000 2
39.0000 2
7336.0000 22
3758.0000 12
5.0000 2
606.0000 2
3362.0000 10
6867.0000 20
1019.0000 2
272.0000 2
411.0000 2
189.0000 2
633.0000 2
65.0000 2
1150.0000 2
180.0000 2
436.0000 2
1051.0000 2
75.0000 2
158.0000 2
104.0000 2
378.0000 2
583.0000 2
7119.0000 18
350.0000 2
263.0000 2
7455.0000 25
2899.0000 13
148.0000 2
4391.0000 13
415.0000 2
5.0000 2
1378.0000 7
5570.0000 15
109.0000 2
5114.0000 15
793.0000 2
865.0000 2
144.0000 2
62.0000 2
101.0000 2
1168.0000 7
92.0000 2
2563.0000 9
4649.0000 18
10.0000 2
1955.0000 7
141.0000 2
5561.0000 18
111.0000 2
268.0000 2
11.0000 2
2722.0000 12
203.0000 2
7919.0000 24
21.0000 2
476.0000 2
8505.0000 22
18.0000 2
503.0000 2
432.0000 2
6951.0000 22
965.0000 2
32.0000 2
8114.0000 25
428.0000 2
112.0000 2
222.0000 2
5813.0000 20
6415.0000 20
2817.0000 13
7158.0000 23
89.0000 2
5765.0000 18
8253.0000 22
6.0000 2
3123.0000 9
6990.0000 22
8620.0000 28
466.0000 2
4561.0000 13
7813.0000 24
490.0000 2
8032.0000 24
3266.0000 8
501.0000 2
6841.0000 21
3417.0000 10
227.0000 2
513.0000 3
869.0000 2
2346.0000 8
378.0000 2
3885.0000 16
314.0000 2
5767.0000 14
8092.0000 26
522.0000 2
208.0000 2
6981.0000 24
148.0000 2
418.0000 2
897.0000 2
135.0000 2
70.0000 2
7255.0000 18
65.0000 2
1186.0000 4
3571.0000 11
4764.0000 14
155.0000 2
565.0000 2
87.0000 2
39.0000 2
4693.0000 17
6791.0000 20
465.0000 2
6396.0000 21
8738.0000 29
5117.0000 14
466.0000 2
3625.0000 11
191.0000 2
4720.0000 14
444.0000 2
4396.0000 11
5428.0000 15
3772.0000 9
8825.0000 27
569.0000 2
7236.0000 23
347.0000 2
308.0000 2
304.0000 2
4627.0000 11
436.0000 2
5714.0000 16
421.0000 2
8537.0000 27
428.0000 2
427.0000 2
1819.0000 8
6276.0000 20
90.0000 2
890.0000 2
562.0000 2
783.0000 3
545.0000 2
1214.0000 4
615.0000 2
4310.0000 12
3169.0000 11
7558.0000 21
5891.0000 14
144.0000 2
122.0000 2
1633.0000 11
117.0000 2
3216.0000 10
4772.0000 17
7921.0000 27
271.0000 2
656.0000 2
324.0000 2
138.0000 2
3905.0000 9
190.0000 2
5673.0000 15
501.0000 2
8753.0000 27
3231.0000 10
6292.0000 19
7701.0000 23
399.0000 2
3870.0000 14
1119.0000 4
33.0000 2
8403.0000 32
100.0000 2
722.0000 2
42.0000 2
299.0000 2
4777.0000 17
8143.0000 25
4032.0000 13
305.0000 2
8369.0000 19
3395.0000 12
81.0000 2
598.0000 2
209.0000 2
9060.0000 34
137.0000 2
6034.0000 23
500.0000 2
8532.0000 23
140.0000 2
240.0000 2
764.0000 2
159.0000 2
73.0000 2
4671.0000 12
528.0000 2
786.0000 2
48.0000 2
330.0000 2
748.0000 2
954.0000 2
5365.0000 18
6266.0000 23
8094.0000 29
8807.0000 29
1367.0000 5
4768.0000 15
4150.0000 13
3986.0000 11
312.0000 2
11.0000 2
7015.0000 20
6039.0000 18
384.0000 2
561.0000 2
4592.0000 12
645.0000 3
7.0000 2
558.0000 2
2828.0000 14
451.0000 2
408.0000 2
6410.0000 21
291.0000 2
269.0000 2
7481.0000 23
514.0000 2
442.0000 2
105.0000 2
316.0000 2
2115.0000 8
89.0000 2
742.0000 2
2172.0000 8
9232.0000 24
767.0000 6
462.0000 2
8862.0000 26
2277.0000 9
758.0000 2
8484.0000 34
392.0000 2
2665.0000 9
8510.0000 27
57.0000 2
244.0000 2
4139.0000 14
401.0000 2
180.0000 2
7190.0000 23
9079.0000 33
5580.0000 19
350.0000 2
588.0000 2
556.0000 2
2482.0000 7
5322.0000 15
514.0000 2
392.0000 2
216.0000 2
169.0000 2
492.0000 2
2635.0000 9
191.0000 2
532.0000 2
149.0000 2
552.0000 2
1186.0000 4
3284.0000 11
301.0000 2
9019.0000 27
81.0000 2
335.0000 2
596.0000 3
834.0000 4
86.0000 2
542.0000 2
248.0000 2
7719.0000 21
7488.0000 22
26.0000 2
266.0000 2
47.0000 2
1072.0000 3
377.0000 2
5025.0000 16
2383.0000 10
7870.0000 29
3047.0000 10
344.0000 2
553.0000 2
5250.0000 14
9403.0000 33
5580.0000 13
629.0000 2
385.0000 2
603.0000 2
8571.0000 25
445.0000 2
1309.0000 5
1543.0000 7
298.0000 2
8098.0000 25
1060.0000 2
5495.0000 17
1139.0000 6
293.0000 2
3604.0000 15
544.0000 2
3807.0000 15
9549.0000 26
543.0000 2
9096.0000 34
7741.0000 23
625.0000 2
945.0000 2
436.0000 2
210.0000 2
1246.0000 7
453.0000 2
7216.0000 19
9442.0000 31
112.0000 2
5977.0000 15
402.0000 2
288.0000 2
146.0000 2
634.0000 2
127.0000 2
50.0000 2
42.0000 2
72.0000 2
9474.0000 31
502.0000 2
53.0000 2
7815.0000 22
109.0000 2
99.0000 2
4414.0000 14
483.0000 2
9302.0000 32
557.0000 2
431.0000 2
1266.0000 4
8119.0000 27
2388.0000 8
9829.0000 30
838.0000 2
375.0000 2
265.0000 2
3578.0000 9
519.0000 2
4059.0000 14
3926.0000 19
2317.0000 10
285.0000 2
209.0000 2
65.0000 2
143.0000 2
546.0000 2
7966.0000 25
5726.0000 20
9466.0000 27
182.0000 2
6887.0000 24
500.0000 2
116.0000 2
246.0000 2
11.0000 2
335.0000 2
9.0000 2
715.0000 2
9439.0000 32
92.0000 2
8595.0000 22
269.0000 2
640.0000 2
500.0000 2
233.0000 2
5916.0000 23
353.0000 2
198.0000 2
7772.0000 20
6253.0000 18
424.0000 2
52.0000 2
9115.0000 32
373.0000 2
9435.0000 32
434.0000 2
4001.0000 11
147.0000 2
297.0000 2
582.0000 2
624.0000 2
245.0000 2
409.0000 2
111.0000 2
340.0000 2
386.0000 2
273.0000 2
884.0000 4
364.0000 2
344.0000 2
5187.0000 12
4210.0000 13
1415.0000 5
405.0000 2
4831.0000 14
268.0000 2
5289.0000 19
4096.0000 11
9197.0000 26
219.0000 2
9421.0000 25
63.0000 2
9199.0000 33
6597.0000 18
1179.0000 4
359.0000 2
3287.0000 8
6969.0000 19
397.0000 3
2998.0000 10
324.0000 2
3308.0000 8
1965.0000 9
42.0000 2
9577.0000 29
487.0000 2
169.0000 2
8386.0000 31
9.0000 2
9085.0000 24
5.0000 2
8169.0000 23
389.0000 2
543.0000 2
89.0000 2
66.0000 2
167.0000 2
106.0000 2
45.0000 2
41.0000 2
466.0000 2
629.0000 2
9603.0000 28
3622.0000 11
360.0000 2
4463.0000 13
2605.0000 7
1063.0000 4
6212.0000 25
1455.0000 5
4499.0000 16
92.0000 2
6570.0000 17
140.0000 2
649.0000 2
1188.0000 4
6803.0000 22
368.0000 2
280.0000 2
7513.0000 28
679.0000 2
206.0000 2
392.0000 2
99.0000 2
400.0000 2
219.0000 2
584.0000 3
9327.0000 33
2426.0000 9
8693.0000 29
1858.0000 7
1936.0000 6
3155.0000 12
382.0000 2
212.0000 2
666.0000 2
5.0000 2
268.0000 2
2716.0000 10
361.0000 2
5634.0000 11
236.0000 2
385.0000 2
2998.0000 14
5324.0000 17
4541.0000 14
131.0000 2
644.0000 2
180.0000 2
6350.0000 29
1274.0000 5
571.0000 2
9930.0000 31
1772.0000 6
204.0000 2
9868.0000 28
450.0000 2
2058.0000 8
3493.0000 10
82.0000 2
5283.0000 20
71.0000 2
256.0000 2
1338.0000 7
621.0000 3
10210.0000 35
725.0000 2
2192.0000 7
323.0000 2
563.0000 2
407.0000 2
20.0000 2
149.0000 2
1992.0000 8
360.0000 2
3904.0000 13
6097.0000 23
4744.0000 17
218.0000 2
273.0000 2
2421.0000 8
405.0000 2
171.0000 2
1972.0000 5
264.0000 2
620.0000 2
57.0000 2
1478.0000 7
152.0000 2
278.0000 2
36.0000 2
16.0000 2
24.0000 2
7893.0000 24
358.0000 2
591.0000 2
258.0000 2
304.0000 2
225.0000 2
41.0000 2
719.0000 3
435.0000 2
393.0000 2
220.0000 2
60.0000 2
556.0000 3
506.0000 2
334.0000 2
1613.0000 5
475.0000 2
3986.0000 11
352.0000 2
577.0000 2
742.0000 5
6713.0000 19
9740.0000 30
6603.0000 28
398.0000 2
500.0000 2
3659.0000 9
548.0000 2
314.0000 2
7618.0000 18
3709.0000 9
287.0000 2
108.0000 2
5205.0000 19
17.0000 2
1025.0000 5
4.0000 2
352.0000 2
608.0000 2
377.0000 2
260.0000 2
291.0000 2
94.0000 2
391.0000 2
614.0000 2
12.0000 2
326.0000 2
6318.0000 21
824.0000 2
616.0000 2
385.0000 2
7721.0000 20
1044.0000 5
606.0000 2
3257.0000 10
3682.0000 15
42.0000 2
618.0000 2
149.0000 2
513.0000 2
1227.0000 5
6898.0000 20
690.0000 2
1852.0000 6
449.0000 2
540.0000 2
128.0000 2
162.0000 2
2424.0000 10
486.0000 2
118.0000 2
2125.0000 6
425.0000 2
518.0000 2
539.0000 2
3004.0000 8
7974.0000 23
681.0000 2
2692.0000 15
4719.0000 15
382.0000 2
511.0000 2
8848.0000 32
348.0000 2
225.0000 2
12.0000 2
10463.0000 34
513.0000 2
803.0000 2
10108.0000 30
191.0000 2
530.0000 2
447.0000 2
8548.0000 29
564.0000 2
26.0000 2
77.0000 2
666.0000 2
63.0000 2
2606.0000 9
3254.0000 9
79.0000 2
693.0000 2
248.0000 2
63.0000 2
114.0000 2
248.0000 2
1329.0000 2
2793.0000 12
4003.0000 10
196.0000 3
10484.0000 35
302.0000 2
4343.0000 11
234.0000 2
169.0000 2
754.0000 2
239.0000 2
180.0000 2
4369.0000 15
715.0000 2
556.0000 2
285.0000 2
942.0000 2
653.0000 2
218.0000 2
2604.0000 8
6090.0000 18
262.0000 2
1792.0000 8
239.0000 2
10866.0000 33
243.0000 2
941.0000 2
388.0000 2
6323.0000 21
3212.0000 10
4505.0000 15
655.0000 2
142.0000 2
10660.0000 30
5543.0000 18
3303.0000 8
5393.0000 17
207.0000 2
2419.0000 7
126.0000 2
443.0000 2
113.0000 2
10005.0000 33
2137.0000 6
7775.0000 28
6597.0000 22
3863.0000 13
388.0000 2
312.0000 2
129.0000 2
972.0000 4
327.0000 2
3642.0000 9
2704.0000 9
452.0000 2
4094.0000 14
419.0000 2
815.0000 2
488.0000 2
1098.0000 2
453.0000 2
207.0000 2
536.0000 2
637.0000 2
33.0000 2
366.0000 2
149.0000 2
448.0000 2
479.0000 2
7173.0000 24
315.0000 2
353.0000 2
44.0000 2
214.0000 2
570.0000 2
14.0000 2
515.0000 2
383.0000 2
369.0000 2
574.0000 2
913.0000 2
379.0000 2
7238.0000 20
3.0000 2
254.0000 2
150.0000 2
591.0000 2
462.0000 2
4681.0000 16
1016.0000 2
392.0000 2
481.0000 2
388.0000 2
8683.0000 25
472.0000 2
453.0000 2
988.0000 3
973.0000 2
257.0000 2
131.0000 2
1224.0000 4
446.0000 2
448.0000 2
638.0000 2
662.0000 2
348.0000 2
201.0000 2
3.0000 2
7741.0000 20
164.0000 2
51.0000 2
198.0000 2
9059.0000 23
298.0000 2
1730.0000 3
4272.0000 11
416.0000 2
20.0000 2
1291.0000 6
501.0000 2
387.0000 2
13.0000 2
4664.0000 11
4491.0000 13
62.0000 2
347.0000 2
976.0000 2
255.0000 2
113.0000 2
34.0000 2
677.0000 2
804.0000 2
3562.0000 12
471.0000 2
1806.0000 7
140.0000 2
1725.0000 5
23.0000 2
142.0000 2
6281.0000 19
335.0000 2
947.0000 5
581.0000 2
7452.0000 20
135.0000 2
132.0000 2
149.0000 2
117.0000 2
3938.0000 11
277.0000 2
248.0000 2
175.0000 2
899.0000 2
138.0000 2
9848.0000 28
144.0000 2
738.0000 2
374.0000 2
84.0000 2
17.0000 2
290.0000 2
802.0000 2
4038.0000 12
8582.0000 28
1758.0000 7
2130.0000 6
248.0000 2
312.0000 2
8105.0000 21
91.0000 2
5400.0000 19
399.0000 2
2328.0000 9
3068.0000 8
735.0000 2
416.0000 2
1194.0000 2
9699.0000 29
178.0000 2
5569.0000 20
288.0000 2
163.0000 2
1382.0000 2
303.0000 2
279.0000 2
3071.0000 10
191.0000 2
588.0000 2
71.0000 2
5504.0000 16
126.0000 2
7532.0000 22
414.0000 2
125.0000 2
1303.0000 7
205.0000 2
483.0000 2
785.0000 2
5139.0000 15
8995.0000 26
386.0000 2
5669.0000 17
6227.0000 16
2595.0000 10
591.0000 2
66.0000 2
101.0000 2
10373.0000 31
1013.0000 2
217.0000 2
430.0000 2
162.0000 2
4736.0000 12
2919.0000 8
125.0000 2
554.0000 2
11221.0000 33
230.0000 2
1711.0000 6
9.0000 2
103.0000 2
80.0000 2
84.0000 2
126.0000 2
21.0000 2
34.0000 2
275.0000 2
21.0000 2
263.0000 2
312.0000 2
385.0000 2
1192.0000 2
5847.0000 17
59.0000 2
8270.0000 23
223.0000 2
195.0000 2
5309.0000 16
1264.0000 3
1135.0000 5
96.0000 2
357.0000 2
4070.0000 11
158.0000 2
437.0000 2
607.0000 2
388.0000 2
606.0000 2
111.0000 2
364.0000 2
2486.0000 5
62.0000 2
735.0000 2
238.0000 2
428.0000 2
11377.0000 38
38.0000 2
191.0000 2
757.0000 3
142.0000 2
11827.0000 37
486.0000 2
7957.0000 22
3572.0000 7
3837.0000 13
110.0000 2
4786.0000 11
4833.0000 16
7299.0000 26
1318.0000 2
5479.0000 19
5.0000 2
443.0000 2
6330.0000 15
267.0000 2
6258.0000 19
70.0000 2
7304.0000 23
280.0000 2
158.0000 2
10038.0000 40
348.0000 2
2980.0000 8
91.0000 2
10633.0000 40
4905.0000 17
158.0000 2
5460.0000 18
2220.0000 7
509.0000 2
481.0000 2
264.0000 2
8361.0000 26
397.0000 2
505.0000 2
802.0000 2
163.0000 2
10181.0000 26
132.0000 2
3941.0000 13
534.0000 2
377.0000 2
1443.0000 5
218.0000 2
2297.0000 11
96.0000 2
1441.0000 2
549.0000 2
269.0000 2
11.0000 2
297.0000 2
590.0000 2
785.0000 2
672.0000 2
762.0000 2
594.0000 2
8798.0000 27
64.0000 2
7390.0000 18
566.0000 2
965.0000 5
10161.0000 32
913.0000 2
3938.0000 15
2101.0000 6
1495.0000 8
638.0000 2
74.0000 2
216.0000 2
215.0000 2
377.0000 2
310.0000 2
6476.0000 17
127.0000 2
629.0000 2
116.0000 2
5496.0000 16
486.0000 2
2149.0000 7
676.0000 2
562.0000 2
312.0000 2
9303.0000 28
75.0000 2
68.0000 2
378.0000 2
88.0000 2
5470.0000 19
227.0000 2
1598.0000 2
111.0000 2
534.0000 2
95.0000 2
121.0000 2
534.0000 2
115.0000 2
874.0000 3
94.0000 2
641.0000 2
28.0000 2
6407.0000 22
24.0000 2
4491.0000 13
873.0000 2
337.0000 2
303.0000 2
7243.0000 21
12373.0000 45
368.0000 2
403.0000 2
111.0000 2
4787.0000 13
519.0000 2
419.0000 2
870.0000 2
106.0000 2
372.0000 2
60.0000 2
414.0000 2
2615.0000 7
6592.0000 20
4813.0000 15
1984.0000 6
488.0000 2
6921.0000 29
541.0000 2
320.0000 2
336.0000 2
237.0000 2
444.0000 2
410.0000 2
343.0000 2
117.0000 2
11195.0000 28
123.0000 2
639.0000 2
2757.0000 8
207.0000 2
347.0000 2
199.0000 2
215.0000 2
194.0000 2
294.0000 2
316.0000 2
112.0000 2
224.0000 2
2319.0000 10
240.0000 2
845.0000 2
720.0000 2
571.0000 2
494.0000 2
496.0000 2
93.0000 2
11170.0000 34
3713.0000 11
143.0000 2
967.0000 2
119.0000 2
12605.0000 36
375.0000 2
581.0000 2
1115.0000 2
6070.0000 20
10727.0000 27
25.0000 2
288.0000 2
546.0000 2
98.0000 2
8344.0000 24
278.0000 2
241.0000 2
7489.0000 22
502.0000 2
296.0000 2
374.0000 2
290.0000 2
6954.0000 22
149.0000 2
10275.0000 25
3597.0000 10
595.0000 2
257.0000 2
2284.0000 7
648.0000 2
5055.0000 16
11816.0000 33
542.0000 2
12180.0000 34
300.0000 2
98.0000 2
9804.0000 28
96.0000 2
8427.0000 28
181.0000 2
380.0000 2
121.0000 2
423.0000 2
192.0000 2
373.0000 2
1893.0000 7
2819.0000 9
123.0000 2
340.0000 2
6770.0000 20
410.0000 2
398.0000 2
4.0000 2
105.0000 2
10321.0000 25
681.0000 2
5137.0000 16
183.0000 2
4389.0000 13
380.0000 2
173.0000 2
313.0000 2
389.0000 2
492.0000 2
552.0000 2
1754.0000 9
79.0000 2
410.0000 2
240.0000 2
8.0000 2
306.0000 2
20.0000 2
346.0000 2
2869.0000 8
24.0000 2
208.0000 2
648.0000 2
251.0000 2
308.0000 2
697.0000 2
235.0000 2
124.0000 2
245.0000 2
7289.0000 17
41.0000 2
552.0000 2
9220.0000 26
11742.0000 34
58.0000 2
2085.0000 7
414.0000 2
550.0000 2
7238.0000 22
10907.0000 32
579.0000 2
8741.0000 26
1056.0000 2
220.0000 2
1658.0000 6
871.0000 4
60.0000 2
276.0000 2
226.0000 2
283.0000 2
21.0000 2
138.0000 2
8865.0000 19
8646.0000 27
88.0000 2
5301.0000 15
754.0000 2
2372.0000 9
203.0000 2
1294.0000 4
4049.0000 14
5584.0000 17
153.0000 2
11718.0000 34
317.0000 2
138.0000 2
245.0000 2
73.0000 2
171.0000 2
388.0000 2
339.0000 2
148.0000 2
6817.0000 23
297.0000 2
446.0000 2
486.0000 2
626.0000 2
739.0000 2
8521.0000 18
377.0000 2
195.0000 2
377.0000 2
12730.0000 38
810.0000 2
1756.0000 7
7494.0000 19
1965.0000 8
445.0000 2
121.0000 2
1771.0000 7
342.0000 2
892.0000 2
41.0000 2
7343.0000 20
8427.0000 22
249.0000 2
6055.0000 18
66.0000 2
403.0000 2
11356.0000 31
503.0000 2
11728.0000 36
575.0000 2
3975.0000 13
118.0000 2
405.0000 2
297.0000 2
335.0000 2
11.0000 2
40.0000 2
622.0000 2
529.0000 2
296.0000 2
173.0000 2
109.0000 2
9059.0000 22
6157.0000 21
40.0000 2
135.0000 2
329.0000 2
3250.0000 12
667.0000 2
7172.0000 28
394.0000 2
11633.0000 26
4964.0000 15
118.0000 2
629.0000 2
1882.0000 6
644.0000 2
344.0000 2
432.0000 2
106.0000 2
442.0000 2
532.0000 2
3782.0000 12
922.0000 5
2614.0000 12
23.0000 2
10297.0000 26
226.0000 2
715.0000 2
338.0000 2
4040.0000 10
92.0000 2
45.0000 2
234.0000 2
5295.0000 16
5477.0000 10
607.0000 5
2551.0000 8
2603.0000 8
67.0000 2
6935.0000 17
636.0000 2
258.0000 2
171.0000 2
10935.0000 26
9858.0000 25
4971.0000 12
10605.0000 32
436.0000 2
75.0000 2
3762.0000 13
493.0000 2
5057.0000 13
134.0000 2
264.0000 2
12885.0000 32
2555.0000 8
588.0000 2
339.0000 2
7660.0000 18
1747.0000 5
7985.0000 29
1014.0000 5
12018.0000 33
260.0000 2
415.0000 2
6853.0000 26
385.0000 2
3088.0000 14
7316.0000 27
7516.0000 23
279.0000 2
5528.0000 17
463.0000 2
348.0000 2
359.0000 2
149.0000 2
614.0000 2
30.0000 2
954.0000 2
90.0000 2
4347.0000 14
432.0000 2
264.0000 2
18.0000 2
2615.0000 8
5568.0000 14
481.0000 2
8078.0000 28
806.0000 2
449.0000 2
360.0000 2
10799.0000 31
1506.0000 5
3811.0000 11
7165.0000 19
87.0000 2
7226.0000 23
473.0000 2
145.0000 2
430.0000 2
13356.0000 40
73.0000 2
370.0000 2
262.0000 2
5754.0000 13
25.0000 2
888.0000 2
1646.0000 7
3383.0000 13
8048.0000 27
117.0000 2
75.0000 2
391.0000 2
3909.0000 15
239.0000 2
163.0000 2
32.0000 2
12826.0000 35
535.0000 3
455.0000 2
5049.0000 15
923.0000 2
1992.0000 9
139.0000 2
47.0000 2
10851.0000 35
125.0000 2
114.0000 2
272.0000 2
813.0000 2
2049.0000 9
1360.0000 5
530.0000 2
11520.0000 31
5170.0000 13
459.0000 2
1687.0000 5
13815.0000 42
392.0000 2
454.0000 2
1328.0000 5
773.0000 2
87.0000 2
581.0000 2
496.0000 2
3609.0000 11
371.0000 2
2382.0000 7
1525.0000 4
83.0000 2
3160.0000 12
1215.0000 4
596.0000 2
36.0000 2
595.0000 2
417.0000 2
4296.0000 15
6.0000 2
66.0000 2
542.0000 2
365.0000 2
3194.0000 11
307.0000 2
593.0000 2
2426.0000 11
3073.0000 9
290.0000 2
149.0000 2
201.0000 2
217.0000 2
13408.0000 38
4482.0000 19
585.0000 2
501.0000 2
107.0000 2
231.0000 2
6036.0000 17
3586.0000 13
321.0000 2
91.0000 2
42.0000 2
5504.0000 16
803.0000 2
104.0000 3
58.0000 2
9562.0000 30
1341.0000 4
201.0000 2
149.0000 2
399.0000 2
6857.0000 18
10433.0000 30
4868.0000 17
222.0000 2
214.0000 2
790.0000 2
470.0000 2
12165.0000 35
23.0000 2
5340.0000 16
125.0000 2
50.0000 2
11725.0000 40
3921.0000 13
4670.0000 14
12375.0000 36
235.0000 2
510.0000 2
3884.0000 10
11808.0000 29
4144.0000 14
123.0000 3
3385.0000 12
302.0000 2
4147.0000 13
744.0000 3
810.0000 2
355.0000 2
23.0000 2
100.0000 2
187.0000 2
523.0000 2
355.0000 2
236.0000 2
248.0000 2
5366.0000 15
2455.0000 8
98.0000 2
370.0000 2
8453.0000 26
136.0000 2
365.0000 2
321.0000 2
14275.0000 42
390.0000 2
4926.0000 18
1525.0000 4
26.0000 2
29.0000 2
3771.0000 13
2044.0000 8
493.0000 2
3064.0000 8
41.0000 2
414.0000 2
516.0000 3
7488.0000 23
3195.0000 7
1876.0000 7
19.0000 2
171.0000 2
8.0000 2
236.0000 2
340.0000 2
1172.0000 5
110.0000 2
473.0000 2
158.0000 2
600.0000 2
444.0000 2
3260.0000 10
1443.0000 3
431.0000 2
32.0000 2
861.0000 2
107.0000 2
37.0000 2
115.0000 2
496.0000 2
253.0000 2
1073.0000 2
203.0000 2
241.0000 2
59.0000 2
96.0000 2
17.0000 2
12055.0000 28
732.0000 2
5437.0000 20
76.0000 2
1964.0000 9
169.0000 2
159.0000 2
4652.0000 16
191.0000 2
4314.0000 12
162.0000 2
213.0000 2
1464.0000 4
527.0000 2
408.0000 2
103.0000 2
88.0000 2
4800.0000 13
47.0000 2
349.0000 2
98.0000 2
644.0000 2
6854.0000 23
661.0000 2
92.0000 2
753.0000 2
312.0000 2
558.0000 2
187.0000 2
309.0000 2
297.0000 2
254.0000 2
3810.0000 13
668.0000 2
114.0000 2
5416.0000 20
701.0000 2
210.0000 2
819.0000 2
6262.0000 14
5136.0000 13
18.0000 2
383.0000 2
664.0000 2
318.0000 2
6093.0000 16
131.0000 2
1281.0000 2
490.0000 2
3572.0000 9
277.0000 2
9767.0000 26
1103.0000 2
597.0000 2
29.0000 2
12.0000 2
193.0000 2
165.0000 2
386.0000 2
141.0000 2
7552.0000 24
4826.0000 22
505.0000 2
213.0000 2
810.0000 2
14571.0000 45
697.0000 2
7974.0000 27
413.0000 2
387.0000 2
609.0000 2
12707.0000 37
300.0000 2
773.0000 2
840.0000 2
596.0000 2
152.0000 2
100.0000 2
10379.0000 32
209.0000 2
116.0000 2
266.0000 2
719.0000 2
200.0000 2
2333.0000 6
3933.0000 11
540.0000 2
70.0000 2
193.0000 2
388.0000 2
3637.0000 11
798.0000 2
9468.0000 29
10574.0000 38
68.0000 2
941.0000 2
362.0000 3
3571.0000 7
131.0000 2
410.0000 2
419.0000 2
500.0000 2
589.0000 2
5840.0000 18
324.0000 2
871.0000 2
430.0000 2
8515.0000 30
697.0000 2
14525.0000 50
20.0000 2
463.0000 2
7712.0000 26
4960.0000 14
476.0000 2
1044.0000 2
8421.0000 29
53.0000 2
7120.0000 23
3385.0000 11
9612.0000 27
429.0000 2
4337.0000 13
467.0000 2
351.0000 2
6614.0000 20
1013.0000 2
8721.0000 33
76.0000 2
338.0000 2
698.0000 2
424.0000 2
172.0000 2
11276.0000 32
129.0000 2
978.0000 5
8202.0000 23
35.0000 2
831.0000 2
13045.0000 34
90.0000 2
1034.0000 6
68.0000 2
76.0000 2
131.0000 2
92.0000 2
45.0000 2
5024.0000 18
66.0000 2
8893.0000 27
13292.0000 36
143.0000 2
3554.0000 11
729.0000 2
9766.0000 28
8276.0000 23
217.0000 2
3140.0000 12
639.0000 2
3855.0000 9
24.0000 2
610.0000 2
363.0000 2
472.0000 2
25.0000 2
1961.0000 7
8512.0000 29
11340.0000 35
4786.0000 12
3268.0000 11
5437.0000 15
5227.0000 18
1316.0000 4
719.0000 2
7793.0000 24
215.0000 2
10977.0000 36
1328.0000 4
410.0000 2
15.0000 2
14458.0000 40
465.0000 2
8100.0000 27
444.0000 2
539.0000 2
200.0000 2
4513.0000 12
53.0000 2
210.0000 2
495.0000 2
842.0000 2
876.0000 2
1333.0000 7
437.0000 2
346.0000 2
11306.0000 32
38.0000 2
74.0000 2
1694.0000 6
5436.0000 18
56.0000 2
290.0000 2
4532.0000 11
44.0000 2
3000.0000 8
523.0000 3
2287.0000 5
78.0000 2
819.0000 5
792.0000 2
502.0000 2
80.0000 2
7213.0000 20
9135.0000 28
6.0000 2
6964.0000 24
7414.0000 24
510.0000 2
10125.0000 29
82.0000 2
34.0000 2
4924.0000 15
12.0000 2
564.0000 2
28.0000 2
511.0000 2
3275.0000 10
36.0000 2
336.0000 2
9766.0000 34
244.0000 2
425.0000 2
124.0000 2
289.0000 2
6107.0000 19
58.0000 2
297.0000 2
1676.0000 6
471.0000 2
366.0000 2
397.0000 2
1145.0000 4
2344.0000 7
5150.0000 14
1683.0000 4
10798.0000 23
9481.0000 26
871.0000 2
579.0000 2
15330.0000 41
1183.0000 5
3218.0000 12
5444.0000 12
314.0000 2
3034.0000 9
1179.0000 6
69.0000 2
8189.0000 23
582.0000 2
446.0000 2
166.0000 2
572.0000 2
205.0000 2
247.0000 2
3084.0000 12
172.0000 2
405.0000 2
225.0000 2
6506.0000 19
598.0000 2
5287.0000 13
138.0000 2
4922.0000 12
3359.0000 12
258.0000 2
454.0000 2
858.0000 4
563.0000 2
6794.0000 18
1664.0000 5
309.0000 2
84.0000 2
110.0000 2
430.0000 2
341.0000 2
205.0000 2
320.0000 2
352.0000 2
597.0000 2
9.0000 2
6450.0000 17
3373.0000 12
8984.0000 26
8103.0000 27
10483.0000 31
7258.0000 23
11141.0000 33
529.0000 2
780.0000 2
377.0000 2
2023.0000 11
386.0000 2
291.0000 2
5277.0000 15
535.0000 2
5738.0000 20
9168.0000 24
6753.0000 23
820.0000 2
3150.0000 9
1706.0000 7
1724.0000 6
13119.0000 36
428.0000 2
58.0000 2
7211.0000 20
4966.0000 13
626.0000 2
611.0000 2
117.0000 2
9983.0000 29
15703.0000 51
107.0000 2
703.0000 3
109.0000 2
4006.0000 11
13220.0000 34
91.0000 2
983.0000 2
55.0000 2
204.0000 2
112.0000 2
410.0000 2
378.0000 2
800.0000 4
3437.0000 10
2049.0000 9
10964.0000 32
5044.0000 14
57.0000 2
535.0000 2
694.0000 2
11005.0000 34
9053.0000 30
5156.0000 12
15180.0000 44
43.0000 2
3450.0000 10
413.0000 2
192.0000 2
390.0000 2
541.0000 2
216.0000 2
216.0000 2
5139.0000 16
77.0000 2
355.0000 4
3524.0000 14
217.0000 2
460.0000 2
15996.0000 62
134.0000 2
650.0000 2
290.0000 2
217.0000 2
668.0000 2
2805.0000 10
336.0000 2
44.0000 2
57.0000 2
118.0000 2
3259.0000 9
5222.0000 13
209.0000 2
3426.0000 9
41.0000 2
922.0000 2
180.0000 2
605.0000 2
243.0000 2
341.0000 2
2907.0000 10
618.0000 2
599.0000 2
655.0000 2
763.0000 2
371.0000 2
653.0000 2
6001.0000 19
170.0000 2
25.0000 2
22.0000 2
306.0000 2
374.0000 2
197.0000 2
3998.0000 12
8314.0000 28
14750.0000 39
1067.0000 2
864.0000 2
38.0000 2
267.0000 2
6.0000 2
7650.0000 18
450.0000 2
62.0000 2
203.0000 2
1120.0000 2
516.0000 2
224.0000 2
568.0000 2
1932.0000 7
1976.0000 7
151.0000 2
669.0000 2
382.0000 3
261.0000 2
3176.0000 13
2405.0000 9
7973.0000 25
864.0000 2
18.0000 2
484.0000 2
350.0000 2
53.0000 2
11674.0000 28
535.0000 2
2334.0000 7
296.0000 2
5961.0000 16
3754.0000 11
72.0000 2
12773.0000 37
210.0000 2
3169.0000 10
6060.0000 17
315.0000 2
437.0000 2
1912.0000 9
2634.0000 7
342.0000 2
9880.0000 27
10045.0000 28
113.0000 2
21.0000 2
4239.0000 12
989.0000 2
11989.0000 37
207.0000 2
608.0000 3
2017.0000 5
334.0000 2
457.0000 2
78.0000 2
402.0000 2
1799.0000 5
1023.0000 2
6815.0000 19
7245.0000 20
288.0000 2
9185.0000 27
497.0000 2
464.0000 2
26.0000 2
321.0000 2
171.0000 2
263.0000 2
366.0000 2
194.0000 2
274.0000 2
472.0000 2
3458.0000 12
331.0000 2
5396.0000 13
228.0000 2
547.0000 2
1081.0000 2
390.0000 2
659.0000 2
14169.0000 38
230.0000 2
2247.0000 8
438.0000 2
14985.0000 37
21.0000 2
56.0000 2
16443.0000 47
15518.0000 52
13.0000 2
639.0000 2
4459.0000 19
301.0000 2
8046.0000 23
7466.0000 23
11.0000 2
301.0000 2
166.0000 2
5140.0000 16
526.0000 2
354.0000 2
910.0000 5
51.0000 2
5564.0000 15
376.0000 2
463.0000 2
5627.0000 18
319.0000 2
529.0000 2
749.0000 2
8871.0000 21
6882.0000 21
485.0000 2
169.0000 2
725.0000 2
340.0000 2
12872.0000 35
66.0000 2
602.0000 2
137.0000 2
210.0000 2
5761.0000 18
531.0000 2
416.0000 2
587.0000 2
543.0000 2
604.0000 2
15.0000 2
12928.0000 31
224.0000 2
6615.0000 25
1379.0000 4
2010.0000 5
123.0000 2
311.0000 2
361.0000 2
326.0000 2
27.0000 2
597.0000 2
268.0000 2
794.0000 2
484.0000 2
116.0000 2
607.0000 2
951.0000 2
340.0000 2
2610.0000 10
2560.0000 8
12103.0000 33
377.0000 2
485.0000 2
7655.0000 20
4637.0000 14
719.0000 2
313.0000 2
4226.0000 17
458.0000 2
5373.0000 19
14.0000 2
807.0000 2
1942.0000 5
5088.0000 14
414.0000 2
289.0000 2
1117.0000 3
2503.0000 7
558.0000 2
376.0000 2
7765.0000 21
24.0000 2
2417.0000 9
112.0000 2
724.0000 3
324.0000 2
5809.0000 16
555.0000 2
131.0000 2
574.0000 2
629.0000 2
6792.0000 18
12574.0000 37
309.0000 2
769.0000 2
587.0000 2
434.0000 2
140.0000 2
746.0000 2
404.0000 2
5498.0000 19
10307.0000 25
60.0000 2
953.0000 2
5863.0000 21
555.0000 2
15784.0000 48
485.0000 2
3839.0000 11
65.0000 2
418.0000 3
16640.0000 46
411.0000 2
1938.0000 5
220.0000 2
1139.0000 4
398.0000 2
532.0000 2
300.0000 2
15266.0000 44
857.0000 2
639.0000 2
14316.0000 40
490.0000 2
316.0000 2
245.0000 2
586.0000 2
934.0000 3
1085.0000 2
471.0000 2
1286.0000 5
273.0000 2
149.0000 2
4287.0000 12
1065.0000 7
512.0000 2
249.0000 2
407.0000 2
516.0000 2
329.0000 2
7105.0000 16
7.0000 2
2653.0000 11
7010.0000 25
14644.0000 49
386.0000 2
6344.0000 16
36.0000 2
5897.0000 21
190.0000 2
360.0000 2
8941.0000 25
797.0000 2
89.0000 2
2470.0000 9
2886.0000 11
9948.0000 24
1247.0000 5
630.0000 2
15145.0000 49
182.0000 2
334.0000 2
134.0000 2
151.0000 2
32.0000 2
101.0000 2
53.0000 2
615.0000 2
254.0000 2
16647.0000 50
518.0000 2
10132.0000 25
4819.0000 16
1084.0000 2
102.0000 2
10101.0000 23
413.0000 2
1370.0000 6
4401.0000 14
5772.0000 17
343.0000 2
1039.0000 3
2346.0000 8
497.0000 2
475.0000 2
30.0000 2
465.0000 2
9.0000 2
3321.0000 9
211.0000 2
22.0000 2
353.0000 2
2973.0000 9
1731.0000 8
230.0000 2
160.0000 2
3684.0000 11
69.0000 2
249.0000 2
16797.0000 45
7544.0000 28
2228.0000 8
2040.0000 12
353.0000 2
5290.0000 14
3380.0000 10
755.0000 2
2884.0000 11
548.0000 2
150.0000 2
7390.0000 26
15008.0000 42
6733.0000 19
3064.0000 11
504.0000 2
365.0000 2
13007.0000 39
1170.0000 4
4971.0000 13
323.0000 2
717.0000 2
17299.0000 46
7439.0000 26
5867.0000 15
352.0000 2
654.0000 3
49.0000 2
103.0000 2
193.0000 2
4508.0000 11
2224.0000 8
363.0000 2
581.0000 2
7330.0000 22
3515.0000 13
29.0000 2
15168.0000 39
8880.0000 22
11530.0000 27
260.0000 2
869.0000 2
22.0000 2
457.0000 2
90.0000 2
306.0000 2
606.0000 2
93.0000 2
285.0000 2
708.0000 2
202.0000 2
131.0000 2
440.0000 2
2122.0000 6
7326.0000 23
10088.0000 28
754.0000 4
4705.0000 16
1723.0000 7
10462.0000 30
108.0000 2
329.0000 2
239.0000 2
3276.0000 11
174.0000 2
6554.0000 17
7257.0000 20
782.0000 6
342.0000 2
321.0000 2
105.0000 2
114.0000 2
7561.0000 21
805.0000 2
11707.0000 34
159.0000 2
262.0000 2
1928.0000 7
13168.0000 41
5283.0000 19
4538.0000 14
116.0000 2
1922.0000 8
141.0000 2
913.0000 2
426.0000 2
184.0000 2
16588.0000 47
63.0000 2
17464.0000 61
1564.0000 8
925.0000 2
5228.0000 16
10588.0000 35
16961.0000 52
17047.0000 48
15138.0000 46
114.0000 2
213.0000 2
6871.0000 19
738.0000 2
15996.0000 44
633.0000 2
664.0000 2
5232.0000 14
1340.0000 5
244.0000 2
910.0000 2
175.0000 2
487.0000 2
12.0000 2
305.0000 2
4137.0000 15
51.0000 2
442.0000 2
870.0000 2
1484.0000 5
8927.0000 27
4197.0000 18
9736.0000 26
2441.0000 10
443.0000 2
6873.0000 16
485.0000 2
194.0000 2
7756.0000 23
548.0000 2
724.0000 2
446.0000 2
77.0000 2
10507.0000 30
4331.0000 18
225.0000 2
2477.0000 8
17229.0000 53
231.0000 2
254.0000 2
29.0000 2
1015.0000 5
231.0000 2
601.0000 2
698.0000 2
403.0000 2
16878.0000 51
4920.0000 18
10738.0000 29
370.0000 2
386.0000 2
1443.0000 6
507.0000 2
149.0000 2
17191.0000 52
32.0000 2
110.0000 2
14.0000 2
3282.0000 13
2638.0000 9
117.0000 2
360.0000 2
950.0000 2
1358.0000 5
842.0000 2
8212.0000 28
874.0000 2
97.0000 2
4246.0000 12
466.0000 2
8369.0000 29
17538.0000 55
3338.0000 9
193.0000 2
4818.0000 12
15955.0000 47
169.0000 2
15961.0000 46
2761.0000 11
6014.0000 23
304.0000 2
averageTime:1598.7252244000733  averageHopCount:6.202784392745924
