# deliveryTime  hopCount
33.0000 8
53.0000 9
115.0000 9
107.0000 9
28.0000 3
130.0000 11
99.0000 5
107.0000 6
117.0000 11
156.0000 5
157.0000 6
101.0000 4
163.0000 7
118.0000 6
126.0000 7
143.0000 4
140.0000 7
150.0000 6
171.0000 9
145.0000 5
36.0000 4
156.0000 8
115.0000 5
198.0000 10
137.0000 9
224.0000 12
166.0000 4
158.0000 6
222.0000 6
182.0000 6
163.0000 6
149.0000 4
94.0000 5
215.0000 6
154.0000 5
241.0000 5
212.0000 6
219.0000 7
196.0000 8
156.0000 6
243.0000 12
264.0000 6
237.0000 9
268.0000 7
240.0000 10
248.0000 8
192.0000 6
283.0000 6
240.0000 10
123.0000 3
268.0000 8
311.0000 6
301.0000 7
266.0000 8
226.0000 4
238.0000 3
329.0000 16
127.0000 2
237.0000 5
296.0000 11
280.0000 3
265.0000 7
327.0000 8
249.0000 6
262.0000 5
160.0000 3
332.0000 6
322.0000 8
333.0000 7
290.0000 5
269.0000 4
200.0000 2
105.0000 3
271.0000 7
315.0000 8
267.0000 4
109.0000 4
271.0000 6
198.0000 5
265.0000 5
280.0000 7
213.0000 5
197.0000 5
214.0000 3
356.0000 5
201.0000 4
235.0000 3
257.0000 5
283.0000 6
284.0000 4
333.0000 7
335.0000 6
291.0000 8
319.0000 3
290.0000 4
226.0000 5
323.0000 3
342.0000 8
325.0000 6
216.0000 6
97.0000 5
297.0000 7
234.0000 3
298.0000 8
375.0000 13
286.0000 7
236.0000 5
263.0000 7
156.0000 5
335.0000 7
315.0000 7
303.0000 4
278.0000 6
191.0000 6
353.0000 5
247.0000 3
346.0000 7
314.0000 10
241.0000 3
252.0000 4
324.0000 4
348.0000 5
350.0000 5
311.0000 7
369.0000 11
353.0000 5
322.0000 5
371.0000 4
315.0000 4
250.0000 4
356.0000 8
320.0000 6
117.0000 2
295.0000 7
330.0000 7
72.0000 3
366.0000 6
295.0000 5
219.0000 6
300.0000 3
255.0000 6
4.0000 2
334.0000 9
372.0000 7
243.0000 3
275.0000 6
327.0000 3
303.0000 7
332.0000 5
246.0000 5
334.0000 9
278.0000 4
262.0000 6
377.0000 7
251.0000 6
206.0000 4
347.0000 6
274.0000 3
285.0000 3
271.0000 6
350.0000 6
272.0000 4
352.0000 8
388.0000 7
432.0000 12
281.0000 4
262.0000 6
346.0000 8
245.0000 5
359.0000 9
396.0000 4
193.0000 2
397.0000 6
362.0000 8
371.0000 4
301.0000 4
258.0000 8
359.0000 8
359.0000 8
443.0000 13
367.0000 8
326.0000 6
361.0000 9
275.0000 7
216.0000 2
338.0000 8
229.0000 4
115.0000 4
343.0000 7
222.0000 4
119.0000 2
410.0000 8
314.0000 4
411.0000 7
412.0000 7
381.0000 6
318.0000 9
376.0000 7
315.0000 4
387.0000 7
382.0000 6
382.0000 7
298.0000 6
329.0000 8
427.0000 10
314.0000 5
315.0000 4
430.0000 5
320.0000 6
333.0000 4
397.0000 7
132.0000 2
391.0000 5
335.0000 6
306.0000 7
240.0000 4
322.0000 7
273.0000 5
435.0000 9
206.0000 5
290.0000 5
397.0000 6
440.0000 5
275.0000 7
400.0000 7
315.0000 8
373.0000 5
364.0000 7
232.0000 4
317.0000 5
412.0000 9
302.0000 6
317.0000 7
303.0000 5
335.0000 7
345.0000 5
455.0000 7
292.0000 4
415.0000 10
310.0000 3
459.0000 8
189.0000 4
257.0000 5
236.0000 5
271.0000 4
461.0000 8
309.0000 5
428.0000 8
465.0000 7
336.0000 8
463.0000 5
468.0000 8
427.0000 8
427.0000 10
469.0000 6
280.0000 3
429.0000 5
375.0000 4
487.0000 7
360.0000 6
475.0000 9
477.0000 7
348.0000 8
349.0000 7
314.0000 4
380.0000 4
480.0000 8
454.0000 3
380.0000 6
449.0000 9
437.0000 8
388.0000 5
338.0000 5
193.0000 3
312.0000 7
359.0000 6
390.0000 10
489.0000 11
361.0000 7
393.0000 3
414.0000 6
403.0000 6
341.0000 5
387.0000 7
498.0000 7
350.0000 6
456.0000 6
499.0000 4
464.0000 6
500.0000 8
501.0000 9
501.0000 2
460.0000 6
354.0000 6
343.0000 6
503.0000 6
314.0000 4
405.0000 5
407.0000 9
409.0000 5
236.0000 4
400.0000 7
467.0000 8
388.0000 4
446.0000 6
414.0000 7
380.0000 4
417.0000 4
386.0000 7
368.0000 5
313.0000 5
517.0000 11
400.0000 7
363.0000 7
345.0000 9
591.0000 8
423.0000 5
481.0000 8
376.0000 6
413.0000 7
575.0000 10
428.0000 9
422.0000 6
532.0000 8
300.0000 3
533.0000 9
533.0000 4
492.0000 9
344.0000 4
504.0000 7
427.0000 5
412.0000 11
495.0000 5
610.0000 4
370.0000 4
549.0000 8
456.0000 5
439.0000 3
339.0000 3
542.0000 7
407.0000 2
427.0000 8
514.0000 7
514.0000 7
531.0000 10
313.0000 5
108.0000 5
517.0000 11
522.0000 8
600.0000 11
567.0000 8
566.0000 3
456.0000 7
466.0000 5
395.0000 4
461.0000 7
381.0000 7
243.0000 4
480.0000 4
539.0000 5
546.0000 9
434.0000 6
542.0000 11
626.0000 15
456.0000 6
560.0000 3
459.0000 8
630.0000 9
475.0000 6
461.0000 5
298.0000 3
299.0000 5
425.0000 7
635.0000 13
537.0000 5
423.0000 5
419.0000 6
594.0000 6
325.0000 5
500.0000 8
595.0000 11
453.0000 5
600.0000 7
507.0000 4
476.0000 8
537.0000 9
609.0000 6
651.0000 6
623.0000 8
572.0000 7
250.0000 3
519.0000 6
503.0000 6
578.0000 5
242.0000 2
620.0000 8
624.0000 6
256.0000 4
516.0000 4
496.0000 4
600.0000 7
600.0000 7
439.0000 5
528.0000 5
586.0000 6
451.0000 5
338.0000 3
535.0000 6
591.0000 7
632.0000 7
602.0000 8
523.0000 4
504.0000 6
540.0000 8
464.0000 6
564.0000 7
494.0000 4
538.0000 4
419.0000 5
170.0000 3
457.0000 5
668.0000 8
510.0000 6
410.0000 4
555.0000 5
474.0000 5
678.0000 10
640.0000 8
640.0000 7
540.0000 6
401.0000 2
686.0000 7
440.0000 5
647.0000 5
632.0000 6
561.0000 5
562.0000 7
516.0000 10
447.0000 8
534.0000 7
555.0000 12
682.0000 10
727.0000 7
576.0000 5
569.0000 7
661.0000 2
583.0000 5
558.0000 8
508.0000 5
768.0000 7
551.0000 8
529.0000 8
571.0000 7
674.0000 7
701.0000 5
519.0000 4
460.0000 7
582.0000 4
676.0000 6
627.0000 9
533.0000 6
299.0000 5
468.0000 4
673.0000 5
540.0000 7
676.0000 7
460.0000 6
738.0000 7
615.0000 8
725.0000 10
622.0000 8
632.0000 9
774.0000 15
617.0000 4
276.0000 3
550.0000 5
576.0000 5
780.0000 12
729.0000 10
607.0000 5
633.0000 7
740.0000 5
566.0000 8
710.0000 9
497.0000 7
711.0000 9
762.0000 7
630.0000 8
486.0000 5
723.0000 7
793.0000 9
504.0000 6
643.0000 9
276.0000 3
420.0000 6
800.0000 5
624.0000 8
610.0000 5
650.0000 9
572.0000 5
617.0000 9
657.0000 5
586.0000 2
664.0000 7
834.0000 6
696.0000 8
626.0000 7
847.0000 22
777.0000 10
584.0000 5
780.0000 12
585.0000 3
238.0000 2
486.0000 3
738.0000 7
827.0000 11
586.0000 4
606.0000 9
685.0000 7
635.0000 5
686.0000 7
566.0000 4
603.0000 6
691.0000 7
605.0000 4
498.0000 5
791.0000 4
767.0000 9
531.0000 6
648.0000 5
683.0000 6
528.0000 5
731.0000 11
686.0000 6
812.0000 9
769.0000 9
598.0000 5
546.0000 6
460.0000 4
624.0000 5
710.0000 6
830.0000 6
830.0000 10
594.0000 4
802.0000 5
790.0000 7
762.0000 9
272.0000 4
696.0000 7
728.0000 6
837.0000 6
698.0000 7
643.0000 5
621.0000 6
828.0000 7
634.0000 6
773.0000 7
607.0000 6
662.0000 6
740.0000 7
740.0000 8
745.0000 8
555.0000 6
863.0000 9
810.0000 5
679.0000 6
740.0000 8
852.0000 7
694.0000 8
749.0000 7
901.0000 10
306.0000 5
730.0000 7
764.0000 8
789.0000 9
861.0000 7
757.0000 8
576.0000 7
828.0000 9
723.0000 5
693.0000 5
889.0000 10
510.0000 4
804.0000 10
668.0000 7
841.0000 7
712.0000 5
689.0000 8
860.0000 7
713.0000 6
409.0000 3
839.0000 9
907.0000 3
738.0000 5
661.0000 7
768.0000 8
723.0000 6
789.0000 7
753.0000 5
634.0000 4
794.0000 8
675.0000 6
676.0000 7
924.0000 10
804.0000 8
726.0000 3
818.0000 4
882.0000 12
959.0000 15
991.0000 8
811.0000 8
680.0000 5
600.0000 5
906.0000 9
699.0000 9
931.0000 11
837.0000 12
675.0000 7
630.0000 7
912.0000 11
830.0000 6
982.0000 6
370.0000 4
917.0000 9
704.0000 5
843.0000 8
710.0000 5
663.0000 5
921.0000 7
860.0000 9
666.0000 4
271.0000 4
754.0000 5
772.0000 5
794.0000 6
947.0000 6
867.0000 8
683.0000 5
721.0000 7
993.0000 8
584.0000 5
1024.0000 9
814.0000 7
752.0000 5
1001.0000 8
984.0000 8
247.0000 4
815.0000 9
805.0000 5
778.0000 11
890.0000 7
735.0000 4
908.0000 8
702.0000 8
1015.0000 11
679.0000 5
680.0000 4
979.0000 11
451.0000 5
875.0000 7
796.0000 5
917.0000 7
919.0000 5
843.0000 6
1013.0000 8
1004.0000 7
1030.0000 6
847.0000 5
948.0000 8
755.0000 8
787.0000 8
1017.0000 4
761.0000 7
979.0000 5
834.0000 5
1130.0000 6
598.0000 4
953.0000 9
1112.0000 10
1065.0000 5
849.0000 4
1031.0000 8
1037.0000 7
945.0000 7
1045.0000 7
965.0000 7
781.0000 5
983.0000 11
909.0000 6
1126.0000 12
1043.0000 10
1102.0000 7
447.0000 3
958.0000 6
1134.0000 14
984.0000 8
827.0000 6
956.0000 9
955.0000 7
927.0000 7
1106.0000 8
1109.0000 5
1112.0000 8
1112.0000 7
1159.0000 13
1090.0000 5
1134.0000 10
1162.0000 14
828.0000 6
1022.0000 8
1013.0000 9
1099.0000 11
939.0000 6
1101.0000 18
1088.0000 9
1029.0000 8
954.0000 4
966.0000 8
890.0000 8
1046.0000 9
546.0000 4
1156.0000 7
1156.0000 10
518.0000 6
1136.0000 13
969.0000 6
956.0000 5
521.0000 2
1171.0000 9
917.0000 7
1055.0000 7
1021.0000 8
1187.0000 4
995.0000 8
999.0000 9
434.0000 5
1062.0000 8
1070.0000 7
1071.0000 9
987.0000 6
1075.0000 6
851.0000 5
618.0000 4
930.0000 5
1090.0000 7
1100.0000 10
1004.0000 5
1155.0000 6
1205.0000 10
584.0000 4
1204.0000 8
1184.0000 8
1103.0000 7
444.0000 3
1105.0000 8
1213.0000 7
962.0000 5
1216.0000 7
1181.0000 11
1031.0000 8
1223.0000 7
1112.0000 8
971.0000 8
890.0000 5
1241.0000 14
1031.0000 6
1026.0000 5
1058.0000 7
1033.0000 7
1070.0000 8
1275.0000 9
934.0000 6
487.0000 4
1245.0000 8
1245.0000 10
1222.0000 7
1249.0000 6
991.0000 5
294.0000 4
1150.0000 8
1017.0000 5
1138.0000 11
1094.0000 11
1246.0000 16
1206.0000 9
796.0000 5
794.0000 4
1320.0000 11
1092.0000 5
1093.0000 6
1134.0000 5
894.0000 6
908.0000 6
890.0000 6
1023.0000 8
1044.0000 6
1293.0000 8
64.0000 2
1051.0000 6
1189.0000 9
994.0000 8
1056.0000 8
1133.0000 7
337.0000 3
1120.0000 4
1061.0000 7
1082.0000 7
989.0000 8
755.0000 4
1316.0000 10
752.0000 7
1027.0000 5
1182.0000 9
850.0000 4
1107.0000 8
1226.0000 8
316.0000 4
1335.0000 9
1336.0000 12
1354.0000 8
1315.0000 12
1342.0000 7
1289.0000 6
780.0000 7
1058.0000 9
1164.0000 7
945.0000 6
1321.0000 7
1227.0000 5
669.0000 6
1323.0000 7
1336.0000 5
1071.0000 9
1094.0000 6
1171.0000 7
1079.0000 6
1387.0000 8
1182.0000 6
1228.0000 6
1200.0000 7
1155.0000 6
1263.0000 7
1115.0000 8
1191.0000 5
1354.0000 13
889.0000 8
610.0000 3
1217.0000 8
911.0000 3
1408.0000 9
1012.0000 8
634.0000 4
1041.0000 5
1297.0000 7
1299.0000 8
1212.0000 6
1238.0000 10
1310.0000 7
1464.0000 8
1107.0000 8
1299.0000 10
1323.0000 6
553.0000 2
1098.0000 6
1026.0000 7
1024.0000 7
1435.0000 9
1178.0000 7
1412.0000 8
307.0000 2
1265.0000 9
1333.0000 8
1458.0000 13
1336.0000 10
244.0000 3
1338.0000 7
994.0000 5
1342.0000 10
889.0000 7
317.0000 4
1204.0000 7
1296.0000 9
1455.0000 7
1046.0000 4
1246.0000 12
1361.0000 9
1307.0000 8
1135.0000 6
536.0000 2
1181.0000 7
1154.0000 7
1329.0000 8
1184.0000 11
1477.0000 6
1223.0000 9
1377.0000 9
1487.0000 13
1011.0000 4
1244.0000 7
1168.0000 8
1381.0000 10
1322.0000 12
1275.0000 7
1157.0000 9
417.0000 5
964.0000 6
1270.0000 9
1022.0000 5
1396.0000 8
1106.0000 8
1381.0000 8
1341.0000 7
1046.0000 6
1065.0000 9
1344.0000 9
1518.0000 9
960.0000 4
1071.0000 5
1417.0000 7
1526.0000 11
1251.0000 11
1045.0000 8
1333.0000 6
1292.0000 5
1345.0000 12
1293.0000 9
1130.0000 7
1252.0000 9
1437.0000 9
1560.0000 8
1514.0000 6
1199.0000 7
1001.0000 5
1358.0000 5
1529.0000 16
1197.0000 5
1529.0000 15
1220.0000 6
1599.0000 17
1348.0000 7
1531.0000 12
1299.0000 9
1414.0000 7
1421.0000 13
1377.0000 10
1132.0000 7
1458.0000 7
957.0000 4
1459.0000 8
1039.0000 7
1236.0000 5
553.0000 6
1470.0000 10
639.0000 3
1380.0000 10
1256.0000 10
1597.0000 9
1594.0000 11
1594.0000 7
1335.0000 7
1615.0000 9
1342.0000 5
1033.0000 6
656.0000 4
1408.0000 8
1412.0000 10
1126.0000 7
1443.0000 10
1188.0000 5
1348.0000 7
930.0000 6
1434.0000 12
155.0000 2
1418.0000 10
1487.0000 10
1680.0000 5
1462.0000 8
1391.0000 7
1467.0000 13
1643.0000 10
1687.0000 14
1456.0000 10
695.0000 6
1481.0000 8
1550.0000 8
1308.0000 4
1189.0000 3
1523.0000 7
1465.0000 10
1678.0000 11
1096.0000 4
1681.0000 8
1325.0000 11
1515.0000 7
687.0000 3
1712.0000 8
1745.0000 17
1556.0000 10
1596.0000 11
1532.0000 11
1585.0000 6
1600.0000 9
1595.0000 7
1582.0000 7
1075.0000 4
1606.0000 9
1529.0000 8
1718.0000 12
1451.0000 6
1503.0000 10
1613.0000 8
947.0000 7
1618.0000 10
1116.0000 3
1771.0000 16
1625.0000 7
1625.0000 8
1630.0000 9
1447.0000 8
1522.0000 6
1448.0000 9
1019.0000 5
1108.0000 8
1767.0000 12
1447.0000 9
754.0000 5
1588.0000 8
1515.0000 9
1593.0000 7
1475.0000 8
1766.0000 13
1477.0000 7
1563.0000 8
1516.0000 10
1446.0000 10
1781.0000 13
1676.0000 13
1486.0000 8
1494.0000 10
1804.0000 13
1603.0000 13
1789.0000 11
1293.0000 8
1303.0000 5
1578.0000 8
1691.0000 8
170.0000 3
1696.0000 12
1665.0000 12
1567.0000 8
1810.0000 9
179.0000 2
681.0000 3
1162.0000 5
1712.0000 8
1242.0000 7
1152.0000 6
1400.0000 4
1878.0000 15
394.0000 4
1835.0000 9
739.0000 4
1729.0000 7
790.0000 4
1374.0000 6
1846.0000 11
1742.0000 6
1848.0000 10
1745.0000 8
1628.0000 6
1257.0000 6
1761.0000 8
1614.0000 9
1591.0000 6
1402.0000 5
1407.0000 6
1755.0000 12
1683.0000 10
1919.0000 15
1668.0000 9
1705.0000 11
1709.0000 9
1842.0000 14
518.0000 2
1887.0000 9
1892.0000 9
1658.0000 9
1897.0000 11
1492.0000 11
376.0000 3
1809.0000 7
918.0000 6
373.0000 2
1749.0000 9
1618.0000 11
1634.0000 11
1408.0000 9
488.0000 4
1928.0000 12
1366.0000 7
1937.0000 13
1748.0000 8
1629.0000 8
1913.0000 8
1906.0000 14
1451.0000 8
1956.0000 10
1504.0000 9
1695.0000 10
1791.0000 14
1720.0000 7
1965.0000 11
1704.0000 6
1797.0000 10
1798.0000 9
1785.0000 8
1638.0000 10
1599.0000 9
1968.0000 15
842.0000 3
195.0000 2
1813.0000 10
1987.0000 12
1990.0000 12
1884.0000 11
1885.0000 7
1898.0000 11
1518.0000 9
1706.0000 10
1001.0000 6
1793.0000 10
1216.0000 5
811.0000 5
1790.0000 8
1439.0000 8
2008.0000 12
1987.0000 11
553.0000 2
1715.0000 6
185.0000 2
1667.0000 7
476.0000 3
231.0000 2
1894.0000 13
1169.0000 7
1864.0000 12
1733.0000 7
1585.0000 7
1275.0000 5
1469.0000 6
2045.0000 10
1861.0000 8
1889.0000 8
1781.0000 13
2035.0000 12
1776.0000 10
2039.0000 8
1869.0000 14
516.0000 3
1565.0000 10
1574.0000 5
1943.0000 9
2055.0000 13
2055.0000 11
1844.0000 15
2075.0000 10
2061.0000 9
1586.0000 6
1611.0000 7
1330.0000 6
1963.0000 8
1963.0000 9
1959.0000 9
1802.0000 11
711.0000 2
1839.0000 12
1930.0000 12
1906.0000 10
1725.0000 9
2145.0000 17
1833.0000 8
1773.0000 12
1519.0000 5
1161.0000 6
507.0000 3
1852.0000 11
1855.0000 8
880.0000 4
2104.0000 15
1485.0000 8
1002.0000 6
1941.0000 11
1919.0000 10
207.0000 2
1992.0000 10
2138.0000 11
1729.0000 11
1338.0000 8
1901.0000 11
2143.0000 12
1858.0000 10
1774.0000 7
608.0000 5
1545.0000 5
1984.0000 10
2011.0000 11
1093.0000 4
1836.0000 7
751.0000 4
1894.0000 9
2208.0000 18
361.0000 3
1707.0000 10
254.0000 3
1697.0000 5
2071.0000 7
1178.0000 6
2180.0000 12
1772.0000 12
2188.0000 7
2083.0000 10
2167.0000 13
2196.0000 10
2092.0000 8
1849.0000 10
1932.0000 9
1916.0000 8
2209.0000 12
2214.0000 8
2192.0000 17
1726.0000 10
788.0000 5
1851.0000 9
1938.0000 9
2072.0000 13
1233.0000 7
1933.0000 11
2204.0000 14
2049.0000 9
2138.0000 10
551.0000 4
552.0000 3
1988.0000 11
550.0000 4
2261.0000 14
2262.0000 11
1797.0000 7
2265.0000 11
101.0000 3
2266.0000 12
1218.0000 7
2279.0000 17
1779.0000 8
1147.0000 6
1480.0000 7
130.0000 2
1957.0000 8
2074.0000 8
2181.0000 13
1684.0000 7
2167.0000 13
1610.0000 7
1806.0000 8
1806.0000 9
2310.0000 12
1833.0000 10
1836.0000 6
1982.0000 9
1942.0000 8
1734.0000 5
2319.0000 8
2217.0000 7
1333.0000 5
1980.0000 12
2065.0000 10
647.0000 3
2010.0000 11
1849.0000 9
2346.0000 13
1856.0000 8
1187.0000 5
1973.0000 12
2359.0000 11
1949.0000 11
2073.0000 9
2114.0000 10
1716.0000 6
2079.0000 8
2035.0000 9
2125.0000 14
472.0000 2
825.0000 4
2111.0000 11
1922.0000 11
1582.0000 5
1980.0000 10
2449.0000 15
2013.0000 11
2282.0000 9
410.0000 3
2104.0000 8
2130.0000 8
1861.0000 8
2404.0000 11
2310.0000 15
1930.0000 10
2303.0000 8
1803.0000 6
2307.0000 8
2172.0000 11
2432.0000 11
1929.0000 7
1836.0000 6
2101.0000 11
2095.0000 10
1480.0000 5
2023.0000 11
2342.0000 11
1964.0000 8
1835.0000 8
1862.0000 8
2049.0000 13
266.0000 3
1464.0000 8
1308.0000 9
2352.0000 11
168.0000 2
212.0000 2
2217.0000 11
1978.0000 11
2256.0000 14
2199.0000 10
2282.0000 10
1177.0000 7
2448.0000 12
2179.0000 10
944.0000 3
2368.0000 9
1985.0000 11
1907.0000 9
1037.0000 6
2147.0000 9
2376.0000 10
2192.0000 9
2372.0000 10
2153.0000 12
2316.0000 6
2163.0000 10
1886.0000 8
746.0000 4
2184.0000 13
1783.0000 9
2500.0000 11
2501.0000 14
1700.0000 9
11.0000 2
1864.0000 11
2236.0000 13
2491.0000 9
2102.0000 7
1383.0000 7
2522.0000 17
1959.0000 8
968.0000 6
1949.0000 8
1898.0000 10
224.0000 2
2298.0000 11
2397.0000 14
2542.0000 15
2440.0000 10
2443.0000 9
2320.0000 10
2550.0000 13
2408.0000 11
1387.0000 10
2150.0000 14
997.0000 6
1650.0000 5
2013.0000 9
2067.0000 9
1369.0000 6
2462.0000 9
2463.0000 12
2466.0000 11
2253.0000 12
154.0000 2
2176.0000 12
2590.0000 11
2216.0000 9
426.0000 3
2217.0000 11
2127.0000 10
208.0000 2
1969.0000 7
2034.0000 9
2367.0000 11
2046.0000 10
2240.0000 7
2511.0000 11
2284.0000 11
1634.0000 8
2288.0000 13
2359.0000 14
2334.0000 8
2433.0000 14
1081.0000 8
2460.0000 7
1362.0000 6
1456.0000 9
2521.0000 14
2453.0000 11
2415.0000 11
2604.0000 11
1418.0000 6
1791.0000 7
2080.0000 10
2648.0000 11
1714.0000 9
1814.0000 7
1661.0000 6
2551.0000 11
1546.0000 8
1706.0000 7
2374.0000 12
2174.0000 10
2176.0000 9
2346.0000 15
2066.0000 8
2066.0000 8
806.0000 4
2661.0000 13
2208.0000 8
2475.0000 11
1704.0000 6
2595.0000 11
1702.0000 8
2510.0000 11
2704.0000 17
2439.0000 11
2602.0000 9
1874.0000 7
2177.0000 10
2682.0000 9
2693.0000 15
2535.0000 9
1600.0000 6
1732.0000 12
2411.0000 12
1569.0000 8
1742.0000 6
2498.0000 9
2412.0000 13
2409.0000 9
2390.0000 12
2414.0000 9
2189.0000 11
2570.0000 14
2632.0000 14
2184.0000 9
2630.0000 14
2593.0000 11
2301.0000 11
2678.0000 11
2146.0000 12
2383.0000 13
2789.0000 12
2531.0000 14
2791.0000 12
2189.0000 8
1821.0000 5
2125.0000 6
1810.0000 7
1967.0000 7
2619.0000 14
1645.0000 7
2218.0000 12
1826.0000 5
2340.0000 10
1649.0000 8
2270.0000 11
2821.0000 14
2450.0000 7
2207.0000 9
2825.0000 14
1304.0000 4
1635.0000 6
1777.0000 10
1209.0000 5
2839.0000 12
2666.0000 11
2594.0000 9
2396.0000 15
1278.0000 5
2513.0000 13
2513.0000 8
1719.0000 9
1603.0000 7
2402.0000 15
2591.0000 14
2324.0000 10
336.0000 3
128.0000 2
2259.0000 8
2579.0000 11
2427.0000 8
1723.0000 10
2395.0000 14
2764.0000 9
1727.0000 8
871.0000 3
388.0000 4
2314.0000 12
2474.0000 11
2113.0000 9
2689.0000 9
790.0000 7
2294.0000 12
2903.0000 13
2904.0000 12
1498.0000 7
1728.0000 8
2558.0000 12
2730.0000 13
2462.0000 8
2658.0000 12
1828.0000 6
2932.0000 19
2277.0000 8
2948.0000 13
1533.0000 5
2740.0000 10
2643.0000 10
2692.0000 14
1764.0000 7
2822.0000 10
1428.0000 9
495.0000 2
2754.0000 17
2773.0000 11
2061.0000 8
2775.0000 12
2584.0000 12
1680.0000 7
2005.0000 8
2410.0000 10
2208.0000 8
1985.0000 12
2881.0000 10
2162.0000 7
1764.0000 9
2116.0000 11
1375.0000 8
2425.0000 10
2516.0000 10
2405.0000 7
2728.0000 7
2912.0000 11
2559.0000 9
3020.0000 12
2753.0000 12
2406.0000 9
1830.0000 6
2490.0000 10
2695.0000 16
929.0000 6
2935.0000 10
2853.0000 14
379.0000 3
884.0000 5
700.0000 3
2919.0000 15
2886.0000 12
2078.0000 12
2832.0000 12
234.0000 2
2979.0000 10
2629.0000 9
3090.0000 12
2832.0000 14
2987.0000 14
2717.0000 13
2478.0000 8
2887.0000 13
1404.0000 6
2534.0000 8
3005.0000 15
3128.0000 13
1198.0000 5
2935.0000 11
655.0000 2
2885.0000 11
2228.0000 11
1244.0000 5
2786.0000 12
2724.0000 8
2923.0000 10
2614.0000 14
1969.0000 11
2625.0000 13
1495.0000 5
1596.0000 6
2784.0000 7
2594.0000 13
2510.0000 9
2594.0000 10
192.0000 2
1641.0000 6
3164.0000 13
2582.0000 9
3166.0000 14
2922.0000 12
2517.0000 8
2113.0000 11
747.0000 3
2603.0000 11
2886.0000 14
616.0000 5
2641.0000 9
3064.0000 13
1069.0000 4
2058.0000 9
2948.0000 12
2620.0000 12
1541.0000 6
2031.0000 12
2672.0000 13
3103.0000 11
2755.0000 8
3090.0000 11
2650.0000 8
2739.0000 13
3024.0000 12
3142.0000 19
1622.0000 7
3014.0000 9
3061.0000 16
1714.0000 5
2674.0000 10
2682.0000 9
2584.0000 9
1689.0000 6
2813.0000 11
427.0000 2
3170.0000 12
1077.0000 3
2112.0000 10
3281.0000 13
2997.0000 13
3181.0000 11
2346.0000 7
820.0000 3
312.0000 2
2149.0000 8
2847.0000 8
2993.0000 12
386.0000 4
2935.0000 11
1204.0000 7
2085.0000 6
3313.0000 12
3314.0000 15
1816.0000 9
1869.0000 4
2127.0000 8
3198.0000 17
3089.0000 12
2947.0000 13
3147.0000 10
3122.0000 12
1902.0000 9
3129.0000 14
2963.0000 14
3237.0000 10
883.0000 5
2715.0000 14
2926.0000 16
2543.0000 10
3198.0000 19
3238.0000 13
2872.0000 11
2389.0000 10
2203.0000 8
1901.0000 8
3188.0000 11
3375.0000 14
1500.0000 8
2793.0000 9
2129.0000 9
2694.0000 11
1924.0000 9
3065.0000 12
2793.0000 10
862.0000 4
3286.0000 12
3103.0000 16
2990.0000 14
1862.0000 8
3400.0000 22
2656.0000 7
1909.0000 9
2247.0000 8
680.0000 5
2450.0000 8
2701.0000 11
715.0000 2
1680.0000 11
3351.0000 16
809.0000 6
2364.0000 8
2283.0000 14
2861.0000 11
2902.0000 13
3366.0000 10
2906.0000 11
1578.0000 6
3144.0000 11
2602.0000 13
685.0000 4
3299.0000 13
3198.0000 12
2249.0000 12
3001.0000 15
2874.0000 15
2871.0000 9
3270.0000 9
3186.0000 12
3228.0000 13
3030.0000 11
683.0000 2
3439.0000 13
2268.0000 16
2027.0000 6
2947.0000 13
513.0000 3
3230.0000 16
2036.0000 12
3570.0000 13
2134.0000 7
2027.0000 8
3007.0000 13
2739.0000 9
2487.0000 10
3253.0000 11
3588.0000 14
3254.0000 17
3008.0000 10
2620.0000 8
3558.0000 14
3557.0000 17
3603.0000 18
3602.0000 12
2067.0000 9
2033.0000 11
3271.0000 12
2410.0000 8
2662.0000 7
690.0000 3
3426.0000 9
2995.0000 10
3158.0000 14
3241.0000 12
2422.0000 9
2448.0000 10
1139.0000 2
3516.0000 14
3016.0000 7
3510.0000 14
1875.0000 6
3523.0000 14
3337.0000 17
3563.0000 14
222.0000 2
2393.0000 13
3470.0000 13
3357.0000 10
2869.0000 13
3584.0000 14
2502.0000 11
3702.0000 15
2779.0000 12
3088.0000 12
1193.0000 5
1886.0000 9
803.0000 4
1253.0000 5
3207.0000 16
2747.0000 11
3131.0000 12
3568.0000 13
210.0000 2
2693.0000 12
3421.0000 16
1196.0000 6
2680.0000 12
2926.0000 10
1309.0000 7
2373.0000 9
2440.0000 12
2120.0000 8
2133.0000 9
3442.0000 14
3444.0000 16
1437.0000 5
3549.0000 13
2554.0000 11
1304.0000 5
3231.0000 14
3733.0000 19
543.0000 4
1459.0000 6
1266.0000 4
3552.0000 13
2570.0000 12
3331.0000 15
2949.0000 11
3426.0000 16
2785.0000 10
3278.0000 9
3573.0000 16
2799.0000 8
3716.0000 20
437.0000 4
3327.0000 12
676.0000 3
568.0000 2
2864.0000 10
870.0000 6
3421.0000 17
1292.0000 5
3798.0000 14
1302.0000 4
3302.0000 15
3655.0000 15
3528.0000 13
3373.0000 15
1766.0000 4
2616.0000 12
3134.0000 10
3010.0000 15
1872.0000 5
3867.0000 22
1544.0000 7
2271.0000 7
3552.0000 11
660.0000 3
3324.0000 9
3431.0000 10
3354.0000 12
3345.0000 15
3357.0000 10
2269.0000 10
1196.0000 5
756.0000 2
1155.0000 6
1040.0000 3
3537.0000 15
2080.0000 8
3589.0000 14
3233.0000 7
3678.0000 18
1422.0000 7
3607.0000 14
2710.0000 8
3237.0000 11
3203.0000 11
2544.0000 8
3731.0000 23
3877.0000 19
3278.0000 8
2209.0000 7
1590.0000 6
2117.0000 7
1594.0000 5
2591.0000 10
2742.0000 8
2724.0000 12
2812.0000 11
1466.0000 5
360.0000 3
3044.0000 11
3087.0000 12
3890.0000 20
1639.0000 7
2332.0000 9
2653.0000 13
676.0000 3
1799.0000 6
1000.0000 6
3958.0000 22
649.0000 4
3934.0000 14
2536.0000 7
3266.0000 12
3742.0000 13
3823.0000 16
2274.0000 10
2942.0000 9
3759.0000 14
3105.0000 11
2438.0000 9
3554.0000 18
3621.0000 10
3713.0000 15
3715.0000 14
2544.0000 14
2312.0000 9
2446.0000 7
3600.0000 14
724.0000 3
3870.0000 18
3785.0000 14
181.0000 3
717.0000 3
2102.0000 10
3988.0000 14
2989.0000 12
2393.0000 12
2496.0000 10
3721.0000 17
3523.0000 10
2631.0000 13
676.0000 3
3509.0000 15
1594.0000 8
2230.0000 9
65.0000 2
2937.0000 15
3823.0000 21
3830.0000 17
1797.0000 9
2529.0000 8
2828.0000 9
2860.0000 13
1799.0000 7
1557.0000 8
2607.0000 6
1873.0000 4
3202.0000 12
579.0000 3
1247.0000 6
3247.0000 11
470.0000 2
1422.0000 5
3553.0000 16
3888.0000 13
2993.0000 12
3528.0000 10
3571.0000 14
991.0000 5
2599.0000 12
1370.0000 5
3596.0000 15
3507.0000 16
2578.0000 9
1164.0000 4
740.0000 3
3530.0000 15
2330.0000 10
3938.0000 15
1859.0000 7
1677.0000 8
1935.0000 9
258.0000 2
3445.0000 13
3515.0000 11
1062.0000 5
1927.0000 4
3508.0000 12
4118.0000 16
4122.0000 16
1394.0000 5
302.0000 2
2935.0000 12
3575.0000 14
501.0000 3
105.0000 2
3497.0000 14
1789.0000 6
2959.0000 12
3026.0000 13
3663.0000 15
4211.0000 19
3589.0000 9
2926.0000 15
387.0000 4
3917.0000 16
3048.0000 7
4178.0000 15
3180.0000 14
3724.0000 14
916.0000 4
4078.0000 17
3620.0000 13
3550.0000 14
3897.0000 16
4008.0000 14
3638.0000 12
3210.0000 11
3965.0000 17
2384.0000 12
3025.0000 13
3847.0000 15
4049.0000 15
1886.0000 8
3796.0000 17
1785.0000 8
2365.0000 12
4026.0000 17
3734.0000 16
3361.0000 11
2579.0000 8
1294.0000 7
4050.0000 20
3005.0000 14
2029.0000 9
2717.0000 10
4088.0000 17
1455.0000 9
3247.0000 12
4221.0000 11
3643.0000 17
37.0000 2
4184.0000 13
2693.0000 13
4314.0000 14
4084.0000 19
3714.0000 11
972.0000 4
3926.0000 16
3829.0000 10
426.0000 2
3852.0000 15
1195.0000 5
3735.0000 14
4290.0000 21
2988.0000 12
3707.0000 11
3080.0000 17
2541.0000 8
1652.0000 8
3425.0000 12
2910.0000 10
4095.0000 11
2584.0000 13
3099.0000 15
928.0000 4
3860.0000 13
3860.0000 13
3165.0000 11
3635.0000 13
3319.0000 17
3900.0000 10
3069.0000 9
3746.0000 13
3773.0000 12
3582.0000 13
4043.0000 17
4104.0000 14
1917.0000 7
3799.0000 20
4146.0000 11
607.0000 4
3896.0000 15
1208.0000 5
2648.0000 8
4426.0000 18
443.0000 3
4101.0000 15
2856.0000 10
3327.0000 13
4226.0000 22
1653.0000 6
3862.0000 10
4340.0000 14
3849.0000 15
4204.0000 16
3884.0000 15
2926.0000 13
4106.0000 16
4059.0000 16
4466.0000 16
4479.0000 19
3272.0000 12
4443.0000 18
2050.0000 6
4294.0000 16
4481.0000 17
4386.0000 16
2612.0000 11
3902.0000 15
4218.0000 16
852.0000 4
3521.0000 12
2083.0000 10
4030.0000 15
2740.0000 9
4381.0000 17
4017.0000 17
2972.0000 9
3877.0000 12
2782.0000 11
3932.0000 13
2724.0000 13
4409.0000 17
878.0000 4
3485.0000 10
3682.0000 11
4311.0000 14
4518.0000 17
4327.0000 20
1260.0000 6
3005.0000 7
4529.0000 17
4209.0000 19
1364.0000 6
3802.0000 11
3701.0000 12
3906.0000 19
4531.0000 20
1603.0000 6
3999.0000 16
1854.0000 8
1022.0000 2
3506.0000 15
4314.0000 18
2691.0000 11
1316.0000 6
4067.0000 16
3091.0000 10
3739.0000 14
3614.0000 18
4578.0000 16
2331.0000 10
620.0000 2
2392.0000 6
1247.0000 6
3616.0000 12
3672.0000 15
2483.0000 12
3159.0000 13
2824.0000 11
722.0000 4
287.0000 3
3311.0000 15
3359.0000 13
2385.0000 13
4220.0000 17
1049.0000 5
3563.0000 15
2885.0000 10
54.0000 2
4258.0000 12
4158.0000 15
4420.0000 14
3636.0000 17
2390.0000 10
2912.0000 9
1376.0000 6
859.0000 4
3838.0000 14
24.0000 2
3465.0000 16
4129.0000 17
1550.0000 6
4500.0000 23
1942.0000 7
4410.0000 16
200.0000 2
3247.0000 8
2428.0000 11
2597.0000 11
3436.0000 14
4130.0000 15
4682.0000 17
3723.0000 10
2935.0000 12
4428.0000 16
4234.0000 18
1114.0000 5
3865.0000 11
4076.0000 13
4405.0000 18
2047.0000 7
1783.0000 5
2861.0000 12
2954.0000 10
3371.0000 15
3514.0000 12
2758.0000 10
1589.0000 6
3239.0000 13
3274.0000 14
4178.0000 15
2040.0000 11
4522.0000 19
539.0000 6
4454.0000 18
4083.0000 21
2319.0000 13
4240.0000 14
4461.0000 14
2496.0000 8
4355.0000 17
2647.0000 13
4696.0000 19
4129.0000 14
3559.0000 14
4362.0000 17
3001.0000 11
3559.0000 12
3658.0000 13
3806.0000 12
3012.0000 11
2343.0000 7
3210.0000 14
4471.0000 17
3742.0000 12
2211.0000 12
2496.0000 11
625.0000 2
4199.0000 15
1203.0000 5
1991.0000 8
3594.0000 12
2072.0000 9
4765.0000 20
3971.0000 13
4532.0000 20
4152.0000 15
4537.0000 19
3953.0000 16
2442.0000 14
2724.0000 13
3156.0000 10
126.0000 3
1834.0000 9
3033.0000 12
4359.0000 14
3596.0000 13
4578.0000 16
2518.0000 11
3985.0000 12
4843.0000 28
3581.0000 15
4246.0000 11
4666.0000 17
4183.0000 12
4599.0000 15
4276.0000 14
4735.0000 18
1021.0000 4
3868.0000 19
1074.0000 6
3307.0000 12
2154.0000 9
588.0000 4
450.0000 2
4528.0000 20
4619.0000 19
4647.0000 22
4256.0000 15
1591.0000 9
4228.0000 18
1237.0000 7
2106.0000 7
1177.0000 5
4635.0000 22
2205.0000 9
2659.0000 8
3694.0000 12
2647.0000 10
4058.0000 14
4608.0000 20
4804.0000 20
4267.0000 17
1660.0000 7
3556.0000 15
377.0000 2
4509.0000 21
4356.0000 14
1599.0000 4
2114.0000 12
4312.0000 11
4942.0000 16
2033.0000 8
4595.0000 15
3198.0000 11
4950.0000 17
772.0000 8
3787.0000 14
2734.0000 11
4962.0000 18
4314.0000 15
1890.0000 11
4629.0000 15
4397.0000 15
4835.0000 16
1954.0000 8
1736.0000 10
3808.0000 15
4410.0000 13
3724.0000 14
2322.0000 9
3060.0000 10
913.0000 4
5010.0000 19
517.0000 3
3586.0000 12
5015.0000 17
3770.0000 17
3851.0000 17
5022.0000 19
4455.0000 17
2952.0000 16
2616.0000 11
2806.0000 10
732.0000 3
4199.0000 14
3525.0000 12
1222.0000 5
4021.0000 17
3504.0000 12
4406.0000 15
4059.0000 17
2651.0000 11
4875.0000 21
4611.0000 21
3904.0000 18
4833.0000 23
3988.0000 10
4084.0000 17
2172.0000 8
4712.0000 13
4834.0000 18
387.0000 2
4269.0000 14
4916.0000 20
3943.0000 18
4464.0000 13
4924.0000 20
3950.0000 13
4522.0000 15
4555.0000 16
1592.0000 5
4550.0000 17
4940.0000 21
4193.0000 14
338.0000 2
161.0000 2
2709.0000 10
1344.0000 9
2332.0000 13
4527.0000 15
3285.0000 17
2652.0000 9
3965.0000 16
4288.0000 19
4221.0000 15
2121.0000 5
3554.0000 10
4581.0000 20
2497.0000 10
2641.0000 11
1922.0000 7
2826.0000 15
3143.0000 11
2972.0000 13
3449.0000 12
3701.0000 12
3581.0000 11
1022.0000 7
1787.0000 6
3687.0000 12
3569.0000 12
3718.0000 12
2474.0000 6
4979.0000 14
4447.0000 15
712.0000 4
4928.0000 14
33.0000 2
4997.0000 20
2389.0000 6
5077.0000 15
4691.0000 15
4513.0000 20
3850.0000 10
4459.0000 13
4883.0000 18
3032.0000 11
4186.0000 13
5157.0000 20
4639.0000 13
5257.0000 20
4385.0000 15
4652.0000 19
4835.0000 20
1875.0000 8
1667.0000 8
4695.0000 16
3596.0000 15
2193.0000 7
2949.0000 14
3561.0000 10
2521.0000 14
2648.0000 8
3335.0000 11
3216.0000 12
4743.0000 18
3574.0000 12
1750.0000 7
1885.0000 6
2908.0000 13
4838.0000 18
1257.0000 4
4762.0000 14
4710.0000 15
5135.0000 15
2245.0000 7
1574.0000 9
3748.0000 12
4339.0000 15
837.0000 3
4187.0000 15
1585.0000 9
1203.0000 5
4546.0000 15
4221.0000 18
1926.0000 7
3446.0000 10
2661.0000 9
3745.0000 12
2280.0000 7
3688.0000 13
5070.0000 17
2666.0000 10
3000.0000 16
2823.0000 11
2530.0000 5
4242.0000 17
724.0000 6
1411.0000 6
2788.0000 12
1313.0000 7
2972.0000 9
3951.0000 12
4595.0000 15
4866.0000 16
462.0000 2
2763.0000 12
4863.0000 15
3206.0000 14
4937.0000 16
3683.0000 14
2828.0000 11
4261.0000 16
3036.0000 17
5210.0000 17
5021.0000 16
4252.0000 17
4271.0000 17
4599.0000 19
3700.0000 13
4578.0000 14
4261.0000 15
5267.0000 19
1199.0000 3
3802.0000 15
1672.0000 5
4891.0000 18
4052.0000 13
1906.0000 8
2558.0000 11
363.0000 3
2865.0000 9
4646.0000 15
3826.0000 14
1598.0000 7
5003.0000 18
1617.0000 7
3093.0000 12
1473.0000 5
2390.0000 8
4890.0000 18
2807.0000 10
4095.0000 13
5497.0000 22
2599.0000 9
3064.0000 13
2634.0000 10
3150.0000 18
4324.0000 17
2981.0000 12
2841.0000 13
2795.0000 9
1769.0000 9
5437.0000 13
5015.0000 15
830.0000 5
4556.0000 17
3139.0000 12
2879.0000 9
5231.0000 17
3201.0000 8
4374.0000 13
4569.0000 20
4729.0000 16
5002.0000 20
5166.0000 10
3468.0000 15
650.0000 2
1491.0000 6
4586.0000 17
5256.0000 17
5349.0000 21
203.0000 2
5505.0000 19
1472.0000 4
4829.0000 19
4733.0000 18
4079.0000 18
3506.0000 15
3460.0000 11
4998.0000 15
3321.0000 13
5500.0000 25
4431.0000 13
2205.0000 8
1184.0000 4
4116.0000 15
1866.0000 12
4997.0000 21
5058.0000 14
5146.0000 19
4825.0000 20
2194.0000 7
2855.0000 13
815.0000 3
2116.0000 8
4532.0000 14
5408.0000 26
3253.0000 14
5499.0000 24
3925.0000 15
5679.0000 19
5174.0000 14
5311.0000 15
1547.0000 7
5286.0000 20
4709.0000 15
5367.0000 16
5327.0000 18
678.0000 3
4512.0000 16
984.0000 4
4270.0000 16
5642.0000 19
3554.0000 11
5184.0000 18
2281.0000 10
5075.0000 12
4536.0000 16
4024.0000 15
3057.0000 9
4903.0000 18
1952.0000 10
3503.0000 14
4783.0000 15
5297.0000 23
5497.0000 16
4486.0000 21
5440.0000 15
3088.0000 11
3553.0000 12
2181.0000 8
4033.0000 13
5153.0000 21
5636.0000 21
3028.0000 7
5342.0000 20
1221.0000 6
4278.0000 16
4872.0000 15
5241.0000 20
1090.0000 4
3138.0000 12
5790.0000 17
5589.0000 22
5194.0000 21
5567.0000 17
5552.0000 20
5472.0000 19
5240.0000 13
3439.0000 10
2251.0000 10
5214.0000 21
2434.0000 8
5484.0000 15
4795.0000 16
4205.0000 15
5825.0000 23
2138.0000 6
4841.0000 17
5685.0000 19
3507.0000 19
5682.0000 19
2999.0000 11
1685.0000 7
679.0000 2
5884.0000 23
4985.0000 17
5310.0000 17
1073.0000 6
3156.0000 13
3661.0000 14
4460.0000 15
2099.0000 10
3215.0000 9
1489.0000 4
3500.0000 15
4483.0000 13
5467.0000 17
1371.0000 7
4920.0000 19
1548.0000 6
3037.0000 14
184.0000 2
5314.0000 22
1792.0000 8
3547.0000 14
3344.0000 14
4767.0000 14
5588.0000 15
2844.0000 10
4537.0000 13
2752.0000 9
3484.0000 15
5724.0000 24
5680.0000 24
4998.0000 15
5319.0000 12
4544.0000 13
2755.0000 9
3240.0000 13
5815.0000 21
5340.0000 20
2809.0000 11
4789.0000 18
9.0000 2
5081.0000 20
4059.0000 15
414.0000 2
4816.0000 18
5628.0000 15
1822.0000 10
3778.0000 16
1191.0000 7
3222.0000 13
4844.0000 17
1928.0000 7
5193.0000 15
2579.0000 8
5999.0000 23
1833.0000 5
4161.0000 17
3530.0000 13
4728.0000 21
5794.0000 23
2926.0000 8
1855.0000 5
4855.0000 19
2268.0000 10
5403.0000 16
5238.0000 17
5138.0000 18
4767.0000 14
4557.0000 19
1005.0000 5
2960.0000 10
5244.0000 19
1508.0000 6
5759.0000 19
5536.0000 19
4551.0000 14
4823.0000 14
3676.0000 14
2657.0000 7
3870.0000 13
1961.0000 7
5465.0000 24
3316.0000 14
3510.0000 14
1000.0000 5
1115.0000 3
5826.0000 25
5375.0000 16
925.0000 3
4509.0000 17
5524.0000 19
5285.0000 19
2810.0000 11
3445.0000 13
4702.0000 13
5132.0000 20
3011.0000 11
4941.0000 17
2696.0000 9
6043.0000 22
4610.0000 19
4621.0000 19
4393.0000 15
3795.0000 9
1373.0000 5
139.0000 2
1465.0000 6
3093.0000 9
3927.0000 13
5598.0000 18
4740.0000 14
4743.0000 14
4640.0000 18
3775.0000 17
5969.0000 24
4319.0000 15
5696.0000 23
5626.0000 27
4443.0000 12
3980.0000 13
4776.0000 13
4119.0000 18
5037.0000 18
5290.0000 19
3993.0000 15
789.0000 4
3809.0000 14
3819.0000 17
675.0000 4
5050.0000 22
2987.0000 8
5515.0000 20
5274.0000 15
2265.0000 8
5082.0000 16
5084.0000 17
5921.0000 20
2734.0000 10
6012.0000 26
3135.0000 12
4849.0000 14
3780.0000 14
3528.0000 13
5110.0000 14
6163.0000 20
5979.0000 19
2042.0000 6
5441.0000 23
3159.0000 9
5116.0000 18
5099.0000 16
6153.0000 21
3625.0000 17
5133.0000 18
1340.0000 7
5084.0000 18
4119.0000 11
3536.0000 12
4313.0000 14
6061.0000 26
5163.0000 18
3968.0000 19
4560.0000 11
5754.0000 17
5347.0000 23
3093.0000 14
5884.0000 16
1521.0000 8
1261.0000 4
3863.0000 13
5167.0000 20
4660.0000 20
2216.0000 9
226.0000 2
3629.0000 12
2899.0000 7
1366.0000 4
335.0000 2
6411.0000 31
4003.0000 18
1923.0000 7
4147.0000 15
4623.0000 13
203.0000 3
6359.0000 26
5766.0000 18
2598.0000 11
3790.0000 14
1280.0000 9
679.0000 4
3711.0000 17
4288.0000 12
3739.0000 10
1043.0000 5
272.0000 3
2978.0000 10
1294.0000 7
5233.0000 16
3876.0000 11
4984.0000 21
939.0000 4
3950.0000 14
4069.0000 19
96.0000 2
6062.0000 20
4279.0000 10
4699.0000 17
4699.0000 17
4632.0000 22
1353.0000 6
3224.0000 14
5825.0000 17
5637.0000 19
4822.0000 19
5638.0000 23
190.0000 2
2320.0000 10
2306.0000 10
6297.0000 23
4132.0000 14
6096.0000 13
4091.0000 13
5523.0000 25
5680.0000 16
3945.0000 21
4918.0000 18
5878.0000 19
4823.0000 19
6214.0000 24
5291.0000 22
5634.0000 22
5320.0000 16
2103.0000 7
4143.0000 14
2572.0000 15
6517.0000 25
1250.0000 5
5189.0000 20
1182.0000 6
3995.0000 19
5536.0000 18
5726.0000 20
6156.0000 20
2468.0000 9
1682.0000 7
3666.0000 14
3676.0000 15
4963.0000 21
4929.0000 19
5295.0000 21
4341.0000 17
6590.0000 19
3908.0000 15
1126.0000 3
3566.0000 18
5688.0000 24
2465.0000 11
6346.0000 27
891.0000 6
6587.0000 25
5666.0000 19
5352.0000 16
4783.0000 17
5797.0000 17
4877.0000 17
6295.0000 20
6054.0000 19
2846.0000 14
4243.0000 15
4425.0000 13
1819.0000 8
463.0000 4
6244.0000 18
6186.0000 20
6415.0000 19
6686.0000 21
5539.0000 23
6489.0000 23
435.0000 2
4489.0000 15
5770.0000 22
6278.0000 18
3203.0000 10
1012.0000 5
4974.0000 19
5888.0000 17
5890.0000 17
5482.0000 20
6038.0000 24
2293.0000 6
4509.0000 15
3857.0000 14
5095.0000 19
6327.0000 24
4421.0000 22
4338.0000 16
5364.0000 16
1140.0000 6
5245.0000 19
4413.0000 20
4802.0000 18
6098.0000 14
5369.0000 21
4083.0000 14
6694.0000 23
5813.0000 28
5886.0000 18
6225.0000 23
5813.0000 20
6327.0000 19
4945.0000 19
3554.0000 11
3399.0000 11
6791.0000 31
5843.0000 27
5395.0000 14
4197.0000 13
6643.0000 25
1989.0000 8
6456.0000 23
2755.0000 8
3016.0000 8
4607.0000 20
2396.0000 10
3569.0000 9
66.0000 2
6000.0000 19
4055.0000 18
6012.0000 19
1899.0000 5
3069.0000 11
508.0000 3
6202.0000 30
6540.0000 19
5755.0000 18
6288.0000 23
3539.0000 13
5604.0000 17
2766.0000 9
6113.0000 26
2688.0000 9
2681.0000 13
1938.0000 5
6697.0000 22
5793.0000 21
3065.0000 10
5426.0000 18
5990.0000 20
6133.0000 29
5633.0000 18
6250.0000 21
5569.0000 22
4224.0000 13
5668.0000 25
2701.0000 8
3454.0000 11
4436.0000 13
6531.0000 20
3290.0000 15
6049.0000 21
6293.0000 25
3414.0000 11
3621.0000 9
3675.0000 11
1602.0000 8
2787.0000 12
2503.0000 7
217.0000 2
6077.0000 22
4383.0000 13
5380.0000 16
3844.0000 13
6026.0000 19
2104.0000 8
2423.0000 7
840.0000 3
3211.0000 13
6343.0000 24
5016.0000 19
6429.0000 28
6461.0000 21
265.0000 3
6237.0000 26
7066.0000 25
5476.0000 17
4326.0000 20
5149.0000 21
5262.0000 16
4227.0000 15
688.0000 6
3894.0000 13
5464.0000 19
5143.0000 24
5464.0000 16
5756.0000 17
698.0000 3
6651.0000 21
5717.0000 20
1479.0000 5
1319.0000 6
3921.0000 12
5471.0000 25
4627.0000 14
4127.0000 14
3922.0000 13
3523.0000 11
1291.0000 5
5112.0000 18
5903.0000 18
2292.0000 10
4169.0000 17
4169.0000 18
6273.0000 25
5436.0000 22
1319.0000 4
3541.0000 10
6533.0000 24
6415.0000 19
5875.0000 20
5338.0000 16
4517.0000 18
1052.0000 4
917.0000 6
6749.0000 24
3822.0000 9
2393.0000 10
3575.0000 14
4153.0000 15
4396.0000 15
2105.0000 9
6074.0000 22
4321.0000 14
5356.0000 17
6013.0000 18
5564.0000 19
3992.0000 14
4381.0000 15
4818.0000 17
729.0000 2
5476.0000 18
2563.0000 13
369.0000 2
4661.0000 16
5195.0000 20
3370.0000 10
4653.0000 11
1096.0000 4
4043.0000 12
4802.0000 23
5553.0000 15
6211.0000 21
884.0000 4
4448.0000 14
2996.0000 9
5594.0000 22
6231.0000 20
5630.0000 21
6387.0000 18
749.0000 4
4605.0000 17
3402.0000 12
3983.0000 9
6392.0000 19
3967.0000 11
6295.0000 23
1529.0000 6
6626.0000 18
3457.0000 12
6002.0000 24
2412.0000 8
6061.0000 19
4136.0000 11
3461.0000 13
516.0000 2
4791.0000 14
4595.0000 20
4914.0000 24
4598.0000 17
6610.0000 21
6139.0000 20
6664.0000 18
6908.0000 21
6943.0000 29
1205.0000 5
146.0000 3
4113.0000 16
426.0000 2
4386.0000 16
2523.0000 9
4445.0000 15
5653.0000 16
5264.0000 15
4196.0000 17
4438.0000 15
4970.0000 17
3541.0000 12
7104.0000 23
5804.0000 17
7066.0000 30
2654.0000 11
737.0000 2
5457.0000 15
4980.0000 20
3641.0000 13
5124.0000 18
1723.0000 7
597.0000 2
5128.0000 19
7139.0000 23
5829.0000 20
3285.0000 10
6389.0000 22
5140.0000 20
7033.0000 26
6716.0000 21
5610.0000 23
5286.0000 19
5745.0000 20
4058.0000 14
5947.0000 18
4130.0000 17
7422.0000 33
1664.0000 12
2492.0000 12
5084.0000 18
2738.0000 9
4910.0000 16
4712.0000 18
4919.0000 15
3641.0000 14
4628.0000 16
6011.0000 18
3904.0000 15
672.0000 2
5020.0000 15
4522.0000 16
4731.0000 14
1725.0000 7
478.0000 3
692.0000 3
5034.0000 16
7101.0000 23
5220.0000 18
7295.0000 35
6503.0000 21
5058.0000 21
6295.0000 25
6828.0000 24
3356.0000 10
5473.0000 21
2520.0000 9
5074.0000 21
3866.0000 14
7341.0000 22
6059.0000 16
2490.0000 7
2428.0000 8
6466.0000 22
5342.0000 13
5933.0000 20
4307.0000 17
2450.0000 7
6112.0000 19
1445.0000 7
2520.0000 8
6939.0000 22
1047.0000 5
4608.0000 16
3075.0000 9
797.0000 3
6487.0000 25
1458.0000 4
7360.0000 26
6703.0000 23
6301.0000 24
6238.0000 19
654.0000 3
4096.0000 10
6946.0000 19
4788.0000 15
1554.0000 10
7224.0000 22
3003.0000 12
560.0000 3
3112.0000 10
4330.0000 10
3504.0000 10
4481.0000 11
730.0000 2
858.0000 5
5388.0000 22
3042.0000 10
6307.0000 20
1660.0000 6
7245.0000 25
1000.0000 5
7363.0000 26
2857.0000 13
6534.0000 20
6982.0000 22
6388.0000 24
1200.0000 5
2772.0000 11
1106.0000 5
6378.0000 16
2582.0000 12
6219.0000 18
3557.0000 12
1462.0000 6
5572.0000 17
2182.0000 8
6837.0000 17
4751.0000 15
7099.0000 19
4985.0000 16
3468.0000 15
6026.0000 23
5448.0000 21
6482.0000 20
6687.0000 24
3972.0000 17
6365.0000 25
6268.0000 22
5070.0000 17
4332.0000 12
7276.0000 23
4444.0000 13
3498.0000 10
4171.0000 17
5610.0000 20
2278.0000 10
6271.0000 21
2925.0000 14
6178.0000 22
7148.0000 23
4285.0000 14
7176.0000 21
1360.0000 6
5966.0000 23
5270.0000 18
7767.0000 37
5708.0000 22
380.0000 3
5317.0000 16
6483.0000 23
5509.0000 21
100.0000 2
6768.0000 19
3043.0000 16
249.0000 2
3049.0000 13
6907.0000 23
6226.0000 20
6992.0000 23
6565.0000 21
7121.0000 26
7596.0000 26
5276.0000 15
1686.0000 7
5548.0000 21
3346.0000 15
488.0000 2
6263.0000 23
6540.0000 24
2332.0000 7
1259.0000 6
7417.0000 26
4158.0000 14
3602.0000 10
5694.0000 17
5135.0000 16
7560.0000 29
7529.0000 22
5401.0000 22
7195.0000 23
7622.0000 29
6065.0000 22
5594.0000 18
7083.0000 24
3048.0000 12
7697.0000 30
2197.0000 11
2747.0000 5
5041.0000 20
5345.0000 14
2397.0000 9
3605.0000 10
7002.0000 22
3738.0000 13
7371.0000 27
566.0000 2
4438.0000 15
2905.0000 8
1130.0000 4
7403.0000 21
6251.0000 19
1690.0000 7
469.0000 5
4973.0000 17
4196.0000 12
7241.0000 24
7254.0000 27
4987.0000 18
2187.0000 7
6130.0000 22
4663.0000 11
5803.0000 17
5830.0000 24
6880.0000 24
7083.0000 21
4485.0000 12
3519.0000 13
5571.0000 19
6328.0000 20
7286.0000 24
6140.0000 22
7702.0000 28
115.0000 2
1602.0000 5
6697.0000 25
2279.0000 7
5974.0000 19
6622.0000 21
4644.0000 16
7548.0000 23
2567.0000 11
2569.0000 9
7507.0000 21
2061.0000 6
4112.0000 11
1229.0000 4
6357.0000 18
1541.0000 7
6204.0000 25
7082.0000 19
3560.0000 11
6778.0000 23
4883.0000 15
6383.0000 23
6218.0000 16
6816.0000 19
941.0000 3
411.0000 2
4589.0000 14
5646.0000 15
3217.0000 12
6794.0000 23
7438.0000 26
6989.0000 20
3824.0000 16
5470.0000 17
4831.0000 18
3800.0000 11
7423.0000 23
6709.0000 21
5188.0000 17
632.0000 4
5364.0000 17
4527.0000 16
7318.0000 22
6002.0000 18
7411.0000 30
3053.0000 9
7215.0000 19
1811.0000 5
2216.0000 7
5694.0000 13
924.0000 4
5150.0000 17
6975.0000 18
5855.0000 21
1942.0000 8
556.0000 4
7480.0000 19
545.0000 3
6111.0000 19
7125.0000 26
7332.0000 30
6596.0000 24
2117.0000 9
6020.0000 18
6938.0000 29
2298.0000 9
3192.0000 9
1254.0000 5
1872.0000 8
7581.0000 26
5380.0000 19
5252.0000 18
5384.0000 16
7017.0000 22
3778.0000 10
375.0000 3
7996.0000 29
857.0000 4
840.0000 4
7278.0000 25
4268.0000 17
7586.0000 22
4668.0000 15
6342.0000 30
7771.0000 21
7771.0000 24
129.0000 2
8028.0000 30
7490.0000 20
7132.0000 20
4628.0000 15
3242.0000 8
7971.0000 32
2532.0000 8
1924.0000 6
4733.0000 15
3566.0000 12
4549.0000 14
6388.0000 22
1393.0000 7
4165.0000 19
3728.0000 14
7445.0000 27
5501.0000 21
8016.0000 25
1736.0000 6
5044.0000 14
1542.0000 9
2888.0000 13
1083.0000 6
1958.0000 6
4107.0000 10
837.0000 4
4221.0000 15
901.0000 4
7677.0000 29
6566.0000 19
7467.0000 29
7702.0000 21
7481.0000 20
3474.0000 11
7711.0000 20
6900.0000 23
7136.0000 24
6903.0000 20
1261.0000 5
3375.0000 10
8190.0000 31
5974.0000 28
4263.0000 14
544.0000 4
5838.0000 16
3655.0000 15
7185.0000 22
2628.0000 11
5107.0000 13
6294.0000 22
7400.0000 24
7740.0000 23
2031.0000 9
5623.0000 15
717.0000 4
8178.0000 27
7120.0000 26
7459.0000 27
35.0000 2
1247.0000 6
6630.0000 23
7874.0000 27
3384.0000 10
7801.0000 23
4193.0000 11
6957.0000 24
6160.0000 20
6160.0000 24
7778.0000 23
3959.0000 13
5624.0000 22
8161.0000 31
377.0000 3
3412.0000 13
7482.0000 22
6676.0000 19
547.0000 4
445.0000 3
1038.0000 6
6460.0000 24
1405.0000 4
5301.0000 17
5724.0000 17
6544.0000 20
6203.0000 21
8213.0000 32
3996.0000 16
4727.0000 17
7784.0000 26
6564.0000 25
174.0000 2
3750.0000 14
4.0000 2
2874.0000 9
7026.0000 25
6210.0000 23
7810.0000 28
7367.0000 26
5219.0000 19
2223.0000 9
6903.0000 32
5650.0000 17
3791.0000 16
5825.0000 21
5778.0000 21
7054.0000 24
4898.0000 17
3927.0000 9
614.0000 3
4298.0000 12
1617.0000 6
1219.0000 4
6568.0000 23
927.0000 5
3793.0000 11
4071.0000 16
4804.0000 18
5265.0000 15
7084.0000 25
260.0000 3
5162.0000 17
6991.0000 26
7579.0000 25
3147.0000 11
8330.0000 28
8239.0000 23
5487.0000 14
5838.0000 17
6790.0000 23
277.0000 2
1419.0000 7
3372.0000 14
7122.0000 23
7358.0000 31
7914.0000 27
7129.0000 20
3153.0000 10
5964.0000 22
6789.0000 22
3615.0000 14
1153.0000 8
7915.0000 21
6911.0000 24
2228.0000 7
6522.0000 21
6160.0000 19
7921.0000 24
4589.0000 22
6015.0000 17
802.0000 2
2376.0000 9
3912.0000 14
2244.0000 6
8004.0000 26
7160.0000 20
1004.0000 4
4029.0000 13
8241.0000 29
2836.0000 11
6187.0000 25
4274.0000 14
5352.0000 19
7961.0000 26
1568.0000 6
3157.0000 15
7828.0000 27
4404.0000 18
7440.0000 27
3037.0000 11
2418.0000 9
1675.0000 7
221.0000 3
5368.0000 15
7964.0000 32
29.0000 2
5915.0000 21
6756.0000 30
7970.0000 27
6689.0000 23
8033.0000 25
5107.0000 19
5204.0000 16
6673.0000 31
3947.0000 16
5023.0000 17
6275.0000 21
482.0000 2
5400.0000 16
6542.0000 19
3185.0000 10
8327.0000 24
6647.0000 21
6911.0000 26
966.0000 4
5241.0000 16
8408.0000 34
2535.0000 9
3270.0000 13
1690.0000 6
2718.0000 7
5373.0000 23
7648.0000 22
1893.0000 7
2344.0000 11
619.0000 5
28.0000 2
7191.0000 25
5984.0000 22
7199.0000 23
3013.0000 9
6690.0000 24
2047.0000 9
491.0000 2
7322.0000 21
1335.0000 4
2839.0000 8
8251.0000 25
2130.0000 11
5673.0000 19
3682.0000 10
40.0000 2
4573.0000 10
7193.0000 24
1634.0000 6
912.0000 5
8531.0000 35
3831.0000 14
818.0000 4
6211.0000 25
4096.0000 16
4695.0000 15
6384.0000 25
7001.0000 27
6546.0000 21
6115.0000 22
5202.0000 18
7470.0000 24
7848.0000 28
4113.0000 19
6724.0000 28
4704.0000 22
3145.0000 13
8177.0000 29
1463.0000 6
6771.0000 21
2501.0000 14
8821.0000 32
5558.0000 17
1193.0000 5
8455.0000 28
7607.0000 25
5956.0000 16
7588.0000 28
1675.0000 7
7128.0000 22
6480.0000 31
4407.0000 20
6194.0000 19
5152.0000 16
8845.0000 34
1539.0000 5
5140.0000 16
8231.0000 29
8630.0000 37
1815.0000 7
6647.0000 23
6241.0000 19
4188.0000 21
7358.0000 25
641.0000 4
634.0000 4
5773.0000 22
4797.0000 20
4199.0000 16
2586.0000 12
2572.0000 11
5235.0000 17
8875.0000 29
5261.0000 16
2016.0000 9
606.0000 3
2347.0000 7
6345.0000 20
2590.0000 12
1433.0000 8
8331.0000 27
2296.0000 8
3968.0000 10
6185.0000 21
1973.0000 8
1326.0000 4
486.0000 2
5132.0000 20
5624.0000 21
8301.0000 31
6241.0000 21
2054.0000 8
5421.0000 20
6120.0000 17
3371.0000 11
6587.0000 31
8012.0000 24
8601.0000 29
2429.0000 6
1824.0000 6
5716.0000 18
7422.0000 24
18.0000 2
7226.0000 21
4016.0000 17
7108.0000 27
2662.0000 14
2844.0000 11
7155.0000 26
7105.0000 26
6315.0000 20
7564.0000 20
3588.0000 12
7800.0000 24
7853.0000 31
6209.0000 20
7427.0000 27
1277.0000 8
6782.0000 24
1530.0000 8
1079.0000 3
8745.0000 34
8684.0000 29
8424.0000 27
3618.0000 14
6861.0000 15
4936.0000 14
6327.0000 19
8694.0000 26
7841.0000 29
1053.0000 3
3485.0000 14
6697.0000 26
7123.0000 25
8576.0000 30
8742.0000 25
7285.0000 22
4877.0000 16
3712.0000 15
166.0000 2
7577.0000 26
354.0000 2
6911.0000 25
1325.0000 5
3706.0000 12
8155.0000 25
884.0000 4
9035.0000 31
3294.0000 11
9150.0000 35
5043.0000 20
8802.0000 25
3836.0000 12
3622.0000 13
6402.0000 20
7403.0000 22
2270.0000 8
8298.0000 30
611.0000 3
7360.0000 23
326.0000 2
7588.0000 34
8048.0000 30
5392.0000 17
7794.0000 29
4762.0000 19
4455.0000 14
7418.0000 26
7432.0000 19
6677.0000 22
5573.0000 19
1637.0000 6
499.0000 2
3785.0000 13
162.0000 3
8351.0000 20
4988.0000 18
490.0000 3
2336.0000 8
8119.0000 24
6736.0000 28
709.0000 5
9074.0000 31
5806.0000 18
8781.0000 32
3316.0000 11
7377.0000 32
7815.0000 24
9094.0000 32
4290.0000 14
528.0000 4
1333.0000 6
328.0000 2
1828.0000 7
4193.0000 17
4693.0000 15
5550.0000 18
4726.0000 16
677.0000 3
6156.0000 22
2566.0000 13
5760.0000 20
9117.0000 35
6730.0000 21
659.0000 2
6806.0000 18
3852.0000 14
8857.0000 30
4623.0000 15
8699.0000 28
499.0000 4
7528.0000 26
670.0000 4
3862.0000 12
2984.0000 14
9161.0000 35
8724.0000 27
7402.0000 25
3625.0000 16
8530.0000 26
3899.0000 13
6964.0000 25
6633.0000 22
8123.0000 33
8722.0000 24
7813.0000 33
176.0000 3
8135.0000 31
6880.0000 20
4077.0000 15
381.0000 3
1308.0000 6
6913.0000 29
8028.0000 24
6719.0000 21
2492.0000 10
3198.0000 11
396.0000 4
8460.0000 28
8824.0000 33
5332.0000 14
1546.0000 7
9134.0000 32
8828.0000 25
8168.0000 28
1817.0000 6
2207.0000 9
6300.0000 20
3184.0000 10
9163.0000 36
7007.0000 22
6658.0000 27
7697.0000 26
289.0000 2
1069.0000 5
7797.0000 22
5362.0000 13
2742.0000 12
1332.0000 5
5873.0000 23
6988.0000 26
1466.0000 9
3157.0000 15
3509.0000 13
2071.0000 7
7296.0000 20
480.0000 4
4190.0000 12
9158.0000 30
8214.0000 33
7018.0000 22
9216.0000 28
6770.0000 26
8261.0000 31
7147.0000 26
8143.0000 28
8674.0000 24
7986.0000 26
9365.0000 31
8371.0000 32
1364.0000 5
8036.0000 21
1823.0000 5
1946.0000 9
8104.0000 25
9039.0000 27
9599.0000 31
6802.0000 23
4988.0000 19
4992.0000 14
8484.0000 29
8726.0000 32
6312.0000 19
9296.0000 36
5155.0000 20
4966.0000 18
466.0000 2
4097.0000 16
7554.0000 31
2618.0000 10
4889.0000 16
8820.0000 27
4006.0000 9
7355.0000 27
4583.0000 18
8753.0000 32
4130.0000 15
4127.0000 12
8936.0000 33
7117.0000 28
4208.0000 13
5521.0000 13
330.0000 2
9589.0000 34
3205.0000 13
8790.0000 26
1511.0000 7
9014.0000 28
8163.0000 27
2779.0000 10
9052.0000 34
53.0000 2
1845.0000 7
9144.0000 28
5549.0000 19
1104.0000 5
1285.0000 4
6771.0000 26
6996.0000 20
3317.0000 10
8082.0000 24
7179.0000 28
5905.0000 17
4203.0000 16
9745.0000 33
2145.0000 11
6563.0000 15
2211.0000 8
2091.0000 8
9170.0000 34
9375.0000 35
8185.0000 28
6294.0000 22
5554.0000 17
8744.0000 27
6276.0000 22
5152.0000 20
6676.0000 22
9270.0000 32
7424.0000 27
6874.0000 25
9117.0000 29
7157.0000 23
9366.0000 28
6230.0000 21
2267.0000 8
8742.0000 27
9684.0000 36
9200.0000 34
1841.0000 5
3924.0000 9
4701.0000 14
8581.0000 31
4917.0000 17
4067.0000 18
9522.0000 32
3230.0000 12
7371.0000 26
6377.0000 18
4559.0000 14
9187.0000 25
9341.0000 25
7330.0000 28
5739.0000 20
9391.0000 35
2158.0000 6
1745.0000 6
3063.0000 11
6411.0000 21
9814.0000 34
173.0000 2
5167.0000 15
2440.0000 12
1037.0000 5
9334.0000 32
8808.0000 37
2493.0000 7
4457.0000 17
1151.0000 5
6720.0000 18
4399.0000 13
8344.0000 26
6123.0000 24
6450.0000 25
4801.0000 16
573.0000 5
9384.0000 33
1629.0000 7
9616.0000 32
2246.0000 10
499.0000 3
1427.0000 4
6137.0000 18
8471.0000 26
7657.0000 29
9266.0000 34
1122.0000 4
5905.0000 24
4598.0000 14
3567.0000 10
4911.0000 20
7500.0000 20
7032.0000 24
5217.0000 22
4587.0000 12
1351.0000 3
9919.0000 36
8760.0000 30
4526.0000 16
7693.0000 25
506.0000 2
4462.0000 13
7452.0000 29
2472.0000 5
7283.0000 24
5847.0000 22
231.0000 2
67.0000 2
5078.0000 16
3176.0000 10
8526.0000 25
5888.0000 26
5166.0000 22
2758.0000 11
8075.0000 26
2296.0000 7
5265.0000 23
2519.0000 10
9809.0000 32
5568.0000 23
9398.0000 32
5260.0000 16
1895.0000 5
7577.0000 21
101.0000 2
4999.0000 16
9588.0000 35
9908.0000 31
3459.0000 10
379.0000 2
6988.0000 21
8242.0000 32
2921.0000 12
7861.0000 19
5071.0000 20
2700.0000 9
3270.0000 12
418.0000 4
8385.0000 29
9511.0000 27
9038.0000 28
2637.0000 7
1340.0000 4
4679.0000 22
1826.0000 7
8536.0000 28
417.0000 2
9431.0000 31
2704.0000 8
391.0000 3
7352.0000 19
4702.0000 16
9748.0000 27
2418.0000 9
9991.0000 32
7039.0000 21
420.0000 2
6667.0000 23
2645.0000 11
378.0000 2
9255.0000 27
4340.0000 15
7406.0000 22
422.0000 5
8280.0000 20
6968.0000 20
1968.0000 7
8045.0000 28
342.0000 3
5724.0000 23
5170.0000 19
8392.0000 28
4165.0000 13
3450.0000 12
1656.0000 6
150.0000 3
1203.0000 4
8984.0000 27
6733.0000 24
4391.0000 20
1157.0000 5
4395.0000 15
3025.0000 9
9323.0000 28
3824.0000 12
6076.0000 16
9672.0000 30
8513.0000 26
6932.0000 20
9205.0000 30
6591.0000 27
2309.0000 11
9985.0000 35
6810.0000 22
4724.0000 14
10031.0000 34
2442.0000 10
3643.0000 13
4694.0000 19
1468.0000 7
3961.0000 12
1522.0000 4
7837.0000 35
2253.0000 7
9668.0000 34
9555.0000 30
7503.0000 24
9769.0000 27
5217.0000 21
2017.0000 11
1979.0000 7
4918.0000 15
10153.0000 32
7868.0000 35
2957.0000 9
6141.0000 14
3999.0000 11
9267.0000 29
4521.0000 20
8589.0000 28
3903.0000 9
2547.0000 8
5928.0000 19
6161.0000 15
7851.0000 26
8887.0000 28
7848.0000 22
8832.0000 23
3156.0000 12
4864.0000 16
317.0000 4
6916.0000 22
9211.0000 32
9196.0000 30
1749.0000 6
6120.0000 18
2028.0000 11
7711.0000 22
4914.0000 22
2425.0000 12
2126.0000 10
1939.0000 7
3987.0000 15
7952.0000 19
8090.0000 25
2723.0000 10
7010.0000 24
3975.0000 14
7658.0000 21
2627.0000 10
9883.0000 29
6251.0000 21
1593.0000 8
5905.0000 21
1641.0000 6
6253.0000 18
4168.0000 14
2206.0000 8
8435.0000 29
6440.0000 25
10228.0000 29
1237.0000 5
2142.0000 6
10212.0000 37
8725.0000 29
4175.0000 12
8161.0000 28
5615.0000 18
202.0000 2
7277.0000 17
7578.0000 21
4953.0000 18
8424.0000 29
3079.0000 9
7704.0000 22
4721.0000 19
9166.0000 33
5421.0000 14
4948.0000 15
4102.0000 14
7942.0000 29
7180.0000 24
686.0000 4
4432.0000 18
8066.0000 27
4094.0000 12
848.0000 3
4672.0000 17
4089.0000 14
7788.0000 23
2331.0000 8
6067.0000 23
3576.0000 10
5455.0000 23
1676.0000 5
10314.0000 33
4117.0000 13
2076.0000 7
3054.0000 8
9451.0000 31
755.0000 3
2492.0000 11
8046.0000 26
6333.0000 17
975.0000 6
10166.0000 37
8976.0000 31
9890.0000 29
5106.0000 18
2428.0000 8
10315.0000 35
4666.0000 14
7395.0000 22
9609.0000 33
2433.0000 8
1702.0000 6
9760.0000 38
9161.0000 27
5968.0000 19
3333.0000 12
9382.0000 31
5148.0000 17
1247.0000 6
9714.0000 27
8061.0000 27
9360.0000 27
500.0000 2
2451.0000 7
4512.0000 16
2700.0000 11
4847.0000 18
9597.0000 28
4853.0000 17
2084.0000 8
2701.0000 11
3209.0000 11
160.0000 2
8812.0000 28
2745.0000 10
4237.0000 18
9311.0000 31
2507.0000 9
9146.0000 23
4263.0000 14
7693.0000 21
6513.0000 15
9057.0000 30
5205.0000 18
1266.0000 7
5929.0000 21
7492.0000 22
6511.0000 21
9577.0000 32
8027.0000 24
568.0000 2
959.0000 3
9791.0000 30
8408.0000 29
838.0000 3
4919.0000 14
7330.0000 26
1829.0000 6
10140.0000 30
4054.0000 16
1829.0000 6
10068.0000 35
1344.0000 9
10575.0000 43
8422.0000 25
6565.0000 17
245.0000 2
6112.0000 21
6343.0000 19
10083.0000 35
9629.0000 29
3898.0000 13
8220.0000 28
1081.0000 4
9016.0000 30
10507.0000 37
8261.0000 23
5986.0000 20
3687.0000 12
10263.0000 28
8062.0000 26
9413.0000 29
7055.0000 25
5246.0000 18
7381.0000 27
8764.0000 28
10672.0000 34
342.0000 3
10661.0000 38
6606.0000 25
660.0000 3
7691.0000 28
3948.0000 16
2229.0000 7
1958.0000 7
9292.0000 30
4109.0000 13
406.0000 2
1906.0000 8
6754.0000 32
6645.0000 15
4974.0000 16
5366.0000 18
7210.0000 22
9002.0000 24
2891.0000 10
8024.0000 26
9316.0000 25
9219.0000 27
10558.0000 33
10248.0000 31
7167.0000 23
9059.0000 28
2074.0000 9
1124.0000 5
8382.0000 24
9043.0000 29
3146.0000 16
2413.0000 7
8237.0000 26
9961.0000 30
1098.0000 4
5041.0000 17
7388.0000 22
10174.0000 35
4498.0000 16
10237.0000 32
6737.0000 24
5963.0000 19
2914.0000 11
7409.0000 23
10402.0000 35
4482.0000 16
8606.0000 27
8019.0000 24
2060.0000 5
3234.0000 9
527.0000 3
9892.0000 33
9228.0000 32
10855.0000 44
9667.0000 31
8915.0000 28
8923.0000 35
10243.0000 34
6466.0000 17
9827.0000 40
3818.0000 13
7632.0000 24
4526.0000 17
9070.0000 31
3671.0000 15
2924.0000 8
8176.0000 19
2109.0000 8
10675.0000 32
1591.0000 6
612.0000 3
1907.0000 5
8548.0000 32
6824.0000 22
9448.0000 31
6832.0000 18
5200.0000 15
9278.0000 27
2764.0000 7
6069.0000 21
936.0000 4
4588.0000 19
6958.0000 33
904.0000 4
2995.0000 11
1671.0000 6
3347.0000 12
6005.0000 22
5562.0000 22
5562.0000 17
6270.0000 26
9799.0000 31
8354.0000 29
8232.0000 29
7547.0000 21
444.0000 3
9778.0000 33
6280.0000 26
3107.0000 6
8297.0000 23
2372.0000 10
10345.0000 37
5330.0000 17
1317.0000 5
2816.0000 10
5198.0000 16
5584.0000 22
3668.0000 10
6098.0000 21
2822.0000 10
5547.0000 21
4675.0000 19
11045.0000 44
7000.0000 23
3575.0000 11
10360.0000 32
9574.0000 25
5780.0000 27
3562.0000 11
7586.0000 22
8275.0000 25
9488.0000 27
445.0000 2
9787.0000 34
9381.0000 26
6715.0000 18
2974.0000 11
7618.0000 24
7605.0000 25
5286.0000 17
7943.0000 24
5342.0000 16
5658.0000 16
389.0000 3
4511.0000 15
4587.0000 18
4735.0000 14
2390.0000 10
4592.0000 16
9136.0000 35
6414.0000 21
508.0000 3
3424.0000 13
5325.0000 17
10941.0000 35
8404.0000 29
8600.0000 27
10755.0000 35
4414.0000 13
6785.0000 19
6507.0000 20
709.0000 4
7585.0000 19
831.0000 5
2747.0000 10
4813.0000 22
8400.0000 26
8001.0000 28
9127.0000 30
5330.0000 18
1666.0000 7
5427.0000 15
2375.0000 7
232.0000 3
2164.0000 5
11074.0000 43
8265.0000 22
5459.0000 22
711.0000 6
8069.0000 26
4873.0000 19
2963.0000 10
9767.0000 29
5976.0000 19
9676.0000 29
8059.0000 20
9275.0000 32
1610.0000 5
5704.0000 17
6524.0000 27
2294.0000 8
7136.0000 19
7806.0000 25
8992.0000 32
9709.0000 35
4896.0000 12
951.0000 3
933.0000 4
9727.0000 27
4120.0000 16
10994.0000 25
3114.0000 7
8115.0000 24
9042.0000 26
100.0000 2
1130.0000 6
981.0000 5
5564.0000 17
3202.0000 9
10754.0000 35
10044.0000 40
482.0000 2
10214.0000 36
11176.0000 31
1810.0000 5
62.0000 2
4958.0000 14
8890.0000 24
4555.0000 18
38.0000 2
10038.0000 30
5081.0000 16
5004.0000 16
1028.0000 4
8916.0000 26
6019.0000 21
4119.0000 15
8726.0000 28
6785.0000 24
935.0000 4
10844.0000 38
9411.0000 35
3961.0000 10
11081.0000 36
2246.0000 9
2868.0000 10
9127.0000 29
8515.0000 32
5019.0000 17
123.0000 2
11236.0000 39
8027.0000 27
3215.0000 9
8270.0000 26
2674.0000 9
9937.0000 32
1458.0000 6
10811.0000 29
1092.0000 4
1556.0000 9
8674.0000 27
3268.0000 7
8685.0000 28
2775.0000 8
6744.0000 21
5957.0000 18
5987.0000 24
10157.0000 41
11107.0000 30
5120.0000 24
1859.0000 7
10021.0000 30
11337.0000 39
9477.0000 35
10192.0000 38
10530.0000 37
3281.0000 12
10697.0000 37
9235.0000 27
3868.0000 13
945.0000 3
10826.0000 33
1169.0000 4
4710.0000 16
8820.0000 24
2700.0000 9
475.0000 4
2200.0000 6
4366.0000 16
1408.0000 4
3122.0000 11
8772.0000 26
9278.0000 27
3131.0000 8
4174.0000 15
8666.0000 28
5205.0000 22
9783.0000 27
3449.0000 11
1310.0000 4
3632.0000 14
1143.0000 4
9141.0000 31
4938.0000 18
4208.0000 16
5738.0000 17
11385.0000 44
2555.0000 7
4944.0000 19
4227.0000 15
7481.0000 19
4518.0000 15
11174.0000 29
5936.0000 19
101.0000 3
6423.0000 22
10169.0000 30
310.0000 2
8253.0000 24
11261.0000 36
5272.0000 14
4004.0000 11
937.0000 6
7525.0000 20
8305.0000 29
4932.0000 17
5271.0000 19
2805.0000 10
9014.0000 30
11291.0000 36
10685.0000 36
5925.0000 20
10274.0000 33
11453.0000 31
10217.0000 28
8791.0000 27
1353.0000 7
3928.0000 12
2522.0000 10
5969.0000 17
5908.0000 16
7554.0000 28
8928.0000 28
4783.0000 17
6979.0000 28
3676.0000 14
8327.0000 28
1636.0000 7
1541.0000 8
3872.0000 13
3965.0000 18
2212.0000 11
9614.0000 29
5714.0000 18
9300.0000 28
4064.0000 14
8744.0000 27
8982.0000 27
10273.0000 28
9359.0000 27
3999.0000 18
5408.0000 22
3630.0000 17
8874.0000 25
1483.0000 7
6046.0000 25
11238.0000 30
4099.0000 16
10494.0000 37
4307.0000 14
10586.0000 35
10814.0000 33
2753.0000 8
3616.0000 13
794.0000 4
483.0000 3
4443.0000 15
9045.0000 28
10535.0000 38
10009.0000 32
1487.0000 7
854.0000 4
5018.0000 16
4176.0000 15
4939.0000 17
10361.0000 35
11266.0000 39
9177.0000 29
511.0000 3
9447.0000 31
720.0000 4
11789.0000 41
7711.0000 29
3102.0000 8
10985.0000 34
10290.0000 33
8501.0000 27
1660.0000 4
7124.0000 28
1066.0000 7
4450.0000 15
3722.0000 16
5921.0000 17
9174.0000 37
3361.0000 13
11687.0000 41
10452.0000 32
11861.0000 41
3048.0000 10
9173.0000 29
3049.0000 10
4504.0000 14
9643.0000 27
8452.0000 23
3392.0000 11
2672.0000 7
5545.0000 21
10651.0000 41
11768.0000 36
6550.0000 27
10502.0000 32
2650.0000 9
2749.0000 12
4623.0000 17
10247.0000 34
2740.0000 9
6594.0000 20
1685.0000 9
5336.0000 15
6259.0000 20
5427.0000 17
4622.0000 15
9290.0000 27
1710.0000 8
10253.0000 28
3184.0000 9
456.0000 5
692.0000 4
3848.0000 14
10637.0000 37
6306.0000 20
11057.0000 35
5471.0000 17
7930.0000 24
11200.0000 35
10961.0000 37
2460.0000 8
2995.0000 7
40.0000 2
6323.0000 19
1417.0000 6
2916.0000 13
10639.0000 37
6365.0000 19
2062.0000 10
4531.0000 17
5738.0000 20
9399.0000 35
6055.0000 22
1416.0000 7
4082.0000 13
7979.0000 27
2328.0000 7
2083.0000 8
3340.0000 11
1288.0000 7
3989.0000 14
11117.0000 35
10540.0000 34
2166.0000 9
1452.0000 4
6328.0000 21
8035.0000 26
11144.0000 31
9544.0000 27
5527.0000 20
10596.0000 36
3019.0000 12
9006.0000 30
5966.0000 26
3401.0000 10
11518.0000 34
6448.0000 21
4429.0000 12
6396.0000 17
8859.0000 30
12011.0000 37
2159.0000 10
7469.0000 27
5819.0000 18
5186.0000 17
10415.0000 32
11556.0000 34
7099.0000 23
2244.0000 7
4035.0000 11
11354.0000 38
2253.0000 7
3188.0000 8
5845.0000 19
11559.0000 39
11876.0000 33
4853.0000 19
6539.0000 25
1759.0000 13
6258.0000 26
123.0000 3
8699.0000 27
1918.0000 6
3858.0000 11
10591.0000 35
1619.0000 5
1956.0000 7
1602.0000 7
5925.0000 18
11298.0000 30
3492.0000 9
6362.0000 19
556.0000 2
4684.0000 15
9993.0000 33
7431.0000 24
9286.0000 31
3930.0000 14
12040.0000 46
6554.0000 24
9200.0000 22
5581.0000 24
9715.0000 31
9633.0000 29
10094.0000 33
9746.0000 27
5654.0000 17
8922.0000 27
11087.0000 32
4124.0000 15
11716.0000 39
9664.0000 29
8040.0000 27
3979.0000 17
7666.0000 29
12088.0000 43
6674.0000 21
5026.0000 19
10842.0000 35
7162.0000 27
10293.0000 32
6623.0000 19
2925.0000 8
4578.0000 15
9021.0000 29
5778.0000 22
8286.0000 28
2529.0000 15
1971.0000 10
2770.0000 10
4081.0000 15
663.0000 3
632.0000 5
11233.0000 37
6174.0000 16
1068.0000 5
10680.0000 28
7732.0000 27
2972.0000 8
2071.0000 10
10394.0000 29
3909.0000 12
10355.0000 28
8416.0000 27
1979.0000 9
10510.0000 35
8274.0000 29
9399.0000 32
11996.0000 46
12047.0000 37
8356.0000 30
9339.0000 21
10809.0000 31
11625.0000 31
1068.0000 7
2843.0000 11
10900.0000 38
6131.0000 19
1848.0000 6
12451.0000 43
11844.0000 38
3259.0000 10
9664.0000 29
5742.0000 21
12224.0000 35
6775.0000 27
10613.0000 35
3715.0000 10
7040.0000 24
6160.0000 16
3879.0000 14
3711.0000 10
7664.0000 28
10508.0000 34
7956.0000 28
5165.0000 20
4364.0000 12
7214.0000 22
9778.0000 29
4790.0000 22
789.0000 2
6032.0000 21
2901.0000 11
4660.0000 19
11364.0000 36
3741.0000 11
8451.0000 32
11508.0000 36
5277.0000 14
1735.0000 6
10146.0000 32
5504.0000 19
11921.0000 39
10793.0000 34
10200.0000 35
9150.0000 27
5193.0000 17
11527.0000 47
389.0000 3
5218.0000 18
11345.0000 40
1917.0000 8
12037.0000 38
4218.0000 11
12125.0000 35
11783.0000 34
8836.0000 31
11990.0000 32
9732.0000 32
5136.0000 18
12604.0000 43
503.0000 5
9991.0000 31
1012.0000 3
11437.0000 38
12628.0000 43
1638.0000 6
6394.0000 23
1077.0000 5
4598.0000 15
5069.0000 18
9627.0000 34
10244.0000 33
432.0000 2
11489.0000 38
8549.0000 35
4225.0000 14
6894.0000 20
6914.0000 20
11835.0000 43
11239.0000 35
5533.0000 19
10056.0000 37
150.0000 3
11221.0000 36
1092.0000 4
2361.0000 6
8594.0000 25
11159.0000 38
9867.0000 28
12350.0000 40
12258.0000 34
4864.0000 13
6354.0000 19
12686.0000 39
7418.0000 28
1076.0000 5
3801.0000 13
9993.0000 31
2772.0000 12
8636.0000 30
11579.0000 38
1497.0000 4
3545.0000 12
238.0000 4
8650.0000 31
8553.0000 29
1681.0000 7
7800.0000 28
1346.0000 3
4915.0000 16
12065.0000 40
4695.0000 12
11718.0000 42
8212.0000 25
3401.0000 11
287.0000 3
3998.0000 12
1051.0000 5
7632.0000 28
4654.0000 13
9683.0000 22
11278.0000 40
12424.0000 44
5328.0000 18
1445.0000 6
11162.0000 34
6472.0000 19
10332.0000 27
12696.0000 44
6040.0000 18
9407.0000 27
12774.0000 34
7116.0000 25
6070.0000 20
9506.0000 33
4043.0000 15
11125.0000 26
3938.0000 11
7149.0000 28
8101.0000 25
6750.0000 22
459.0000 3
8903.0000 36
2956.0000 9
12053.0000 35
6544.0000 21
8203.0000 31
7187.0000 24
10668.0000 33
8979.0000 33
11383.0000 39
10937.0000 35
8531.0000 33
7477.0000 30
7520.0000 21
12970.0000 52
1855.0000 7
12350.0000 39
4832.0000 20
4985.0000 16
3226.0000 9
4952.0000 17
12767.0000 41
11974.0000 32
1657.0000 6
2659.0000 10
2496.0000 9
6721.0000 18
7316.0000 22
3042.0000 12
333.0000 2
7459.0000 19
10493.0000 38
3772.0000 13
1332.0000 5
2610.0000 9
6630.0000 23
1275.0000 5
10516.0000 41
4294.0000 15
8602.0000 20
6884.0000 21
4061.0000 14
7558.0000 28
1181.0000 6
3923.0000 13
9608.0000 29
5990.0000 22
3100.0000 8
10013.0000 32
11266.0000 37
1731.0000 6
4024.0000 13
280.0000 2
12464.0000 37
6460.0000 24
2585.0000 8
1502.0000 7
2006.0000 7
4663.0000 16
8401.0000 29
7268.0000 18
1519.0000 7
3334.0000 10
1747.0000 7
7720.0000 29
10073.0000 31
820.0000 4
10537.0000 29
7647.0000 24
1394.0000 6
9108.0000 31
6757.0000 24
92.0000 2
1351.0000 4
12282.0000 38
11517.0000 40
4625.0000 15
7410.0000 25
12968.0000 46
4353.0000 15
7419.0000 26
6657.0000 25
12977.0000 40
7237.0000 18
7186.0000 28
11448.0000 39
11412.0000 32
9894.0000 37
4110.0000 15
2248.0000 10
5184.0000 20
5080.0000 21
2185.0000 8
6830.0000 25
7059.0000 22
11659.0000 40
6855.0000 19
2936.0000 13
4439.0000 12
4379.0000 16
7551.0000 22
11955.0000 43
569.0000 3
11961.0000 41
10797.0000 32
12066.0000 43
187.0000 2
7910.0000 23
3815.0000 12
7501.0000 24
3510.0000 9
1235.0000 6
11692.0000 37
1787.0000 8
13050.0000 42
4739.0000 16
6858.0000 20
4805.0000 15
10219.0000 35
1962.0000 6
1622.0000 3
3507.0000 12
9181.0000 27
10139.0000 36
10560.0000 31
3820.0000 13
11739.0000 39
4481.0000 16
10539.0000 33
7113.0000 32
3832.0000 9
11570.0000 43
1140.0000 6
7819.0000 21
13338.0000 48
2778.0000 7
2339.0000 9
6710.0000 27
11074.0000 36
7903.0000 25
6669.0000 16
5468.0000 15
1452.0000 6
8079.0000 29
3613.0000 14
13125.0000 36
7667.0000 22
9320.0000 31
1719.0000 7
11314.0000 39
6941.0000 24
6020.0000 20
925.0000 5
8263.0000 23
2665.0000 14
7578.0000 30
7005.0000 24
9144.0000 31
1193.0000 4
6680.0000 22
9816.0000 31
3734.0000 13
8077.0000 30
11148.0000 38
4376.0000 9
10681.0000 30
13383.0000 43
345.0000 2
12226.0000 38
7679.0000 27
2813.0000 8
12817.0000 48
5452.0000 17
5175.0000 17
4491.0000 13
381.0000 3
6323.0000 24
1264.0000 5
12980.0000 44
7070.0000 20
11008.0000 35
4661.0000 14
12926.0000 44
1587.0000 4
9812.0000 34
9210.0000 27
2545.0000 14
11962.0000 36
2972.0000 11
2812.0000 9
2639.0000 6
14.0000 2
631.0000 7
7115.0000 20
7707.0000 22
2777.0000 14
2779.0000 13
12877.0000 37
12845.0000 37
5719.0000 18
7029.0000 21
7749.0000 24
12003.0000 38
6687.0000 19
13318.0000 43
2481.0000 9
970.0000 6
435.0000 2
13311.0000 47
7142.0000 25
6382.0000 23
7795.0000 23
11747.0000 36
3692.0000 12
6400.0000 23
711.0000 2
11101.0000 35
6433.0000 26
1886.0000 5
494.0000 3
11649.0000 41
10138.0000 29
11292.0000 36
13493.0000 49
7180.0000 25
9768.0000 33
6427.0000 20
3007.0000 9
11653.0000 41
1980.0000 7
8163.0000 26
3384.0000 10
6162.0000 17
13514.0000 49
6452.0000 21
5599.0000 19
13474.0000 52
895.0000 3
11904.0000 33
13555.0000 53
6247.0000 19
13067.0000 43
4771.0000 16
5489.0000 18
7228.0000 21
5788.0000 20
6821.0000 19
7228.0000 28
2115.0000 5
6189.0000 20
3035.0000 11
12082.0000 40
1584.0000 5
11141.0000 41
13094.0000 46
4276.0000 14
2030.0000 9
4919.0000 18
11995.0000 34
13539.0000 38
564.0000 3
6894.0000 24
1017.0000 7
1794.0000 5
5978.0000 20
7790.0000 20
8210.0000 22
199.0000 2
8282.0000 28
8311.0000 27
12036.0000 34
8617.0000 24
12523.0000 37
3119.0000 9
6965.0000 20
6335.0000 22
2789.0000 10
4004.0000 17
5609.0000 20
11295.0000 35
5620.0000 23
6411.0000 19
6673.0000 25
3206.0000 9
5212.0000 17
916.0000 6
680.0000 4
2105.0000 5
13290.0000 41
11422.0000 31
8445.0000 25
13485.0000 43
13156.0000 45
5673.0000 18
926.0000 5
6701.0000 25
13308.0000 45
12927.0000 38
11338.0000 37
13843.0000 50
6056.0000 16
1273.0000 5
166.0000 3
269.0000 2
6.0000 2
9797.0000 32
13577.0000 48
8289.0000 23
2323.0000 5
13078.0000 41
1607.0000 5
1600.0000 7
12389.0000 41
11380.0000 34
3337.0000 13
4130.0000 15
13737.0000 45
8433.0000 26
4663.0000 15
1396.0000 6
8386.0000 28
2186.0000 10
13597.0000 47
5662.0000 18
13754.0000 48
9387.0000 33
3701.0000 13
11115.0000 34
5132.0000 13
9873.0000 39
13291.0000 45
7517.0000 25
4741.0000 16
3033.0000 8
2668.0000 8
7510.0000 22
7627.0000 18
7739.0000 26
814.0000 4
13580.0000 38
9654.0000 29
13648.0000 39
7525.0000 24
1112.0000 4
10262.0000 33
7921.0000 24
5795.0000 19
7288.0000 24
1684.0000 5
452.0000 2
985.0000 4
3208.0000 15
8163.0000 28
13256.0000 46
3717.0000 8
8946.0000 32
12374.0000 44
7671.0000 21
1091.0000 6
3280.0000 10
9625.0000 37
11217.0000 31
12267.0000 38
5136.0000 18
12073.0000 45
8222.0000 27
5856.0000 16
1216.0000 7
11007.0000 30
8955.0000 37
12688.0000 40
13751.0000 51
4179.0000 14
8195.0000 30
1650.0000 6
6212.0000 24
106.0000 2
2986.0000 13
10215.0000 33
1248.0000 4
282.0000 3
6014.0000 19
585.0000 4
11602.0000 36
13248.0000 45
12263.0000 32
12817.0000 49
1574.0000 6
2340.0000 7
11320.0000 33
8554.0000 25
7589.0000 24
1088.0000 4
739.0000 3
11328.0000 34
6565.0000 23
9085.0000 30
3959.0000 12
6704.0000 24
2394.0000 10
1065.0000 6
953.0000 5
7806.0000 26
1753.0000 8
2210.0000 6
7162.0000 27
1990.0000 10
7718.0000 22
12981.0000 41
1244.0000 10
7926.0000 25
9667.0000 36
1917.0000 12
2831.0000 8
8680.0000 30
11472.0000 37
1274.0000 7
673.0000 4
12148.0000 38
12657.0000 33
7475.0000 19
2771.0000 12
1025.0000 7
12370.0000 38
412.0000 3
11395.0000 35
2422.0000 7
2059.0000 5
8921.0000 31
12415.0000 40
12746.0000 43
616.0000 4
249.0000 2
7813.0000 25
2412.0000 11
970.0000 4
3865.0000 14
10557.0000 32
1360.0000 8
1736.0000 6
50.0000 2
6912.0000 19
1398.0000 4
8462.0000 29
2942.0000 9
13937.0000 45
6564.0000 26
7855.0000 30
13944.0000 39
3407.0000 7
13721.0000 44
7114.0000 26
14281.0000 39
13980.0000 51
10004.0000 32
5299.0000 15
6243.0000 20
12711.0000 37
7753.0000 32
11817.0000 35
3215.0000 10
2688.0000 9
8782.0000 26
1589.0000 6
3804.0000 17
480.0000 2
84.0000 2
12068.0000 43
5357.0000 17
5105.0000 19
3601.0000 15
2573.0000 9
3971.0000 13
11950.0000 36
5911.0000 22
532.0000 2
3496.0000 13
6307.0000 21
14295.0000 46
4852.0000 12
14105.0000 49
3864.0000 9
6367.0000 17
3400.0000 11
177.0000 2
11626.0000 34
7126.0000 22
5909.0000 19
2787.0000 8
10902.0000 31
26.0000 2
11937.0000 37
3441.0000 8
8000.0000 24
701.0000 4
12781.0000 46
10938.0000 30
1149.0000 5
1150.0000 3
3116.0000 9
1053.0000 4
8067.0000 26
957.0000 5
8923.0000 30
7687.0000 23
13335.0000 55
8673.0000 29
1880.0000 8
3868.0000 10
8155.0000 27
10421.0000 41
12754.0000 39
759.0000 4
11851.0000 39
4001.0000 21
57.0000 2
10202.0000 31
7830.0000 25
6782.0000 24
13019.0000 46
4140.0000 14
213.0000 2
2729.0000 10
4965.0000 20
732.0000 4
8704.0000 24
11893.0000 37
3546.0000 9
220.0000 2
3994.0000 15
14273.0000 46
8221.0000 28
7986.0000 21
11777.0000 33
6314.0000 19
7165.0000 25
6404.0000 18
8235.0000 30
1433.0000 6
10679.0000 37
14156.0000 50
9094.0000 30
2779.0000 10
1083.0000 5
8136.0000 25
14201.0000 50
1996.0000 7
725.0000 2
19.0000 2
13613.0000 42
10524.0000 41
6058.0000 17
5613.0000 20
6672.0000 26
4379.0000 14
7176.0000 24
9139.0000 27
6167.0000 22
831.0000 5
760.0000 3
9147.0000 24
14411.0000 43
6327.0000 22
8215.0000 22
7454.0000 22
3934.0000 11
5168.0000 17
6565.0000 24
10893.0000 33
3329.0000 9
8822.0000 35
3209.0000 10
3117.0000 12
8295.0000 24
7405.0000 26
7616.0000 26
11183.0000 32
1804.0000 8
2774.0000 11
4243.0000 13
7838.0000 26
1740.0000 6
2451.0000 7
4335.0000 14
7552.0000 30
8612.0000 35
1226.0000 4
6942.0000 22
6951.0000 24
6571.0000 21
14324.0000 40
2522.0000 6
7899.0000 31
14533.0000 53
9026.0000 29
6294.0000 22
3040.0000 11
4874.0000 14
8194.0000 31
14660.0000 47
9578.0000 34
1576.0000 5
3900.0000 14
4829.0000 17
11661.0000 36
403.0000 2
5309.0000 14
4300.0000 18
3809.0000 9
6637.0000 21
6274.0000 18
6381.0000 23
3072.0000 13
1132.0000 6
9860.0000 26
13331.0000 49
13097.0000 39
7114.0000 27
11445.0000 37
5971.0000 17
14601.0000 49
10349.0000 41
7307.0000 30
12538.0000 34
13836.0000 43
6362.0000 21
8847.0000 24
3539.0000 14
724.0000 3
5111.0000 13
3438.0000 12
1412.0000 5
2411.0000 12
5692.0000 16
13063.0000 44
6047.0000 19
585.0000 4
9424.0000 28
13507.0000 43
7537.0000 21
4278.0000 15
5934.0000 19
771.0000 5
2259.0000 7
12445.0000 41
2290.0000 6
1870.0000 7
8518.0000 26
9401.0000 27
5252.0000 18
3227.0000 13
9471.0000 24
6649.0000 21
6793.0000 21
8244.0000 23
2313.0000 6
9484.0000 32
3814.0000 13
14319.0000 49
13822.0000 42
187.0000 4
11656.0000 33
3213.0000 7
4443.0000 15
8571.0000 24
5522.0000 23
9512.0000 31
11670.0000 33
5761.0000 22
2416.0000 9
4243.0000 17
8996.0000 30
13987.0000 43
6619.0000 23
9286.0000 30
5199.0000 15
11126.0000 42
14378.0000 49
6562.0000 23
3330.0000 13
8166.0000 30
7050.0000 18
13217.0000 37
8194.0000 24
4461.0000 10
6074.0000 19
8636.0000 30
12293.0000 40
1903.0000 6
12589.0000 38
11464.0000 37
14827.0000 48
2519.0000 8
86.0000 2
5607.0000 15
14798.0000 43
8775.0000 29
11090.0000 38
1412.0000 6
12937.0000 45
6921.0000 15
2977.0000 10
2215.0000 11
14094.0000 48
2633.0000 11
11171.0000 29
9620.0000 30
14774.0000 48
4884.0000 15
212.0000 2
7914.0000 25
9094.0000 27
6894.0000 22
6006.0000 18
9653.0000 33
6387.0000 24
9768.0000 29
7030.0000 23
8691.0000 30
4785.0000 15
276.0000 4
3477.0000 13
13343.0000 39
5650.0000 18
4006.0000 9
7693.0000 30
14173.0000 51
3800.0000 13
2219.0000 7
2009.0000 5
13468.0000 42
8644.0000 29
1362.0000 7
5691.0000 17
1423.0000 7
11053.0000 31
4469.0000 18
5365.0000 15
5374.0000 17
5936.0000 25
4514.0000 18
8894.0000 24
3528.0000 13
8965.0000 29
13470.0000 40
15069.0000 53
9485.0000 30
2787.0000 10
978.0000 5
3508.0000 12
10120.0000 35
1588.0000 7
292.0000 3
4562.0000 18
6897.0000 27
4947.0000 17
57.0000 2
15138.0000 52
11036.0000 32
8914.0000 29
14656.0000 41
9811.0000 28
4984.0000 15
2169.0000 8
2385.0000 8
9583.0000 36
1045.0000 4
13551.0000 39
3109.0000 13
4054.0000 10
8877.0000 26
1490.0000 7
14078.0000 51
779.0000 3
7339.0000 25
869.0000 3
12932.0000 43
2559.0000 7
4099.0000 12
6279.0000 18
9026.0000 39
2454.0000 11
9004.0000 31
8580.0000 26
10506.0000 34
13626.0000 38
15313.0000 52
1958.0000 9
252.0000 3
369.0000 2
12792.0000 34
1083.0000 4
6465.0000 18
10985.0000 29
7309.0000 22
4926.0000 24
13626.0000 43
3310.0000 8
3139.0000 9
9679.0000 34
3318.0000 9
9666.0000 27
523.0000 3
7837.0000 24
5124.0000 18
9180.0000 32
6496.0000 20
928.0000 4
13803.0000 42
14232.0000 53
6644.0000 20
12744.0000 37
11356.0000 35
3778.0000 12
11589.0000 29
7718.0000 28
10152.0000 30
12521.0000 34
3045.0000 11
1621.0000 7
2042.0000 7
9762.0000 32
3212.0000 7
2665.0000 11
5795.0000 26
2389.0000 7
15343.0000 53
7439.0000 22
7440.0000 21
2612.0000 8
9180.0000 34
5234.0000 18
2438.0000 7
8899.0000 26
15282.0000 48
1910.0000 7
1799.0000 6
12859.0000 39
6771.0000 25
1249.0000 7
10257.0000 32
3516.0000 11
12254.0000 34
1168.0000 6
950.0000 4
15435.0000 47
1880.0000 7
3872.0000 13
8607.0000 27
9165.0000 32
7373.0000 24
5137.0000 17
1528.0000 6
3997.0000 13
5048.0000 20
7191.0000 23
7540.0000 24
5903.0000 24
3973.0000 16
14209.0000 36
15525.0000 53
5232.0000 17
6515.0000 22
11250.0000 39
6431.0000 24
961.0000 4
13032.0000 42
10256.0000 32
1829.0000 9
4754.0000 14
10269.0000 34
2355.0000 7
1277.0000 8
9366.0000 37
7351.0000 21
3668.0000 12
377.0000 2
14635.0000 49
14264.0000 42
14060.0000 41
3664.0000 11
736.0000 3
10349.0000 34
11914.0000 40
7266.0000 21
13745.0000 50
11929.0000 42
1865.0000 7
15290.0000 44
13257.0000 46
15256.0000 52
15258.0000 52
9625.0000 28
5464.0000 21
5466.0000 19
15583.0000 48
13357.0000 46
552.0000 2
5095.0000 19
15755.0000 49
5973.0000 19
12737.0000 42
14810.0000 45
5423.0000 18
5644.0000 16
4163.0000 14
5656.0000 17
14736.0000 54
10520.0000 27
7475.0000 25
2081.0000 8
14080.0000 41
1474.0000 6
4373.0000 18
7056.0000 25
9609.0000 30
14655.0000 57
9611.0000 33
2484.0000 9
14108.0000 41
1456.0000 6
8389.0000 21
6493.0000 20
6172.0000 25
2777.0000 9
15293.0000 53
5577.0000 20
15232.0000 49
4200.0000 11
2049.0000 9
13185.0000 36
9649.0000 30
7988.0000 22
11802.0000 37
5835.0000 18
15891.0000 50
10200.0000 34
9675.0000 32
4170.0000 16
5631.0000 20
3515.0000 12
669.0000 3
2110.0000 7
8376.0000 28
1058.0000 7
6147.0000 18
13258.0000 35
4870.0000 17
1271.0000 4
5152.0000 19
12357.0000 41
2586.0000 10
1456.0000 5
8676.0000 28
942.0000 5
724.0000 5
1178.0000 6
205.0000 3
1130.0000 4
7928.0000 19
2445.0000 13
9309.0000 29
1098.0000 3
5359.0000 19
15753.0000 51
8991.0000 34
8783.0000 22
8150.0000 23
8742.0000 29
11.0000 2
13663.0000 44
4257.0000 15
7464.0000 22
2404.0000 10
47.0000 2
12533.0000 36
2032.0000 8
6480.0000 20
2019.0000 7
6518.0000 23
5171.0000 17
13700.0000 45
13064.0000 39
9775.0000 29
10819.0000 34
2292.0000 7
856.0000 4
5038.0000 18
14264.0000 49
15963.0000 52
15579.0000 41
3963.0000 11
8240.0000 20
5239.0000 17
16167.0000 45
2436.0000 10
9995.0000 41
2558.0000 9
3572.0000 12
1912.0000 10
898.0000 4
16144.0000 59
2349.0000 9
5272.0000 15
14528.0000 42
10782.0000 36
9933.0000 35
15332.0000 49
11509.0000 42
15916.0000 53
11755.0000 36
9046.0000 28
4081.0000 12
2483.0000 12
5278.0000 18
7772.0000 24
7071.0000 27
5908.0000 20
14347.0000 58
2293.0000 9
1877.0000 8
10912.0000 33
9530.0000 25
9143.0000 22
14569.0000 41
1696.0000 7
5427.0000 19
13572.0000 40
4570.0000 17
7329.0000 23
2579.0000 6
1355.0000 6
7182.0000 23
9880.0000 34
4163.0000 12
3113.0000 10
1893.0000 7
2950.0000 7
9934.0000 30
9655.0000 29
64.0000 3
3545.0000 18
10875.0000 37
3606.0000 15
12264.0000 37
14201.0000 36
3185.0000 12
10769.0000 28
10815.0000 33
3193.0000 13
1913.0000 7
8341.0000 30
4915.0000 18
15314.0000 46
6579.0000 26
3214.0000 10
16355.0000 64
8440.0000 36
3648.0000 11
9526.0000 34
14904.0000 52
3231.0000 12
8883.0000 26
577.0000 2
16067.0000 44
3675.0000 10
3704.0000 11
6182.0000 18
10098.0000 32
3747.0000 13
16327.0000 53
4969.0000 17
2849.0000 14
7919.0000 26
7425.0000 22
2098.0000 11
3249.0000 11
485.0000 2
2119.0000 7
3355.0000 14
6009.0000 19
1971.0000 9
12017.0000 41
7358.0000 23
4568.0000 20
10495.0000 27
1147.0000 4
13685.0000 40
10658.0000 38
4210.0000 14
15817.0000 47
14905.0000 53
3416.0000 10
221.0000 4
10753.0000 36
11406.0000 41
717.0000 4
1593.0000 8
1219.0000 4
566.0000 3
4934.0000 14
13926.0000 40
707.0000 4
1220.0000 6
5674.0000 15
2889.0000 11
10154.0000 31
4248.0000 16
481.0000 3
3420.0000 14
8510.0000 29
4429.0000 11
16322.0000 57
10169.0000 38
11150.0000 35
15971.0000 51
3418.0000 10
5668.0000 18
6258.0000 22
5001.0000 17
5651.0000 16
5690.0000 15
239.0000 3
7093.0000 26
4170.0000 14
4872.0000 18
15159.0000 41
5621.0000 21
13190.0000 42
16010.0000 55
16028.0000 46
15319.0000 50
3178.0000 12
2249.0000 12
9036.0000 31
2201.0000 11
1681.0000 5
391.0000 2
3601.0000 15
5715.0000 18
12441.0000 39
10398.0000 33
10713.0000 32
585.0000 3
13550.0000 42
913.0000 4
5319.0000 17
3243.0000 12
2443.0000 8
4649.0000 16
7284.0000 16
3583.0000 11
16748.0000 66
6128.0000 18
1271.0000 6
14051.0000 48
3703.0000 16
6024.0000 20
2985.0000 11
6263.0000 21
996.0000 4
4525.0000 14
8834.0000 23
7954.0000 26
3653.0000 12
5031.0000 16
9052.0000 26
9669.0000 36
6286.0000 20
2288.0000 9
3360.0000 12
3041.0000 12
702.0000 4
9202.0000 32
1264.0000 5
5396.0000 22
4635.0000 17
1014.0000 4
1108.0000 4
2091.0000 9
2541.0000 13
3601.0000 9
3606.0000 9
5056.0000 14
5726.0000 21
5573.0000 17
3731.0000 13
6253.0000 23
2552.0000 11
1564.0000 5
6313.0000 27
3230.0000 12
8852.0000 31
4437.0000 13
2110.0000 7
5136.0000 15
11990.0000 35
6177.0000 22
1493.0000 8
2580.0000 11
1930.0000 5
8861.0000 30
3773.0000 15
8321.0000 26
1133.0000 5
4301.0000 11
7493.0000 24
3794.0000 16
1055.0000 4
9316.0000 30
14823.0000 39
5330.0000 14
3811.0000 15
707.0000 6
10129.0000 34
1298.0000 10
13602.0000 45
4770.0000 20
7171.0000 21
41.0000 2
13235.0000 46
10703.0000 33
935.0000 4
550.0000 3
540.0000 2
4876.0000 15
1193.0000 5
14659.0000 42
3117.0000 11
372.0000 2
7695.0000 18
1539.0000 7
149.0000 3
3623.0000 16
5572.0000 16
356.0000 3
1293.0000 6
16220.0000 66
12605.0000 34
1303.0000 5
2261.0000 13
3937.0000 16
8570.0000 27
9052.0000 32
3205.0000 6
15500.0000 50
8264.0000 29
439.0000 3
1346.0000 6
6275.0000 24
3241.0000 8
5831.0000 18
3201.0000 12
3257.0000 8
4885.0000 17
3732.0000 16
11684.0000 34
16487.0000 50
5385.0000 17
10767.0000 37
6197.0000 19
16915.0000 69
5076.0000 18
9313.0000 34
2856.0000 14
16913.0000 59
16561.0000 52
6206.0000 23
17098.0000 62
9298.0000 26
2448.0000 10
16565.0000 56
8240.0000 23
11643.0000 29
4068.0000 17
2338.0000 7
17099.0000 59
1548.0000 7
3205.0000 9
14402.0000 49
4290.0000 13
5140.0000 15
5480.0000 13
5787.0000 17
1458.0000 4
6925.0000 24
5640.0000 16
15573.0000 41
770.0000 5
389.0000 3
10610.0000 34
2372.0000 9
575.0000 3
17021.0000 51
144.0000 2
3742.0000 12
14632.0000 50
9160.0000 33
4670.0000 16
752.0000 7
6544.0000 18
1715.0000 8
7653.0000 22
14864.0000 44
2385.0000 8
4645.0000 15
7358.0000 23
16699.0000 61
5648.0000 22
2470.0000 7
16722.0000 59
6394.0000 20
1655.0000 6
5761.0000 20
1705.0000 9
3606.0000 13
7707.0000 22
13234.0000 40
878.0000 3
228.0000 2
8044.0000 21
2105.0000 8
2971.0000 11
5329.0000 18
9259.0000 26
9499.0000 29
11902.0000 36
2034.0000 6
10173.0000 27
1059.0000 6
91.0000 2
9825.0000 35
3012.0000 10
9315.0000 32
11163.0000 32
17379.0000 61
4217.0000 10
7344.0000 28
15400.0000 53
452.0000 4
336.0000 2
5.0000 2
4913.0000 15
1750.0000 5
3831.0000 8
1311.0000 4
9712.0000 37
9296.0000 27
2763.0000 9
7354.0000 27
3852.0000 13
9454.0000 32
2569.0000 11
3499.0000 14
16592.0000 53
16048.0000 41
42.0000 2
1363.0000 3
12085.0000 39
880.0000 4
15837.0000 43
15495.0000 53
3886.0000 13
8198.0000 21
4943.0000 18
1388.0000 4
5353.0000 22
12408.0000 42
1814.0000 7
6849.0000 20
8299.0000 30
4332.0000 11
10544.0000 34
3704.0000 13
12860.0000 40
4181.0000 19
11794.0000 35
5866.0000 14
17292.0000 50
984.0000 4
17558.0000 53
866.0000 4
16655.0000 49
7968.0000 24
2904.0000 12
698.0000 5
1987.0000 7
17452.0000 59
559.0000 2
13808.0000 45
2691.0000 8
1004.0000 4
2261.0000 9
17053.0000 50
14292.0000 43
11918.0000 37
5890.0000 19
12238.0000 40
17613.0000 63
4452.0000 11
2311.0000 8
2282.0000 7
10017.0000 35
760.0000 2
1901.0000 5
17081.0000 55
14303.0000 41
707.0000 4
407.0000 3
7200.0000 32
1965.0000 9
713.0000 4
1218.0000 5
1504.0000 7
5089.0000 18
11522.0000 42
5397.0000 19
816.0000 3
6783.0000 16
732.0000 4
3026.0000 13
11077.0000 35
13148.0000 38
5669.0000 19
5498.0000 15
15277.0000 47
17776.0000 61
5274.0000 14
4628.0000 18
294.0000 2
5671.0000 21
5319.0000 20
12341.0000 36
12797.0000 43
1992.0000 8
1739.0000 8
16589.0000 53
8069.0000 39
12464.0000 36
16793.0000 56
16133.0000 53
6911.0000 22
5597.0000 19
6870.0000 21
5239.0000 21
16704.0000 50
11465.0000 34
1934.0000 7
5220.0000 18
3345.0000 12
2479.0000 9
11468.0000 34
1809.0000 8
12380.0000 42
1248.0000 5
828.0000 4
384.0000 2
12112.0000 39
2070.0000 8
10255.0000 36
15498.0000 45
8561.0000 25
2987.0000 12
4901.0000 13
9468.0000 31
1283.0000 5
9493.0000 31
531.0000 4
6639.0000 21
10162.0000 39
1403.0000 7
17877.0000 58
9602.0000 29
3973.0000 13
11606.0000 37
1324.0000 4
15861.0000 55
2980.0000 9
2980.0000 6
1601.0000 5
4384.0000 16
3025.0000 14
2402.0000 11
averageTime:4236.616589861751  averageHopCount:15.373118279569892
