# deliveryTime  hopCount
33.0000 8
53.0000 9
115.0000 9
107.0000 9
28.0000 3
130.0000 11
99.0000 5
107.0000 6
117.0000 11
156.0000 5
157.0000 6
101.0000 4
163.0000 7
118.0000 6
126.0000 7
143.0000 4
140.0000 7
150.0000 6
171.0000 9
145.0000 5
36.0000 4
156.0000 8
115.0000 5
198.0000 10
137.0000 9
224.0000 12
166.0000 4
158.0000 6
222.0000 6
182.0000 6
163.0000 6
149.0000 4
94.0000 5
215.0000 6
154.0000 5
241.0000 5
212.0000 6
219.0000 7
196.0000 8
156.0000 6
243.0000 12
192.0000 6
279.0000 7
255.0000 11
240.0000 10
311.0000 6
266.0000 8
226.0000 4
72.0000 3
238.0000 3
310.0000 4
329.0000 16
224.0000 7
77.0000 4
320.0000 7
237.0000 5
265.0000 7
260.0000 5
249.0000 6
240.0000 7
254.0000 3
332.0000 4
214.0000 5
275.0000 4
203.0000 5
268.0000 5
341.0000 9
325.0000 10
308.0000 5
213.0000 5
280.0000 7
284.0000 4
192.0000 4
224.0000 4
243.0000 6
282.0000 7
295.0000 4
344.0000 7
27.0000 2
264.0000 6
277.0000 6
315.0000 7
211.0000 5
241.0000 4
147.0000 5
305.0000 10
386.0000 8
306.0000 8
303.0000 6
151.0000 5
313.0000 8
316.0000 11
321.0000 7
365.0000 9
366.0000 8
173.0000 7
319.0000 7
314.0000 5
309.0000 7
289.0000 5
328.0000 7
281.0000 3
229.0000 5
332.0000 8
250.0000 3
325.0000 7
249.0000 6
297.0000 7
339.0000 6
322.0000 5
261.0000 6
312.0000 6
306.0000 5
388.0000 11
246.0000 5
334.0000 5
335.0000 6
375.0000 6
283.0000 7
352.0000 9
308.0000 8
386.0000 2
286.0000 9
382.0000 5
342.0000 10
187.0000 4
357.0000 10
351.0000 6
352.0000 5
352.0000 9
335.0000 4
248.0000 3
438.0000 8
354.0000 6
316.0000 6
300.0000 4
206.0000 3
281.0000 7
303.0000 5
286.0000 6
366.0000 7
172.0000 6
184.0000 2
370.0000 5
406.0000 5
297.0000 4
339.0000 6
193.0000 3
410.0000 9
222.0000 5
263.0000 5
317.0000 5
317.0000 4
283.0000 4
269.0000 4
418.0000 6
320.0000 4
352.0000 7
320.0000 5
324.0000 7
324.0000 9
247.0000 7
328.0000 7
386.0000 8
295.0000 7
387.0000 5
281.0000 5
356.0000 5
327.0000 5
392.0000 5
404.0000 8
393.0000 10
344.0000 7
326.0000 5
287.0000 6
395.0000 4
370.0000 7
224.0000 6
291.0000 4
418.0000 10
342.0000 8
197.0000 5
368.0000 6
344.0000 4
297.0000 3
412.0000 6
377.0000 8
334.0000 8
422.0000 8
450.0000 11
350.0000 6
399.0000 6
437.0000 6
341.0000 5
349.0000 3
342.0000 4
359.0000 5
471.0000 3
459.0000 8
426.0000 7
284.0000 6
347.0000 4
317.0000 4
508.0000 7
332.0000 4
320.0000 7
325.0000 7
364.0000 5
414.0000 4
354.0000 5
484.0000 11
109.0000 3
226.0000 6
560.0000 11
420.0000 6
394.0000 8
221.0000 2
384.0000 6
95.0000 3
324.0000 6
382.0000 8
317.0000 3
498.0000 4
237.0000 5
499.0000 6
502.0000 7
404.0000 4
328.0000 4
503.0000 7
317.0000 5
378.0000 7
411.0000 5
513.0000 9
281.0000 3
516.0000 12
406.0000 3
420.0000 6
400.0000 5
561.0000 8
234.0000 4
479.0000 8
394.0000 7
395.0000 5
481.0000 4
216.0000 6
407.0000 5
423.0000 7
528.0000 6
495.0000 8
433.0000 8
369.0000 9
459.0000 10
501.0000 5
371.0000 8
398.0000 3
391.0000 3
514.0000 4
429.0000 5
547.0000 9
433.0000 6
288.0000 4
506.0000 5
286.0000 4
442.0000 4
422.0000 6
418.0000 8
551.0000 6
555.0000 10
513.0000 6
322.0000 4
522.0000 8
443.0000 5
486.0000 5
558.0000 5
454.0000 4
418.0000 6
458.0000 5
440.0000 6
397.0000 6
463.0000 6
360.0000 6
476.0000 8
411.0000 6
476.0000 7
592.0000 12
297.0000 5
468.0000 4
579.0000 5
643.0000 5
430.0000 5
452.0000 7
460.0000 5
293.0000 7
519.0000 6
214.0000 4
460.0000 6
294.0000 3
568.0000 12
327.0000 4
595.0000 10
670.0000 11
596.0000 7
436.0000 6
618.0000 5
469.0000 5
456.0000 8
457.0000 6
206.0000 3
581.0000 10
505.0000 6
570.0000 7
485.0000 7
509.0000 3
405.0000 5
575.0000 7
434.0000 4
513.0000 5
396.0000 6
619.0000 8
430.0000 6
378.0000 7
672.0000 7
478.0000 6
407.0000 4
517.0000 7
215.0000 4
504.0000 5
471.0000 3
523.0000 6
536.0000 6
564.0000 6
679.0000 7
376.0000 7
686.0000 7
654.0000 5
682.0000 8
418.0000 3
532.0000 5
444.0000 4
372.0000 4
469.0000 6
641.0000 7
544.0000 10
617.0000 12
449.0000 4
487.0000 6
9.0000 2
459.0000 5
519.0000 4
662.0000 10
650.0000 7
506.0000 5
483.0000 3
700.0000 12
429.0000 3
679.0000 6
528.0000 8
564.0000 10
599.0000 5
550.0000 8
516.0000 4
679.0000 9
522.0000 7
589.0000 6
339.0000 4
195.0000 3
668.0000 5
434.0000 8
687.0000 5
458.0000 7
717.0000 7
512.0000 4
528.0000 5
512.0000 5
514.0000 7
723.0000 13
433.0000 5
657.0000 10
585.0000 9
733.0000 8
509.0000 4
727.0000 6
733.0000 12
416.0000 4
516.0000 7
617.0000 6
662.0000 9
648.0000 5
512.0000 10
656.0000 6
470.0000 7
581.0000 5
516.0000 5
670.0000 8
568.0000 6
694.0000 7
769.0000 10
521.0000 7
478.0000 2
715.0000 7
123.0000 2
534.0000 7
591.0000 9
705.0000 11
716.0000 6
545.0000 6
512.0000 6
708.0000 5
582.0000 4
614.0000 5
743.0000 5
509.0000 6
452.0000 5
687.0000 9
724.0000 8
757.0000 16
236.0000 2
673.0000 5
608.0000 5
690.0000 10
522.0000 6
499.0000 4
496.0000 5
719.0000 9
491.0000 5
592.0000 5
696.0000 6
723.0000 7
538.0000 4
737.0000 9
502.0000 4
577.0000 6
683.0000 9
684.0000 11
563.0000 4
479.0000 4
630.0000 8
179.0000 2
695.0000 6
613.0000 9
613.0000 6
618.0000 4
690.0000 7
605.0000 5
732.0000 5
735.0000 6
623.0000 7
640.0000 8
780.0000 15
645.0000 10
758.0000 3
615.0000 4
719.0000 5
711.0000 11
599.0000 8
186.0000 2
639.0000 5
749.0000 9
722.0000 8
641.0000 5
754.0000 8
794.0000 6
590.0000 5
727.0000 9
581.0000 6
770.0000 7
756.0000 5
422.0000 5
656.0000 3
728.0000 6
803.0000 7
425.0000 3
592.0000 8
763.0000 11
493.0000 5
807.0000 5
518.0000 6
738.0000 6
504.0000 5
564.0000 5
658.0000 6
733.0000 11
677.0000 8
709.0000 4
657.0000 7
730.0000 6
745.0000 6
646.0000 7
657.0000 5
647.0000 8
667.0000 6
603.0000 7
751.0000 8
778.0000 11
744.0000 9
682.0000 5
795.0000 6
614.0000 6
566.0000 4
783.0000 5
513.0000 4
781.0000 9
637.0000 5
589.0000 8
800.0000 5
638.0000 9
831.0000 15
10.0000 2
676.0000 8
597.0000 6
749.0000 7
644.0000 5
647.0000 5
668.0000 6
795.0000 6
386.0000 4
553.0000 8
687.0000 10
801.0000 12
692.0000 8
817.0000 8
769.0000 4
597.0000 7
803.0000 7
780.0000 9
852.0000 14
549.0000 9
825.0000 7
714.0000 8
580.0000 6
617.0000 3
622.0000 7
774.0000 6
774.0000 8
594.0000 5
708.0000 4
777.0000 8
612.0000 8
782.0000 6
807.0000 5
838.0000 5
714.0000 4
822.0000 7
827.0000 7
714.0000 9
620.0000 5
678.0000 6
615.0000 8
874.0000 14
496.0000 2
737.0000 9
833.0000 4
689.0000 7
852.0000 8
796.0000 6
654.0000 3
854.0000 8
911.0000 14
843.0000 9
855.0000 9
713.0000 8
729.0000 8
840.0000 9
708.0000 9
672.0000 4
625.0000 9
721.0000 7
678.0000 10
745.0000 4
746.0000 7
666.0000 5
831.0000 8
687.0000 5
869.0000 8
817.0000 8
901.0000 13
751.0000 9
845.0000 7
342.0000 3
617.0000 7
861.0000 8
668.0000 8
687.0000 6
574.0000 7
721.0000 6
828.0000 7
828.0000 5
774.0000 8
676.0000 5
745.0000 7
839.0000 12
839.0000 8
848.0000 10
662.0000 8
816.0000 7
733.0000 10
843.0000 8
957.0000 9
769.0000 9
714.0000 5
792.0000 4
676.0000 8
934.0000 7
592.0000 6
661.0000 9
779.0000 8
786.0000 4
892.0000 4
701.0000 8
569.0000 4
728.0000 5
873.0000 4
687.0000 6
795.0000 6
862.0000 6
674.0000 8
674.0000 6
663.0000 5
654.0000 7
650.0000 5
813.0000 12
872.0000 9
806.0000 8
622.0000 7
788.0000 8
891.0000 6
740.0000 3
799.0000 9
810.0000 5
886.0000 8
925.0000 11
711.0000 7
829.0000 10
734.0000 6
925.0000 11
694.0000 3
814.0000 4
736.0000 5
802.0000 8
932.0000 7
899.0000 8
948.0000 7
845.0000 6
982.0000 7
909.0000 9
804.0000 8
681.0000 5
742.0000 7
896.0000 5
829.0000 8
785.0000 6
896.0000 6
437.0000 3
983.0000 9
827.0000 9
553.0000 3
984.0000 13
830.0000 8
836.0000 7
849.0000 8
819.0000 7
958.0000 10
742.0000 8
837.0000 6
832.0000 10
778.0000 5
996.0000 13
919.0000 7
857.0000 13
843.0000 6
848.0000 5
972.0000 6
1005.0000 15
717.0000 6
926.0000 5
926.0000 8
851.0000 7
979.0000 5
867.0000 6
940.0000 7
968.0000 12
864.0000 9
794.0000 8
934.0000 5
970.0000 9
1012.0000 15
721.0000 5
796.0000 7
423.0000 3
875.0000 5
975.0000 7
949.0000 17
801.0000 4
376.0000 2
878.0000 7
993.0000 10
851.0000 4
873.0000 8
873.0000 7
897.0000 9
761.0000 6
808.0000 7
646.0000 6
836.0000 8
836.0000 9
800.0000 9
790.0000 7
1030.0000 16
954.0000 7
860.0000 11
948.0000 8
794.0000 8
1062.0000 15
965.0000 9
1007.0000 6
895.0000 11
848.0000 4
638.0000 4
804.0000 5
902.0000 6
511.0000 4
827.0000 9
1074.0000 9
857.0000 7
708.0000 6
972.0000 4
629.0000 6
822.0000 5
796.0000 4
901.0000 5
902.0000 7
888.0000 6
984.0000 7
250.0000 3
773.0000 7
980.0000 9
827.0000 9
1021.0000 12
983.0000 7
1026.0000 9
757.0000 7
853.0000 8
899.0000 6
781.0000 9
1031.0000 11
933.0000 5
845.0000 8
1075.0000 7
1076.0000 7
1035.0000 11
1008.0000 16
788.0000 6
1033.0000 6
888.0000 4
938.0000 12
1037.0000 8
1034.0000 10
1011.0000 16
930.0000 6
933.0000 6
1084.0000 7
598.0000 6
1039.0000 9
944.0000 8
896.0000 9
1002.0000 6
1086.0000 12
950.0000 7
904.0000 8
874.0000 7
853.0000 6
1046.0000 5
1024.0000 7
1024.0000 14
954.0000 10
878.0000 5
955.0000 7
1050.0000 10
958.0000 5
947.0000 6
959.0000 6
944.0000 8
831.0000 8
864.0000 11
951.0000 9
1048.0000 6
617.0000 3
935.0000 5
890.0000 8
731.0000 5
937.0000 7
820.0000 7
736.0000 6
1112.0000 14
922.0000 9
909.0000 8
734.0000 6
1069.0000 7
1086.0000 10
1039.0000 6
1034.0000 6
928.0000 6
980.0000 12
1079.0000 8
1052.0000 11
1076.0000 6
748.0000 9
1054.0000 6
1055.0000 10
1096.0000 9
934.0000 9
974.0000 6
1041.0000 11
972.0000 8
1085.0000 5
1062.0000 8
915.0000 7
1105.0000 7
879.0000 9
847.0000 7
1108.0000 9
52.0000 2
1055.0000 11
1070.0000 7
984.0000 7
951.0000 9
231.0000 3
907.0000 9
1074.0000 9
515.0000 3
993.0000 7
853.0000 6
891.0000 7
1010.0000 6
846.0000 6
1082.0000 14
971.0000 7
1069.0000 6
1115.0000 8
937.0000 10
1112.0000 8
1115.0000 10
1133.0000 10
865.0000 5
1130.0000 10
489.0000 5
1115.0000 11
636.0000 4
1077.0000 10
313.0000 3
1013.0000 8
748.0000 4
1091.0000 6
951.0000 6
919.0000 8
982.0000 5
896.0000 6
1130.0000 12
945.0000 4
719.0000 6
961.0000 6
941.0000 6
865.0000 9
1030.0000 8
336.0000 3
1011.0000 6
1109.0000 12
875.0000 5
898.0000 8
1153.0000 9
882.0000 2
1077.0000 12
883.0000 6
961.0000 9
1043.0000 8
984.0000 6
950.0000 7
1064.0000 7
1135.0000 8
1014.0000 12
747.0000 7
1205.0000 11
105.0000 2
1065.0000 6
989.0000 8
394.0000 4
113.0000 2
1139.0000 7
1167.0000 9
1059.0000 8
1040.0000 9
1212.0000 14
1169.0000 8
1074.0000 6
1170.0000 7
1065.0000 6
1134.0000 8
890.0000 8
1218.0000 9
1218.0000 16
980.0000 9
1174.0000 13
1176.0000 6
1031.0000 6
1195.0000 9
1196.0000 13
1068.0000 10
1075.0000 7
1150.0000 6
991.0000 4
1040.0000 6
1230.0000 14
1041.0000 5
975.0000 7
1014.0000 6
1190.0000 9
1207.0000 6
1158.0000 11
1065.0000 7
1194.0000 11
713.0000 5
887.0000 5
609.0000 3
950.0000 6
1084.0000 8
1089.0000 9
1100.0000 9
952.0000 7
740.0000 6
1243.0000 12
1088.0000 6
1094.0000 9
68.0000 2
1030.0000 9
934.0000 5
995.0000 8
1106.0000 11
960.0000 8
1096.0000 7
1082.0000 13
1254.0000 5
1255.0000 15
1109.0000 7
1116.0000 9
1066.0000 9
1230.0000 12
879.0000 6
1213.0000 7
879.0000 4
1213.0000 7
1032.0000 12
1112.0000 10
1235.0000 7
929.0000 8
568.0000 3
977.0000 6
1095.0000 9
1225.0000 8
1191.0000 8
1224.0000 8
1033.0000 10
959.0000 8
960.0000 6
1197.0000 9
1103.0000 7
1104.0000 7
1038.0000 8
943.0000 6
610.0000 5
1110.0000 5
993.0000 7
1255.0000 8
1216.0000 6
907.0000 6
1145.0000 9
1222.0000 9
1142.0000 8
409.0000 2
1078.0000 7
1218.0000 11
1146.0000 10
1141.0000 6
1148.0000 8
1129.0000 10
1110.0000 6
1257.0000 12
1013.0000 7
1304.0000 9
1264.0000 12
1150.0000 9
1306.0000 14
131.0000 2
1278.0000 11
1156.0000 11
1266.0000 12
1168.0000 9
974.0000 6
386.0000 2
1092.0000 9
1226.0000 8
1072.0000 11
1199.0000 6
1164.0000 9
1165.0000 7
1146.0000 8
1241.0000 10
1162.0000 8
1280.0000 9
1087.0000 5
1172.0000 10
1279.0000 5
1012.0000 6
648.0000 2
1013.0000 8
868.0000 5
1243.0000 9
969.0000 8
701.0000 5
950.0000 4
1329.0000 15
1023.0000 6
1093.0000 7
1093.0000 10
1180.0000 10
1176.0000 9
1291.0000 11
835.0000 6
1181.0000 7
72.0000 2
1270.0000 6
1295.0000 6
1027.0000 7
1299.0000 6
1101.0000 6
58.0000 2
1273.0000 9
1127.0000 10
1299.0000 9
1154.0000 6
1317.0000 11
1057.0000 7
1162.0000 6
677.0000 7
1130.0000 6
1176.0000 8
1323.0000 14
1055.0000 7
1036.0000 4
1178.0000 8
1037.0000 7
1282.0000 15
1038.0000 6
1314.0000 12
1197.0000 10
1198.0000 9
996.0000 8
853.0000 5
1166.0000 9
1118.0000 8
1104.0000 7
1169.0000 5
1128.0000 5
1359.0000 9
1359.0000 7
1220.0000 8
1222.0000 8
1124.0000 7
1294.0000 10
1323.0000 8
1054.0000 9
1291.0000 9
1267.0000 6
1214.0000 10
1132.0000 6
1328.0000 9
9.0000 2
1155.0000 10
1294.0000 12
1380.0000 14
1352.0000 11
1380.0000 14
1311.0000 11
1145.0000 3
1228.0000 8
1194.0000 5
1299.0000 8
1302.0000 7
1344.0000 13
1360.0000 11
1200.0000 12
1173.0000 5
1196.0000 11
1324.0000 7
892.0000 6
1353.0000 9
1353.0000 8
586.0000 2
1322.0000 5
1244.0000 6
618.0000 6
1332.0000 14
916.0000 6
1213.0000 6
609.0000 7
1214.0000 4
1118.0000 7
1362.0000 9
1253.0000 8
1096.0000 8
1158.0000 10
1326.0000 9
1365.0000 10
1076.0000 5
1369.0000 8
568.0000 2
1367.0000 9
1242.0000 9
367.0000 2
1225.0000 7
1177.0000 8
1333.0000 6
1228.0000 10
1105.0000 9
1203.0000 9
1393.0000 6
741.0000 4
1422.0000 5
1394.0000 5
1266.0000 7
1111.0000 10
1347.0000 8
1399.0000 8
1387.0000 13
1273.0000 9
1213.0000 7
1275.0000 7
1214.0000 8
1330.0000 6
1322.0000 9
1389.0000 8
1389.0000 7
1184.0000 8
1407.0000 10
1350.0000 8
1284.0000 8
328.0000 3
1058.0000 6
1038.0000 5
1151.0000 6
1223.0000 6
1152.0000 7
1294.0000 7
630.0000 4
911.0000 5
1156.0000 6
1368.0000 9
943.0000 7
1132.0000 4
1377.0000 11
1112.0000 6
1291.0000 10
1378.0000 12
1338.0000 10
1365.0000 8
1191.0000 7
1259.0000 8
1405.0000 9
947.0000 4
1410.0000 10
1425.0000 11
1453.0000 18
1140.0000 6
1140.0000 9
1385.0000 11
1412.0000 10
1403.0000 12
1317.0000 12
1317.0000 9
781.0000 6
491.0000 4
1112.0000 8
1043.0000 4
1436.0000 6
1294.0000 7
1249.0000 7
1317.0000 9
1178.0000 9
1179.0000 4
1134.0000 7
1230.0000 9
1320.0000 13
1331.0000 8
1183.0000 6
1130.0000 4
1333.0000 11
1185.0000 8
1103.0000 10
1288.0000 8
865.0000 4
1395.0000 10
1403.0000 10
1481.0000 9
1440.0000 7
1313.0000 7
804.0000 2
1295.0000 11
515.0000 4
563.0000 3
1107.0000 5
692.0000 4
1226.0000 11
986.0000 7
1202.0000 7
1492.0000 10
1424.0000 9
1207.0000 7
937.0000 5
1145.0000 8
535.0000 2
1184.0000 5
1077.0000 6
1428.0000 18
1294.0000 8
1119.0000 4
1196.0000 7
1422.0000 8
1328.0000 8
1262.0000 8
1459.0000 9
1362.0000 12
973.0000 5
1278.0000 12
1436.0000 17
1368.0000 9
1360.0000 9
1206.0000 7
1362.0000 9
1282.0000 7
1282.0000 8
1135.0000 5
1278.0000 8
1345.0000 6
1278.0000 9
1058.0000 8
1204.0000 6
1279.0000 10
1489.0000 7
1472.0000 8
1364.0000 10
1300.0000 9
1522.0000 12
1143.0000 5
1495.0000 10
1372.0000 9
259.0000 2
1482.0000 10
1373.0000 7
1286.0000 8
1288.0000 10
1193.0000 7
421.0000 3
1502.0000 10
559.0000 4
1152.0000 4
1291.0000 8
1490.0000 15
1504.0000 7
1226.0000 8
1473.0000 4
1378.0000 9
1507.0000 9
1365.0000 12
1494.0000 9
1272.0000 5
1495.0000 9
1204.0000 7
1322.0000 7
1025.0000 3
1364.0000 8
1471.0000 10
1498.0000 10
1252.0000 10
1386.0000 10
1542.0000 7
1303.0000 6
1466.0000 12
1257.0000 6
1329.0000 8
1463.0000 12
1475.0000 8
74.0000 2
737.0000 2
1381.0000 9
1178.0000 6
1477.0000 7
1267.0000 7
1511.0000 9
1473.0000 10
1474.0000 11
1490.0000 8
1343.0000 8
1389.0000 10
149.0000 2
1464.0000 5
1518.0000 8
1105.0000 6
1326.0000 7
1396.0000 9
1377.0000 8
1303.0000 9
232.0000 3
1543.0000 11
1495.0000 8
1484.0000 14
1313.0000 10
1345.0000 8
896.0000 5
1532.0000 8
1535.0000 8
1265.0000 5
1578.0000 19
1363.0000 6
1186.0000 7
1512.0000 9
1425.0000 8
1442.0000 7
1537.0000 6
1480.0000 7
474.0000 4
1291.0000 8
1552.0000 6
1507.0000 8
1296.0000 8
854.0000 3
1557.0000 9
1355.0000 5
1251.0000 7
917.0000 6
1436.0000 11
1439.0000 7
907.0000 3
1511.0000 11
1448.0000 7
1437.0000 8
1544.0000 11
1216.0000 6
1373.0000 7
1278.0000 9
1388.0000 6
1403.0000 10
1442.0000 5
1364.0000 7
1438.0000 8
1423.0000 7
1454.0000 7
488.0000 4
1519.0000 9
1322.0000 8
1554.0000 9
1531.0000 9
1445.0000 8
1453.0000 6
1182.0000 4
1387.0000 6
1434.0000 7
1529.0000 11
1612.0000 14
1319.0000 8
956.0000 3
1459.0000 8
718.0000 6
701.0000 4
1584.0000 11
1535.0000 6
527.0000 4
936.0000 4
1458.0000 9
321.0000 3
1363.0000 6
1236.0000 7
376.0000 2
1114.0000 6
1549.0000 18
1577.0000 9
1470.0000 7
1090.0000 5
1333.0000 9
1163.0000 6
1372.0000 8
1367.0000 8
1579.0000 8
1332.0000 8
1290.0000 8
1536.0000 10
1581.0000 9
1581.0000 8
50.0000 2
1628.0000 15
1458.0000 9
1602.0000 10
1586.0000 14
1296.0000 5
1342.0000 6
1344.0000 6
1605.0000 10
937.0000 3
1592.0000 13
1602.0000 13
1479.0000 6
1607.0000 8
1486.0000 8
1612.0000 8
1348.0000 10
1552.0000 12
1597.0000 7
1074.0000 7
1643.0000 12
1088.0000 6
1432.0000 8
1475.0000 7
1507.0000 11
1476.0000 6
865.0000 6
1535.0000 12
1445.0000 6
1582.0000 9
856.0000 7
1606.0000 8
1272.0000 6
1606.0000 12
1513.0000 11
1437.0000 8
1585.0000 10
1437.0000 9
555.0000 3
1615.0000 9
1441.0000 6
1441.0000 7
144.0000 2
1423.0000 8
1662.0000 5
918.0000 5
1585.0000 15
1523.0000 10
1515.0000 11
1587.0000 9
390.0000 3
1525.0000 9
1625.0000 14
1430.0000 9
1478.0000 7
1377.0000 5
1166.0000 9
1381.0000 8
1587.0000 8
1595.0000 8
1435.0000 6
1385.0000 9
1518.0000 6
1363.0000 7
1505.0000 8
1303.0000 10
1594.0000 10
1176.0000 6
1651.0000 7
1602.0000 8
1409.0000 10
1491.0000 7
1510.0000 6
1636.0000 10
1028.0000 3
1409.0000 8
1004.0000 6
1600.0000 7
1309.0000 11
393.0000 3
1658.0000 7
1436.0000 7
1617.0000 8
1547.0000 6
1312.0000 6
1648.0000 8
1305.0000 6
1392.0000 8
1167.0000 5
1492.0000 9
1619.0000 8
1320.0000 5
1386.0000 9
1654.0000 11
1615.0000 8
1410.0000 6
1656.0000 9
816.0000 3
1536.0000 10
1626.0000 13
459.0000 2
1390.0000 7
1629.0000 13
1558.0000 10
138.0000 2
1491.0000 5
1519.0000 6
1422.0000 9
1398.0000 8
1407.0000 10
1292.0000 5
1612.0000 11
1501.0000 9
1715.0000 11
1647.0000 9
345.0000 2
1566.0000 12
1480.0000 9
1634.0000 8
1571.0000 6
1409.0000 10
1695.0000 13
1696.0000 11
1640.0000 9
1648.0000 12
1488.0000 8
1557.0000 9
1579.0000 9
1653.0000 6
1575.0000 7
1503.0000 10
1543.0000 12
1733.0000 12
1420.0000 8
1689.0000 10
1583.0000 9
1596.0000 5
1586.0000 10
1161.0000 8
1407.0000 9
1453.0000 10
757.0000 4
1606.0000 10
555.0000 2
1606.0000 10
1778.0000 18
665.0000 4
1599.0000 9
162.0000 2
1522.0000 6
1676.0000 7
1593.0000 11
1374.0000 6
1442.0000 8
1241.0000 6
1732.0000 8
1602.0000 10
1520.0000 6
133.0000 2
1676.0000 7
1448.0000 5
1693.0000 10
87.0000 2
1695.0000 9
1346.0000 9
1576.0000 6
1429.0000 9
1291.0000 9
1537.0000 10
1627.0000 8
1530.0000 14
1539.0000 5
1694.0000 10
901.0000 4
1555.0000 7
1730.0000 8
1462.0000 7
1432.0000 11
1624.0000 7
1559.0000 10
817.0000 4
1548.0000 7
1589.0000 9
1477.0000 8
1630.0000 6
931.0000 4
1447.0000 9
1611.0000 8
1526.0000 7
1550.0000 14
1744.0000 11
1638.0000 10
1162.0000 6
1746.0000 7
1316.0000 6
1479.0000 6
1724.0000 12
1528.0000 7
1555.0000 8
1643.0000 12
1534.0000 5
1750.0000 12
1365.0000 9
1376.0000 7
1492.0000 8
1642.0000 9
1311.0000 5
1723.0000 9
1583.0000 12
1773.0000 11
1316.0000 7
1106.0000 4
954.0000 5
305.0000 3
1778.0000 9
1350.0000 5
1810.0000 16
1130.0000 6
1661.0000 7
1501.0000 7
1786.0000 13
1665.0000 11
1747.0000 15
1586.0000 8
1573.0000 11
1777.0000 10
1681.0000 7
1591.0000 6
1534.0000 7
1489.0000 6
218.0000 2
543.0000 2
1537.0000 10
1755.0000 14
1331.0000 8
1378.0000 8
1455.0000 4
1546.0000 6
709.0000 4
1503.0000 7
477.0000 2
1214.0000 6
550.0000 2
1413.0000 7
1555.0000 8
1531.0000 9
1321.0000 5
1426.0000 6
1847.0000 18
1472.0000 9
1677.0000 10
1766.0000 13
1538.0000 11
234.0000 2
1457.0000 8
1810.0000 12
1697.0000 9
1777.0000 15
493.0000 3
1715.0000 10
1683.0000 11
1547.0000 7
1642.0000 10
1711.0000 11
1182.0000 7
1622.0000 6
846.0000 3
1236.0000 6
1693.0000 13
1185.0000 4
1288.0000 5
1715.0000 8
1824.0000 13
1838.0000 12
1628.0000 9
1628.0000 9
1447.0000 8
1867.0000 15
1711.0000 6
1868.0000 14
1519.0000 10
1241.0000 5
1801.0000 19
1802.0000 13
1574.0000 10
1634.0000 9
1584.0000 11
773.0000 4
1229.0000 7
402.0000 3
1727.0000 9
1640.0000 6
1723.0000 11
1731.0000 9
1462.0000 7
1515.0000 8
1592.0000 9
1597.0000 10
869.0000 4
1509.0000 10
1811.0000 10
1847.0000 14
1598.0000 10
1212.0000 3
1619.0000 7
1596.0000 7
1606.0000 7
1664.0000 6
1660.0000 10
1424.0000 8
1272.0000 6
1713.0000 10
1524.0000 7
888.0000 3
1825.0000 9
1769.0000 8
1758.0000 10
302.0000 2
1870.0000 12
1793.0000 8
951.0000 3
1835.0000 10
324.0000 2
1870.0000 8
724.0000 3
1919.0000 11
1751.0000 9
1613.0000 8
335.0000 3
1737.0000 13
1859.0000 9
1739.0000 7
1860.0000 14
1712.0000 8
970.0000 3
1633.0000 7
1681.0000 9
1697.0000 10
1035.0000 7
1745.0000 10
1405.0000 7
1660.0000 6
745.0000 3
1891.0000 8
1787.0000 11
1561.0000 6
1438.0000 9
1914.0000 12
1705.0000 11
1874.0000 13
1525.0000 6
1265.0000 5
1684.0000 8
1416.0000 8
1910.0000 13
1813.0000 8
1739.0000 7
1929.0000 14
1767.0000 10
1669.0000 9
1916.0000 14
152.0000 2
1915.0000 8
1723.0000 10
1922.0000 11
1922.0000 12
1920.0000 8
1921.0000 9
1924.0000 12
1921.0000 14
1708.0000 9
1568.0000 6
1899.0000 13
1701.0000 11
1683.0000 11
1833.0000 9
1746.0000 9
1577.0000 12
586.0000 4
1055.0000 5
1979.0000 10
1764.0000 7
1940.0000 12
1899.0000 12
1916.0000 10
1062.0000 4
1693.0000 11
1697.0000 8
1748.0000 11
1918.0000 14
1312.0000 5
1942.0000 11
1772.0000 9
1751.0000 11
1759.0000 6
1851.0000 13
1031.0000 3
755.0000 2
1535.0000 6
1756.0000 13
1855.0000 16
513.0000 4
522.0000 3
497.0000 4
1105.0000 7
1648.0000 9
1467.0000 6
1910.0000 4
1661.0000 8
1687.0000 8
1606.0000 7
1190.0000 5
1785.0000 7
1500.0000 8
521.0000 2
1961.0000 8
731.0000 3
1962.0000 8
1895.0000 11
1588.0000 6
901.0000 3
1931.0000 11
527.0000 3
1984.0000 12
1845.0000 11
1778.0000 12
1704.0000 13
1899.0000 13
1788.0000 7
1974.0000 15
1342.0000 4
1943.0000 9
1944.0000 13
1795.0000 13
1832.0000 11
481.0000 3
1227.0000 8
1807.0000 7
1874.0000 11
1949.0000 17
1870.0000 9
1713.0000 6
103.0000 2
1983.0000 9
1108.0000 3
1210.0000 4
1782.0000 7
1880.0000 12
1216.0000 3
1848.0000 11
1822.0000 8
1997.0000 11
1886.0000 9
1755.0000 7
2004.0000 11
2001.0000 12
1760.0000 8
1758.0000 12
220.0000 2
1765.0000 9
1552.0000 8
1848.0000 14
433.0000 3
1815.0000 7
1912.0000 12
188.0000 2
10.0000 2
1992.0000 9
1931.0000 9
530.0000 3
1774.0000 9
898.0000 4
2050.0000 16
1728.0000 9
1761.0000 10
1107.0000 5
378.0000 4
2084.0000 16
985.0000 8
1897.0000 7
2045.0000 11
1291.0000 8
1408.0000 6
1930.0000 12
2013.0000 10
1886.0000 10
2007.0000 8
500.0000 4
1853.0000 11
857.0000 3
2024.0000 9
832.0000 3
1484.0000 8
1837.0000 9
1487.0000 6
512.0000 3
627.0000 3
1884.0000 7
1789.0000 10
1702.0000 6
810.0000 5
1947.0000 10
1144.0000 3
2077.0000 10
1145.0000 7
1869.0000 9
1869.0000 11
1938.0000 10
817.0000 3
1484.0000 8
1733.0000 7
1800.0000 5
2046.0000 12
1538.0000 9
1977.0000 10
1670.0000 10
1947.0000 7
1784.0000 7
2125.0000 14
1828.0000 10
1745.0000 8
1701.0000 8
1784.0000 9
1272.0000 5
2054.0000 13
1775.0000 9
1911.0000 11
1959.0000 9
2061.0000 15
867.0000 4
2088.0000 11
1859.0000 12
1758.0000 8
158.0000 2
1710.0000 4
1798.0000 9
2097.0000 16
535.0000 3
575.0000 5
1987.0000 10
1853.0000 10
1811.0000 9
2146.0000 16
1468.0000 7
1844.0000 10
2106.0000 9
2149.0000 15
2106.0000 11
2012.0000 12
1146.0000 4
875.0000 4
2155.0000 10
2017.0000 7
1698.0000 11
1235.0000 5
1483.0000 5
1809.0000 12
2022.0000 13
838.0000 3
1909.0000 10
806.0000 2
1166.0000 4
1197.0000 3
1649.0000 11
1954.0000 12
199.0000 2
1861.0000 6
1773.0000 9
8.0000 2
1284.0000 8
602.0000 5
2132.0000 8
497.0000 2
1865.0000 9
2095.0000 12
1961.0000 11
2112.0000 9
1815.0000 10
2107.0000 15
1872.0000 8
2117.0000 8
1955.0000 7
1971.0000 10
1999.0000 8
601.0000 3
1959.0000 9
1856.0000 10
1753.0000 9
1858.0000 7
2149.0000 11
1697.0000 11
1959.0000 11
940.0000 2
1310.0000 7
622.0000 4
962.0000 3
1184.0000 4
2118.0000 8
2160.0000 15
2121.0000 8
120.0000 3
1826.0000 7
2208.0000 10
1905.0000 13
2133.0000 10
1922.0000 7
2057.0000 10
2169.0000 13
802.0000 4
1983.0000 9
1794.0000 10
1816.0000 6
1798.0000 6
2191.0000 11
1533.0000 8
1330.0000 8
2070.0000 13
1610.0000 7
1920.0000 14
1135.0000 5
1989.0000 7
1990.0000 9
2038.0000 12
2058.0000 11
361.0000 2
1742.0000 10
2145.0000 12
1796.0000 8
1917.0000 11
2014.0000 11
2190.0000 10
1178.0000 5
1899.0000 7
1949.0000 8
2023.0000 8
1810.0000 6
2198.0000 11
2056.0000 7
2091.0000 13
2100.0000 10
1571.0000 8
1775.0000 12
1360.0000 4
1626.0000 7
2085.0000 11
1560.0000 6
1754.0000 5
2069.0000 12
451.0000 4
1984.0000 9
2184.0000 10
1959.0000 9
2046.0000 12
2235.0000 10
1895.0000 8
2187.0000 10
853.0000 3
1779.0000 7
2056.0000 9
2053.0000 7
2201.0000 9
531.0000 2
1598.0000 7
1943.0000 12
2044.0000 12
1298.0000 6
2143.0000 10
2255.0000 12
1779.0000 11
2114.0000 11
2082.0000 9
1552.0000 6
1977.0000 8
1803.0000 6
2207.0000 8
1001.0000 6
2056.0000 16
2123.0000 9
2218.0000 7
1983.0000 9
2220.0000 14
2259.0000 9
1721.0000 7
2216.0000 12
1625.0000 6
1928.0000 7
1355.0000 5
1808.0000 8
2093.0000 10
2080.0000 9
1324.0000 6
2168.0000 8
290.0000 3
2151.0000 11
1902.0000 9
1627.0000 8
2108.0000 7
2242.0000 8
1310.0000 5
1149.0000 3
2327.0000 11
1699.0000 7
312.0000 2
829.0000 5
1686.0000 8
2283.0000 11
1950.0000 9
739.0000 3
349.0000 2
2263.0000 12
1653.0000 6
319.0000 2
1934.0000 10
2258.0000 9
1320.0000 5
2002.0000 11
2269.0000 8
1659.0000 6
2271.0000 11
2299.0000 9
2298.0000 13
841.0000 3
772.0000 6
2206.0000 10
2035.0000 9
2321.0000 13
1553.0000 8
1160.0000 5
2122.0000 9
1269.0000 6
1665.0000 7
1550.0000 5
1735.0000 8
2249.0000 15
1193.0000 3
1743.0000 8
1767.0000 5
2221.0000 7
2221.0000 13
1560.0000 6
2333.0000 11
2162.0000 9
1959.0000 9
2165.0000 11
1119.0000 5
8.0000 2
2010.0000 13
2389.0000 18
2180.0000 12
2153.0000 9
2394.0000 20
830.0000 4
1705.0000 7
1386.0000 5
2326.0000 10
1950.0000 5
2153.0000 14
814.0000 3
1227.0000 4
2380.0000 11
2238.0000 8
1828.0000 5
2255.0000 10
1958.0000 11
2370.0000 16
1959.0000 8
2341.0000 11
723.0000 4
2045.0000 8
2380.0000 14
2286.0000 9
2277.0000 13
1505.0000 5
1538.0000 8
1538.0000 9
2228.0000 10
2357.0000 14
2014.0000 8
628.0000 5
1467.0000 7
2127.0000 9
2223.0000 13
1743.0000 7
2291.0000 10
2398.0000 13
1361.0000 6
2400.0000 13
1624.0000 5
2256.0000 10
905.0000 5
2257.0000 13
640.0000 4
1769.0000 7
2405.0000 12
1116.0000 3
159.0000 2
2386.0000 20
2121.0000 9
1153.0000 6
1780.0000 3
2460.0000 19
2224.0000 7
1913.0000 13
2313.0000 9
120.0000 2
2409.0000 12
1500.0000 8
411.0000 2
2095.0000 6
2141.0000 11
2452.0000 12
2290.0000 8
1977.0000 5
2486.0000 12
2265.0000 11
2435.0000 13
2337.0000 14
2334.0000 7
2095.0000 12
1521.0000 6
2113.0000 9
2523.0000 13
1673.0000 3
2453.0000 12
2329.0000 15
1328.0000 7
1072.0000 4
2427.0000 11
999.0000 5
2285.0000 13
2508.0000 20
2300.0000 10
2356.0000 6
2199.0000 7
2135.0000 9
2361.0000 9
1837.0000 5
2473.0000 10
435.0000 3
242.0000 2
2040.0000 13
1017.0000 6
1019.0000 3
2447.0000 14
2131.0000 14
2270.0000 10
2276.0000 11
2244.0000 14
829.0000 5
2492.0000 11
2348.0000 15
1267.0000 5
2064.0000 9
2205.0000 11
2472.0000 13
2008.0000 8
1574.0000 7
1995.0000 10
2317.0000 7
2059.0000 10
1577.0000 8
2399.0000 12
2217.0000 9
2383.0000 16
2510.0000 10
2105.0000 8
2373.0000 13
1593.0000 7
1868.0000 6
867.0000 4
1995.0000 9
2194.0000 7
2017.0000 14
1473.0000 5
2262.0000 8
2196.0000 9
2196.0000 8
2196.0000 7
2196.0000 7
1337.0000 4
2242.0000 9
1834.0000 8
2438.0000 8
1096.0000 4
2347.0000 8
1971.0000 7
2166.0000 10
2251.0000 11
2430.0000 12
387.0000 2
1579.0000 4
2527.0000 9
1424.0000 8
2528.0000 13
12.0000 2
2515.0000 11
2409.0000 7
1919.0000 11
1504.0000 6
2416.0000 8
1568.0000 6
1753.0000 9
2154.0000 8
2373.0000 10
2570.0000 18
2544.0000 11
1908.0000 11
2463.0000 13
2033.0000 6
1874.0000 8
2429.0000 9
2307.0000 10
2543.0000 13
2476.0000 12
266.0000 3
1948.0000 11
1392.0000 5
811.0000 4
2465.0000 9
1824.0000 6
1959.0000 4
963.0000 4
2409.0000 11
2563.0000 8
2346.0000 15
2494.0000 8
1061.0000 4
2027.0000 7
910.0000 3
2517.0000 12
2513.0000 15
2376.0000 13
2582.0000 11
1529.0000 9
1182.0000 4
2379.0000 10
1513.0000 9
1406.0000 7
230.0000 2
663.0000 4
2296.0000 9
1532.0000 6
1498.0000 5
2201.0000 10
2049.0000 10
1575.0000 9
451.0000 2
1898.0000 10
2637.0000 12
173.0000 2
60.0000 2
2130.0000 12
1453.0000 4
2357.0000 11
2018.0000 8
2222.0000 11
1131.0000 5
2659.0000 13
2472.0000 6
2416.0000 12
1881.0000 5
2094.0000 7
2080.0000 12
1606.0000 8
550.0000 3
2631.0000 14
2285.0000 9
2632.0000 12
2441.0000 10
2635.0000 11
2024.0000 7
1926.0000 8
1762.0000 8
2553.0000 12
800.0000 4
2347.0000 8
2437.0000 8
1943.0000 9
2542.0000 12
2593.0000 10
1372.0000 4
1811.0000 9
720.0000 2
206.0000 3
2614.0000 14
2583.0000 10
2551.0000 13
273.0000 2
2674.0000 16
406.0000 4
1936.0000 6
2579.0000 10
1779.0000 6
1567.0000 6
2565.0000 14
2146.0000 8
1744.0000 6
2721.0000 13
2386.0000 10
2534.0000 11
2681.0000 18
2611.0000 14
2253.0000 9
2072.0000 5
2608.0000 11
2266.0000 10
1628.0000 7
2217.0000 7
622.0000 7
2438.0000 11
2406.0000 10
318.0000 2
1852.0000 5
2322.0000 10
1090.0000 6
1808.0000 8
2589.0000 13
2402.0000 10
630.0000 6
2522.0000 10
2580.0000 10
1864.0000 7
2573.0000 11
1872.0000 5
2767.0000 15
2624.0000 12
2507.0000 13
2377.0000 6
2405.0000 10
1496.0000 8
2757.0000 12
2177.0000 6
2354.0000 15
1628.0000 5
259.0000 2
2476.0000 9
2184.0000 9
2433.0000 11
1172.0000 6
2729.0000 14
1310.0000 5
2598.0000 11
2431.0000 10
1194.0000 4
2078.0000 10
2392.0000 12
2485.0000 13
1900.0000 5
1699.0000 5
2675.0000 14
2407.0000 9
549.0000 2
299.0000 3
1726.0000 5
2639.0000 12
2150.0000 13
2163.0000 9
1862.0000 7
457.0000 3
563.0000 3
1154.0000 5
1661.0000 6
1334.0000 3
831.0000 2
2469.0000 8
2393.0000 12
698.0000 7
124.0000 2
2704.0000 10
1893.0000 9
2686.0000 11
1934.0000 8
213.0000 3
2062.0000 13
2459.0000 7
2358.0000 11
2234.0000 8
512.0000 3
2714.0000 11
1835.0000 6
2163.0000 12
2697.0000 12
2634.0000 11
2496.0000 7
1637.0000 4
2579.0000 9
348.0000 4
2803.0000 12
2803.0000 15
2836.0000 16
1869.0000 6
1743.0000 8
511.0000 3
1188.0000 5
1131.0000 5
13.0000 2
306.0000 2
2213.0000 11
1792.0000 7
366.0000 4
2217.0000 8
2394.0000 11
1417.0000 4
2474.0000 9
2214.0000 9
2291.0000 11
2734.0000 12
2225.0000 12
1233.0000 7
2227.0000 13
1782.0000 7
2597.0000 14
2775.0000 10
456.0000 3
2412.0000 8
2303.0000 10
2875.0000 11
2687.0000 13
2769.0000 15
2878.0000 13
2467.0000 12
1815.0000 8
2928.0000 12
2248.0000 10
2424.0000 10
2626.0000 14
399.0000 3
2741.0000 12
379.0000 2
2905.0000 11
2554.0000 8
2509.0000 9
2589.0000 8
2940.0000 11
2440.0000 9
1842.0000 6
2917.0000 15
2675.0000 10
1411.0000 10
1367.0000 6
877.0000 5
703.0000 3
1952.0000 7
2769.0000 9
677.0000 4
1420.0000 6
1174.0000 5
1857.0000 9
2093.0000 5
2170.0000 10
2927.0000 11
1387.0000 8
2901.0000 18
2047.0000 5
2594.0000 10
2773.0000 7
724.0000 3
1351.0000 5
2751.0000 12
526.0000 2
2875.0000 14
2692.0000 10
2607.0000 13
2839.0000 13
2505.0000 13
2036.0000 9
2759.0000 13
2374.0000 10
252.0000 2
2972.0000 14
2102.0000 11
2040.0000 9
2850.0000 15
940.0000 6
2107.0000 8
844.0000 3
1645.0000 6
2741.0000 15
2821.0000 12
498.0000 4
311.0000 2
2777.0000 11
1515.0000 7
1980.0000 9
2865.0000 13
2618.0000 11
2645.0000 9
2743.0000 12
2511.0000 13
2654.0000 12
1118.0000 6
2216.0000 8
1457.0000 6
879.0000 7
2653.0000 10
2774.0000 12
1114.0000 7
926.0000 5
2358.0000 10
2251.0000 11
2069.0000 8
2118.0000 4
2972.0000 11
2230.0000 7
2755.0000 10
2768.0000 11
2365.0000 12
2667.0000 8
792.0000 4
2712.0000 14
2525.0000 12
2767.0000 14
1744.0000 6
2819.0000 10
2716.0000 13
2765.0000 12
2886.0000 18
1426.0000 7
2315.0000 12
603.0000 2
2556.0000 8
2092.0000 9
2761.0000 10
2927.0000 16
497.0000 3
2821.0000 13
2992.0000 15
2992.0000 14
2783.0000 11
2704.0000 10
2866.0000 9
1585.0000 6
2359.0000 11
2001.0000 10
2948.0000 15
1699.0000 7
2863.0000 11
1835.0000 7
3024.0000 12
2794.0000 12
1536.0000 5
2599.0000 15
2793.0000 15
2323.0000 10
2154.0000 10
2802.0000 13
2499.0000 8
2095.0000 7
1806.0000 8
2191.0000 7
1808.0000 8
2193.0000 8
587.0000 2
2967.0000 12
1488.0000 5
344.0000 3
2782.0000 11
3125.0000 12
3080.0000 16
2042.0000 7
2046.0000 12
2491.0000 10
2733.0000 14
2822.0000 13
2984.0000 12
2800.0000 10
984.0000 6
2875.0000 12
3090.0000 19
1604.0000 12
3072.0000 17
2852.0000 14
2529.0000 7
2640.0000 11
3085.0000 13
874.0000 3
2690.0000 10
3121.0000 14
2644.0000 12
1084.0000 7
618.0000 2
1675.0000 7
2252.0000 10
566.0000 3
1475.0000 5
2919.0000 9
2529.0000 10
2579.0000 11
2023.0000 10
995.0000 5
2686.0000 11
1001.0000 3
2484.0000 5
3166.0000 18
2933.0000 18
2985.0000 14
969.0000 6
2967.0000 9
927.0000 7
2501.0000 10
1275.0000 7
2851.0000 9
2875.0000 15
2013.0000 8
2904.0000 15
1937.0000 5
2070.0000 7
946.0000 5
1045.0000 6
1117.0000 5
2982.0000 11
676.0000 3
3123.0000 10
1942.0000 8
1301.0000 7
1530.0000 6
2898.0000 14
2532.0000 11
2899.0000 12
1104.0000 5
2761.0000 10
2113.0000 11
1945.0000 7
1430.0000 8
3195.0000 14
2936.0000 11
2446.0000 9
336.0000 2
1724.0000 9
3079.0000 12
678.0000 3
1156.0000 5
1795.0000 7
2864.0000 10
2805.0000 12
2489.0000 13
1129.0000 5
2656.0000 9
2318.0000 10
3071.0000 11
2279.0000 10
3072.0000 13
3013.0000 12
2322.0000 7
2617.0000 10
2816.0000 13
2578.0000 9
3013.0000 12
2107.0000 7
2879.0000 12
3213.0000 15
2878.0000 12
2323.0000 12
119.0000 2
1453.0000 4
2949.0000 12
3193.0000 13
2975.0000 9
2333.0000 10
979.0000 4
3064.0000 17
2962.0000 14
2899.0000 11
3279.0000 14
3043.0000 12
3198.0000 15
2991.0000 9
371.0000 3
2606.0000 7
2829.0000 13
3219.0000 11
1370.0000 6
988.0000 4
2206.0000 8
1748.0000 7
2274.0000 8
2113.0000 8
1873.0000 8
2779.0000 12
814.0000 5
1528.0000 6
2639.0000 11
1065.0000 4
2307.0000 6
3248.0000 13
3154.0000 12
283.0000 2
3088.0000 15
1540.0000 5
1218.0000 6
694.0000 6
2424.0000 12
2207.0000 10
2777.0000 9
2097.0000 5
3047.0000 10
3120.0000 14
3296.0000 14
2652.0000 11
3103.0000 14
2315.0000 7
2859.0000 12
3315.0000 13
2414.0000 11
1719.0000 6
532.0000 3
1160.0000 4
335.0000 2
2835.0000 13
1785.0000 6
2259.0000 7
2186.0000 7
3148.0000 8
3214.0000 13
2101.0000 7
1303.0000 4
2103.0000 10
2726.0000 12
760.0000 7
3151.0000 15
843.0000 4
2484.0000 15
2361.0000 7
2753.0000 10
2281.0000 8
3177.0000 16
164.0000 2
3145.0000 11
3188.0000 12
3074.0000 16
1235.0000 8
3154.0000 11
2376.0000 7
753.0000 3
3085.0000 11
1734.0000 7
3163.0000 13
1345.0000 5
1299.0000 5
1256.0000 9
2781.0000 14
2888.0000 17
2439.0000 9
3074.0000 12
1712.0000 8
3177.0000 16
2490.0000 6
3130.0000 16
2562.0000 10
1167.0000 5
3393.0000 15
269.0000 2
1721.0000 6
2794.0000 8
2801.0000 11
3346.0000 15
2804.0000 8
2810.0000 9
3223.0000 14
2761.0000 5
2382.0000 8
2320.0000 9
674.0000 3
3234.0000 11
922.0000 5
1400.0000 5
3006.0000 14
1232.0000 4
3248.0000 14
1313.0000 9
2404.0000 10
3115.0000 14
2362.0000 10
2843.0000 10
1723.0000 8
2801.0000 11
3220.0000 16
2587.0000 8
2858.0000 11
3491.0000 17
3221.0000 15
3492.0000 16
3275.0000 12
3447.0000 14
2647.0000 11
1951.0000 5
2867.0000 10
1800.0000 10
3418.0000 15
1126.0000 4
1826.0000 7
2555.0000 10
3128.0000 13
2996.0000 10
1446.0000 7
1363.0000 7
2613.0000 9
3280.0000 11
2252.0000 7
2815.0000 16
3142.0000 10
1274.0000 8
2687.0000 11
2127.0000 9
2915.0000 9
633.0000 4
2754.0000 10
3078.0000 13
1654.0000 8
3216.0000 10
3380.0000 17
2924.0000 11
3402.0000 17
2014.0000 7
3112.0000 13
2634.0000 6
3264.0000 14
3217.0000 18
2419.0000 8
3563.0000 13
3413.0000 13
3111.0000 13
3059.0000 12
2409.0000 8
3233.0000 12
2149.0000 8
2944.0000 11
1200.0000 3
2564.0000 6
2039.0000 7
2404.0000 8
711.0000 5
1665.0000 6
3082.0000 10
2956.0000 9
2045.0000 6
2461.0000 7
2325.0000 8
3454.0000 14
1690.0000 6
2561.0000 11
3529.0000 22
2256.0000 6
3556.0000 14
3234.0000 11
1315.0000 6
3328.0000 14
3276.0000 11
3423.0000 13
3003.0000 8
728.0000 4
1870.0000 5
3286.0000 9
3084.0000 16
3117.0000 15
3169.0000 13
2919.0000 16
1923.0000 7
2804.0000 9
2998.0000 11
1243.0000 5
2564.0000 11
3324.0000 15
2529.0000 6
3344.0000 19
2618.0000 9
3590.0000 19
2006.0000 8
3411.0000 13
2792.0000 11
2772.0000 10
2864.0000 14
1481.0000 7
3431.0000 13
1097.0000 6
3271.0000 11
3433.0000 14
2634.0000 8
2544.0000 10
3607.0000 15
2965.0000 12
3655.0000 16
1503.0000 8
2754.0000 9
1111.0000 6
2647.0000 7
1760.0000 8
3449.0000 11
3516.0000 14
2825.0000 12
3585.0000 16
1399.0000 4
3173.0000 12
3044.0000 11
3630.0000 14
2543.0000 9
3364.0000 13
1527.0000 8
2542.0000 11
3301.0000 12
298.0000 2
1809.0000 9
3058.0000 13
3644.0000 15
2625.0000 11
2148.0000 8
2425.0000 9
2987.0000 10
2134.0000 7
3559.0000 14
2796.0000 10
844.0000 3
3719.0000 25
3412.0000 12
2428.0000 9
3373.0000 11
3641.0000 15
289.0000 3
2011.0000 9
3190.0000 11
3479.0000 13
3575.0000 11
3041.0000 8
702.0000 3
2478.0000 9
3347.0000 10
2466.0000 7
3123.0000 10
3110.0000 11
3276.0000 10
2597.0000 12
408.0000 2
3666.0000 16
3457.0000 16
1676.0000 7
3373.0000 12
1588.0000 7
3447.0000 11
2492.0000 8
357.0000 2
2842.0000 7
3085.0000 7
3551.0000 12
3103.0000 10
816.0000 3
3261.0000 12
3691.0000 15
2267.0000 7
1506.0000 4
3643.0000 17
2423.0000 7
3507.0000 17
2811.0000 12
1498.0000 4
3555.0000 14
2902.0000 11
3574.0000 14
1541.0000 6
3796.0000 26
2491.0000 11
3279.0000 15
3425.0000 13
2672.0000 14
1534.0000 4
3589.0000 11
883.0000 3
563.0000 4
3496.0000 17
1715.0000 6
3470.0000 13
662.0000 5
3581.0000 20
2918.0000 8
3817.0000 14
2552.0000 7
1345.0000 5
1673.0000 7
2640.0000 6
3075.0000 14
3139.0000 12
3750.0000 22
3546.0000 13
2247.0000 7
2324.0000 9
3585.0000 14
3768.0000 16
2568.0000 10
3791.0000 15
2572.0000 11
419.0000 5
2752.0000 8
2144.0000 4
2885.0000 13
3374.0000 15
3546.0000 12
790.0000 4
3342.0000 14
1662.0000 11
3231.0000 11
2761.0000 7
3485.0000 11
3306.0000 13
482.0000 3
3826.0000 18
731.0000 4
3199.0000 11
22.0000 2
3787.0000 18
3827.0000 15
267.0000 3
1160.0000 5
3878.0000 14
1804.0000 7
3739.0000 20
2955.0000 15
3256.0000 12
1826.0000 6
1621.0000 4
3583.0000 20
3261.0000 11
2997.0000 12
2948.0000 10
3487.0000 13
2089.0000 7
3695.0000 11
1536.0000 7
2411.0000 11
2342.0000 7
1663.0000 5
3702.0000 17
2550.0000 7
3342.0000 12
2924.0000 7
3690.0000 11
2663.0000 11
2394.0000 14
1767.0000 7
3891.0000 16
2435.0000 9
1784.0000 9
1025.0000 4
2274.0000 9
3330.0000 12
3630.0000 14
1753.0000 10
3722.0000 10
1803.0000 8
803.0000 2
3725.0000 17
2853.0000 12
3877.0000 16
1391.0000 6
1698.0000 6
3696.0000 14
3815.0000 18
2949.0000 9
2556.0000 10
1819.0000 8
3931.0000 17
3825.0000 13
3738.0000 13
2442.0000 9
3390.0000 15
3162.0000 11
3068.0000 9
3823.0000 13
660.0000 3
3073.0000 10
3475.0000 12
2330.0000 7
3619.0000 20
2901.0000 8
3660.0000 18
3788.0000 12
2092.0000 8
2835.0000 10
3212.0000 13
716.0000 3
3852.0000 16
2452.0000 11
2495.0000 8
2227.0000 8
876.0000 4
876.0000 4
1466.0000 6
3339.0000 15
3342.0000 14
2920.0000 8
2418.0000 11
3793.0000 9
2326.0000 9
406.0000 2
2853.0000 5
2285.0000 6
3728.0000 16
882.0000 4
3898.0000 19
2959.0000 9
3903.0000 18
3592.0000 13
3897.0000 18
3808.0000 20
1162.0000 6
2518.0000 9
3090.0000 12
3448.0000 12
572.0000 3
2762.0000 14
2921.0000 13
3350.0000 14
3764.0000 18
4026.0000 18
3035.0000 11
2326.0000 7
2888.0000 11
4077.0000 14
2541.0000 11
3404.0000 15
1000.0000 4
3852.0000 15
1922.0000 7
3461.0000 13
2608.0000 9
3518.0000 14
2035.0000 7
2602.0000 8
3039.0000 11
2209.0000 8
4030.0000 14
3443.0000 11
2307.0000 9
3704.0000 13
2580.0000 10
560.0000 2
3828.0000 18
133.0000 2
1975.0000 8
1579.0000 6
3113.0000 12
3630.0000 13
3820.0000 15
2123.0000 8
1760.0000 5
3625.0000 13
3922.0000 13
3216.0000 9
751.0000 4
3464.0000 13
3952.0000 12
3641.0000 10
3974.0000 15
2870.0000 9
728.0000 5
2965.0000 9
3247.0000 13
2034.0000 9
3576.0000 13
1918.0000 6
3450.0000 12
4124.0000 19
3660.0000 22
3854.0000 17
4031.0000 20
91.0000 2
2927.0000 13
59.0000 2
1643.0000 5
3000.0000 8
3801.0000 11
4026.0000 16
2277.0000 6
3556.0000 13
3497.0000 13
2948.0000 10
1935.0000 5
3562.0000 13
3892.0000 18
706.0000 4
2914.0000 11
3104.0000 12
3861.0000 11
3583.0000 13
3021.0000 6
2499.0000 7
2729.0000 10
3774.0000 12
4121.0000 12
3046.0000 12
2397.0000 8
986.0000 4
3687.0000 11
2712.0000 8
3874.0000 12
3456.0000 15
1961.0000 6
2951.0000 13
3885.0000 12
2859.0000 8
3854.0000 12
2739.0000 8
2648.0000 8
2653.0000 10
4011.0000 12
3045.0000 14
808.0000 4
3588.0000 13
1079.0000 6
1682.0000 7
3606.0000 13
2042.0000 12
4045.0000 13
1089.0000 5
4090.0000 21
3938.0000 18
3144.0000 14
593.0000 2
1197.0000 5
4216.0000 15
3148.0000 10
4045.0000 15
4237.0000 17
1217.0000 3
3367.0000 10
3671.0000 13
3127.0000 17
4065.0000 19
3416.0000 14
4224.0000 16
2761.0000 11
4229.0000 17
3289.0000 11
2734.0000 10
3969.0000 18
2620.0000 10
4293.0000 22
2816.0000 12
2057.0000 6
2962.0000 7
4325.0000 16
3079.0000 13
3061.0000 12
3699.0000 11
906.0000 5
4331.0000 16
2583.0000 7
334.0000 3
2295.0000 10
1847.0000 7
856.0000 4
4076.0000 17
3437.0000 13
3103.0000 11
4307.0000 16
3602.0000 12
2404.0000 8
2471.0000 8
2202.0000 9
2219.0000 10
889.0000 3
2844.0000 10
4197.0000 16
3452.0000 15
756.0000 5
3220.0000 10
1183.0000 6
3767.0000 12
3195.0000 17
2758.0000 10
3134.0000 9
2593.0000 6
3821.0000 14
679.0000 3
2254.0000 11
800.0000 5
3373.0000 10
3734.0000 16
3827.0000 17
3314.0000 9
2354.0000 7
3643.0000 16
1333.0000 7
3197.0000 11
4211.0000 14
2309.0000 9
3653.0000 15
3349.0000 9
3894.0000 15
3557.0000 10
3662.0000 11
3853.0000 11
2976.0000 12
3096.0000 12
3956.0000 19
2984.0000 11
3848.0000 14
238.0000 2
2959.0000 8
166.0000 2
2400.0000 9
2657.0000 10
2924.0000 10
3484.0000 13
3858.0000 14
3793.0000 9
2307.0000 9
3216.0000 11
4163.0000 18
27.0000 2
4239.0000 15
4084.0000 18
3223.0000 11
1060.0000 5
3560.0000 11
3358.0000 10
919.0000 3
3221.0000 8
2322.0000 9
190.0000 2
4154.0000 16
4319.0000 15
2909.0000 9
4178.0000 22
2988.0000 9
2232.0000 9
4454.0000 17
2804.0000 7
4461.0000 18
4196.0000 20
1087.0000 8
3411.0000 10
3577.0000 16
3248.0000 15
214.0000 2
174.0000 2
2815.0000 8
4268.0000 17
3503.0000 13
2858.0000 13
3397.0000 11
4033.0000 16
291.0000 2
3493.0000 13
2808.0000 10
1221.0000 7
1983.0000 6
2374.0000 7
4453.0000 17
3453.0000 14
4350.0000 15
3539.0000 15
2629.0000 9
4169.0000 14
3748.0000 20
4506.0000 16
782.0000 4
4340.0000 15
3814.0000 14
3931.0000 13
2800.0000 12
4224.0000 11
3303.0000 12
3948.0000 15
2644.0000 6
348.0000 2
3455.0000 13
2313.0000 6
4228.0000 15
3961.0000 12
3557.0000 11
2449.0000 11
2662.0000 12
2185.0000 9
4064.0000 11
4554.0000 18
4388.0000 14
1465.0000 4
3643.0000 17
2440.0000 9
3065.0000 10
2354.0000 9
2287.0000 10
2865.0000 10
4001.0000 15
3691.0000 11
1193.0000 5
2452.0000 10
2364.0000 7
3077.0000 11
4202.0000 18
298.0000 2
4291.0000 11
4107.0000 19
624.0000 2
2834.0000 11
3887.0000 14
4414.0000 13
4415.0000 13
4119.0000 17
4420.0000 24
90.0000 2
3983.0000 13
1340.0000 5
3752.0000 11
4610.0000 17
3382.0000 9
3551.0000 16
3939.0000 12
3642.0000 11
3422.0000 10
232.0000 2
4285.0000 14
2768.0000 10
3496.0000 12
2739.0000 11
4042.0000 17
4278.0000 19
2972.0000 8
683.0000 3
4370.0000 17
4176.0000 19
543.0000 3
3418.0000 12
3775.0000 12
863.0000 2
4073.0000 13
2988.0000 7
4310.0000 14
1044.0000 5
720.0000 3
1206.0000 5
3203.0000 11
723.0000 2
4529.0000 15
1065.0000 4
4483.0000 14
2773.0000 8
614.0000 4
3780.0000 10
216.0000 2
3199.0000 8
3625.0000 12
2463.0000 11
2570.0000 9
1150.0000 4
3220.0000 12
4342.0000 11
2973.0000 11
3978.0000 11
3185.0000 12
4383.0000 16
1508.0000 6
554.0000 2
3716.0000 14
4673.0000 19
4702.0000 20
1857.0000 6
3908.0000 16
4522.0000 11
2947.0000 12
4489.0000 17
4128.0000 14
105.0000 2
3650.0000 16
1868.0000 5
3742.0000 14
4623.0000 19
1622.0000 7
1129.0000 6
4054.0000 15
840.0000 2
4683.0000 17
3845.0000 14
1300.0000 4
276.0000 2
3504.0000 16
4143.0000 15
2446.0000 9
3760.0000 11
2118.0000 10
4427.0000 19
1702.0000 8
4461.0000 13
1575.0000 6
2989.0000 11
2545.0000 9
917.0000 5
326.0000 2
1712.0000 11
3721.0000 16
635.0000 2
3728.0000 14
2663.0000 11
4439.0000 13
3806.0000 14
1512.0000 5
3568.0000 14
4153.0000 17
4596.0000 15
2725.0000 12
1684.0000 6
4220.0000 15
2452.0000 10
896.0000 5
400.0000 2
2697.0000 8
3925.0000 15
3113.0000 12
3941.0000 11
1044.0000 3
2316.0000 8
3331.0000 10
835.0000 5
3955.0000 11
2942.0000 11
1257.0000 3
3886.0000 13
3315.0000 10
2248.0000 7
3191.0000 10
1850.0000 7
2742.0000 11
4290.0000 15
3386.0000 12
4608.0000 17
4285.0000 11
3882.0000 14
774.0000 2
4142.0000 15
4292.0000 13
2744.0000 10
526.0000 4
617.0000 3
4893.0000 23
1769.0000 7
1319.0000 5
211.0000 2
2989.0000 12
3755.0000 12
2918.0000 15
4175.0000 16
3899.0000 15
932.0000 4
4269.0000 15
1456.0000 6
3248.0000 8
3144.0000 12
2403.0000 7
2789.0000 10
4344.0000 14
4504.0000 17
2765.0000 14
3991.0000 13
4824.0000 22
4445.0000 19
3499.0000 15
1485.0000 7
2423.0000 6
3874.0000 13
4271.0000 20
3702.0000 14
3170.0000 11
2157.0000 8
4069.0000 17
490.0000 3
1417.0000 4
4355.0000 16
3967.0000 12
3182.0000 12
4615.0000 14
175.0000 2
801.0000 3
4394.0000 16
3309.0000 8
2055.0000 11
4059.0000 13
4051.0000 13
3314.0000 8
3274.0000 12
4411.0000 13
3324.0000 9
4398.0000 16
4713.0000 19
4748.0000 22
4352.0000 18
3579.0000 16
566.0000 3
4244.0000 15
4403.0000 14
4229.0000 12
2358.0000 10
3249.0000 12
1837.0000 8
1330.0000 8
4824.0000 18
2913.0000 12
3257.0000 13
4453.0000 15
4898.0000 16
2810.0000 11
2676.0000 11
881.0000 5
4857.0000 13
4347.0000 15
3518.0000 11
2205.0000 7
4805.0000 16
3289.0000 13
3101.0000 11
4119.0000 18
4397.0000 15
4475.0000 17
4120.0000 15
1252.0000 4
3212.0000 15
5031.0000 19
3301.0000 11
4920.0000 18
2225.0000 9
4215.0000 16
4606.0000 19
1800.0000 7
2869.0000 9
1701.0000 6
4895.0000 17
4757.0000 20
4672.0000 16
933.0000 4
3691.0000 14
2174.0000 10
3854.0000 14
4114.0000 12
3425.0000 12
4527.0000 15
4512.0000 18
5064.0000 19
4830.0000 18
4531.0000 13
4275.0000 9
1155.0000 5
1889.0000 5
3447.0000 9
608.0000 4
3446.0000 14
4244.0000 18
3661.0000 12
38.0000 2
1597.0000 8
4972.0000 18
148.0000 2
3926.0000 11
3500.0000 10
4938.0000 15
3674.0000 17
2932.0000 12
968.0000 3
4179.0000 11
4212.0000 15
4362.0000 11
3773.0000 21
415.0000 2
3644.0000 13
2586.0000 7
4266.0000 13
4814.0000 13
4959.0000 17
3810.0000 12
4812.0000 17
484.0000 2
4861.0000 14
4485.0000 14
3325.0000 10
2042.0000 6
190.0000 2
3708.0000 13
3133.0000 11
4600.0000 16
179.0000 2
2521.0000 6
4540.0000 19
4431.0000 19
4855.0000 20
4228.0000 15
1775.0000 6
2455.0000 9
2588.0000 5
4333.0000 17
2962.0000 10
5000.0000 18
1117.0000 4
4143.0000 11
4048.0000 14
3341.0000 11
348.0000 2
3442.0000 11
3176.0000 11
3987.0000 13
4290.0000 17
3748.0000 9
1169.0000 5
1773.0000 7
4337.0000 14
438.0000 3
3725.0000 11
1010.0000 5
4657.0000 16
2630.0000 10
1600.0000 6
4089.0000 16
1019.0000 5
4598.0000 21
388.0000 3
316.0000 2
2646.0000 13
4693.0000 11
5230.0000 24
4688.0000 11
3603.0000 9
1317.0000 5
4338.0000 15
338.0000 3
2742.0000 11
5079.0000 17
2009.0000 12
2432.0000 7
4057.0000 12
5085.0000 18
3842.0000 15
948.0000 5
4993.0000 20
4409.0000 13
4247.0000 15
3173.0000 10
5125.0000 14
4582.0000 18
3102.0000 10
3939.0000 17
3279.0000 10
4318.0000 14
4677.0000 14
5137.0000 20
4637.0000 19
2709.0000 11
2049.0000 7
3950.0000 18
4647.0000 13
4330.0000 14
3824.0000 13
5284.0000 24
5137.0000 15
5325.0000 17
2988.0000 9
1515.0000 7
5351.0000 18
5007.0000 19
4876.0000 19
3457.0000 10
3890.0000 12
4373.0000 13
4408.0000 20
3900.0000 14
5123.0000 23
2533.0000 13
2308.0000 9
428.0000 2
5027.0000 16
4118.0000 15
4424.0000 13
3740.0000 10
2316.0000 9
325.0000 3
3501.0000 10
4145.0000 15
974.0000 5
4318.0000 13
5343.0000 18
4626.0000 15
4457.0000 12
4819.0000 15
609.0000 3
4536.0000 17
2546.0000 8
4823.0000 15
4175.0000 15
2792.0000 15
3294.0000 17
5420.0000 21
3369.0000 14
3299.0000 17
4089.0000 18
3210.0000 13
5074.0000 18
1648.0000 8
5227.0000 16
4784.0000 20
1260.0000 3
4948.0000 25
3575.0000 15
3074.0000 14
1749.0000 7
3312.0000 12
890.0000 3
2171.0000 12
2264.0000 7
5417.0000 19
3225.0000 12
812.0000 3
5108.0000 16
444.0000 2
3909.0000 14
665.0000 5
1788.0000 6
541.0000 2
4817.0000 15
4119.0000 14
5455.0000 19
81.0000 2
3026.0000 7
4705.0000 18
4981.0000 15
4892.0000 17
4096.0000 20
4011.0000 12
4685.0000 15
2025.0000 8
4015.0000 13
4074.0000 15
2922.0000 10
3853.0000 16
2297.0000 9
472.0000 2
3699.0000 13
3371.0000 17
3512.0000 14
1385.0000 5
3462.0000 15
4252.0000 14
4513.0000 15
3638.0000 19
5316.0000 17
1398.0000 5
2316.0000 7
3546.0000 11
4361.0000 13
4066.0000 16
109.0000 2
899.0000 4
2336.0000 7
4540.0000 16
3432.0000 15
1638.0000 9
2673.0000 7
2968.0000 10
851.0000 4
4379.0000 12
39.0000 2
4073.0000 17
1793.0000 10
4606.0000 24
4489.0000 19
5159.0000 20
5547.0000 26
5357.0000 21
2763.0000 12
4838.0000 18
4542.0000 13
4606.0000 14
963.0000 4
633.0000 2
1159.0000 4
286.0000 2
2496.0000 8
2819.0000 9
4429.0000 18
1464.0000 6
231.0000 2
4172.0000 17
4501.0000 18
4568.0000 17
5056.0000 13
2571.0000 9
753.0000 3
5000.0000 14
156.0000 2
3208.0000 12
4557.0000 18
2584.0000 10
5348.0000 19
5304.0000 20
5597.0000 20
1103.0000 5
5268.0000 15
5071.0000 21
4077.0000 12
4513.0000 16
5518.0000 24
5421.0000 20
2582.0000 11
3652.0000 15
3406.0000 13
1540.0000 5
4260.0000 22
4570.0000 19
5302.0000 19
3438.0000 14
4274.0000 20
5426.0000 20
2024.0000 5
2266.0000 8
3524.0000 16
3446.0000 14
3993.0000 10
4590.0000 18
3893.0000 12
777.0000 3
5623.0000 19
1493.0000 6
4658.0000 14
4212.0000 13
1316.0000 5
5099.0000 18
4617.0000 13
4018.0000 12
5713.0000 33
923.0000 5
708.0000 3
1168.0000 4
5136.0000 15
5162.0000 17
5091.0000 11
1964.0000 9
188.0000 2
5162.0000 18
1145.0000 7
3612.0000 13
3614.0000 10
5449.0000 21
4771.0000 14
5162.0000 20
2758.0000 12
4786.0000 17
2595.0000 10
3905.0000 16
5528.0000 22
3068.0000 12
5433.0000 16
1822.0000 7
288.0000 3
4673.0000 18
3757.0000 9
5606.0000 16
4624.0000 18
4128.0000 10
3185.0000 14
4847.0000 19
2232.0000 10
349.0000 3
4732.0000 18
1851.0000 8
4759.0000 17
5632.0000 20
4419.0000 17
3701.0000 18
3784.0000 11
5578.0000 22
1659.0000 4
2915.0000 14
335.0000 2
2658.0000 10
4763.0000 17
1443.0000 4
1494.0000 5
5352.0000 26
345.0000 2
1977.0000 10
906.0000 4
5193.0000 17
3077.0000 12
2673.0000 8
5438.0000 19
4801.0000 13
4624.0000 15
4863.0000 17
4806.0000 14
714.0000 4
386.0000 3
80.0000 2
4658.0000 17
5237.0000 15
5239.0000 19
5851.0000 21
1921.0000 6
4249.0000 17
4822.0000 12
3284.0000 14
5184.0000 20
345.0000 5
1433.0000 8
4788.0000 16
1035.0000 6
4908.0000 16
5560.0000 17
3871.0000 12
2463.0000 9
1309.0000 4
5888.0000 18
257.0000 3
3318.0000 13
5290.0000 11
173.0000 2
1611.0000 6
4957.0000 14
4875.0000 12
735.0000 3
3968.0000 19
1050.0000 6
3816.0000 16
2092.0000 11
1109.0000 4
4451.0000 17
5962.0000 18
4511.0000 18
2683.0000 10
1097.0000 6
2511.0000 8
5483.0000 20
4297.0000 10
4458.0000 12
1917.0000 6
4249.0000 16
4468.0000 13
5703.0000 20
248.0000 2
853.0000 3
1197.0000 6
4448.0000 12
3726.0000 12
3981.0000 17
4647.0000 12
4678.0000 16
5695.0000 21
1212.0000 5
526.0000 2
2055.0000 7
3798.0000 14
2894.0000 9
2126.0000 12
5493.0000 23
5671.0000 15
427.0000 2
5373.0000 19
1081.0000 4
5776.0000 26
4638.0000 10
2071.0000 7
3795.0000 15
5382.0000 18
1924.0000 6
3137.0000 11
2647.0000 8
4698.0000 18
4666.0000 24
4980.0000 17
5705.0000 20
4705.0000 18
2083.0000 8
5866.0000 19
519.0000 3
3649.0000 14
5148.0000 18
4706.0000 23
659.0000 3
4725.0000 19
3973.0000 11
3979.0000 18
984.0000 3
2675.0000 10
2072.0000 7
4023.0000 20
5093.0000 15
4645.0000 14
4873.0000 17
1295.0000 6
1033.0000 5
1646.0000 9
2085.0000 5
623.0000 4
501.0000 2
2647.0000 8
380.0000 2
3972.0000 12
5605.0000 18
1053.0000 5
5121.0000 17
2497.0000 10
1294.0000 3
1294.0000 6
5047.0000 15
2171.0000 7
6001.0000 19
5150.0000 19
4114.0000 17
6012.0000 24
428.0000 4
5619.0000 18
5072.0000 15
1351.0000 6
197.0000 2
3664.0000 12
5473.0000 23
4193.0000 13
2376.0000 9
1908.0000 7
3630.0000 12
5938.0000 21
4739.0000 16
3236.0000 11
2795.0000 9
975.0000 5
3675.0000 15
2420.0000 7
3890.0000 12
5537.0000 22
2686.0000 12
5493.0000 24
4173.0000 18
113.0000 2
4764.0000 20
4636.0000 13
245.0000 3
3075.0000 15
1336.0000 6
4383.0000 14
4241.0000 13
3709.0000 13
934.0000 4
3671.0000 11
4620.0000 13
4649.0000 18
6135.0000 21
5703.0000 20
5352.0000 20
5619.0000 18
5318.0000 15
3561.0000 11
4529.0000 17
2138.0000 6
6004.0000 21
4327.0000 20
3256.0000 8
2291.0000 6
4937.0000 24
5646.0000 20
682.0000 3
3709.0000 18
3960.0000 17
1195.0000 4
250.0000 2
582.0000 3
4300.0000 16
1765.0000 7
5582.0000 21
5361.0000 19
5399.0000 16
1406.0000 7
4235.0000 21
4983.0000 19
6061.0000 25
5683.0000 18
5310.0000 17
1234.0000 5
188.0000 3
1506.0000 5
1080.0000 3
6073.0000 21
5835.0000 22
5254.0000 22
3373.0000 9
4173.0000 15
2428.0000 9
1494.0000 4
265.0000 2
1529.0000 7
2599.0000 12
842.0000 4
4909.0000 17
827.0000 3
378.0000 3
652.0000 4
977.0000 3
5654.0000 17
1357.0000 6
1572.0000 8
1309.0000 4
1602.0000 7
5494.0000 21
4100.0000 18
2452.0000 8
4518.0000 17
4974.0000 16
2442.0000 10
2805.0000 7
5428.0000 20
2186.0000 7
655.0000 2
4335.0000 20
1634.0000 8
6165.0000 27
5123.0000 24
4412.0000 19
5437.0000 13
4610.0000 14
5353.0000 17
4296.0000 15
2227.0000 7
5282.0000 19
2576.0000 11
3056.0000 12
5171.0000 17
1732.0000 7
3195.0000 8
6004.0000 20
354.0000 3
49.0000 2
5556.0000 15
446.0000 2
6241.0000 21
3802.0000 11
770.0000 5
5733.0000 21
2380.0000 7
5481.0000 14
3427.0000 10
2832.0000 10
831.0000 4
1168.0000 11
3940.0000 15
3371.0000 12
2391.0000 8
992.0000 5
2149.0000 8
6264.0000 24
2528.0000 14
4536.0000 15
4671.0000 16
5417.0000 25
4437.0000 13
281.0000 3
1252.0000 6
6031.0000 23
1885.0000 8
2745.0000 9
5112.0000 18
3391.0000 14
6540.0000 24
3403.0000 13
6552.0000 25
6295.0000 26
3351.0000 14
248.0000 3
5224.0000 22
5464.0000 28
4398.0000 17
1172.0000 5
1747.0000 9
5384.0000 14
5078.0000 15
3567.0000 11
500.0000 2
849.0000 5
5561.0000 19
4854.0000 18
5898.0000 20
5462.0000 17
5202.0000 23
6048.0000 19
866.0000 6
1779.0000 7
104.0000 2
1210.0000 5
409.0000 2
2674.0000 12
488.0000 3
4614.0000 16
6087.0000 24
4617.0000 16
929.0000 4
5281.0000 14
3485.0000 14
43.0000 2
6157.0000 17
6142.0000 25
4314.0000 12
4075.0000 14
5619.0000 22
1623.0000 5
4425.0000 14
3165.0000 10
1880.0000 5
4548.0000 18
5481.0000 17
2994.0000 12
4994.0000 16
470.0000 3
4159.0000 15
6392.0000 18
1791.0000 6
4728.0000 18
6741.0000 34
5668.0000 19
329.0000 2
5531.0000 19
6398.0000 23
6150.0000 19
3225.0000 10
1187.0000 4
6186.0000 19
1409.0000 7
3477.0000 13
2726.0000 8
6624.0000 21
1458.0000 9
4421.0000 22
4030.0000 16
4889.0000 14
1907.0000 9
6.0000 2
6024.0000 26
2452.0000 8
1220.0000 4
2172.0000 7
4585.0000 16
1931.0000 9
3673.0000 9
3350.0000 13
5380.0000 20
6264.0000 25
4193.0000 13
5362.0000 21
5466.0000 17
5180.0000 17
5604.0000 20
35.0000 2
2781.0000 12
4024.0000 15
5854.0000 18
4781.0000 15
3766.0000 13
5613.0000 19
632.0000 4
6235.0000 23
5056.0000 17
6252.0000 19
5635.0000 19
4520.0000 13
650.0000 4
1450.0000 6
5782.0000 18
140.0000 2
6398.0000 20
4897.0000 17
4880.0000 19
6517.0000 25
6501.0000 21
6055.0000 24
2003.0000 7
1093.0000 5
4793.0000 18
1295.0000 4
5476.0000 15
5813.0000 16
3824.0000 13
4288.0000 14
4540.0000 22
4079.0000 11
4855.0000 16
2859.0000 13
3367.0000 11
2034.0000 8
2480.0000 9
2675.0000 12
5978.0000 23
6607.0000 23
6645.0000 26
5847.0000 19
249.0000 2
2087.0000 5
5676.0000 18
4687.0000 15
5919.0000 20
5938.0000 17
1339.0000 2
5202.0000 23
2339.0000 8
5154.0000 15
5260.0000 15
1614.0000 7
2902.0000 11
6264.0000 21
2854.0000 7
1208.0000 5
4369.0000 12
6816.0000 24
737.0000 4
2935.0000 9
2794.0000 8
6210.0000 24
6043.0000 22
3569.0000 13
3436.0000 10
2073.0000 7
709.0000 3
3875.0000 15
4686.0000 16
5019.0000 15
6037.0000 21
2656.0000 9
533.0000 2
1719.0000 7
358.0000 3
783.0000 3
859.0000 3
232.0000 2
5487.0000 19
1939.0000 6
5668.0000 16
3563.0000 14
6716.0000 28
3585.0000 13
6119.0000 21
5813.0000 21
2409.0000 7
5966.0000 19
1463.0000 5
155.0000 2
3585.0000 10
278.0000 3
5915.0000 23
7009.0000 26
5539.0000 16
5360.0000 15
291.0000 3
6190.0000 21
7027.0000 29
4560.0000 15
3617.0000 12
5677.0000 16
196.0000 2
6734.0000 17
6330.0000 29
379.0000 2
3230.0000 9
6025.0000 19
677.0000 5
5887.0000 25
5598.0000 22
1328.0000 5
2447.0000 7
2835.0000 11
2792.0000 11
329.0000 2
2059.0000 6
6944.0000 14
6208.0000 18
4932.0000 19
6809.0000 17
6808.0000 23
6170.0000 19
1225.0000 5
6615.0000 26
511.0000 3
1234.0000 4
5092.0000 19
6123.0000 26
1750.0000 9
6754.0000 20
1624.0000 5
4946.0000 15
4259.0000 11
5547.0000 14
3493.0000 8
6717.0000 22
6991.0000 14
5349.0000 18
4274.0000 16
6896.0000 22
287.0000 2
5804.0000 17
6456.0000 23
3346.0000 12
4981.0000 18
6911.0000 22
4302.0000 19
5502.0000 17
7177.0000 25
4606.0000 16
1787.0000 5
1504.0000 5
6198.0000 18
3518.0000 14
5836.0000 23
5113.0000 17
6668.0000 22
6578.0000 22
2833.0000 10
3397.0000 15
689.0000 3
910.0000 5
1935.0000 5
5159.0000 16
388.0000 2
7095.0000 23
6293.0000 25
3584.0000 12
3613.0000 13
3782.0000 12
3756.0000 12
3004.0000 10
3184.0000 10
528.0000 4
3408.0000 14
5089.0000 22
391.0000 2
394.0000 3
1755.0000 9
5621.0000 23
7334.0000 36
5487.0000 19
5295.0000 15
584.0000 3
5945.0000 22
6367.0000 23
586.0000 3
3681.0000 15
3637.0000 12
5634.0000 21
6295.0000 14
7329.0000 26
3145.0000 11
2063.0000 5
476.0000 3
1802.0000 5
2857.0000 9
1837.0000 8
1183.0000 4
5874.0000 17
7411.0000 27
7392.0000 24
2127.0000 10
4816.0000 14
4159.0000 21
1259.0000 6
1877.0000 9
7175.0000 27
4835.0000 14
6218.0000 18
5988.0000 20
7417.0000 25
7410.0000 27
5565.0000 19
561.0000 2
5343.0000 27
6608.0000 28
6636.0000 16
7302.0000 19
851.0000 3
114.0000 2
866.0000 5
1781.0000 7
471.0000 2
5260.0000 19
4972.0000 18
6533.0000 20
2205.0000 6
3707.0000 17
5494.0000 15
1965.0000 9
3966.0000 16
602.0000 2
6104.0000 25
2266.0000 7
4152.0000 12
5502.0000 15
6186.0000 23
6024.0000 23
1773.0000 8
2430.0000 8
3768.0000 14
5333.0000 18
6968.0000 25
4509.0000 23
6110.0000 27
713.0000 3
7273.0000 26
7384.0000 27
204.0000 2
278.0000 3
4358.0000 14
3484.0000 10
4366.0000 14
4141.0000 14
3812.0000 14
6539.0000 21
6160.0000 24
5184.0000 19
7036.0000 24
3526.0000 9
2627.0000 10
984.0000 5
1691.0000 7
5868.0000 22
1930.0000 7
204.0000 2
5015.0000 14
1910.0000 9
6209.0000 23
7601.0000 30
5073.0000 20
3960.0000 10
6120.0000 23
2073.0000 9
2703.0000 12
2780.0000 11
5976.0000 21
1995.0000 9
1848.0000 6
4265.0000 12
6940.0000 25
5550.0000 24
4220.0000 14
133.0000 2
4664.0000 17
222.0000 2
6391.0000 20
1485.0000 7
6737.0000 25
7114.0000 24
5241.0000 18
5086.0000 19
1061.0000 4
5568.0000 17
7409.0000 23
3483.0000 15
4259.0000 13
776.0000 3
304.0000 3
6734.0000 19
963.0000 5
1094.0000 4
2649.0000 10
404.0000 4
5217.0000 15
4447.0000 17
2166.0000 9
7508.0000 29
7170.0000 21
4181.0000 19
2454.0000 11
6151.0000 23
1111.0000 7
3795.0000 15
4975.0000 19
881.0000 4
6519.0000 26
1130.0000 4
4437.0000 17
4441.0000 11
1425.0000 6
3896.0000 13
6010.0000 19
3749.0000 17
959.0000 4
5587.0000 19
2717.0000 8
4573.0000 18
2973.0000 6
7462.0000 20
1182.0000 3
504.0000 3
3905.0000 12
6578.0000 20
7394.0000 24
3532.0000 14
2266.0000 9
2393.0000 7
6354.0000 20
6157.0000 21
1197.0000 5
1198.0000 3
4045.0000 14
6852.0000 18
2283.0000 8
7339.0000 25
6784.0000 20
1355.0000 6
2772.0000 9
6790.0000 21
7138.0000 25
1510.0000 7
6790.0000 23
7186.0000 24
5366.0000 14
718.0000 4
3729.0000 11
6799.0000 23
3008.0000 12
5530.0000 23
6882.0000 24
6640.0000 26
5796.0000 23
1257.0000 6
1542.0000 5
5624.0000 20
1367.0000 5
5067.0000 18
7254.0000 21
2107.0000 9
7231.0000 24
2659.0000 13
4217.0000 17
6933.0000 20
7719.0000 19
6244.0000 23
4160.0000 16
1310.0000 6
5904.0000 15
4027.0000 14
3536.0000 13
4382.0000 15
3732.0000 16
4905.0000 17
2654.0000 11
1200.0000 5
4044.0000 14
1627.0000 6
3111.0000 12
3874.0000 11
2427.0000 9
1965.0000 8
1225.0000 7
423.0000 2
4227.0000 18
2219.0000 9
4110.0000 15
705.0000 5
5033.0000 15
3904.0000 11
584.0000 4
2939.0000 10
6728.0000 26
3660.0000 17
2701.0000 11
5763.0000 20
6830.0000 23
277.0000 4
7560.0000 26
2488.0000 9
4814.0000 19
3412.0000 11
1298.0000 6
2496.0000 10
684.0000 3
7039.0000 20
5453.0000 22
648.0000 6
7555.0000 24
7778.0000 24
6355.0000 24
2071.0000 8
6867.0000 20
3338.0000 10
6730.0000 27
5991.0000 26
1566.0000 6
1198.0000 5
7118.0000 24
7445.0000 24
5551.0000 21
1365.0000 6
4715.0000 18
5338.0000 16
7068.0000 16
4567.0000 18
6096.0000 17
6350.0000 20
2006.0000 10
805.0000 2
5872.0000 21
7162.0000 19
2947.0000 16
1487.0000 7
4702.0000 17
7221.0000 20
6930.0000 18
6785.0000 28
3502.0000 13
2620.0000 10
7.0000 2
2398.0000 9
509.0000 3
7121.0000 17
7159.0000 26
6960.0000 21
1427.0000 4
2776.0000 6
1055.0000 4
6342.0000 25
1975.0000 10
648.0000 3
2835.0000 10
2668.0000 10
2478.0000 11
5454.0000 20
575.0000 4
6016.0000 19
2848.0000 8
6472.0000 19
6274.0000 22
4802.0000 17
5992.0000 19
7797.0000 26
929.0000 3
4235.0000 15
1509.0000 5
7928.0000 28
7983.0000 27
8291.0000 30
2935.0000 13
1524.0000 6
32.0000 2
5505.0000 19
1656.0000 5
4971.0000 18
6924.0000 24
4774.0000 14
6146.0000 24
3449.0000 12
519.0000 4
519.0000 4
4763.0000 18
240.0000 2
2211.0000 10
2304.0000 9
5777.0000 17
1714.0000 8
3358.0000 11
7430.0000 25
811.0000 4
645.0000 4
1112.0000 5
5902.0000 22
855.0000 3
4910.0000 18
3926.0000 16
6990.0000 28
5805.0000 18
5941.0000 21
948.0000 4
6996.0000 30
2805.0000 11
7177.0000 26
7258.0000 28
4933.0000 14
4377.0000 15
2811.0000 8
7329.0000 18
7528.0000 22
1635.0000 4
7484.0000 25
5946.0000 24
2855.0000 9
2728.0000 9
1764.0000 4
4377.0000 14
942.0000 4
6528.0000 20
2466.0000 11
6210.0000 20
2290.0000 11
469.0000 2
2076.0000 7
7047.0000 28
3915.0000 11
5419.0000 16
7261.0000 19
367.0000 2
7601.0000 19
4153.0000 11
4518.0000 15
8187.0000 27
8000.0000 29
7069.0000 23
480.0000 2
488.0000 3
6232.0000 19
5.0000 2
3112.0000 14
6504.0000 22
3526.0000 11
2074.0000 12
900.0000 3
2677.0000 10
7105.0000 29
3858.0000 14
8184.0000 24
7503.0000 20
7424.0000 17
5363.0000 18
920.0000 5
4715.0000 16
2936.0000 10
4929.0000 17
406.0000 3
7278.0000 23
5778.0000 22
4057.0000 19
3802.0000 19
5335.0000 18
6632.0000 21
4814.0000 17
2810.0000 11
13.0000 2
4762.0000 17
1864.0000 5
4431.0000 14
743.0000 4
8289.0000 28
27.0000 2
2002.0000 9
10.0000 2
4635.0000 13
1819.0000 9
7818.0000 33
7499.0000 24
2227.0000 8
3498.0000 12
2485.0000 10
70.0000 2
1048.0000 5
5059.0000 17
5976.0000 25
5081.0000 16
7240.0000 26
6501.0000 26
3068.0000 12
8425.0000 22
7550.0000 24
5173.0000 18
547.0000 3
6261.0000 16
935.0000 5
407.0000 4
8655.0000 31
6876.0000 22
7280.0000 27
3306.0000 12
7719.0000 25
869.0000 4
361.0000 4
7585.0000 25
4894.0000 16
4577.0000 12
4114.0000 12
6526.0000 27
2334.0000 7
1945.0000 10
4119.0000 16
7235.0000 23
5734.0000 20
4916.0000 17
6931.0000 20
8.0000 2
3282.0000 8
874.0000 3
6681.0000 18
3884.0000 9
905.0000 4
623.0000 4
6352.0000 22
4486.0000 18
7566.0000 20
7673.0000 21
2276.0000 5
3652.0000 13
88.0000 2
5598.0000 17
4629.0000 21
1536.0000 7
1984.0000 10
1235.0000 4
5433.0000 20
1179.0000 3
4539.0000 15
878.0000 5
2221.0000 8
2151.0000 11
2416.0000 11
4350.0000 15
1131.0000 4
6412.0000 17
1899.0000 4
6715.0000 24
8486.0000 27
6177.0000 20
6525.0000 20
7863.0000 22
8003.0000 31
3971.0000 9
6438.0000 24
7400.0000 27
367.0000 2
2464.0000 7
6240.0000 19
564.0000 3
7620.0000 27
2477.0000 10
7615.0000 24
4313.0000 12
8087.0000 33
451.0000 2
7778.0000 23
3857.0000 14
189.0000 2
483.0000 4
5133.0000 15
71.0000 2
3309.0000 14
8564.0000 31
4033.0000 18
7637.0000 20
2391.0000 11
2921.0000 10
637.0000 3
889.0000 3
7105.0000 20
4775.0000 14
7793.0000 26
660.0000 3
2122.0000 8
442.0000 2
906.0000 7
287.0000 2
4094.0000 13
4444.0000 18
693.0000 3
7543.0000 34
839.0000 5
7938.0000 35
8622.0000 26
8346.0000 32
6949.0000 20
7855.0000 26
3622.0000 12
1366.0000 6
8633.0000 25
5482.0000 18
3570.0000 12
2579.0000 10
7562.0000 33
8643.0000 25
7680.0000 29
4051.0000 11
8752.0000 23
2069.0000 6
2603.0000 7
381.0000 2
7888.0000 26
7277.0000 23
23.0000 2
7881.0000 26
3260.0000 11
821.0000 4
180.0000 2
2245.0000 9
1014.0000 5
6393.0000 20
5145.0000 16
921.0000 4
3909.0000 13
8715.0000 26
2437.0000 10
4358.0000 13
8347.0000 28
4671.0000 12
2683.0000 9
5942.0000 16
1476.0000 5
398.0000 4
8747.0000 31
7546.0000 24
2850.0000 9
603.0000 2
2711.0000 8
7617.0000 23
1743.0000 6
476.0000 3
7521.0000 22
8064.0000 30
5385.0000 19
6538.0000 22
6866.0000 22
4317.0000 13
3691.0000 12
1004.0000 4
4862.0000 19
3137.0000 10
273.0000 2
3795.0000 16
2229.0000 6
5665.0000 15
2340.0000 7
332.0000 2
1035.0000 4
8779.0000 29
3063.0000 9
906.0000 6
4864.0000 15
1067.0000 5
8358.0000 26
7173.0000 27
8397.0000 34
6944.0000 23
7750.0000 24
1113.0000 3
2528.0000 11
2307.0000 8
739.0000 4
3360.0000 11
6544.0000 24
5482.0000 23
3048.0000 13
297.0000 2
6568.0000 19
7807.0000 30
6621.0000 25
8252.0000 27
204.0000 3
5301.0000 17
5177.0000 16
576.0000 2
698.0000 3
1693.0000 7
3485.0000 11
1245.0000 5
4271.0000 14
3330.0000 9
681.0000 3
5147.0000 11
3973.0000 15
4381.0000 17
7869.0000 35
2044.0000 5
1686.0000 7
1487.0000 7
475.0000 3
8957.0000 30
6894.0000 22
9071.0000 21
6810.0000 27
7379.0000 21
154.0000 2
6268.0000 19
8276.0000 25
6492.0000 24
8363.0000 28
8719.0000 29
7791.0000 28
1253.0000 3
8822.0000 23
766.0000 3
1428.0000 5
1148.0000 4
378.0000 3
2576.0000 12
782.0000 3
2581.0000 10
549.0000 4
7953.0000 33
3865.0000 14
5231.0000 14
8134.0000 26
1030.0000 5
5837.0000 18
5892.0000 19
6558.0000 23
55.0000 2
3801.0000 14
6748.0000 18
8687.0000 29
5643.0000 18
913.0000 3
2601.0000 9
447.0000 4
643.0000 4
3791.0000 13
7399.0000 28
6919.0000 26
6640.0000 25
2171.0000 6
1589.0000 5
7676.0000 26
5960.0000 21
5987.0000 20
7635.0000 23
865.0000 4
8887.0000 30
1341.0000 8
1709.0000 6
2633.0000 5
1027.0000 3
588.0000 2
6025.0000 20
89.0000 2
3087.0000 7
2766.0000 10
1119.0000 5
6511.0000 25
8491.0000 25
3857.0000 12
6859.0000 25
8265.0000 28
665.0000 4
7375.0000 23
7399.0000 26
2574.0000 7
8084.0000 35
2849.0000 13
8061.0000 30
484.0000 2
7700.0000 23
420.0000 3
274.0000 2
6562.0000 24
8107.0000 35
9293.0000 23
8016.0000 27
6040.0000 20
1960.0000 8
712.0000 4
7299.0000 22
8132.0000 30
1627.0000 5
1208.0000 5
1421.0000 7
8485.0000 21
7645.0000 24
1291.0000 5
4093.0000 15
5833.0000 23
6196.0000 24
7755.0000 22
6015.0000 20
5248.0000 15
5428.0000 15
9540.0000 33
4145.0000 18
9374.0000 24
2004.0000 7
981.0000 4
138.0000 2
788.0000 4
7721.0000 27
534.0000 5
1042.0000 7
861.0000 4
8188.0000 28
3252.0000 9
6151.0000 21
7496.0000 23
4255.0000 14
926.0000 3
3487.0000 12
8159.0000 22
7505.0000 31
9426.0000 25
1531.0000 8
4531.0000 16
9135.0000 30
1592.0000 4
6412.0000 20
4754.0000 17
548.0000 2
4567.0000 16
6680.0000 24
3298.0000 11
7189.0000 25
991.0000 9
7558.0000 26
5365.0000 15
3921.0000 17
732.0000 2
4847.0000 15
6088.0000 26
1942.0000 9
6091.0000 27
7050.0000 23
1587.0000 8
1213.0000 5
6247.0000 23
7106.0000 21
4586.0000 15
3318.0000 13
1010.0000 4
5815.0000 14
4403.0000 14
4890.0000 12
3747.0000 13
1033.0000 5
8246.0000 23
1433.0000 4
6766.0000 19
8763.0000 25
8027.0000 26
6311.0000 18
476.0000 2
1469.0000 7
274.0000 2
6612.0000 26
1907.0000 8
1061.0000 5
3374.0000 12
2086.0000 8
4162.0000 11
4790.0000 16
380.0000 3
7762.0000 23
282.0000 2
8368.0000 36
999.0000 4
282.0000 2
5977.0000 21
1090.0000 4
8351.0000 31
1097.0000 9
6713.0000 24
668.0000 2
336.0000 2
3119.0000 10
310.0000 2
4022.0000 11
841.0000 6
8732.0000 20
7014.0000 24
125.0000 2
3024.0000 9
664.0000 4
1169.0000 4
8424.0000 26
9620.0000 25
2963.0000 9
6903.0000 26
8365.0000 24
6056.0000 23
7269.0000 20
193.0000 2
5983.0000 19
639.0000 4
1202.0000 8
8917.0000 27
1866.0000 9
4092.0000 12
9418.0000 30
7283.0000 26
6678.0000 17
1163.0000 3
663.0000 2
231.0000 3
4479.0000 13
956.0000 4
5254.0000 17
8415.0000 24
4811.0000 15
62.0000 2
912.0000 4
985.0000 5
9714.0000 25
7643.0000 28
1381.0000 6
3046.0000 9
3588.0000 13
295.0000 3
7379.0000 24
6479.0000 20
4393.0000 18
2379.0000 10
1560.0000 5
8068.0000 33
498.0000 2
3098.0000 9
6017.0000 19
8277.0000 28
4716.0000 13
9181.0000 34
1037.0000 3
444.0000 4
732.0000 4
6784.0000 19
9783.0000 41
5260.0000 17
3672.0000 10
5789.0000 25
6524.0000 18
6120.0000 19
8700.0000 29
7434.0000 27
9122.0000 32
1130.0000 7
1969.0000 7
5430.0000 17
462.0000 4
4105.0000 16
9694.0000 30
371.0000 3
7948.0000 33
6842.0000 21
3376.0000 13
7705.0000 27
4739.0000 14
8438.0000 27
6296.0000 24
719.0000 3
9527.0000 31
1126.0000 5
3728.0000 13
6390.0000 25
7469.0000 25
232.0000 2
4501.0000 15
961.0000 4
5565.0000 22
9058.0000 25
7176.0000 31
5162.0000 19
597.0000 3
5003.0000 20
2221.0000 8
2571.0000 9
3461.0000 11
993.0000 3
1404.0000 6
4470.0000 16
159.0000 3
6351.0000 21
8618.0000 32
1474.0000 8
2248.0000 8
3488.0000 12
419.0000 3
8748.0000 26
3501.0000 15
3264.0000 9
4521.0000 17
7566.0000 26
5094.0000 16
5833.0000 20
8047.0000 25
5115.0000 17
3306.0000 7
1532.0000 9
7980.0000 29
48.0000 2
4651.0000 17
4252.0000 16
2396.0000 10
4654.0000 19
9290.0000 32
1549.0000 5
1438.0000 7
2329.0000 6
1835.0000 5
8327.0000 23
8367.0000 29
3485.0000 12
8129.0000 29
4977.0000 17
518.0000 3
5181.0000 19
782.0000 3
8120.0000 25
4706.0000 17
2381.0000 6
3920.0000 15
9701.0000 32
6553.0000 23
2399.0000 8
4961.0000 17
6269.0000 18
9548.0000 34
3451.0000 11
630.0000 3
8920.0000 31
6996.0000 26
2778.0000 11
5292.0000 17
1643.0000 4
2765.0000 8
1416.0000 7
626.0000 4
9422.0000 29
382.0000 3
2183.0000 9
8961.0000 27
2911.0000 11
7219.0000 23
6668.0000 27
1670.0000 7
7076.0000 22
6940.0000 33
9493.0000 31
670.0000 3
2274.0000 14
13.0000 2
648.0000 3
3595.0000 14
2663.0000 9
9005.0000 37
107.0000 2
2146.0000 7
1857.0000 7
5008.0000 16
4680.0000 14
359.0000 2
1725.0000 6
8867.0000 28
2022.0000 6
9271.0000 24
4703.0000 15
3798.0000 12
8758.0000 30
6605.0000 20
8982.0000 31
775.0000 4
3167.0000 15
2573.0000 11
5687.0000 16
6809.0000 20
5879.0000 22
272.0000 3
4856.0000 16
185.0000 2
41.0000 2
2904.0000 9
287.0000 3
2603.0000 10
7915.0000 22
8594.0000 27
10180.0000 30
7307.0000 28
6137.0000 15
9598.0000 35
8771.0000 30
8132.0000 21
4800.0000 16
7887.0000 29
6583.0000 20
2625.0000 8
1033.0000 4
3493.0000 7
1094.0000 4
639.0000 4
4960.0000 18
6478.0000 24
10320.0000 26
2598.0000 10
5095.0000 18
4800.0000 17
4767.0000 17
1409.0000 5
8649.0000 25
6746.0000 23
4408.0000 17
5466.0000 17
2038.0000 8
2828.0000 9
8335.0000 31
6980.0000 25
9876.0000 36
8804.0000 28
5560.0000 18
6457.0000 18
5319.0000 16
4810.0000 18
6875.0000 30
587.0000 3
2544.0000 8
684.0000 4
8787.0000 29
9341.0000 26
7982.0000 26
8478.0000 25
298.0000 4
6830.0000 22
1823.0000 5
8715.0000 24
7283.0000 25
2070.0000 10
9517.0000 34
120.0000 2
5266.0000 17
1057.0000 4
5198.0000 19
5293.0000 15
8648.0000 37
743.0000 4
5300.0000 14
8420.0000 24
4035.0000 17
2159.0000 10
8197.0000 31
9196.0000 31
1973.0000 6
235.0000 3
9738.0000 29
8710.0000 29
2797.0000 9
2090.0000 8
2182.0000 8
8610.0000 29
3468.0000 9
797.0000 3
4300.0000 12
5288.0000 16
697.0000 4
4578.0000 15
76.0000 2
6889.0000 23
716.0000 2
5145.0000 15
8615.0000 35
8780.0000 25
883.0000 2
10440.0000 31
326.0000 2
60.0000 2
862.0000 3
869.0000 2
9372.0000 36
2216.0000 11
9379.0000 37
2225.0000 10
2878.0000 10
4427.0000 16
1823.0000 10
759.0000 4
8174.0000 27
9862.0000 34
2375.0000 7
2027.0000 7
2411.0000 8
4017.0000 11
6478.0000 22
1847.0000 4
9715.0000 35
9915.0000 32
1569.0000 5
6465.0000 27
5792.0000 17
2127.0000 9
3320.0000 7
13.0000 2
9176.0000 29
3590.0000 8
2972.0000 10
1332.0000 4
46.0000 2
4521.0000 16
1252.0000 6
9003.0000 39
4794.0000 16
6092.0000 16
9504.0000 37
10030.0000 42
1783.0000 7
4266.0000 14
9683.0000 28
1287.0000 4
1503.0000 6
1402.0000 6
6993.0000 21
9459.0000 22
960.0000 3
7857.0000 34
3216.0000 8
1232.0000 6
2241.0000 6
5546.0000 17
3109.0000 10
927.0000 6
4598.0000 16
9571.0000 37
3081.0000 11
4295.0000 16
9823.0000 37
8453.0000 23
5898.0000 20
945.0000 5
1793.0000 6
9773.0000 33
1285.0000 6
1768.0000 7
10728.0000 34
1168.0000 5
4327.0000 15
8379.0000 26
1034.0000 5
10750.0000 35
1167.0000 9
10407.0000 34
2475.0000 10
718.0000 4
1089.0000 5
8125.0000 32
3890.0000 10
3061.0000 15
863.0000 4
5512.0000 16
10808.0000 35
2573.0000 8
997.0000 4
1038.0000 5
2122.0000 5
8423.0000 32
2547.0000 8
8486.0000 30
6361.0000 28
9434.0000 29
153.0000 2
8975.0000 31
4529.0000 19
1911.0000 7
5851.0000 17
1269.0000 5
648.0000 4
9671.0000 28
6851.0000 28
9901.0000 32
1528.0000 5
241.0000 3
10445.0000 31
1008.0000 5
3273.0000 11
1234.0000 5
6057.0000 21
203.0000 2
8110.0000 29
1150.0000 6
8699.0000 28
540.0000 4
376.0000 3
1418.0000 6
1156.0000 6
5512.0000 15
8369.0000 27
10399.0000 40
6407.0000 23
3394.0000 9
10964.0000 37
3396.0000 10
3152.0000 14
3343.0000 11
1218.0000 4
10029.0000 33
5651.0000 18
1830.0000 10
5102.0000 16
10982.0000 37
8319.0000 29
8327.0000 32
1624.0000 5
10337.0000 37
332.0000 2
69.0000 2
3764.0000 17
5916.0000 21
7249.0000 23
5912.0000 18
11079.0000 28
1112.0000 4
4499.0000 13
2415.0000 8
592.0000 4
3061.0000 9
6.0000 2
10773.0000 34
3835.0000 12
9760.0000 27
580.0000 3
6716.0000 17
616.0000 4
8401.0000 32
7484.0000 28
6074.0000 18
622.0000 4
7017.0000 25
996.0000 6
1314.0000 4
1267.0000 5
75.0000 2
8761.0000 32
3789.0000 14
1340.0000 4
3977.0000 15
4699.0000 14
4199.0000 17
10414.0000 41
6151.0000 21
3902.0000 10
5233.0000 17
3500.0000 11
1302.0000 4
1775.0000 7
687.0000 3
9984.0000 32
9250.0000 31
3374.0000 11
6567.0000 24
6082.0000 16
1357.0000 6
139.0000 2
53.0000 2
10189.0000 30
3699.0000 12
1144.0000 7
8848.0000 25
6057.0000 22
6435.0000 18
1447.0000 6
10820.0000 35
8424.0000 29
3684.0000 14
6689.0000 24
1886.0000 8
9758.0000 33
5691.0000 18
1475.0000 5
8890.0000 30
9044.0000 31
2975.0000 10
18.0000 2
6476.0000 18
5751.0000 22
481.0000 2
3603.0000 15
4860.0000 17
1496.0000 5
2227.0000 9
6424.0000 22
7910.0000 23
1518.0000 4
804.0000 3
6224.0000 22
11047.0000 37
342.0000 3
866.0000 5
10604.0000 41
9922.0000 29
608.0000 3
185.0000 3
10512.0000 29
6259.0000 23
7366.0000 30
449.0000 4
4168.0000 16
9462.0000 37
4941.0000 17
8524.0000 27
1523.0000 7
4371.0000 12
1855.0000 5
4949.0000 15
8366.0000 30
92.0000 3
9489.0000 28
469.0000 2
1181.0000 6
9751.0000 27
3363.0000 15
7793.0000 26
6543.0000 21
5168.0000 15
6237.0000 17
1642.0000 6
1821.0000 6
9896.0000 35
5005.0000 18
9748.0000 30
56.0000 2
6274.0000 23
3912.0000 20
1727.0000 5
46.0000 2
11444.0000 38
5052.0000 21
11439.0000 38
278.0000 2
1859.0000 10
10326.0000 44
1683.0000 6
2263.0000 8
6609.0000 24
6293.0000 22
3210.0000 12
4266.0000 12
11090.0000 35
10358.0000 43
9626.0000 32
10235.0000 34
615.0000 3
10496.0000 29
10995.0000 34
6619.0000 21
7173.0000 30
7741.0000 26
1729.0000 7
1426.0000 6
3049.0000 12
1802.0000 6
9363.0000 26
10010.0000 31
335.0000 2
11347.0000 34
6515.0000 22
4252.0000 13
5111.0000 21
10403.0000 44
1716.0000 7
7022.0000 18
1719.0000 6
6220.0000 16
10968.0000 28
11.0000 2
1093.0000 5
6388.0000 23
8874.0000 32
1315.0000 6
2203.0000 8
6215.0000 19
952.0000 4
1068.0000 4
897.0000 4
1511.0000 7
3893.0000 12
7503.0000 27
189.0000 2
3241.0000 10
3376.0000 9
2822.0000 10
1840.0000 7
5723.0000 17
5210.0000 16
9769.0000 37
2265.0000 8
2020.0000 11
9547.0000 32
11240.0000 37
1991.0000 8
3019.0000 9
1385.0000 4
8204.0000 25
3125.0000 11
2303.0000 8
8031.0000 23
5554.0000 18
6874.0000 19
7585.0000 28
652.0000 3
2989.0000 8
1896.0000 8
10540.0000 37
9955.0000 44
1512.0000 5
8485.0000 24
6371.0000 17
3178.0000 11
3450.0000 11
1341.0000 5
5336.0000 20
3465.0000 13
328.0000 2
3911.0000 16
1679.0000 8
7977.0000 28
4434.0000 13
9913.0000 32
2113.0000 7
2594.0000 11
7982.0000 29
197.0000 2
8074.0000 26
5737.0000 14
3435.0000 11
373.0000 3
8176.0000 23
4136.0000 14
1513.0000 4
154.0000 3
4134.0000 14
249.0000 3
645.0000 3
94.0000 2
3239.0000 9
3268.0000 11
10661.0000 41
10663.0000 44
11153.0000 34
6796.0000 24
2095.0000 5
2175.0000 7
1993.0000 7
7027.0000 22
2469.0000 8
5007.0000 14
10690.0000 45
577.0000 3
1354.0000 5
10330.0000 35
73.0000 2
11276.0000 28
8789.0000 27
1812.0000 8
6444.0000 18
623.0000 3
591.0000 3
6852.0000 23
7384.0000 24
10374.0000 33
1820.0000 7
10075.0000 37
7051.0000 21
3515.0000 11
11299.0000 33
1724.0000 9
10107.0000 34
7943.0000 32
9575.0000 33
11100.0000 37
10434.0000 32
7835.0000 28
8309.0000 24
241.0000 3
5589.0000 18
3534.0000 12
1405.0000 4
1724.0000 6
8100.0000 29
8757.0000 26
444.0000 3
11967.0000 36
6099.0000 20
10860.0000 45
2216.0000 8
2285.0000 8
1515.0000 6
85.0000 2
2608.0000 9
364.0000 2
6202.0000 18
8783.0000 25
8481.0000 27
8528.0000 23
4292.0000 17
4206.0000 16
8360.0000 23
2691.0000 10
8345.0000 22
1519.0000 7
2673.0000 10
2270.0000 8
6165.0000 21
11492.0000 39
40.0000 2
1829.0000 5
1732.0000 7
7816.0000 25
11105.0000 38
8033.0000 25
12096.0000 40
6571.0000 25
824.0000 4
842.0000 2
11270.0000 38
5915.0000 17
2062.0000 8
2775.0000 11
11766.0000 43
1262.0000 5
2794.0000 12
1012.0000 5
672.0000 3
7874.0000 21
11242.0000 36
6208.0000 16
1754.0000 6
11372.0000 35
11073.0000 40
670.0000 4
7124.0000 21
3672.0000 14
2432.0000 10
2856.0000 10
491.0000 3
693.0000 5
4997.0000 16
4879.0000 16
540.0000 3
6028.0000 18
1903.0000 5
4014.0000 15
24.0000 2
2897.0000 12
8610.0000 26
1155.0000 6
48.0000 2
4515.0000 15
11140.0000 42
584.0000 2
5891.0000 19
1801.0000 9
328.0000 3
11071.0000 38
7510.0000 21
9514.0000 36
9978.0000 36
4336.0000 12
11177.0000 31
6903.0000 21
3936.0000 12
4875.0000 18
4083.0000 14
8024.0000 29
3090.0000 8
4718.0000 14
10241.0000 27
5289.0000 14
3106.0000 14
1123.0000 2
3980.0000 12
6396.0000 24
780.0000 4
1301.0000 6
8709.0000 29
1642.0000 8
9320.0000 35
2932.0000 12
7323.0000 23
6017.0000 22
1133.0000 6
2095.0000 6
3082.0000 10
1070.0000 5
2374.0000 10
11537.0000 31
2464.0000 10
2393.0000 12
4931.0000 20
11890.0000 43
6203.0000 19
1700.0000 9
4170.0000 16
10339.0000 30
11165.0000 37
2396.0000 8
12455.0000 47
6772.0000 25
858.0000 4
5143.0000 18
6092.0000 22
1012.0000 4
2718.0000 11
4223.0000 16
1675.0000 5
3333.0000 14
4950.0000 16
3155.0000 10
9428.0000 30
525.0000 3
5249.0000 14
8549.0000 33
4289.0000 13
12013.0000 32
4535.0000 14
8929.0000 26
2511.0000 11
11961.0000 29
735.0000 3
489.0000 4
2080.0000 10
4981.0000 20
2747.0000 9
10446.0000 25
4167.0000 11
6028.0000 21
10363.0000 40
6410.0000 19
517.0000 5
1670.0000 8
3236.0000 12
10877.0000 35
1678.0000 6
9146.0000 28
1453.0000 6
628.0000 4
10282.0000 31
12.0000 2
620.0000 4
1101.0000 4
225.0000 2
1312.0000 4
1011.0000 5
7734.0000 26
2569.0000 10
93.0000 2
6244.0000 23
317.0000 2
1575.0000 7
4553.0000 14
724.0000 2
10621.0000 32
2892.0000 12
741.0000 3
620.0000 2
1555.0000 6
5162.0000 17
5268.0000 16
3342.0000 12
757.0000 4
2539.0000 9
11987.0000 41
11817.0000 45
10309.0000 30
168.0000 2
5037.0000 17
5340.0000 17
681.0000 2
723.0000 3
2618.0000 7
1231.0000 5
8351.0000 32
1189.0000 9
10664.0000 30
3101.0000 12
8227.0000 31
11910.0000 41
6830.0000 21
2642.0000 13
5068.0000 15
3360.0000 11
152.0000 2
338.0000 2
2662.0000 13
6611.0000 21
9050.0000 25
2531.0000 11
2671.0000 7
3395.0000 11
343.0000 3
7357.0000 22
1592.0000 5
7663.0000 31
1266.0000 4
395.0000 3
1411.0000 5
7100.0000 21
4554.0000 17
834.0000 3
2765.0000 12
11865.0000 43
619.0000 2
870.0000 5
3391.0000 12
5218.0000 16
1620.0000 5
7143.0000 21
1383.0000 6
11599.0000 37
3261.0000 14
649.0000 3
7747.0000 23
527.0000 2
76.0000 2
7387.0000 26
12.0000 2
599.0000 6
10756.0000 30
3909.0000 13
40.0000 2
3954.0000 15
2718.0000 9
7737.0000 25
10402.0000 37
6505.0000 21
6517.0000 22
5811.0000 19
253.0000 2
9140.0000 32
695.0000 2
4596.0000 17
7607.0000 25
949.0000 5
11785.0000 47
3945.0000 17
4650.0000 16
11493.0000 33
860.0000 6
2068.0000 8
3139.0000 9
11323.0000 42
2880.0000 9
519.0000 2
3018.0000 9
1508.0000 9
188.0000 2
1344.0000 5
4560.0000 14
561.0000 3
11165.0000 31
985.0000 5
4455.0000 14
2025.0000 8
6087.0000 22
6711.0000 26
4997.0000 13
11292.0000 37
5912.0000 20
3175.0000 14
3663.0000 12
9391.0000 25
1791.0000 5
11292.0000 48
1928.0000 7
942.0000 5
6052.0000 21
1782.0000 7
1572.0000 6
7982.0000 25
1945.0000 7
11333.0000 36
4366.0000 13
980.0000 4
743.0000 3
12078.0000 36
1967.0000 7
8952.0000 32
5974.0000 20
541.0000 2
5467.0000 18
1124.0000 4
3724.0000 15
314.0000 2
10109.0000 37
1137.0000 6
591.0000 5
7784.0000 27
3760.0000 15
3050.0000 12
4868.0000 20
6097.0000 17
620.0000 4
9260.0000 33
407.0000 2
3327.0000 9
1161.0000 5
6592.0000 22
2801.0000 7
59.0000 2
439.0000 3
10649.0000 37
10822.0000 38
5779.0000 22
1184.0000 4
3829.0000 11
699.0000 3
2221.0000 14
10649.0000 36
6114.0000 20
5532.0000 21
3695.0000 12
4943.0000 18
6124.0000 23
717.0000 4
3029.0000 9
872.0000 6
3165.0000 9
525.0000 3
6999.0000 26
10739.0000 34
6834.0000 22
9874.0000 35
1321.0000 7
6078.0000 30
3046.0000 11
850.0000 4
12125.0000 49
6858.0000 21
189.0000 2
944.0000 5
777.0000 6
1360.0000 4
2811.0000 11
1608.0000 8
1839.0000 6
6923.0000 28
2094.0000 6
9999.0000 30
742.0000 4
218.0000 3
5935.0000 22
2847.0000 12
272.0000 2
10527.0000 38
5921.0000 18
243.0000 2
4468.0000 13
7167.0000 24
1271.0000 5
1638.0000 6
3612.0000 10
1193.0000 6
7232.0000 29
1917.0000 8
4018.0000 14
4023.0000 15
6102.0000 17
4029.0000 14
3146.0000 13
9741.0000 37
799.0000 4
7510.0000 26
722.0000 4
691.0000 4
8863.0000 28
1119.0000 5
5136.0000 14
5121.0000 15
12111.0000 40
6874.0000 19
171.0000 2
2853.0000 9
3976.0000 18
966.0000 4
12281.0000 44
5168.0000 18
5218.0000 19
6354.0000 23
4000.0000 12
5252.0000 15
7199.0000 25
4830.0000 16
5791.0000 21
493.0000 5
8161.0000 20
731.0000 4
6213.0000 23
4774.0000 17
1683.0000 6
5198.0000 19
1725.0000 8
1899.0000 8
1086.0000 5
9410.0000 33
9091.0000 29
7848.0000 22
10837.0000 41
547.0000 3
2259.0000 7
6702.0000 21
810.0000 4
4992.0000 17
8373.0000 28
13224.0000 46
3333.0000 12
7201.0000 22
5872.0000 23
1693.0000 7
6.0000 2
38.0000 3
12571.0000 35
2332.0000 7
5553.0000 23
1357.0000 3
1591.0000 5
2484.0000 8
880.0000 5
253.0000 2
13360.0000 40
615.0000 3
1884.0000 6
7207.0000 31
13126.0000 38
2359.0000 7
7218.0000 27
560.0000 3
973.0000 5
3395.0000 13
1320.0000 3
959.0000 5
4291.0000 16
10195.0000 34
5636.0000 16
4766.0000 11
8855.0000 27
8010.0000 23
4952.0000 19
6020.0000 18
5370.0000 14
784.0000 3
1905.0000 8
1594.0000 6
5366.0000 20
6591.0000 22
5421.0000 16
392.0000 2
506.0000 5
1783.0000 4
2611.0000 7
5972.0000 20
2317.0000 9
11737.0000 42
4855.0000 13
7364.0000 20
10653.0000 39
2337.0000 11
3508.0000 11
7207.0000 20
6122.0000 22
1097.0000 4
3272.0000 16
11251.0000 42
1450.0000 3
11742.0000 37
1066.0000 4
1894.0000 8
8631.0000 26
1463.0000 4
243.0000 2
2811.0000 9
8337.0000 30
3860.0000 15
7.0000 2
2390.0000 11
9009.0000 27
3840.0000 13
2702.0000 8
154.0000 3
1958.0000 9
2833.0000 15
9479.0000 28
1108.0000 6
8109.0000 24
4691.0000 15
4023.0000 17
6730.0000 25
439.0000 2
8258.0000 30
7944.0000 28
3269.0000 11
5939.0000 20
13276.0000 41
4491.0000 15
2882.0000 9
1414.0000 7
2255.0000 10
12997.0000 52
615.0000 3
1547.0000 6
12775.0000 45
4714.0000 18
2963.0000 12
3683.0000 13
5940.0000 18
2786.0000 8
2134.0000 8
4538.0000 15
1485.0000 5
4887.0000 15
164.0000 2
786.0000 6
10141.0000 37
266.0000 2
4562.0000 21
2505.0000 11
1745.0000 7
4949.0000 19
6605.0000 24
4403.0000 14
13834.0000 43
2210.0000 7
9608.0000 33
3455.0000 15
4499.0000 17
1298.0000 4
6733.0000 19
4604.0000 19
3145.0000 11
234.0000 2
8900.0000 32
5262.0000 21
673.0000 4
3793.0000 12
152.0000 2
5607.0000 14
6515.0000 21
12053.0000 43
4499.0000 14
2301.0000 8
8727.0000 28
3017.0000 13
1065.0000 4
4677.0000 17
562.0000 2
298.0000 2
3463.0000 13
6053.0000 20
972.0000 3
4691.0000 18
515.0000 2
1732.0000 5
6275.0000 24
12434.0000 43
482.0000 3
6048.0000 16
528.0000 4
1097.0000 5
321.0000 2
953.0000 6
2083.0000 5
731.0000 3
1103.0000 4
9227.0000 32
9549.0000 29
12199.0000 41
4161.0000 14
2078.0000 5
7694.0000 27
2024.0000 7
9.0000 2
5084.0000 15
11993.0000 29
7925.0000 22
6099.0000 21
1825.0000 5
959.0000 4
3181.0000 14
5123.0000 20
1593.0000 6
13682.0000 46
5012.0000 17
930.0000 5
520.0000 3
2450.0000 8
2682.0000 9
6906.0000 22
548.0000 2
6447.0000 20
8551.0000 24
8878.0000 25
1796.0000 5
1322.0000 5
6614.0000 20
12341.0000 38
2443.0000 10
884.0000 3
11232.0000 29
2245.0000 9
7296.0000 24
2810.0000 11
654.0000 3
3988.0000 16
11916.0000 37
3564.0000 15
11526.0000 30
4954.0000 15
1295.0000 5
10219.0000 33
3346.0000 12
43.0000 2
13579.0000 39
7887.0000 24
4927.0000 19
11815.0000 36
14299.0000 48
208.0000 2
10201.0000 37
1076.0000 5
9771.0000 25
9108.0000 31
3376.0000 12
2795.0000 10
1586.0000 5
3193.0000 10
4097.0000 15
256.0000 2
4946.0000 20
12002.0000 38
12592.0000 40
4790.0000 18
9476.0000 29
11113.0000 36
589.0000 3
6338.0000 22
1344.0000 7
5174.0000 13
5280.0000 15
6243.0000 23
209.0000 3
2390.0000 6
622.0000 2
7806.0000 26
1947.0000 5
2376.0000 8
13997.0000 50
13232.0000 50
174.0000 2
2924.0000 12
6105.0000 20
9914.0000 30
3232.0000 10
3433.0000 13
13723.0000 49
9355.0000 27
1432.0000 5
556.0000 3
5056.0000 18
2085.0000 7
2486.0000 11
2098.0000 6
6166.0000 17
1445.0000 4
3558.0000 13
2338.0000 7
11882.0000 39
2112.0000 6
10958.0000 35
302.0000 3
11424.0000 42
2111.0000 11
4638.0000 12
1399.0000 6
419.0000 3
455.0000 4
3964.0000 17
6908.0000 21
4656.0000 16
7925.0000 24
1377.0000 5
1926.0000 5
2781.0000 9
3993.0000 18
6212.0000 21
1534.0000 7
9638.0000 36
6863.0000 19
1718.0000 9
502.0000 2
498.0000 3
687.0000 4
506.0000 5
957.0000 4
4060.0000 16
10368.0000 39
2402.0000 12
202.0000 3
287.0000 3
1846.0000 7
678.0000 3
10267.0000 33
3804.0000 10
7928.0000 23
2148.0000 8
1873.0000 6
13486.0000 42
231.0000 2
11819.0000 37
11048.0000 33
3366.0000 12
8433.0000 26
373.0000 2
4750.0000 14
13884.0000 41
7122.0000 25
7449.0000 24
12161.0000 35
1258.0000 5
1119.0000 6
5629.0000 16
1376.0000 6
10280.0000 35
3751.0000 13
4101.0000 10
1627.0000 6
4187.0000 15
3054.0000 9
1934.0000 7
14018.0000 42
730.0000 4
569.0000 3
4242.0000 18
2713.0000 6
8859.0000 30
912.0000 4
9751.0000 36
2587.0000 11
3016.0000 13
11570.0000 37
2458.0000 7
506.0000 3
1231.0000 5
4288.0000 15
8573.0000 27
13623.0000 46
1224.0000 4
1823.0000 8
7259.0000 31
4869.0000 17
1255.0000 4
12773.0000 40
2527.0000 13
1556.0000 6
1657.0000 9
9373.0000 30
1224.0000 4
2308.0000 9
152.0000 2
6587.0000 20
3119.0000 11
2353.0000 8
1620.0000 4
8867.0000 27
1031.0000 4
692.0000 4
4594.0000 17
8632.0000 27
14268.0000 46
13004.0000 39
12037.0000 38
714.0000 4
145.0000 2
1114.0000 6
1134.0000 6
10735.0000 35
3190.0000 11
5503.0000 23
12509.0000 37
4370.0000 16
6732.0000 27
12514.0000 37
13728.0000 55
576.0000 3
1568.0000 6
63.0000 2
4650.0000 16
1912.0000 9
8051.0000 29
14566.0000 49
7168.0000 24
4346.0000 10
688.0000 4
11511.0000 36
2909.0000 10
1193.0000 5
1827.0000 6
2187.0000 7
3315.0000 8
1409.0000 5
1126.0000 7
2993.0000 10
8422.0000 26
3247.0000 8
3588.0000 14
448.0000 2
4545.0000 18
2489.0000 11
966.0000 7
3509.0000 12
5490.0000 19
1270.0000 6
4529.0000 14
7278.0000 21
7801.0000 23
9375.0000 28
11038.0000 35
8835.0000 24
261.0000 2
5700.0000 21
12723.0000 41
14623.0000 49
1508.0000 4
445.0000 3
1761.0000 6
2702.0000 9
13937.0000 50
3104.0000 10
9502.0000 32
6760.0000 29
6553.0000 23
2758.0000 8
3619.0000 15
13961.0000 54
14696.0000 50
976.0000 4
2734.0000 13
499.0000 5
14770.0000 45
2806.0000 8
5333.0000 13
8731.0000 28
3686.0000 15
2051.0000 6
2095.0000 6
1200.0000 6
2046.0000 5
2766.0000 10
11117.0000 37
2006.0000 8
1608.0000 6
11180.0000 37
7497.0000 26
6470.0000 24
196.0000 2
51.0000 2
3423.0000 12
3173.0000 10
295.0000 2
353.0000 3
2216.0000 9
2097.0000 5
730.0000 4
7184.0000 27
12761.0000 40
9026.0000 26
5878.0000 24
14976.0000 46
418.0000 2
1445.0000 4
4396.0000 18
2107.0000 9
264.0000 2
783.0000 3
564.0000 3
6540.0000 26
5108.0000 17
9544.0000 24
7940.0000 23
43.0000 2
7315.0000 23
9937.0000 31
652.0000 4
10477.0000 34
3419.0000 16
1737.0000 7
292.0000 3
7296.0000 25
5768.0000 23
14288.0000 43
6788.0000 23
3793.0000 17
2920.0000 15
2313.0000 9
4382.0000 14
7962.0000 25
2102.0000 7
8043.0000 29
4830.0000 22
4831.0000 19
1022.0000 4
8054.0000 25
3337.0000 12
113.0000 2
2034.0000 6
3849.0000 17
2046.0000 8
3601.0000 13
172.0000 2
8022.0000 24
11936.0000 35
3348.0000 9
3522.0000 18
1836.0000 8
3310.0000 12
3355.0000 8
475.0000 2
3002.0000 14
6226.0000 24
2928.0000 9
3373.0000 9
145.0000 2
7368.0000 24
4356.0000 17
9212.0000 27
2109.0000 7
1319.0000 5
8224.0000 28
8110.0000 25
1225.0000 5
5734.0000 16
709.0000 3
1847.0000 6
347.0000 2
1699.0000 6
2477.0000 9
15186.0000 47
1144.0000 5
2686.0000 8
13803.0000 41
1804.0000 7
1561.0000 6
360.0000 3
2888.0000 9
1609.0000 6
2721.0000 11
10871.0000 33
6050.0000 20
6760.0000 26
14732.0000 41
8446.0000 25
14341.0000 57
1841.0000 10
2239.0000 8
4888.0000 20
6779.0000 24
1648.0000 6
913.0000 4
3489.0000 8
3199.0000 7
5015.0000 19
3502.0000 8
1677.0000 7
3521.0000 9
1050.0000 7
5581.0000 21
827.0000 4
7513.0000 26
155.0000 2
13934.0000 48
3586.0000 14
14591.0000 41
14065.0000 49
13865.0000 40
3256.0000 10
11060.0000 35
11805.0000 35
3521.0000 11
4673.0000 15
10721.0000 30
4680.0000 15
9.0000 2
9343.0000 27
618.0000 4
8216.0000 28
1575.0000 6
6350.0000 21
12178.0000 39
3250.0000 12
637.0000 3
5148.0000 22
2340.0000 7
4382.0000 14
141.0000 2
137.0000 2
9121.0000 31
7144.0000 24
3183.0000 12
14172.0000 46
114.0000 2
5124.0000 18
5043.0000 18
709.0000 4
1575.0000 9
4793.0000 15
13331.0000 53
896.0000 3
2419.0000 7
4275.0000 18
1010.0000 3
2421.0000 8
162.0000 2
163.0000 3
4686.0000 17
10651.0000 33
13410.0000 48
1251.0000 7
2438.0000 7
13204.0000 47
1902.0000 8
1902.0000 8
1967.0000 4
1913.0000 7
1914.0000 7
14342.0000 46
6481.0000 22
380.0000 2
764.0000 4
6911.0000 21
11461.0000 37
59.0000 3
7257.0000 20
3719.0000 11
1565.0000 8
5317.0000 17
3785.0000 10
796.0000 5
1484.0000 8
4504.0000 13
15310.0000 45
12037.0000 38
1016.0000 5
9429.0000 28
4521.0000 13
1128.0000 5
2306.0000 5
448.0000 3
5657.0000 21
10825.0000 31
10827.0000 34
6887.0000 26
9311.0000 27
2010.0000 6
833.0000 2
7550.0000 30
9056.0000 26
3549.0000 12
3557.0000 10
1440.0000 5
406.0000 3
2312.0000 8
14641.0000 45
3902.0000 9
3541.0000 16
11937.0000 38
2080.0000 10
41.0000 2
1642.0000 5
909.0000 7
2646.0000 8
1252.0000 4
2766.0000 10
6035.0000 22
13361.0000 39
14838.0000 57
829.0000 2
107.0000 2
423.0000 3
6636.0000 22
183.0000 2
2408.0000 6
6717.0000 21
2412.0000 6
1289.0000 4
2425.0000 13
10119.0000 28
15774.0000 49
5810.0000 17
809.0000 4
3063.0000 10
4362.0000 15
554.0000 4
2196.0000 8
162.0000 2
4061.0000 13
4956.0000 15
8169.0000 26
85.0000 2
523.0000 5
6563.0000 23
9537.0000 31
8558.0000 32
8611.0000 26
15368.0000 48
5571.0000 20
7874.0000 30
3623.0000 14
9725.0000 33
712.0000 3
2808.0000 9
14992.0000 58
429.0000 3
1421.0000 5
6981.0000 21
6525.0000 24
4118.0000 12
2597.0000 6
2852.0000 11
7745.0000 23
597.0000 4
1876.0000 6
1609.0000 8
4139.0000 10
13674.0000 42
15691.0000 53
1460.0000 6
304.0000 3
4714.0000 17
1470.0000 6
6394.0000 16
4433.0000 15
1855.0000 7
1219.0000 5
6622.0000 23
13882.0000 48
9191.0000 35
4894.0000 20
2633.0000 7
4252.0000 15
8281.0000 26
377.0000 3
14365.0000 45
6640.0000 24
13569.0000 48
8012.0000 30
15108.0000 55
2935.0000 9
313.0000 3
396.0000 2
8625.0000 28
15517.0000 62
4244.0000 11
1348.0000 7
4248.0000 12
735.0000 5
1819.0000 6
4809.0000 17
13204.0000 43
1269.0000 8
1579.0000 7
8614.0000 34
3000.0000 10
1765.0000 6
137.0000 2
6355.0000 22
8091.0000 30
1607.0000 6
8381.0000 23
6726.0000 26
8053.0000 24
1619.0000 5
9807.0000 29
4361.0000 18
2760.0000 6
12770.0000 49
592.0000 3
12381.0000 37
8743.0000 30
6413.0000 18
8901.0000 29
11391.0000 30
1672.0000 4
1987.0000 8
1666.0000 5
4390.0000 13
1672.0000 6
3235.0000 13
3049.0000 11
1106.0000 3
2323.0000 6
10247.0000 42
3969.0000 13
889.0000 5
1677.0000 5
4073.0000 13
26.0000 2
9183.0000 26
424.0000 5
2459.0000 10
770.0000 6
8100.0000 21
2305.0000 7
1711.0000 4
4399.0000 10
1918.0000 7
4357.0000 17
748.0000 4
4247.0000 18
2627.0000 10
7082.0000 24
4348.0000 15
236.0000 2
8403.0000 27
5578.0000 18
2173.0000 6
10291.0000 27
908.0000 5
4441.0000 12
4382.0000 15
3157.0000 9
2885.0000 6
7592.0000 22
320.0000 2
6240.0000 21
4855.0000 15
2540.0000 10
933.0000 5
6174.0000 21
1094.0000 5
8177.0000 29
517.0000 5
716.0000 3
82.0000 2
4221.0000 21
16090.0000 50
3197.0000 8
10304.0000 29
925.0000 5
4491.0000 13
38.0000 2
2929.0000 7
7893.0000 27
6927.0000 27
15871.0000 51
977.0000 5
5790.0000 20
2899.0000 14
5676.0000 19
649.0000 2
1827.0000 8
2251.0000 7
4528.0000 10
3397.0000 15
1834.0000 7
485.0000 2
2786.0000 8
2716.0000 11
129.0000 3
1034.0000 4
2176.0000 10
4307.0000 20
8498.0000 33
12119.0000 40
3290.0000 10
3864.0000 16
4281.0000 12
1901.0000 6
2828.0000 7
9073.0000 28
4870.0000 16
2854.0000 11
190.0000 3
4249.0000 17
852.0000 4
15726.0000 44
4562.0000 15
762.0000 5
9335.0000 32
54.0000 2
4639.0000 13
3075.0000 6
3355.0000 10
1121.0000 6
3614.0000 13
1120.0000 4
4347.0000 13
3525.0000 14
12278.0000 31
1287.0000 7
621.0000 3
4675.0000 14
5736.0000 22
2217.0000 9
1869.0000 5
3078.0000 12
7698.0000 26
466.0000 2
16029.0000 60
852.0000 2
5617.0000 25
1208.0000 5
4691.0000 13
38.0000 2
789.0000 2
3560.0000 12
10539.0000 34
9098.0000 28
6822.0000 22
10668.0000 29
11463.0000 33
1016.0000 3
879.0000 4
9263.0000 30
3229.0000 6
1418.0000 5
4493.0000 20
108.0000 2
2298.0000 8
2130.0000 8
250.0000 2
15734.0000 61
646.0000 3
2767.0000 7
3032.0000 8
31.0000 2
224.0000 2
533.0000 4
1209.0000 5
8122.0000 28
3818.0000 11
1231.0000 6
3062.0000 12
56.0000 2
983.0000 3
1515.0000 4
8299.0000 28
496.0000 2
483.0000 3
1405.0000 9
1407.0000 6
2234.0000 7
311.0000 3
3648.0000 11
314.0000 2
2260.0000 5
1132.0000 4
567.0000 2
1466.0000 7
15744.0000 48
564.0000 2
6579.0000 21
3661.0000 13
4319.0000 17
3728.0000 10
9161.0000 27
9170.0000 29
3112.0000 9
3312.0000 12
4743.0000 17
4424.0000 15
8751.0000 25
732.0000 3
8201.0000 25
3996.0000 10
7741.0000 25
3505.0000 10
5825.0000 18
745.0000 4
9433.0000 30
2391.0000 7
4203.0000 17
2615.0000 11
15002.0000 37
15229.0000 45
5626.0000 18
8156.0000 29
340.0000 2
253.0000 2
9127.0000 30
2422.0000 13
265.0000 2
8821.0000 30
2914.0000 12
7254.0000 19
12768.0000 40
4104.0000 15
17150.0000 60
8028.0000 24
4137.0000 15
2659.0000 9
8305.0000 24
145.0000 2
5726.0000 19
1267.0000 5
4447.0000 13
474.0000 2
5210.0000 18
488.0000 5
7465.0000 20
873.0000 6
16517.0000 60
7868.0000 26
4892.0000 17
1525.0000 11
450.0000 4
25.0000 2
2215.0000 7
3116.0000 12
11604.0000 33
46.0000 2
74.0000 2
845.0000 3
5405.0000 21
1039.0000 7
537.0000 3
8963.0000 31
7928.0000 27
487.0000 3
3485.0000 12
13702.0000 51
6329.0000 26
2624.0000 7
6029.0000 21
257.0000 2
3506.0000 8
5218.0000 18
8353.0000 31
5043.0000 19
5148.0000 19
3531.0000 11
1940.0000 4
1661.0000 4
3372.0000 9
3916.0000 13
13872.0000 45
250.0000 3
5071.0000 19
165.0000 4
624.0000 3
5590.0000 16
5034.0000 20
1166.0000 4
4276.0000 12
3575.0000 11
3522.0000 13
1504.0000 8
2910.0000 9
4331.0000 15
1158.0000 5
848.0000 3
1839.0000 5
3749.0000 17
1907.0000 4
345.0000 3
1172.0000 5
39.0000 2
6049.0000 22
16281.0000 60
249.0000 2
9984.0000 33
665.0000 4
3588.0000 12
2426.0000 8
276.0000 2
1781.0000 5
4055.0000 14
1486.0000 8
4385.0000 12
5395.0000 20
4778.0000 15
2765.0000 7
8861.0000 28
419.0000 2
5468.0000 15
3645.0000 11
3185.0000 11
1509.0000 7
2528.0000 10
1826.0000 4
5741.0000 19
13923.0000 49
15014.0000 47
1531.0000 8
145.0000 2
16611.0000 46
1688.0000 8
4488.0000 16
1086.0000 5
824.0000 4
2089.0000 9
9233.0000 28
371.0000 4
1084.0000 4
5540.0000 15
634.0000 3
3318.0000 15
1029.0000 3
9690.0000 29
551.0000 3
3472.0000 10
10191.0000 33
8244.0000 28
3900.0000 17
17645.0000 62
15398.0000 58
898.0000 3
14002.0000 48
392.0000 2
1647.0000 10
4877.0000 17
16011.0000 57
2105.0000 5
15310.0000 51
370.0000 2
3381.0000 15
620.0000 4
620.0000 3
11977.0000 33
930.0000 5
6408.0000 20
1124.0000 5
4159.0000 16
1267.0000 4
8534.0000 26
285.0000 2
averageTime:3033.25  averageHopCount:11.821317022384175
