# deliveryTime  hopCount
148.0000 8
105.0000 10
183.0000 6
119.0000 6
96.0000 5
136.0000 4
227.0000 7
109.0000 5
81.0000 8
123.0000 6
117.0000 6
128.0000 12
150.0000 8
169.0000 8
52.0000 6
53.0000 6
66.0000 6
78.0000 3
136.0000 3
197.0000 4
213.0000 8
214.0000 5
289.0000 7
301.0000 4
119.0000 3
21.0000 4
78.0000 4
79.0000 5
81.0000 4
89.0000 6
92.0000 4
95.0000 6
96.0000 7
99.0000 7
100.0000 6
101.0000 5
103.0000 6
105.0000 4
110.0000 8
111.0000 4
113.0000 6
115.0000 7
118.0000 7
120.0000 8
123.0000 8
126.0000 9
127.0000 6
127.0000 8
132.0000 8
132.0000 8
133.0000 9
134.0000 4
136.0000 6
140.0000 6
145.0000 6
145.0000 4
146.0000 7
149.0000 7
149.0000 5
151.0000 5
152.0000 5
153.0000 6
154.0000 5
155.0000 8
156.0000 5
156.0000 8
157.0000 9
158.0000 7
159.0000 8
161.0000 7
161.0000 10
162.0000 6
165.0000 8
165.0000 8
166.0000 8
170.0000 10
174.0000 5
174.0000 10
176.0000 9
178.0000 10
179.0000 4
180.0000 10
181.0000 4
181.0000 5
186.0000 8
187.0000 8
192.0000 8
192.0000 10
192.0000 5
193.0000 5
193.0000 8
194.0000 8
194.0000 4
198.0000 9
199.0000 8
201.0000 4
223.0000 4
230.0000 5
232.0000 8
155.0000 3
241.0000 8
246.0000 10
92.0000 7
270.0000 7
16.0000 3
90.0000 8
95.0000 2
123.0000 7
345.0000 4
93.0000 5
162.0000 4
166.0000 5
88.0000 3
192.0000 5
228.0000 11
237.0000 7
80.0000 4
107.0000 5
67.0000 3
102.0000 4
111.0000 3
111.0000 5
152.0000 5
168.0000 5
204.0000 5
208.0000 10
5965.0000 9
5720.0000 12
5733.0000 11
6000.0000 6
6012.0000 8
5461.0000 5
6015.0000 9
6017.0000 6
4532.0000 7
5760.0000 9
5353.0000 7
5762.0000 7
6026.0000 9
5769.0000 8
5769.0000 9
5769.0000 5
5482.0000 6
6034.0000 8
5483.0000 7
6034.0000 5
5484.0000 5
5142.0000 6
5772.0000 14
5484.0000 4
6036.0000 7
6036.0000 7
6036.0000 9
5774.0000 4
5144.0000 9
5774.0000 10
5776.0000 4
6040.0000 8
5489.0000 9
6040.0000 6
6041.0000 8
6042.0000 9
6043.0000 8
6043.0000 8
5492.0000 4
6043.0000 7
6044.0000 7
6044.0000 5
5784.0000 7
5785.0000 4
6048.0000 6
5498.0000 5
5156.0000 5
6049.0000 9
6050.0000 3
4563.0000 6
6051.0000 9
5789.0000 9
5789.0000 6
4814.0000 7
5790.0000 10
6054.0000 2
5792.0000 9
5792.0000 4
6056.0000 6
5793.0000 11
5505.0000 3
5793.0000 11
5794.0000 11
5795.0000 10
5796.0000 11
6060.0000 9
5510.0000 6
6061.0000 7
6061.0000 9
5169.0000 10
5799.0000 6
6062.0000 5
6062.0000 7
5392.0000 6
5801.0000 14
5513.0000 11
5802.0000 7
5172.0000 9
5102.0000 10
5515.0000 4
5174.0000 10
5516.0000 6
6068.0000 8
6069.0000 8
5177.0000 8
6070.0000 9
6070.0000 8
4583.0000 5
6071.0000 7
6071.0000 7
5520.0000 8
6072.0000 7
5810.0000 9
6073.0000 6
5810.0000 7
5402.0000 10
6074.0000 6
5523.0000 5
5811.0000 6
6074.0000 9
5404.0000 10
5111.0000 9
5812.0000 9
5813.0000 7
5185.0000 10
6079.0000 9
5528.0000 5
5187.0000 5
5188.0000 8
6082.0000 9
6083.0000 6
5413.0000 8
5821.0000 4
5534.0000 5
5534.0000 7
5121.0000 5
5192.0000 7
5822.0000 11
5822.0000 6
6088.0000 4
5825.0000 12
6089.0000 8
5826.0000 12
5827.0000 8
5420.0000 7
5828.0000 9
5422.0000 8
5200.0000 6
5542.0000 12
6094.0000 9
5832.0000 4
5544.0000 8
5202.0000 8
4389.0000 9
279.0000 6
5833.0000 11
5545.0000 8
5546.0000 7
5834.0000 8
6097.0000 9
5205.0000 7
4611.0000 5
6098.0000 8
5135.0000 7
5429.0000 4
5430.0000 5
5550.0000 5
5137.0000 10
5137.0000 5
6101.0000 8
4395.0000 10
5209.0000 7
6103.0000 10
4864.0000 7
5840.0000 8
5211.0000 8
5553.0000 7
5140.0000 6
5553.0000 5
5553.0000 5
5211.0000 8
5553.0000 4
6105.0000 5
5843.0000 11
3882.0000 9
6108.0000 8
5845.0000 4
5215.0000 7
5215.0000 7
6109.0000 8
6109.0000 9
5558.0000 7
5216.0000 7
5559.0000 7
6110.0000 7
5146.0000 7
5146.0000 5
6110.0000 6
5439.0000 8
6111.0000 6
5147.0000 10
5219.0000 8
6112.0000 5
5219.0000 8
5849.0000 8
6113.0000 9
6113.0000 7
5562.0000 3
5562.0000 9
4627.0000 7
4408.0000 6
5851.0000 11
5221.0000 5
5444.0000 8
4628.0000 7
5444.0000 7
5151.0000 7
5222.0000 4
6115.0000 6
5853.0000 10
5152.0000 6
5566.0000 6
5566.0000 5
5153.0000 7
5447.0000 7
5155.0000 10
4632.0000 11
6119.0000 7
5568.0000 7
5155.0000 5
5156.0000 5
5857.0000 4
5449.0000 5
5449.0000 8
5228.0000 8
5858.0000 6
5572.0000 5
4636.0000 8
5230.0000 7
4193.0000 11
6124.0000 10
4637.0000 9
6124.0000 8
4637.0000 5
5861.0000 10
6126.0000 7
6127.0000 9
5576.0000 7
5456.0000 9
5164.0000 5
4361.0000 8
5578.0000 8
5866.0000 11
5459.0000 4
5579.0000 4
3905.0000 6
5238.0000 6
3462.0000 8
5239.0000 8
5168.0000 7
5869.0000 11
5581.0000 7
4426.0000 6
4645.0000 8
5869.0000 9
5168.0000 6
5168.0000 6
4426.0000 9
5582.0000 6
5582.0000 5
5169.0000 6
5463.0000 5
3196.0000 12
5583.0000 5
4648.0000 9
4649.0000 6
5585.0000 8
4368.0000 11
6137.0000 7
6137.0000 6
4650.0000 5
5586.0000 5
4899.0000 7
6138.0000 8
6138.0000 11
6138.0000 9
5587.0000 7
5245.0000 4
5875.0000 9
5468.0000 9
5588.0000 7
5589.0000 6
5176.0000 9
6140.0000 11
6140.0000 11
4210.0000 8
4435.0000 7
5878.0000 12
5591.0000 8
5880.0000 14
4656.0000 8
5179.0000 8
5880.0000 4
5472.0000 10
6144.0000 7
5251.0000 9
4905.0000 4
6144.0000 7
5251.0000 7
4658.0000 5
6145.0000 5
6145.0000 11
4659.0000 7
5595.0000 6
5253.0000 10
5475.0000 8
6146.0000 8
3478.0000 8
4908.0000 6
5596.0000 8
5597.0000 8
4442.0000 6
5597.0000 5
5885.0000 12
6148.0000 7
5184.0000 8
4442.0000 9
5886.0000 14
5599.0000 10
5186.0000 7
6150.0000 3
4444.0000 7
5258.0000 6
5600.0000 7
5600.0000 9
5480.0000 4
3214.0000 11
4384.0000 10
6152.0000 7
5890.0000 9
3484.0000 5
4386.0000 10
4448.0000 8
5191.0000 5
5892.0000 5
5262.0000 4
4224.0000 5
5192.0000 4
6156.0000 8
5192.0000 6
5893.0000 11
4670.0000 8
5486.0000 8
3488.0000 8
5193.0000 6
6158.0000 11
4452.0000 12
3220.0000 4
6158.0000 8
5194.0000 10
4391.0000 8
5608.0000 9
6159.0000 10
5896.0000 13
5489.0000 7
5268.0000 7
6161.0000 8
5197.0000 8
5611.0000 5
5899.0000 7
6162.0000 5
5900.0000 10
5270.0000 7
6164.0000 9
5613.0000 10
5901.0000 5
4677.0000 7
6164.0000 7
4233.0000 7
4678.0000 7
4926.0000 12
4459.0000 9
4459.0000 8
5494.0000 10
5201.0000 10
4678.0000 9
5615.0000 7
4928.0000 10
5904.0000 11
5616.0000 7
5496.0000 8
5203.0000 4
5616.0000 6
5203.0000 8
5204.0000 6
5275.0000 9
5497.0000 11
5276.0000 6
4238.0000 7
5277.0000 7
4683.0000 7
3945.0000 6
5499.0000 7
6171.0000 9
5620.0000 9
3502.0000 6
4465.0000 8
5207.0000 7
5207.0000 7
5279.0000 10
6172.0000 7
6173.0000 8
5502.0000 8
5622.0000 7
4468.0000 7
3949.0000 9
6174.0000 9
5912.0000 10
4688.0000 6
4469.0000 4
5211.0000 11
5625.0000 6
5625.0000 6
3507.0000 5
3951.0000 10
5626.0000 6
6177.0000 8
4471.0000 12
4938.0000 9
5213.0000 6
3239.0000 13
4472.0000 10
4410.0000 5
4073.0000 4
4410.0000 7
3953.0000 5
5508.0000 5
5286.0000 9
5286.0000 8
4940.0000 8
5509.0000 9
4474.0000 9
4249.0000 10
4693.0000 7
4250.0000 8
5289.0000 8
4695.0000 9
5631.0000 8
4415.0000 13
3514.0000 7
5219.0000 6
5291.0000 7
4253.0000 8
4697.0000 8
5291.0000 7
6185.0000 6
5514.0000 8
5514.0000 11
6186.0000 12
5635.0000 9
5923.0000 8
5222.0000 6
5222.0000 8
5923.0000 11
4255.0000 9
5222.0000 5
4948.0000 8
5516.0000 11
4700.0000 6
4482.0000 6
5517.0000 9
3170.0000 5
4421.0000 10
6189.0000 7
4702.0000 8
5296.0000 10
5639.0000 4
5639.0000 7
4704.0000 5
6191.0000 8
4086.0000 13
4704.0000 3
4485.0000 7
6192.0000 10
4424.0000 10
4953.0000 9
4705.0000 5
4953.0000 4
4486.0000 10
5522.0000 12
5642.0000 7
5931.0000 10
5643.0000 8
4707.0000 8
3256.0000 10
5643.0000 5
4488.0000 4
5644.0000 10
5644.0000 5
5231.0000 7
3971.0000 9
4957.0000 7
3972.0000 5
4710.0000 15
5526.0000 7
2927.0000 10
4711.0000 9
4711.0000 7
5935.0000 10
4492.0000 8
5936.0000 12
6200.0000 7
4713.0000 6
6201.0000 10
4714.0000 7
4270.0000 8
5237.0000 8
4714.0000 7
5938.0000 10
6202.0000 9
4434.0000 10
4716.0000 12
5532.0000 10
4435.0000 6
3184.0000 5
5941.0000 6
4498.0000 13
5240.0000 7
4498.0000 9
4717.0000 8
5242.0000 6
3187.0000 11
3981.0000 10
6208.0000 9
4502.0000 9
3984.0000 3
5946.0000 10
5658.0000 6
4722.0000 7
3540.0000 7
5659.0000 7
6210.0000 11
5539.0000 9
3985.0000 10
3543.0000 6
3987.0000 8
5320.0000 10
5542.0000 7
5542.0000 9
4446.0000 4
2944.0000 11
4727.0000 10
3545.0000 6
5251.0000 3
5664.0000 5
5664.0000 10
3546.0000 8
2945.0000 11
3548.0000 9
5324.0000 7
4730.0000 11
3548.0000 5
5254.0000 4
4979.0000 7
4979.0000 6
5325.0000 10
5254.0000 6
4512.0000 10
4288.0000 9
6219.0000 10
4732.0000 9
3550.0000 4
5669.0000 7
5329.0000 8
4735.0000 5
3203.0000 5
5330.0000 11
5960.0000 6
4455.0000 12
3554.0000 9
3554.0000 6
5330.0000 10
5961.0000 11
5553.0000 10
6224.0000 10
4737.0000 5
5554.0000 13
5962.0000 5
4739.0000 5
4987.0000 7
5675.0000 7
4987.0000 7
4987.0000 13
4987.0000 8
3288.0000 9
4520.0000 9
4740.0000 6
4522.0000 11
3209.0000 8
4989.0000 5
5557.0000 7
5965.0000 11
4522.0000 8
4742.0000 8
5966.0000 7
3210.0000 10
5265.0000 11
4991.0000 11
6230.0000 7
4992.0000 4
3294.0000 6
3563.0000 6
4007.0000 8
5339.0000 9
3564.0000 9
6233.0000 10
4466.0000 12
5341.0000 8
4528.0000 8
5271.0000 6
5272.0000 8
5565.0000 9
5565.0000 10
4750.0000 7
4012.0000 10
5273.0000 9
2636.0000 12
5567.0000 6
4751.0000 10
5687.0000 8
5567.0000 8
2718.0000 10
4013.0000 7
5000.0000 7
4015.0000 8
6240.0000 10
4309.0000 12
3571.0000 6
4534.0000 10
5348.0000 7
4310.0000 7
4310.0000 8
5002.0000 7
4535.0000 9
5691.0000 3
5571.0000 7
5691.0000 5
6242.0000 10
4017.0000 6
3223.0000 8
4474.0000 10
4537.0000 9
4756.0000 7
5692.0000 5
4538.0000 13
5005.0000 4
5982.0000 9
5574.0000 12
3577.0000 7
4540.0000 4
5282.0000 8
3577.0000 7
5575.0000 8
3227.0000 7
5353.0000 8
3309.0000 5
4479.0000 11
6247.0000 9
3229.0000 5
4317.0000 5
5577.0000 9
3579.0000 4
3580.0000 7
5285.0000 8
5286.0000 7
5987.0000 7
4763.0000 5
4319.0000 8
4319.0000 10
3231.0000 4
4544.0000 7
5358.0000 10
4764.0000 9
4764.0000 8
5988.0000 10
4546.0000 4
4028.0000 9
372.0000 11
4029.0000 8
5583.0000 9
4323.0000 7
5584.0000 6
2431.0000 3
5994.0000 9
4551.0000 8
3238.0000 7
6257.0000 9
4489.0000 10
5707.0000 7
4490.0000 9
3589.0000 6
5587.0000 10
4033.0000 9
3590.0000 13
5296.0000 6
4329.0000 13
5022.0000 6
4774.0000 7
4776.0000 7
5370.0000 9
2993.0000 10
3595.0000 8
5371.0000 8
2995.0000 4
4040.0000 8
5026.0000 8
5301.0000 6
5027.0000 3
4498.0000 11
4779.0000 5
5027.0000 8
5596.0000 7
2747.0000 4
5375.0000 11
4781.0000 8
4782.0000 10
4044.0000 6
5030.0000 8
2749.0000 8
4782.0000 6
3000.0000 11
4502.0000 10
3251.0000 5
6270.0000 8
3333.0000 8
4566.0000 8
2752.0000 9
3253.0000 10
5033.0000 7
4786.0000 8
2753.0000 10
3335.0000 10
5034.0000 9
4048.0000 4
3604.0000 7
5035.0000 6
6011.0000 12
4569.0000 7
3005.0000 11
5724.0000 7
2674.0000 4
4507.0000 10
5382.0000 11
5382.0000 11
3257.0000 11
3257.0000 9
4570.0000 9
4570.0000 10
4571.0000 7
3608.0000 3
4790.0000 5
4052.0000 11
4571.0000 10
3339.0000 8
2181.0000 7
3340.0000 10
3609.0000 5
5314.0000 7
3261.0000 7
4793.0000 11
2679.0000 12
4794.0000 7
4575.0000 9
5610.0000 9
3343.0000 7
5317.0000 9
3344.0000 9
6282.0000 10
3344.0000 9
3613.0000 8
3263.0000 10
5731.0000 10
4576.0000 11
4577.0000 13
5732.0000 9
3013.0000 9
5390.0000 7
5732.0000 8
4577.0000 12
2763.0000 9
6283.0000 9
4578.0000 9
3014.0000 6
3265.0000 6
4059.0000 6
4578.0000 3
5392.0000 9
5321.0000 7
6285.0000 9
5393.0000 8
5047.0000 7
3267.0000 5
3268.0000 7
3618.0000 8
4062.0000 10
6024.0000 10
3269.0000 6
4357.0000 9
2687.0000 10
6289.0000 8
6289.0000 6
4522.0000 11
3621.0000 5
5051.0000 9
4803.0000 9
3352.0000 6
5051.0000 6
5326.0000 6
5740.0000 7
4585.0000 10
3622.0000 9
5741.0000 4
4587.0000 5
4806.0000 6
4525.0000 13
5623.0000 10
3356.0000 7
4069.0000 8
5402.0000 8
3025.0000 10
2775.0000 5
4364.0000 4
3026.0000 12
2776.0000 4
5057.0000 8
5332.0000 9
2776.0000 8
3278.0000 2
6034.0000 6
3028.0000 5
4811.0000 7
4074.0000 10
4812.0000 5
5060.0000 12
5335.0000 5
3361.0000 11
3362.0000 5
5337.0000 8
3632.0000 9
2781.0000 6
2781.0000 5
3032.0000 9
3364.0000 11
6039.0000 11
3032.0000 7
3032.0000 7
2702.0000 5
3284.0000 13
2207.0000 6
4816.0000 5
2784.0000 6
6305.0000 10
3287.0000 6
4538.0000 10
2786.0000 7
2786.0000 9
2705.0000 12
3638.0000 7
4539.0000 7
5414.0000 7
2707.0000 4
5344.0000 6
3038.0000 10
2212.0000 9
4083.0000 7
4084.0000 8
3640.0000 5
2789.0000 6
5417.0000 10
1328.0000 8
4604.0000 15
5639.0000 12
4823.0000 7
4604.0000 8
2791.0000 10
4086.0000 8
4086.0000 2
3374.0000 9
3374.0000 5
3643.0000 5
5074.0000 10
2487.0000 6
4382.0000 7
2793.0000 5
6314.0000 9
4827.0000 8
4827.0000 11
3296.0000 9
3045.0000 8
4547.0000 13
5422.0000 10
2795.0000 7
4609.0000 7
3296.0000 10
4610.0000 9
1663.0000 7
3378.0000 3
2796.0000 5
3378.0000 12
3298.0000 5
3048.0000 8
3299.0000 9
4831.0000 5
4387.0000 8
2798.0000 10
3049.0000 12
5648.0000 8
3300.0000 6
3651.0000 7
5081.0000 9
5081.0000 10
6320.0000 8
3383.0000 5
3302.0000 8
3654.0000 7
6060.0000 11
5084.0000 10
3385.0000 11
6060.0000 11
5084.0000 7
5359.0000 9
3655.0000 5
3305.0000 12
3307.0000 5
3309.0000 6
5089.0000 12
5364.0000 9
3309.0000 5
4841.0000 9
3660.0000 7
5658.0000 12
2233.0000 5
2809.0000 9
4624.0000 9
4843.0000 6
3060.0000 8
3661.0000 3
5367.0000 6
3393.0000 12
4564.0000 11
3313.0000 8
3313.0000 7
4107.0000 9
4846.0000 7
4565.0000 11
3314.0000 9
5662.0000 13
314.0000 6
4847.0000 8
2814.0000 10
2814.0000 5
5095.0000 7
4847.0000 11
5663.0000 9
3397.0000 7
3316.0000 4
3066.0000 9
5372.0000 11
2240.0000 6
3668.0000 9
3318.0000 4
2817.0000 4
3067.0000 9
4850.0000 5
2818.0000 5
2513.0000 6
2738.0000 12
3670.0000 7
4409.0000 12
4572.0000 6
5376.0000 9
3070.0000 13
4634.0000 8
6078.0000 10
3403.0000 9
3322.0000 4
5102.0000 8
4635.0000 8
3323.0000 5
2246.0000 12
2246.0000 6
2247.0000 10
3073.0000 10
2824.0000 7
3675.0000 6
5451.0000 7
3326.0000 5
3407.0000 11
5381.0000 6
3327.0000 6
3328.0000 4
1540.0000 7
5676.0000 11
3328.0000 5
2251.0000 4
3328.0000 6
3409.0000 8
3328.0000 4
4416.0000 10
4860.0000 7
2746.0000 13
3678.0000 7
4641.0000 4
3329.0000 4
5384.0000 7
3078.0000 8
2747.0000 11
2748.0000 12
2748.0000 12
2829.0000 5
3331.0000 15
4246.0000 3
3332.0000 6
4646.0000 10
4584.0000 11
6352.0000 10
5389.0000 6
3083.0000 4
3415.0000 11
3685.0000 8
3416.0000 11
5390.0000 12
2258.0000 6
4586.0000 9
2834.0000 5
4130.0000 9
4424.0000 9
3418.0000 9
2837.0000 5
3419.0000 13
6094.0000 10
3338.0000 9
4132.0000 7
4426.0000 7
5465.0000 9
2262.0000 7
6358.0000 11
3689.0000 5
2838.0000 5
5687.0000 11
3689.0000 7
5808.0000 7
2263.0000 6
3690.0000 8
2263.0000 10
2534.0000 7
4654.0000 9
5397.0000 10
3091.0000 12
4593.0000 11
3423.0000 9
2842.0000 9
3425.0000 3
5124.0000 6
3344.0000 6
2267.0000 8
4138.0000 10
2762.0000 9
3093.0000 3
3345.0000 8
1711.0000 7
4877.0000 5
4433.0000 7
3346.0000 6
4435.0000 9
964.0000 7
3097.0000 13
3429.0000 9
4661.0000 9
4599.0000 11
4661.0000 9
4880.0000 8
3430.0000 9
4143.0000 10
3430.0000 11
2767.0000 11
3699.0000 5
2768.0000 5
2768.0000 13
2769.0000 10
2274.0000 9
3701.0000 12
3702.0000 6
3352.0000 8
3352.0000 8
3352.0000 6
3434.0000 2
2852.0000 6
4147.0000 9
3103.0000 8
1566.0000 12
4886.0000 6
2773.0000 9
4887.0000 5
3436.0000 13
4887.0000 7
3437.0000 10
2855.0000 5
3706.0000 7
5825.0000 6
3707.0000 5
3106.0000 4
5826.0000 5
5413.0000 8
4890.0000 8
3439.0000 10
3708.0000 7
4671.0000 9
1570.0000 9
3358.0000 5
3108.0000 9
3108.0000 11
3359.0000 6
3360.0000 2
5140.0000 9
1726.0000 8
2283.0000 8
4612.0000 7
3361.0000 5
4894.0000 7
3443.0000 5
4157.0000 10
2862.0000 6
4451.0000 10
1575.0000 7
2863.0000 6
1188.0000 12
2864.0000 7
5420.0000 9
4678.0000 16
3365.0000 7
2864.0000 7
2288.0000 10
2783.0000 11
2784.0000 5
4679.0000 3
1403.0000 7
3366.0000 4
2784.0000 11
5147.0000 6
3717.0000 8
1191.0000 6
4455.0000 9
3717.0000 6
2785.0000 14
4681.0000 8
2868.0000 7
5838.0000 6
4164.0000 10
3721.0000 8
5426.0000 8
4903.0000 10
988.0000 4
2008.0000 9
3453.0000 3
2566.0000 4
5428.0000 9
5153.0000 10
2567.0000 8
4168.0000 8
3374.0000 4
4168.0000 9
4168.0000 8
3456.0000 8
3375.0000 7
1742.0000 5
3727.0000 6
3727.0000 9
3127.0000 10
3378.0000 6
1202.0000 10
3730.0000 8
3129.0000 10
6136.0000 10
3381.0000 3
3131.0000 12
2881.0000 6
4915.0000 8
1749.0000 8
4472.0000 8
4178.0000 12
4916.0000 9
2883.0000 9
3734.0000 8
4179.0000 7
3736.0000 6
4180.0000 8
2022.0000 4
3736.0000 6
3467.0000 8
2580.0000 10
3468.0000 5
5735.0000 13
2310.0000 7
4920.0000 9
2311.0000 10
5856.0000 8
4702.0000 10
3739.0000 4
3138.0000 10
4184.0000 8
3740.0000 7
3741.0000 4
5859.0000 7
3392.0000 10
3474.0000 11
2811.0000 13
2029.0000 4
3142.0000 9
3143.0000 5
2893.0000 4
4707.0000 13
1431.0000 4
3744.0000 6
4926.0000 7
4189.0000 7
4646.0000 9
3395.0000 4
1013.0000 10
1220.0000 11
1608.0000 6
3396.0000 5
3396.0000 5
2589.0000 8
3396.0000 6
4191.0000 7
4191.0000 8
2320.0000 6
2897.0000 7
5179.0000 9
3750.0000 7
3481.0000 6
3150.0000 11
3151.0000 9
4197.0000 9
3404.0000 9
3754.0000 9
4936.0000 11
2904.0000 5
2041.0000 9
4719.0000 12
3756.0000 7
2042.0000 8
3756.0000 9
3488.0000 9
3488.0000 8
1024.0000 5
3758.0000 8
3490.0000 9
2908.0000 8
4204.0000 11
3491.0000 7
1235.0000 12
3411.0000 3
3493.0000 8
2335.0000 9
3161.0000 5
1779.0000 8
5469.0000 6
3495.0000 8
2913.0000 10
1453.0000 12
2915.0000 5
5196.0000 7
3766.0000 4
3497.0000 10
4667.0000 13
3416.0000 5
2916.0000 4
2053.0000 8
2610.0000 3
3418.0000 5
3418.0000 10
3169.0000 9
1244.0000 5
3770.0000 8
3421.0000 8
4215.0000 7
1787.0000 9
3772.0000 7
2841.0000 15
4736.0000 5
1635.0000 8
6180.0000 7
2923.0000 11
3505.0000 11
777.0000 8
4218.0000 10
3425.0000 10
4513.0000 7
3775.0000 14
3506.0000 13
3506.0000 4
6181.0000 14
2061.0000 7
3426.0000 8
4678.0000 11
2350.0000 6
4960.0000 5
1640.0000 7
2927.0000 8
4222.0000 8
2352.0000 8
1795.0000 8
4224.0000 12
2929.0000 9
2929.0000 9
3780.0000 6
3430.0000 13
2066.0000 7
3180.0000 5
4682.0000 7
4963.0000 6
2849.0000 13
4745.0000 9
2625.0000 6
1798.0000 6
2355.0000 7
3432.0000 5
1471.0000 10
1258.0000 12
3784.0000 8
2070.0000 8
2357.0000 8
2627.0000 6
1471.0000 6
3435.0000 8
2358.0000 9
1647.0000 7
5215.0000 7
3435.0000 6
4748.0000 14
2629.0000 9
3517.0000 6
790.0000 6
3186.0000 10
3788.0000 9
4970.0000 8
3788.0000 8
3519.0000 10
3519.0000 12
5786.0000 9
3520.0000 7
2857.0000 11
4752.0000 9
2939.0000 4
2939.0000 9
4234.0000 9
1264.0000 7
3190.0000 5
5567.0000 9
1654.0000 5
2078.0000 9
3442.0000 6
3443.0000 4
4238.0000 7
6463.0000 12
3444.0000 9
3444.0000 8
4757.0000 9
3525.0000 8
5571.0000 9
3526.0000 9
3445.0000 8
3445.0000 5
3796.0000 7
3196.0000 11
2640.0000 8
3197.0000 5
3798.0000 6
1272.0000 7
2371.0000 5
2641.0000 8
2948.0000 9
3799.0000 9
3530.0000 9
2642.0000 9
2642.0000 10
1663.0000 7
2644.0000 7
5919.0000 7
3201.0000 11
5232.0000 10
1818.0000 7
2951.0000 4
2870.0000 8
2376.0000 9
1665.0000 9
3202.0000 13
4247.0000 7
4986.0000 7
3804.0000 7
2954.0000 7
3536.0000 10
1492.0000 14
4768.0000 6
5804.0000 8
3537.0000 7
4250.0000 10
4250.0000 3
3538.0000 7
3457.0000 12
3206.0000 4
3206.0000 4
3207.0000 10
2876.0000 12
1495.0000 4
4771.0000 12
4252.0000 7
4772.0000 9
3459.0000 8
1284.0000 9
5240.0000 6
1826.0000 6
2960.0000 5
2098.0000 9
2961.0000 7
3812.0000 6
3211.0000 7
1499.0000 5
6482.0000 6
2963.0000 7
2658.0000 7
2883.0000 6
2964.0000 7
4260.0000 6
2965.0000 10
1290.0000 10
3215.0000 13
2390.0000 6
3817.0000 9
2885.0000 6
2885.0000 12
821.0000 3
3468.0000 8
2967.0000 5
3819.0000 6
1681.0000 9
2968.0000 6
2888.0000 10
3219.0000 9
2106.0000 4
2888.0000 15
3220.0000 12
3220.0000 10
5526.0000 8
2890.0000 7
3472.0000 7
3823.0000 9
3473.0000 4
3223.0000 8
2973.0000 12
3556.0000 11
3475.0000 9
2668.0000 7
3475.0000 7
3556.0000 8
4270.0000 11
1301.0000 11
3477.0000 11
3477.0000 9
4271.0000 4
1843.0000 6
2896.0000 5
3478.0000 7
3828.0000 14
1516.0000 5
4273.0000 12
3479.0000 7
5534.0000 6
2402.0000 5
3562.0000 9
3831.0000 6
1847.0000 7
3230.0000 5
834.0000 8
2404.0000 8
3832.0000 8
3832.0000 6
3563.0000 9
2981.0000 7
2675.0000 8
3233.0000 9
1850.0000 8
3565.0000 9
3835.0000 3
1697.0000 6
1697.0000 7
3235.0000 12
3235.0000 13
3486.0000 4
3568.0000 8
3487.0000 3
3488.0000 12
1854.0000 6
3488.0000 5
842.0000 6
2907.0000 12
2907.0000 15
1703.0000 8
844.0000 6
3572.0000 11
1316.0000 6
3843.0000 8
3493.0000 6
3243.0000 11
1318.0000 4
3576.0000 10
2995.0000 6
3496.0000 6
2914.0000 14
2419.0000 10
3846.0000 8
2915.0000 10
1709.0000 6
3497.0000 6
3579.0000 8
3247.0000 11
4586.0000 7
3848.0000 6
356.0000 6
2421.0000 6
2998.0000 9
2692.0000 6
3499.0000 6
2135.0000 10
3580.0000 12
2998.0000 11
3580.0000 9
3500.0000 5
3501.0000 4
1713.0000 8
855.0000 9
1868.0000 7
4296.0000 11
1715.0000 9
3252.0000 4
5558.0000 6
3504.0000 4
1122.0000 5
1542.0000 7
2699.0000 6
3006.0000 5
3006.0000 8
860.0000 6
1873.0000 6
1719.0000 6
5976.0000 8
2144.0000 6
1721.0000 7
2432.0000 5
6528.0000 8
3259.0000 10
5042.0000 6
3591.0000 7
2929.0000 13
5637.0000 11
3010.0000 5
4600.0000 9
2706.0000 9
3594.0000 12
2932.0000 9
2932.0000 8
4827.0000 10
3514.0000 5
1338.0000 4
5982.0000 7
3264.0000 14
3515.0000 6
2438.0000 5
3597.0000 7
1340.0000 7
3516.0000 8
3866.0000 10
2935.0000 6
3266.0000 9
3518.0000 6
3268.0000 6
3519.0000 7
1885.0000 5
3520.0000 8
3020.0000 7
1346.0000 10
2940.0000 13
3604.0000 10
1347.0000 7
6279.0000 8
3022.0000 7
2717.0000 6
3023.0000 6
225.0000 8
5994.0000 7
1892.0000 6
1350.0000 4
6545.0000 9
1564.0000 5
3277.0000 11
3609.0000 6
3878.0000 7
3878.0000 9
5584.0000 9
3028.0000 5
4617.0000 11
4780.0000 7
2723.0000 5
3029.0000 5
3611.0000 10
1743.0000 9
3532.0000 7
3882.0000 8
1569.0000 8
3032.0000 4
1899.0000 7
2726.0000 5
886.0000 7
4846.0000 9
2457.0000 7
3033.0000 8
1571.0000 12
3886.0000 3
2172.0000 9
2459.0000 7
3035.0000 6
3617.0000 5
889.0000 5
2460.0000 9
3036.0000 7
1749.0000 8
3619.0000 7
2731.0000 8
4851.0000 13
1751.0000 13
1363.0000 9
2462.0000 10
1905.0000 9
2463.0000 10
2958.0000 16
2958.0000 5
1365.0000 4
6009.0000 7
3290.0000 9
1367.0000 9
5075.0000 11
5075.0000 9
3894.0000 5
897.0000 8
3625.0000 8
1757.0000 9
1369.0000 4
5325.0000 10
3546.0000 7
5601.0000 7
5672.0000 6
2739.0000 7
3548.0000 7
3898.0000 14
2966.0000 10
1914.0000 7
2742.0000 4
2967.0000 6
3550.0000 11
3551.0000 6
2474.0000 10
3300.0000 10
3901.0000 7
4802.0000 8
1376.0000 12
2745.0000 7
905.0000 5
1765.0000 7
3903.0000 6
3303.0000 9
1920.0000 8
1591.0000 10
2972.0000 9
3304.0000 5
3304.0000 3
1172.0000 5
4349.0000 11
1380.0000 7
5611.0000 11
5682.0000 10
1380.0000 7
3305.0000 12
4807.0000 5
1593.0000 6
1770.0000 9
3309.0000 12
2978.0000 11
2979.0000 9
5616.0000 8
1598.0000 3
1599.0000 12
1387.0000 10
3062.0000 7
1387.0000 6
3312.0000 5
3645.0000 13
3063.0000 7
2200.0000 8
3645.0000 15
3645.0000 9
2487.0000 4
1931.0000 6
3646.0000 8
3915.0000 9
1182.0000 10
1390.0000 4
1932.0000 9
2489.0000 8
3648.0000 8
1185.0000 5
3649.0000 6
6036.0000 6
1934.0000 9
6036.0000 8
921.0000 3
2491.0000 8
1781.0000 13
3919.0000 6
3318.0000 10
2762.0000 6
3570.0000 4
1394.0000 4
3570.0000 8
1937.0000 4
3921.0000 13
3922.0000 12
1939.0000 9
5105.0000 6
1190.0000 9
2767.0000 7
6330.0000 13
1611.0000 7
3574.0000 9
1399.0000 12
3074.0000 9
5923.0000 8
1942.0000 10
1400.0000 7
3657.0000 6
4890.0000 10
2500.0000 7
3326.0000 4
4890.0000 15
1789.0000 7
1401.0000 4
2995.0000 8
1789.0000 9
931.0000 4
1402.0000 6
2501.0000 3
2996.0000 11
1790.0000 12
1403.0000 7
3328.0000 12
3328.0000 7
1946.0000 7
5360.0000 11
1405.0000 3
3080.0000 5
3581.0000 9
1947.0000 6
3000.0000 13
1795.0000 8
1795.0000 10
3664.0000 5
937.0000 6
1408.0000 8
3334.0000 9
1623.0000 6
2222.0000 8
3004.0000 4
2510.0000 6
2223.0000 3
3588.0000 5
5120.0000 8
1412.0000 6
1801.0000 7
942.0000 8
6346.0000 11
1803.0000 11
3591.0000 4
3010.0000 13
3091.0000 8
2786.0000 7
1417.0000 7
4906.0000 11
947.0000 6
3594.0000 4
5942.0000 9
3945.0000 8
6614.0000 9
3345.0000 5
1420.0000 9
6616.0000 7
3947.0000 6
3597.0000 7
3678.0000 5
1810.0000 15
3098.0000 7
1812.0000 7
3349.0000 9
953.0000 8
3019.0000 13
954.0000 7
2239.0000 12
1815.0000 12
2239.0000 8
956.0000 4
956.0000 4
5952.0000 8
2797.0000 8
3355.0000 7
4695.0000 7
3356.0000 12
4696.0000 11
961.0000 7
3608.0000 6
1821.0000 6
2245.0000 8
3109.0000 10
5958.0000 5
2533.0000 10
4698.0000 17
1434.0000 5
1977.0000 6
5959.0000 10
3611.0000 8
6367.0000 12
1435.0000 9
2535.0000 8
1978.0000 7
966.0000 6
3112.0000 7
1437.0000 9
3963.0000 8
1438.0000 10
2537.0000 10
1826.0000 7
1981.0000 7
1439.0000 6
4703.0000 12
3114.0000 5
1232.0000 7
968.0000 6
2809.0000 8
3966.0000 3
3617.0000 5
3036.0000 8
2541.0000 10
1235.0000 5
1236.0000 11
3118.0000 5
1443.0000 7
6376.0000 10
1833.0000 7
1987.0000 8
974.0000 4
1987.0000 11
974.0000 8
3120.0000 9
2814.0000 8
5676.0000 7
975.0000 6
3040.0000 15
6642.0000 8
1448.0000 5
4875.0000 14
977.0000 7
1242.0000 9
2548.0000 8
2818.0000 11
1837.0000 7
3043.0000 13
3125.0000 9
6645.0000 8
3045.0000 9
1120.0000 7
3628.0000 14
5408.0000 7
3709.0000 10
6649.0000 7
3048.0000 9
1667.0000 5
6650.0000 7
1997.0000 7
985.0000 6
1457.0000 10
987.0000 7
3984.0000 6
3984.0000 7
3985.0000 7
1460.0000 5
3135.0000 8
2559.0000 10
2004.0000 10
5172.0000 8
993.0000 5
2276.0000 7
1678.0000 6
3060.0000 13
2835.0000 6
995.0000 6
3642.0000 7
4730.0000 8
3141.0000 10
3061.0000 8
1467.0000 7
3142.0000 8
5423.0000 9
3143.0000 10
4957.0000 10
5699.0000 10
3063.0000 12
3145.0000 11
999.0000 5
999.0000 8
3728.0000 11
2840.0000 6
2571.0000 10
1473.0000 10
6406.0000 12
1267.0000 7
1688.0000 6
1269.0000 6
5184.0000 10
3734.0000 8
1006.0000 3
4004.0000 7
3153.0000 8
1478.0000 6
6410.0000 9
1271.0000 8
2291.0000 8
3405.0000 12
4007.0000 7
1694.0000 10
1481.0000 3
3657.0000 6
6676.0000 12
2025.0000 8
4973.0000 8
6128.0000 8
4973.0000 13
1278.0000 9
3662.0000 8
1486.0000 13
6418.0000 12
1016.0000 3
6131.0000 8
6683.0000 11
2857.0000 10
1489.0000 7
5720.0000 11
4015.0000 7
4753.0000 9
1490.0000 5
1020.0000 4
1284.0000 6
1881.0000 8
2035.0000 10
3418.0000 11
2306.0000 8
1495.0000 9
2594.0000 13
2594.0000 11
3420.0000 5
1025.0000 9
1709.0000 9
1025.0000 9
2595.0000 6
3171.0000 9
3090.0000 9
1885.0000 8
2039.0000 5
3674.0000 6
1291.0000 9
2597.0000 6
5801.0000 10
5208.0000 16
2043.0000 9
2600.0000 7
1501.0000 6
6145.0000 6
2871.0000 7
3177.0000 8
3096.0000 2
2871.0000 9
1031.0000 6
2602.0000 9
2602.0000 8
3680.0000 7
4931.0000 9
3179.0000 9
4030.0000 8
6437.0000 13
1034.0000 4
2875.0000 11
2049.0000 10
5809.0000 8
1036.0000 9
6031.0000 5
3432.0000 13
2876.0000 2
1508.0000 11
6032.0000 7
5810.0000 8
4034.0000 13
3684.0000 7
5464.0000 10
2051.0000 4
3103.0000 16
2879.0000 5
2609.0000 5
2879.0000 7
6443.0000 13
1512.0000 9
1512.0000 5
1900.0000 6
2324.0000 8
1306.0000 6
1513.0000 5
6158.0000 10
3189.0000 5
3690.0000 6
3439.0000 10
5470.0000 7
1514.0000 4
3191.0000 7
5472.0000 10
2058.0000 9
6449.0000 11
1517.0000 7
1518.0000 6
5008.0000 13
3194.0000 6
3695.0000 9
2061.0000 10
3444.0000 14
1732.0000 8
5008.0000 9
1049.0000 6
1188.0000 5
6716.0000 13
2063.0000 5
3196.0000 8
6717.0000 9
2064.0000 6
2065.0000 7
1911.0000 9
3117.0000 13
2065.0000 7
3699.0000 8
1911.0000 8
1911.0000 8
5479.0000 6
1192.0000 7
1317.0000 12
6168.0000 8
1738.0000 6
3701.0000 5
1913.0000 11
4495.0000 9
3451.0000 7
3783.0000 9
3120.0000 11
1914.0000 7
1526.0000 5
2626.0000 8
2069.0000 6
2627.0000 11
1528.0000 9
2340.0000 6
3453.0000 13
1917.0000 8
6461.0000 9
1058.0000 3
1058.0000 8
3706.0000 6
3456.0000 11
2073.0000 4
5020.0000 6
5487.0000 7
1920.0000 13
1920.0000 9
2901.0000 5
2075.0000 8
2075.0000 11
1535.0000 9
1203.0000 5
6467.0000 13
1536.0000 12
1536.0000 7
3130.0000 10
3130.0000 7
1205.0000 8
3462.0000 10
1537.0000 3
1538.0000 10
2637.0000 6
1538.0000 6
1752.0000 12
6063.0000 7
1539.0000 11
3464.0000 8
5496.0000 9
1069.0000 5
6185.0000 6
1541.0000 13
2353.0000 7
2641.0000 5
1542.0000 5
1755.0000 10
2912.0000 4
5499.0000 8
2912.0000 8
6187.0000 10
1756.0000 7
1211.0000 7
1337.0000 7
3138.0000 9
2644.0000 9
1933.0000 8
2915.0000 7
1546.0000 4
3722.0000 7
2088.0000 6
1547.0000 4
1547.0000 8
6480.0000 12
1761.0000 12
2647.0000 9
1549.0000 8
2649.0000 8
4520.0000 12
1218.0000 10
1938.0000 6
2650.0000 7
2364.0000 8
2652.0000 6
4523.0000 11
2653.0000 6
2653.0000 10
1347.0000 10
2924.0000 5
3230.0000 8
4081.0000 9
2367.0000 7
1769.0000 9
300.0000 6
1556.0000 4
2926.0000 10
2099.0000 5
5513.0000 14
5514.0000 6
2657.0000 8
2927.0000 9
2101.0000 9
1088.0000 5
1947.0000 16
1559.0000 11
2371.0000 8
1560.0000 13
3737.0000 13
2930.0000 10
6085.0000 6
1355.0000 11
2105.0000 7
1356.0000 7
6759.0000 9
5866.0000 8
1093.0000 10
1232.0000 4
5795.0000 9
1233.0000 6
2934.0000 4
1565.0000 7
1095.0000 3
4536.0000 11
1096.0000 5
1096.0000 9
1360.0000 10
1097.0000 6
6212.0000 10
2667.0000 5
1361.0000 5
2381.0000 6
6501.0000 9
3244.0000 8
1099.0000 6
2939.0000 3
1099.0000 4
1958.0000 8
1571.0000 13
6504.0000 6
5528.0000 8
1573.0000 12
1573.0000 7
5063.0000 9
3499.0000 10
3249.0000 8
1575.0000 5
1243.0000 6
5806.0000 11
1575.0000 4
2117.0000 8
1106.0000 7
2676.0000 8
1246.0000 8
5880.0000 11
2390.0000 9
6102.0000 8
3504.0000 13
4549.0000 10
1579.0000 6
6774.0000 10
2678.0000 9
6103.0000 10
2392.0000 7
5288.0000 8
2393.0000 7
1374.0000 7
2395.0000 7
6778.0000 11
5072.0000 9
1972.0000 6
1377.0000 7
2127.0000 11
2684.0000 7
3761.0000 9
1379.0000 13
2128.0000 10
2686.0000 9
2399.0000 9
1587.0000 6
4113.0000 8
1116.0000 6
5296.0000 6
1381.0000 3
1588.0000 11
2130.0000 8
1117.0000 7
2400.0000 8
5296.0000 7
3764.0000 7
4852.0000 10
1589.0000 11
6785.0000 11
1258.0000 6
4560.0000 6
1803.0000 6
1591.0000 7
1979.0000 8
1804.0000 6
3849.0000 14
1260.0000 9
6788.0000 12
1386.0000 5
2963.0000 11
2963.0000 9
1807.0000 6
5825.0000 12
6119.0000 12
1983.0000 3
5898.0000 8
1596.0000 9
6120.0000 9
2966.0000 5
6792.0000 6
6121.0000 8
6241.0000 11
2140.0000 9
1987.0000 9
1267.0000 8
5901.0000 8
6244.0000 9
4126.0000 8
1394.0000 5
5558.0000 6
5833.0000 7
1602.0000 5
6798.0000 10
5905.0000 10
1991.0000 7
1817.0000 8
4868.0000 5
1993.0000 9
1993.0000 10
1134.0000 7
5561.0000 8
4132.0000 6
6538.0000 14
1274.0000 8
6251.0000 11
5910.0000 9
6132.0000 6
1402.0000 5
1402.0000 10
5036.0000 10
1138.0000 6
1402.0000 7
1138.0000 7
1402.0000 7
6254.0000 11
5318.0000 11
1823.0000 5
2710.0000 8
5319.0000 11
1611.0000 2
1824.0000 12
2153.0000 8
2154.0000 11
1405.0000 7
1280.0000 8
5569.0000 10
2425.0000 11
6257.0000 8
4878.0000 8
2156.0000 11
1143.0000 9
5845.0000 12
1282.0000 10
4141.0000 9
1145.0000 5
6548.0000 7
3541.0000 11
2158.0000 7
2005.0000 10
6549.0000 12
5325.0000 4
1830.0000 10
5574.0000 8
6262.0000 5
1148.0000 6
3795.0000 7
1619.0000 12
2008.0000 7
1620.0000 8
2719.0000 10
2432.0000 10
6264.0000 8
1149.0000 6
3796.0000 13
1150.0000 10
6266.0000 11
2164.0000 9
1151.0000 4
1836.0000 12
2165.0000 9
1623.0000 11
5112.0000 14
1837.0000 13
1153.0000 6
1624.0000 9
1154.0000 6
5114.0000 9
1625.0000 4
5052.0000 8
1418.0000 10
3550.0000 9
2167.0000 7
1155.0000 5
2168.0000 9
3551.0000 11
5857.0000 10
1626.0000 6
4890.0000 8
1156.0000 4
5858.0000 9
5335.0000 8
1156.0000 5
1295.0000 6
2169.0000 9
2016.0000 8
6273.0000 8
2017.0000 8
5056.0000 8
1297.0000 7
6562.0000 15
3887.0000 11
6155.0000 11
1161.0000 5
1301.0000 9
2175.0000 9
4159.0000 9
5341.0000 9
6278.0000 8
3003.0000 7
1634.0000 4
1164.0000 6
1849.0000 6
6568.0000 4
6160.0000 6
1304.0000 8
6280.0000 9
6832.0000 12
2179.0000 6
6282.0000 11
2027.0000 13
6835.0000 15
5129.0000 13
1169.0000 6
1641.0000 10
1641.0000 10
6836.0000 10
1436.0000 6
2742.0000 10
5132.0000 12
1644.0000 10
6839.0000 10
2457.0000 9
4909.0000 8
1858.0000 5
3015.0000 11
6578.0000 7
6170.0000 7
1646.0000 8
2189.0000 10
6580.0000 6
1317.0000 9
5880.0000 6
1649.0000 11
6581.0000 7
5606.0000 10
5606.0000 6
6295.0000 12
4621.0000 10
3327.0000 7
1181.0000 5
1182.0000 7
3247.0000 14
6585.0000 15
2041.0000 9
3830.0000 4
1654.0000 10
6586.0000 7
2197.0000 8
3024.0000 11
4919.0000 13
6300.0000 8
5887.0000 8
2198.0000 11
4626.0000 10
1324.0000 9
6180.0000 13
6301.0000 9
5959.0000 11
2199.0000 5
1451.0000 11
2046.0000 7
1659.0000 5
1660.0000 5
2202.0000 7
1454.0000 11
1661.0000 5
1329.0000 9
2473.0000 12
6856.0000 10
1874.0000 7
2050.0000 3
3256.0000 15
6857.0000 13
5619.0000 11
6187.0000 8
2205.0000 7
6308.0000 10
1332.0000 9
6308.0000 8
6860.0000 7
6860.0000 9
1195.0000 9
2054.0000 6
6311.0000 8
5375.0000 7
2768.0000 9
1882.0000 6
2057.0000 8
5900.0000 12
1337.0000 6
5972.0000 9
2058.0000 9
1200.0000 8
5902.0000 10
1464.0000 4
1201.0000 4
6317.0000 10
4644.0000 9
1342.0000 7
6607.0000 7
6319.0000 6
2217.0000 6
2065.0000 12
1206.0000 5
6609.0000 12
5105.0000 9
3603.0000 7
1472.0000 8
6203.0000 13
6203.0000 7
3605.0000 6
1473.0000 11
3937.0000 5
5389.0000 10
3938.0000 12
2069.0000 14
1350.0000 11
1350.0000 7
5984.0000 8
2070.0000 8
6327.0000 5
6878.0000 12
1212.0000 10
1213.0000 7
1684.0000 7
1215.0000 3
5395.0000 15
1216.0000 8
1688.0000 7
2230.0000 9
4953.0000 13
6213.0000 11
5920.0000 9
2503.0000 8
5399.0000 13
6335.0000 9
2234.0000 6
3287.0000 14
6889.0000 6
3620.0000 8
3064.0000 12
1224.0000 4
6627.0000 15
1224.0000 7
1227.0000 6
2240.0000 10
5654.0000 5
5188.0000 5
1228.0000 11
1368.0000 12
4227.0000 8
1494.0000 8
1914.0000 5
2513.0000 6
6345.0000 7
5409.0000 10
2244.0000 10
1232.0000 10
1496.0000 8
1232.0000 8
1497.0000 5
2247.0000 11
1498.0000 6
2094.0000 8
6902.0000 10
1236.0000 5
1500.0000 9
1376.0000 7
5197.0000 10
2096.0000 8
4679.0000 8
2097.0000 12
6233.0000 7
1238.0000 5
1378.0000 7
1710.0000 9
1378.0000 5
5941.0000 9
1711.0000 6
6643.0000 10
5668.0000 10
3388.0000 7
1506.0000 8
6645.0000 10
6357.0000 9
2813.0000 7
6240.0000 8
1245.0000 11
6912.0000 10
3974.0000 15
1510.0000 6
1386.0000 8
1932.0000 10
3314.0000 10
6364.0000 6
6023.0000 10
2263.0000 8
6916.0000 8
2110.0000 10
3397.0000 7
6654.0000 13
4248.0000 14
1251.0000 5
1251.0000 9
6655.0000 8
1391.0000 7
1724.0000 6
2112.0000 10
6656.0000 13
4250.0000 9
6657.0000 10
1393.0000 7
5957.0000 12
6658.0000 13
1255.0000 3
1727.0000 8
5958.0000 11
6372.0000 13
1728.0000 6
4698.0000 10
1521.0000 6
2117.0000 6
4993.0000 7
4700.0000 11
6254.0000 4
5159.0000 8
5440.0000 9
1525.0000 8
1945.0000 11
1732.0000 8
2120.0000 8
4258.0000 10
1262.0000 5
5964.0000 10
1733.0000 12
5161.0000 12
6258.0000 10
5442.0000 9
1947.0000 6
1735.0000 6
6380.0000 6
5967.0000 11
6932.0000 11
4264.0000 8
4708.0000 9
1267.0000 5
1532.0000 8
6671.0000 10
1532.0000 10
4265.0000 3
2551.0000 12
1269.0000 5
6673.0000 13
1409.0000 7
6386.0000 11
2285.0000 8
5234.0000 10
1413.0000 5
1414.0000 5
6942.0000 10
1415.0000 7
3342.0000 12
2136.0000 11
6394.0000 9
6683.0000 13
1280.0000 5
243.0000 9
6685.0000 12
6686.0000 13
1967.0000 15
3348.0000 6
1283.0000 6
1284.0000 6
2855.0000 12
2569.0000 9
6282.0000 11
5989.0000 12
1287.0000 6
5467.0000 11
5715.0000 6
5248.0000 9
5716.0000 12
6284.0000 9
1760.0000 11
6404.0000 8
6693.0000 12
1430.0000 9
3357.0000 14
6695.0000 6
5027.0000 10
2306.0000 9
5191.0000 12
5472.0000 7
6408.0000 5
6960.0000 14
1294.0000 7
1766.0000 12
3943.0000 11
6291.0000 9
1561.0000 10
6963.0000 13
1770.0000 7
5726.0000 10
5034.0000 9
6294.0000 8
1300.0000 7
1300.0000 9
1564.0000 5
1565.0000 8
1566.0000 8
1441.0000 4
1442.0000 5
4744.0000 8
5730.0000 12
3951.0000 8
6419.0000 7
1443.0000 7
1570.0000 10
6301.0000 7
6973.0000 11
1571.0000 7
1571.0000 8
2320.0000 8
1778.0000 6
1779.0000 10
6082.0000 8
5270.0000 14
2593.0000 7
6977.0000 15
6084.0000 8
1450.0000 8
1312.0000 5
5491.0000 8
1314.0000 8
5274.0000 10
1785.0000 9
5049.0000 10
2328.0000 9
3380.0000 13
1787.0000 8
6719.0000 10
6431.0000 8
5744.0000 10
5052.0000 12
1317.0000 9
6433.0000 11
1457.0000 6
4317.0000 10
1322.0000 7
6317.0000 5
6726.0000 15
1324.0000 8
1324.0000 6
4053.0000 6
1590.0000 10
2340.0000 8
6730.0000 11
4770.0000 10
6324.0000 11
1329.0000 10
2189.0000 11
1801.0000 6
2614.0000 10
2190.0000 10
5292.0000 12
6998.0000 8
1332.0000 6
1804.0000 9
2346.0000 9
6106.0000 8
5233.0000 7
1335.0000 8
5515.0000 8
1475.0000 7
5764.0000 9
1601.0000 8
1477.0000 6
7004.0000 11
2353.0000 6
1811.0000 9
1340.0000 5
4337.0000 8
6745.0000 12
5771.0000 7
2358.0000 10
3186.0000 6
1346.0000 8
1348.0000 9
5308.0000 9
2033.0000 10
5084.0000 8
2920.0000 10
6753.0000 11
1351.0000 5
3998.0000 9
7018.0000 9
1492.0000 6
1494.0000 8
5315.0000 8
1494.0000 9
3422.0000 9
3753.0000 6
4354.0000 8
4355.0000 7
1830.0000 11
5257.0000 6
5319.0000 9
6062.0000 10
1361.0000 7
5322.0000 13
5098.0000 7
1502.0000 9
5262.0000 9
1364.0000 3
3510.0000 6
1629.0000 12
6068.0000 7
1838.0000 8
1507.0000 10
6483.0000 8
1508.0000 9
5329.0000 12
6364.0000 13
1369.0000 11
6485.0000 16
2941.0000 6
6073.0000 7
4368.0000 9
5332.0000 11
1373.0000 10
1513.0000 7
1513.0000 8
1515.0000 8
5556.0000 11
2947.0000 6
1377.0000 6
1518.0000 8
5115.0000 13
1644.0000 9
7047.0000 10
5116.0000 8
6784.0000 6
4826.0000 9
2669.0000 12
1386.0000 5
6790.0000 15
3783.0000 7
6160.0000 10
5347.0000 14
2247.0000 8
1388.0000 5
5125.0000 10
1529.0000 12
2961.0000 6
2075.0000 6
5289.0000 12
6387.0000 14
3457.0000 15
7059.0000 10
2676.0000 8
1658.0000 11
1394.0000 6
4392.0000 11
5575.0000 11
1396.0000 9
6171.0000 7
5133.0000 12
1869.0000 10
7064.0000 11
6171.0000 10
4396.0000 6
6173.0000 10
6174.0000 8
1402.0000 7
1402.0000 5
1403.0000 11
1542.0000 8
2692.0000 9
1410.0000 10
1674.0000 6
5838.0000 6
1411.0000 9
4058.0000 8
3807.0000 3
5372.0000 9
1412.0000 11
7078.0000 10
6816.0000 12
5312.0000 12
127.0000 7
2274.0000 14
5313.0000 14
5150.0000 7
5843.0000 7
1418.0000 6
1683.0000 7
6415.0000 11
6537.0000 9
2109.0000 9
6420.0000 8
5852.0000 11
1564.0000 8
5605.0000 8
1690.0000 7
2998.0000 8
5388.0000 12
1428.0000 7
1899.0000 5
6832.0000 16
6832.0000 8
1901.0000 8
6425.0000 12
6205.0000 9
6427.0000 10
1904.0000 5
6550.0000 7
1436.0000 4
1438.0000 7
1704.0000 7
6143.0000 6
6557.0000 7
4440.0000 7
7109.0000 10
4885.0000 8
1586.0000 9
1448.0000 6
6222.0000 10
3514.0000 9
1449.0000 11
averageTime:3685.8079077429984  averageHopCount:8.004612850082372
