5.0000 0.0000 0.0000
10.0000 0.0000 0.0000
15.0000 0.0000 0.0000
20.0000 0.0000 0.0000
25.0000 0.0000 0.0000
30.0000 0.0000 0.0000
35.0000 0.0000 0.0000
40.0000 0.0000 0.0000
45.0000 0.0000 0.0000
50.0000 0.0000 0.0000
55.0000 0.0000 0.0000
60.0000 0.0000 0.0000
65.0000 0.0000 0.0000
70.0000 0.0000 0.0000
75.0000 0.0000 0.0000
80.0000 0.0000 0.0000
85.0000 0.0036 0.0000
90.0000 0.0072 0.0001
95.0000 0.0180 0.0002
100.0000 0.0216 0.0003
105.0000 0.0216 0.0003
110.0000 0.0216 0.0003
115.0000 0.0216 0.0003
120.0000 0.0216 0.0003
125.0000 0.0252 0.0003
130.0000 0.0288 0.0003
135.0000 0.0288 0.0003
140.0000 0.0288 0.0003
145.0000 0.0359 0.0004
150.0000 0.0467 0.0005
155.0000 0.0575 0.0006
160.0000 0.0647 0.0007
165.0000 0.0683 0.0008
170.0000 0.0755 0.0008
175.0000 0.1006 0.0011
180.0000 0.1294 0.0014
185.0000 0.1833 0.0018
190.0000 0.2264 0.0022
195.0000 0.2624 0.0024
200.0000 0.3306 0.0028
205.0000 0.3846 0.0031
210.0000 0.4528 0.0033
215.0000 0.5175 0.0035
220.0000 0.5822 0.0035
225.0000 0.6325 0.0035
230.0000 0.6793 0.0034
235.0000 0.7321 0.0034
240.0000 0.7992 0.0033
245.0000 0.8316 0.0032
250.0000 0.8603 0.0030
255.0000 0.8962 0.0028
260.0000 0.9394 0.0026
265.0000 0.9717 0.0023
270.0000 1.0041 0.0021
275.0000 1.0077 0.0020
280.0000 1.0220 0.0019
285.0000 1.0508 0.0017
290.0000 1.0831 0.0014
295.0000 1.0975 0.0012
300.0000 1.1011 0.0012
305.0000 1.1119 0.0011
310.0000 1.1299 0.0009
315.0000 1.1528 0.0010
320.0000 1.1564 0.0010
325.0000 1.1564 0.0010
330.0000 1.1635 0.0009
335.0000 1.1743 0.0008
340.0000 1.1779 0.0007
345.0000 1.1815 0.0007
350.0000 1.1854 0.0007
355.0000 1.1967 0.0008
360.0000 1.2003 0.0007
365.0000 1.2003 0.0007
370.0000 1.2042 0.0008
375.0000 1.2117 0.0008
380.0000 1.2191 0.0008
385.0000 1.2343 0.0009
390.0000 1.2421 0.0010
395.0000 1.2459 0.0010
400.0000 1.2653 0.0012
405.0000 1.2882 0.0014
410.0000 1.3037 0.0016
415.0000 1.3112 0.0016
420.0000 1.3228 0.0017
425.0000 1.3422 0.0019
430.0000 1.3963 0.0024
435.0000 1.4389 0.0027
440.0000 1.4931 0.0031
445.0000 1.5241 0.0033
450.0000 1.5783 0.0037
455.0000 1.6540 0.0041
460.0000 1.6966 0.0042
465.0000 1.7508 0.0045
470.0000 1.8381 0.0047
475.0000 1.9117 0.0047
480.0000 1.9736 0.0046
485.0000 2.0665 0.0042
490.0000 2.1052 0.0040
495.0000 2.1478 0.0038
500.0000 2.1865 0.0035
505.0000 2.1981 0.0034
510.0000 2.2446 0.0031
515.0000 2.2755 0.0028
520.0000 2.2949 0.0026
525.0000 2.3336 0.0022
530.0000 2.3607 0.0019
535.0000 2.3878 0.0016
540.0000 2.4071 0.0014
545.0000 2.4188 0.0013
550.0000 2.4420 0.0010
555.0000 2.4497 0.0009
560.0000 2.4575 0.0008
565.0000 2.4613 0.0008
570.0000 2.4652 0.0007
575.0000 2.4729 0.0006
580.0000 2.4768 0.0007
585.0000 2.4807 0.0007
590.0000 2.4807 0.0007
595.0000 2.4807 0.0007
600.0000 2.4807 0.0007
605.0000 2.4884 0.0006
610.0000 2.4884 0.0006
615.0000 2.4923 0.0005
620.0000 2.4984 0.0006
625.0000 2.5105 0.0009
630.0000 2.5468 0.0015
635.0000 2.5953 0.0024
640.0000 2.6770 0.0040
645.0000 2.7179 0.0046
650.0000 2.7874 0.0055
655.0000 2.8736 0.0065
660.0000 2.9355 0.0071
665.0000 3.0035 0.0077
670.0000 3.0473 0.0081
675.0000 3.1242 0.0086
680.0000 3.2104 0.0098
685.0000 3.3293 0.0120
690.0000 3.4123 0.0133
695.0000 3.5146 0.0140
700.0000 3.6245 0.0152
705.0000 3.7499 0.0157
710.0000 3.8754 0.0164
715.0000 4.0577 0.0178
720.0000 4.1771 0.0186
725.0000 4.3128 0.0190
730.0000 4.4607 0.0184
735.0000 4.6246 0.0172
740.0000 4.7931 0.0167
745.0000 4.9554 0.0153
750.0000 5.0632 0.0146
755.0000 5.1429 0.0142
760.0000 5.2091 0.0138
765.0000 5.3195 0.0126
770.0000 5.3972 0.0115
775.0000 5.5000 0.0110
780.0000 5.5751 0.0108
785.0000 5.6515 0.0111
790.0000 5.7321 0.0111
795.0000 5.8081 0.0106
800.0000 5.8846 0.0105
805.0000 5.9430 0.0104
810.0000 6.0368 0.0098
815.0000 6.1188 0.0099
820.0000 6.1969 0.0096
825.0000 6.3052 0.0090
830.0000 6.3633 0.0081
835.0000 6.4457 0.0082
840.0000 6.5259 0.0078
845.0000 6.6167 0.0071
850.0000 6.6797 0.0064
855.0000 6.7261 0.0060
860.0000 6.7847 0.0057
865.0000 6.8301 0.0055
870.0000 6.8893 0.0049
875.0000 6.9302 0.0045
880.0000 6.9717 0.0038
885.0000 7.0071 0.0034
890.0000 7.0419 0.0031
895.0000 7.0458 0.0031
900.0000 7.0651 0.0029
905.0000 7.0806 0.0028
910.0000 7.0999 0.0026
915.0000 7.1154 0.0024
920.0000 7.1270 0.0023
925.0000 7.1463 0.0019
930.0000 7.1663 0.0017
935.0000 7.1663 0.0017
940.0000 7.1817 0.0015
945.0000 7.1856 0.0015
950.0000 7.1895 0.0014
955.0000 7.1895 0.0014
960.0000 7.1895 0.0014
965.0000 7.2077 0.0007
970.0000 7.2116 0.0006
975.0000 7.2116 0.0006
980.0000 7.2150 0.0007
985.0000 7.2253 0.0008
990.0000 7.2425 0.0010
995.0000 7.2807 0.0013
1000.0000 7.2978 0.0015
1005.0000 7.3150 0.0016
1010.0000 7.3356 0.0018
1015.0000 7.3493 0.0019
1020.0000 7.3794 0.0022
1025.0000 7.4103 0.0025
1030.0000 7.4352 0.0025
1035.0000 7.4733 0.0027
1040.0000 7.5214 0.0030
1045.0000 7.5420 0.0031
1050.0000 7.5855 0.0035
1055.0000 7.6290 0.0037
1060.0000 7.6921 0.0039
1065.0000 7.7391 0.0043
1070.0000 7.8148 0.0045
1075.0000 7.9148 0.0052
1080.0000 7.9817 0.0060
1085.0000 8.0414 0.0062
1090.0000 8.0770 0.0063
1095.0000 8.1400 0.0063
1100.0000 8.2329 0.0061
1105.0000 8.3099 0.0062
1110.0000 8.3731 0.0068
1115.0000 8.4330 0.0070
1120.0000 8.4941 0.0075
1125.0000 8.5529 0.0077
1130.0000 8.6350 0.0086
1135.0000 8.6824 0.0090
1140.0000 8.7403 0.0098
1145.0000 8.7912 0.0100
1150.0000 8.8536 0.0103
1155.0000 8.9044 0.0106
1160.0000 8.9668 0.0107
1165.0000 9.0398 0.0111
1170.0000 9.1011 0.0113
1175.0000 9.1532 0.0115
1180.0000 9.2736 0.0114
1185.0000 9.3478 0.0111
1190.0000 9.4160 0.0109
1195.0000 9.5008 0.0108
1200.0000 9.6214 0.0113
1205.0000 9.7241 0.0111
1210.0000 9.8352 0.0111
1215.0000 9.9376 0.0103
1220.0000 10.0322 0.0107
1225.0000 10.1383 0.0107
1230.0000 10.1950 0.0106
1235.0000 10.2719 0.0106
1240.0000 10.3585 0.0107
1245.0000 10.4831 0.0105
1250.0000 10.5903 0.0107
1255.0000 10.6733 0.0102
1260.0000 10.7397 0.0107
1265.0000 10.7876 0.0107
1270.0000 10.8603 0.0116
1275.0000 10.9209 0.0120
1280.0000 11.0171 0.0122
1285.0000 11.0651 0.0118
1290.0000 11.1473 0.0118
1295.0000 11.2137 0.0117
1300.0000 11.2561 0.0118
1305.0000 11.3167 0.0117
1310.0000 11.3531 0.0117
1315.0000 11.4195 0.0113
1320.0000 11.5286 0.0113
1325.0000 11.6351 0.0113
1330.0000 11.7079 0.0112
1335.0000 11.7745 0.0118
1340.0000 11.8470 0.0115
1345.0000 11.9536 0.0113
1350.0000 12.0445 0.0117
1355.0000 12.1657 0.0121
1360.0000 12.2662 0.0122
1365.0000 12.3668 0.0127
1370.0000 12.4637 0.0137
1375.0000 12.5832 0.0142
1380.0000 12.7611 0.0145
1385.0000 12.9208 0.0149
1390.0000 13.0501 0.0151
1395.0000 13.2240 0.0145
1400.0000 13.3691 0.0141
1405.0000 13.4817 0.0145
1410.0000 13.5894 0.0145
1415.0000 13.7380 0.0140
1420.0000 13.8613 0.0134
1425.0000 13.9654 0.0125
1430.0000 14.0680 0.0120
1435.0000 14.1439 0.0112
1440.0000 14.2077 0.0106
1445.0000 14.3287 0.0102
1450.0000 14.4063 0.0102
1455.0000 14.4611 0.0101
1460.0000 14.5337 0.0099
1465.0000 14.5967 0.0099
1470.0000 14.6554 0.0092
1475.0000 14.6975 0.0083
1480.0000 14.7573 0.0077
1485.0000 14.8227 0.0074
1490.0000 14.8547 0.0074
1495.0000 14.8832 0.0074
1500.0000 14.9512 0.0059
1505.0000 15.0131 0.0052
1510.0000 15.0775 0.0046
1515.0000 15.1059 0.0045
1520.0000 15.1700 0.0041
1525.0000 15.2116 0.0036
1530.0000 15.2664 0.0028
1535.0000 15.3009 0.0023
1540.0000 15.3151 0.0022
1545.0000 15.3222 0.0021
1550.0000 15.3329 0.0022
1555.0000 15.3496 0.0021
1560.0000 15.3628 0.0021
1565.0000 15.3699 0.0020
1570.0000 15.3902 0.0016
1575.0000 15.4035 0.0016
1580.0000 15.4035 0.0016
1585.0000 15.4222 0.0019
1590.0000 15.4320 0.0019
1595.0000 15.4449 0.0018
1600.0000 15.4613 0.0019
1605.0000 15.4742 0.0019
1610.0000 15.4938 0.0020
1615.0000 15.5155 0.0023
1620.0000 15.5373 0.0025
1625.0000 15.5684 0.0028
1630.0000 15.5840 0.0029
1635.0000 15.6093 0.0030
1640.0000 15.6436 0.0033
1645.0000 15.6747 0.0035
1650.0000 15.7124 0.0035
1655.0000 15.7596 0.0035
1660.0000 15.7978 0.0036
1665.0000 15.8196 0.0037
1670.0000 15.8693 0.0038
1675.0000 15.9284 0.0039
1680.0000 15.9818 0.0039
1685.0000 16.0221 0.0040
1690.0000 16.0718 0.0039
1695.0000 16.1092 0.0038
1700.0000 16.1527 0.0036
1705.0000 16.1963 0.0034
1710.0000 16.2118 0.0034
1715.0000 16.2523 0.0031
1720.0000 16.2710 0.0030
1725.0000 16.2927 0.0029
1730.0000 16.3083 0.0026
1735.0000 16.3330 0.0026
1740.0000 16.3821 0.0030
1745.0000 16.4188 0.0034
1750.0000 16.4737 0.0042
1755.0000 16.5436 0.0052
1760.0000 16.6077 0.0059
1765.0000 16.6624 0.0067
1770.0000 16.7082 0.0068
1775.0000 16.8146 0.0081
1780.0000 16.9423 0.0090
1785.0000 17.0485 0.0100
1790.0000 17.1546 0.0107
1795.0000 17.2436 0.0115
1800.0000 17.3628 0.0119
1805.0000 17.5063 0.0121
1810.0000 17.6176 0.0121
1815.0000 17.7368 0.0117
1820.0000 17.8322 0.0112
1825.0000 17.9243 0.0105
1830.0000 18.0193 0.0096
1835.0000 18.1356 0.0083
1840.0000 18.2025 0.0075
1845.0000 18.2653 0.0068
1850.0000 18.3081 0.0069
1855.0000 18.3887 0.0070
1860.0000 18.4214 0.0072
1865.0000 18.5051 0.0073
1870.0000 18.5726 0.0075
1875.0000 18.6462 0.0076
1880.0000 18.7053 0.0077
1885.0000 18.7935 0.0080
1890.0000 18.8673 0.0077
1895.0000 18.9166 0.0078
1900.0000 18.9986 0.0078
1905.0000 19.0932 0.0078
1910.0000 19.1679 0.0077
1915.0000 19.2833 0.0070
1920.0000 19.3377 0.0066
1925.0000 19.4256 0.0069
1930.0000 19.4902 0.0066
1935.0000 19.5506 0.0063
1940.0000 19.5751 0.0060
1945.0000 19.6374 0.0057
1950.0000 19.7029 0.0056
1955.0000 19.7447 0.0057
1960.0000 19.7621 0.0056
1965.0000 19.8203 0.0056
1970.0000 19.8662 0.0060
1975.0000 19.9162 0.0061
1980.0000 19.9618 0.0066
1985.0000 20.0197 0.0070
1990.0000 20.0542 0.0073
1995.0000 20.1090 0.0077
2000.0000 20.1811 0.0080
2005.0000 20.2359 0.0083
2010.0000 20.2856 0.0086
2015.0000 20.3464 0.0089
2020.0000 20.4245 0.0093
2025.0000 20.4961 0.0092
2030.0000 20.5955 0.0091
2035.0000 20.7392 0.0089
2040.0000 20.8859 0.0082
2045.0000 20.9949 0.0080
2050.0000 21.0527 0.0079
2055.0000 21.0996 0.0080
2060.0000 21.1502 0.0081
2065.0000 21.2101 0.0080
2070.0000 21.2600 0.0079
2075.0000 21.3328 0.0079
2080.0000 21.3847 0.0078
2085.0000 21.4510 0.0077
2090.0000 21.5107 0.0078
2095.0000 21.5647 0.0077
2100.0000 21.6196 0.0070
2105.0000 21.6751 0.0066
2110.0000 21.7506 0.0063
2115.0000 21.7996 0.0060
2120.0000 21.8629 0.0058
2125.0000 21.9096 0.0061
2130.0000 21.9613 0.0061
2135.0000 22.0262 0.0060
2140.0000 22.0876 0.0061
2145.0000 22.1315 0.0057
2150.0000 22.1867 0.0056
2155.0000 22.2262 0.0055
2160.0000 22.2657 0.0053
2165.0000 22.3087 0.0052
2170.0000 22.3533 0.0048
2175.0000 22.3855 0.0047
2180.0000 22.4322 0.0044
2185.0000 22.4860 0.0041
2190.0000 22.5199 0.0037
2195.0000 22.5502 0.0032
2200.0000 22.5683 0.0032
2205.0000 22.5863 0.0031
2210.0000 22.6194 0.0032
2215.0000 22.6343 0.0034
2220.0000 22.6861 0.0040
2225.0000 22.7117 0.0039
2230.0000 22.7265 0.0040
2235.0000 22.7599 0.0044
2240.0000 22.7930 0.0045
2245.0000 22.8188 0.0045
2250.0000 22.8262 0.0046
2255.0000 22.8518 0.0045
2260.0000 22.8814 0.0047
2265.0000 22.8963 0.0048
2270.0000 22.9408 0.0049
2275.0000 23.0085 0.0047
2280.0000 23.0824 0.0056
2285.0000 23.1317 0.0060
2290.0000 23.1772 0.0063
2295.0000 23.2252 0.0069
2300.0000 23.3462 0.0087
2305.0000 23.4709 0.0097
2310.0000 23.6423 0.0107
2315.0000 23.7463 0.0114
2320.0000 23.8528 0.0125
2325.0000 23.9766 0.0138
2330.0000 24.1305 0.0145
2335.0000 24.3322 0.0161
2340.0000 24.5292 0.0165
2345.0000 24.7301 0.0181
2350.0000 24.9470 0.0196
2355.0000 25.1753 0.0222
2360.0000 25.3652 0.0256
2365.0000 25.5401 0.0263
2370.0000 25.7188 0.0278
2375.0000 25.8599 0.0294
2380.0000 25.9791 0.0301
2385.0000 26.1531 0.0302
2390.0000 26.3123 0.0297
2395.0000 26.5034 0.0303
2400.0000 26.6443 0.0296
2405.0000 26.7719 0.0303
2410.0000 26.9105 0.0289
2415.0000 27.0634 0.0283
2420.0000 27.2213 0.0287
2425.0000 27.4057 0.0301
2430.0000 27.5491 0.0301
2435.0000 27.6850 0.0305
2440.0000 27.8087 0.0308
2445.0000 27.9882 0.0302
2450.0000 28.0755 0.0300
2455.0000 28.1737 0.0303
2460.0000 28.2794 0.0283
2465.0000 28.4044 0.0268
2470.0000 28.4991 0.0259
2475.0000 28.5683 0.0244
2480.0000 28.6435 0.0230
2485.0000 28.7225 0.0220
2490.0000 28.8220 0.0194
2495.0000 28.9021 0.0176
2500.0000 28.9811 0.0156
2505.0000 29.0370 0.0142
2510.0000 29.0625 0.0140
2515.0000 29.1038 0.0132
2520.0000 29.1439 0.0122
2525.0000 29.2071 0.0104
2530.0000 29.2459 0.0095
2535.0000 29.3030 0.0078
2540.0000 29.3248 0.0075
2545.0000 29.3528 0.0070
2550.0000 29.3892 0.0062
2555.0000 29.4062 0.0059
2560.0000 29.4244 0.0056
2565.0000 29.4475 0.0047
2570.0000 29.4683 0.0041
2575.0000 29.4781 0.0041
2580.0000 29.5012 0.0036
2585.0000 29.5172 0.0039
2590.0000 29.5332 0.0039
2595.0000 29.5431 0.0041
2600.0000 29.5580 0.0043
2605.0000 29.5728 0.0045
2610.0000 29.5926 0.0049
2615.0000 29.6224 0.0053
2620.0000 29.6422 0.0056
2625.0000 29.6780 0.0059
2630.0000 29.7127 0.0061
2635.0000 29.7424 0.0064
2640.0000 29.7771 0.0070
2645.0000 29.8415 0.0076
2650.0000 29.9455 0.0084
2655.0000 30.0617 0.0087
2660.0000 30.1459 0.0088
2665.0000 30.2648 0.0089
2670.0000 30.3788 0.0090
2675.0000 30.4927 0.0088
2680.0000 30.6067 0.0083
2685.0000 30.7057 0.0076
2690.0000 30.7652 0.0071
2695.0000 30.8247 0.0066
2700.0000 30.8791 0.0058
2705.0000 30.9248 0.0049
2710.0000 30.9546 0.0045
2715.0000 30.9941 0.0038
2720.0000 31.0090 0.0036
2725.0000 31.0238 0.0034
2730.0000 31.0238 0.0034
2735.0000 31.0288 0.0034
2740.0000 31.0338 0.0033
2745.0000 31.0387 0.0032
2750.0000 31.0437 0.0032
2755.0000 31.0526 0.0032
2760.0000 31.0616 0.0032
2765.0000 31.0755 0.0031
2770.0000 31.0945 0.0032
2775.0000 31.1195 0.0034
2780.0000 31.1375 0.0035
2785.0000 31.1584 0.0038
2790.0000 31.1794 0.0037
2795.0000 31.2044 0.0038
2800.0000 31.2325 0.0041
2805.0000 31.2865 0.0044
2810.0000 31.3626 0.0054
2815.0000 31.4467 0.0061
2820.0000 31.4988 0.0063
2825.0000 31.5809 0.0065
2830.0000 31.6731 0.0066
2835.0000 31.7211 0.0068
2840.0000 31.7813 0.0069
2845.0000 31.8574 0.0069
2850.0000 31.9385 0.0064
2855.0000 31.9946 0.0061
2860.0000 32.0427 0.0059
2865.0000 32.0748 0.0058
2870.0000 32.0948 0.0058
2875.0000 32.1149 0.0057
2880.0000 32.1429 0.0055
2885.0000 32.1750 0.0052
2890.0000 32.2070 0.0050
2895.0000 32.2271 0.0049
2900.0000 32.2511 0.0046
2905.0000 32.2672 0.0045
2910.0000 32.2832 0.0043
2915.0000 32.2912 0.0042
2920.0000 32.3153 0.0040
2925.0000 32.3333 0.0040
2930.0000 32.3574 0.0036
2935.0000 32.3694 0.0035
2940.0000 32.3975 0.0031
2945.0000 32.4138 0.0030
2950.0000 32.4223 0.0032
2955.0000 32.4391 0.0033
2960.0000 32.4643 0.0033
2965.0000 32.4856 0.0036
2970.0000 32.5125 0.0036
2975.0000 32.5605 0.0039
2980.0000 32.6129 0.0049
2985.0000 32.6531 0.0053
2990.0000 32.6949 0.0059
2995.0000 32.7686 0.0065
3000.0000 32.8697 0.0077
3005.0000 32.9518 0.0085
3010.0000 33.0612 0.0093
3015.0000 33.1392 0.0103
3020.0000 33.2586 0.0115
3025.0000 33.3553 0.0129
3030.0000 33.4982 0.0149
3035.0000 33.6198 0.0167
3040.0000 33.7864 0.0174
3045.0000 33.9827 0.0192
3050.0000 34.1578 0.0209
3055.0000 34.3165 0.0230
3060.0000 34.4360 0.0234
3065.0000 34.6030 0.0233
3070.0000 34.7361 0.0239
3075.0000 34.8586 0.0241
3080.0000 35.0101 0.0241
3085.0000 35.1764 0.0244
3090.0000 35.3325 0.0245
3095.0000 35.4242 0.0242
3100.0000 35.5980 0.0225
3105.0000 35.7177 0.0223
3110.0000 35.9018 0.0205
3115.0000 36.0109 0.0203
3120.0000 36.1509 0.0181
3125.0000 36.2392 0.0172
3130.0000 36.3563 0.0161
3135.0000 36.4184 0.0157
3140.0000 36.5101 0.0151
3145.0000 36.5810 0.0152
3150.0000 36.6454 0.0142
3155.0000 36.6985 0.0130
3160.0000 36.7758 0.0126
3165.0000 36.8253 0.0125
3170.0000 36.8898 0.0119
3175.0000 36.9735 0.0105
3180.0000 37.0182 0.0098
3185.0000 37.0865 0.0087
3190.0000 37.1444 0.0083
3195.0000 37.2234 0.0074
3200.0000 37.2686 0.0067
3205.0000 37.3430 0.0069
3210.0000 37.4077 0.0068
3215.0000 37.4768 0.0071
3220.0000 37.5316 0.0079
3225.0000 37.6276 0.0095
3230.0000 37.7113 0.0105
3235.0000 37.8050 0.0114
3240.0000 37.9047 0.0123
3245.0000 37.9998 0.0140
3250.0000 38.1054 0.0158
3255.0000 38.2162 0.0173
3260.0000 38.3281 0.0180
3265.0000 38.4331 0.0188
3270.0000 38.5754 0.0193
3275.0000 38.6794 0.0201
3280.0000 38.8131 0.0210
3285.0000 38.9346 0.0209
3290.0000 39.0744 0.0208
3295.0000 39.1861 0.0205
3300.0000 39.3207 0.0190
3305.0000 39.3877 0.0177
3310.0000 39.4790 0.0166
3315.0000 39.6156 0.0153
3320.0000 39.7202 0.0144
3325.0000 39.8089 0.0133
3330.0000 39.9157 0.0121
3335.0000 39.9719 0.0108
3340.0000 40.0159 0.0096
3345.0000 40.0478 0.0088
3350.0000 40.0896 0.0078
3355.0000 40.0997 0.0078
3360.0000 40.1235 0.0074
3365.0000 40.1496 0.0070
3370.0000 40.1758 0.0067
3375.0000 40.1936 0.0065
3380.0000 40.2173 0.0064
3385.0000 40.2435 0.0059
3390.0000 40.2714 0.0056
3395.0000 40.2873 0.0053
3400.0000 40.3131 0.0054
3405.0000 40.3291 0.0056
3410.0000 40.3509 0.0055
3415.0000 40.3810 0.0056
3420.0000 40.4090 0.0062
3425.0000 40.4530 0.0066
3430.0000 40.4992 0.0065
3435.0000 40.5173 0.0065
3440.0000 40.5413 0.0068
3445.0000 40.5793 0.0069
3450.0000 40.6113 0.0072
3455.0000 40.6313 0.0074
3460.0000 40.6673 0.0075
3465.0000 40.6833 0.0076
3470.0000 40.7113 0.0078
3475.0000 40.7454 0.0080
3480.0000 40.7715 0.0077
3485.0000 40.8255 0.0078
3490.0000 40.8695 0.0079
3495.0000 40.9255 0.0080
3500.0000 40.9815 0.0083
3505.0000 41.0135 0.0082
3510.0000 41.0655 0.0081
3515.0000 41.1095 0.0080
3520.0000 41.1476 0.0075
3525.0000 41.1716 0.0076
3530.0000 41.2316 0.0071
3535.0000 41.2916 0.0068
3540.0000 41.3516 0.0066
3545.0000 41.4017 0.0057
3550.0000 41.4137 0.0056
3555.0000 41.4297 0.0054
3560.0000 41.4497 0.0050
3565.0000 41.4737 0.0048
3570.0000 41.5017 0.0045
3575.0000 41.5177 0.0043
3580.0000 41.5217 0.0042
3585.0000 41.5457 0.0040
3590.0000 41.5657 0.0037
3595.0000 41.5697 0.0036
3600.0000 41.5777 0.0036
3605.0000 41.5901 0.0035
3610.0000 41.6065 0.0034
3615.0000 41.6259 0.0037
3620.0000 41.7016 0.0049
3625.0000 41.7487 0.0055
3630.0000 41.8173 0.0063
3635.0000 41.8471 0.0069
3640.0000 41.8968 0.0077
3645.0000 41.9537 0.0085
3650.0000 42.0171 0.0096
3655.0000 42.1318 0.0118
3660.0000 42.2868 0.0138
3665.0000 42.4181 0.0154
3670.0000 42.5344 0.0177
3675.0000 42.7025 0.0212
3680.0000 42.8789 0.0233
3685.0000 43.0151 0.0253
3690.0000 43.1803 0.0279
3695.0000 43.3356 0.0322
3700.0000 43.5202 0.0357
3705.0000 43.6640 0.0388
3710.0000 43.7852 0.0399
3715.0000 43.9444 0.0388
3720.0000 44.1323 0.0393
3725.0000 44.2668 0.0391
3730.0000 44.4180 0.0373
3735.0000 44.5554 0.0355
3740.0000 44.7240 0.0345
3745.0000 44.8794 0.0329
3750.0000 44.9956 0.0320
3755.0000 45.1102 0.0307
3760.0000 45.2616 0.0288
3765.0000 45.4449 0.0273
3770.0000 45.6254 0.0263
3775.0000 45.7352 0.0234
3780.0000 45.8362 0.0224
3785.0000 45.9481 0.0200
3790.0000 46.0346 0.0188
3795.0000 46.1205 0.0178
3800.0000 46.1839 0.0176
3805.0000 46.2432 0.0169
3810.0000 46.2906 0.0170
3815.0000 46.3798 0.0183
3820.0000 46.4339 0.0182
3825.0000 46.5218 0.0173
3830.0000 46.5883 0.0177
3835.0000 46.6452 0.0175
3840.0000 46.6815 0.0173
3845.0000 46.7414 0.0180
3850.0000 46.8183 0.0178
3855.0000 46.8885 0.0177
3860.0000 46.9468 0.0181
3865.0000 47.0388 0.0188
3870.0000 47.1536 0.0197
3875.0000 47.2681 0.0204
3880.0000 47.3908 0.0219
3885.0000 47.5217 0.0222
3890.0000 47.6501 0.0220
3895.0000 47.7239 0.0220
3900.0000 47.8415 0.0218
3905.0000 47.9481 0.0217
3910.0000 48.0423 0.0214
3915.0000 48.1908 0.0207
3920.0000 48.2973 0.0203
3925.0000 48.4095 0.0201
3930.0000 48.5068 0.0198
3935.0000 48.5640 0.0197
3940.0000 48.6490 0.0173
3945.0000 48.7355 0.0158
3950.0000 48.7828 0.0151
3955.0000 48.8853 0.0147
3960.0000 48.9724 0.0153
3965.0000 49.0444 0.0150
3970.0000 49.0884 0.0148
3975.0000 49.1614 0.0153
3980.0000 49.2260 0.0155
3985.0000 49.3018 0.0159
3990.0000 49.3787 0.0159
3995.0000 49.4256 0.0157
4000.0000 49.4889 0.0158
4005.0000 49.6027 0.0163
4010.0000 49.6619 0.0163
4015.0000 49.7088 0.0163
4020.0000 49.7947 0.0157
4025.0000 49.8833 0.0161
4030.0000 49.9609 0.0162
4035.0000 50.0347 0.0162
4040.0000 50.1033 0.0167
4045.0000 50.1897 0.0174
4050.0000 50.3038 0.0179
4055.0000 50.3993 0.0195
4060.0000 50.5080 0.0204
4065.0000 50.6397 0.0228
4070.0000 50.7438 0.0246
4075.0000 50.8611 0.0254
4080.0000 51.0282 0.0261
4085.0000 51.1638 0.0270
4090.0000 51.3368 0.0291
4095.0000 51.5093 0.0303
4100.0000 51.6725 0.0313
4105.0000 51.8514 0.0312
4110.0000 52.0686 0.0328
4115.0000 52.2676 0.0333
4120.0000 52.4620 0.0315
4125.0000 52.5866 0.0307
4130.0000 52.7137 0.0303
4135.0000 52.8365 0.0292
4140.0000 52.9399 0.0274
4145.0000 53.0338 0.0257
4150.0000 53.1071 0.0238
4155.0000 53.1672 0.0234
4160.0000 53.2472 0.0219
4165.0000 53.3350 0.0204
4170.0000 53.3869 0.0198
4175.0000 53.4314 0.0191
4180.0000 53.4807 0.0179
4185.0000 53.5036 0.0175
4190.0000 53.5421 0.0168
4195.0000 53.5735 0.0158
4200.0000 53.6012 0.0144
4205.0000 53.6363 0.0126
4210.0000 53.6568 0.0121
4215.0000 53.6690 0.0118
4220.0000 53.6750 0.0118
4225.0000 53.6871 0.0118
4230.0000 53.6991 0.0118
4235.0000 53.7039 0.0116
4240.0000 53.7279 0.0116
4245.0000 53.7506 0.0115
4250.0000 53.7565 0.0116
4255.0000 53.7625 0.0117
4260.0000 53.7781 0.0115
4265.0000 53.8007 0.0112
4270.0000 53.8245 0.0116
4275.0000 53.8591 0.0113
4280.0000 53.8830 0.0119
4285.0000 53.9367 0.0126
4290.0000 53.9724 0.0132
4295.0000 54.0318 0.0140
4300.0000 54.0674 0.0151
4305.0000 54.1268 0.0160
4310.0000 54.1922 0.0166
4315.0000 54.2517 0.0174
4320.0000 54.3646 0.0182
4325.0000 54.4835 0.0183
4330.0000 54.5845 0.0194
4335.0000 54.7330 0.0198
4340.0000 54.8758 0.0199
4345.0000 55.0012 0.0210
4350.0000 55.1269 0.0208
4355.0000 55.2526 0.0219
4360.0000 55.3790 0.0234
4365.0000 55.5527 0.0241
4370.0000 55.6851 0.0254
4375.0000 55.8114 0.0254
4380.0000 55.9192 0.0258
4385.0000 56.0095 0.0263
4390.0000 56.1061 0.0276
4395.0000 56.2450 0.0281
4400.0000 56.3655 0.0275
4405.0000 56.5652 0.0300
4410.0000 56.7466 0.0304
4415.0000 56.9158 0.0303
4420.0000 57.0733 0.0318
4425.0000 57.1940 0.0315
4430.0000 57.4302 0.0347
4435.0000 57.6725 0.0360
4440.0000 57.8967 0.0368
4445.0000 58.0965 0.0374
4450.0000 58.3022 0.0389
4455.0000 58.4896 0.0390
4460.0000 58.6590 0.0384
4465.0000 58.8711 0.0383
4470.0000 59.0926 0.0379
4475.0000 59.3506 0.0382
4480.0000 59.5697 0.0391
4485.0000 59.7377 0.0379
4490.0000 59.9264 0.0381
4495.0000 60.0980 0.0380
4500.0000 60.3197 0.0359
4505.0000 60.5095 0.0338
4510.0000 60.7366 0.0331
4515.0000 60.9031 0.0316
4520.0000 61.0414 0.0295
4525.0000 61.1634 0.0268
4530.0000 61.2719 0.0259
4535.0000 61.4076 0.0240
4540.0000 61.5488 0.0212
4545.0000 61.6959 0.0196
4550.0000 61.8329 0.0192
4555.0000 61.9418 0.0193
4560.0000 62.1043 0.0208
4565.0000 62.2410 0.0230
4570.0000 62.3606 0.0247
4575.0000 62.5055 0.0278
4580.0000 62.6423 0.0296
4585.0000 62.8365 0.0319
4590.0000 63.0953 0.0358
4595.0000 63.3454 0.0398
4600.0000 63.6064 0.0421
4605.0000 63.8548 0.0447
4610.0000 64.0998 0.0461
4615.0000 64.2739 0.0464
4620.0000 64.4791 0.0466
4625.0000 64.7207 0.0451
4630.0000 64.8388 0.0434
4635.0000 64.9949 0.0414
4640.0000 65.1626 0.0396
4645.0000 65.3142 0.0375
4650.0000 65.4756 0.0377
4655.0000 65.5706 0.0368
4660.0000 65.6976 0.0334
4665.0000 65.7845 0.0322
4670.0000 65.8543 0.0309
4675.0000 65.9165 0.0301
4680.0000 65.9635 0.0291
4685.0000 66.0302 0.0281
4690.0000 66.1203 0.0254
4695.0000 66.1778 0.0232
4700.0000 66.2339 0.0215
4705.0000 66.2991 0.0191
4710.0000 66.3345 0.0174
4715.0000 66.3699 0.0168
4720.0000 66.3755 0.0166
4725.0000 66.4134 0.0159
4730.0000 66.4422 0.0148
4735.0000 66.4594 0.0142
4740.0000 66.4969 0.0137
4745.0000 66.5329 0.0131
4750.0000 66.5668 0.0126
4755.0000 66.5815 0.0127
4760.0000 66.5871 0.0124
4765.0000 66.6033 0.0125
4770.0000 66.6105 0.0126
4775.0000 66.6212 0.0126
4780.0000 66.6318 0.0129
4785.0000 66.6552 0.0129
4790.0000 66.6659 0.0130
4795.0000 66.6731 0.0130
4800.0000 66.7126 0.0132
4805.0000 66.7704 0.0122
4810.0000 66.8195 0.0129
4815.0000 66.8590 0.0140
4820.0000 66.9264 0.0140
4825.0000 67.0187 0.0150
4830.0000 67.1049 0.0153
4835.0000 67.1850 0.0157
4840.0000 67.2691 0.0165
4845.0000 67.3732 0.0181
4850.0000 67.4715 0.0185
4855.0000 67.5535 0.0194
4860.0000 67.6838 0.0203
4865.0000 67.8089 0.0216
4870.0000 67.9440 0.0212
4875.0000 68.1076 0.0221
4880.0000 68.2352 0.0227
4885.0000 68.4074 0.0232
4890.0000 68.5735 0.0241
4895.0000 68.6963 0.0247
4900.0000 68.7879 0.0242
4905.0000 68.9027 0.0229
4910.0000 69.0028 0.0224
4915.0000 69.0782 0.0214
4920.0000 69.1602 0.0204
4925.0000 69.2336 0.0205
4930.0000 69.3035 0.0202
4935.0000 69.3853 0.0186
4940.0000 69.4010 0.0179
4945.0000 69.4565 0.0173
4950.0000 69.4817 0.0167
4955.0000 69.5104 0.0163
4960.0000 69.5513 0.0154
4965.0000 69.5766 0.0148
4970.0000 69.5983 0.0151
4975.0000 69.6150 0.0148
4980.0000 69.6461 0.0145
4985.0000 69.6816 0.0141
4990.0000 69.7208 0.0137
4995.0000 69.7371 0.0136
5000.0000 69.7510 0.0137
5005.0000 69.7814 0.0138
5010.0000 69.8346 0.0135
5015.0000 69.8631 0.0133
5020.0000 69.8865 0.0131
5025.0000 69.9177 0.0127
5030.0000 69.9737 0.0120
5035.0000 70.0082 0.0125
5040.0000 70.0391 0.0129
5045.0000 70.0933 0.0127
5050.0000 70.1620 0.0132
5055.0000 70.2309 0.0125
5060.0000 70.3031 0.0126
5065.0000 70.3538 0.0129
5070.0000 70.4229 0.0136
5075.0000 70.4644 0.0137
5080.0000 70.5340 0.0131
5085.0000 70.5969 0.0136
5090.0000 70.6632 0.0135
5095.0000 70.7329 0.0135
5100.0000 70.7783 0.0133
5105.0000 70.8682 0.0140
5110.0000 70.9242 0.0137
5115.0000 70.9733 0.0139
5120.0000 71.0260 0.0142
5125.0000 71.0876 0.0143
5130.0000 71.1226 0.0150
5135.0000 71.1724 0.0153
5140.0000 71.2653 0.0173
5145.0000 71.3828 0.0204
5150.0000 71.5041 0.0223
5155.0000 71.6085 0.0235
5160.0000 71.7613 0.0247
5165.0000 71.8877 0.0259
5170.0000 72.0913 0.0283
5175.0000 72.2874 0.0304
5180.0000 72.5310 0.0345
5185.0000 72.7898 0.0380
5190.0000 73.0261 0.0407
5195.0000 73.2436 0.0430
5200.0000 73.5015 0.0461
5205.0000 73.8139 0.0497
5210.0000 74.1016 0.0500
5215.0000 74.2928 0.0493
5220.0000 74.4909 0.0487
5225.0000 74.6723 0.0479
5230.0000 74.8620 0.0457
5235.0000 75.0228 0.0442
5240.0000 75.1593 0.0404
5245.0000 75.2489 0.0376
5250.0000 75.3358 0.0356
5255.0000 75.3950 0.0344
5260.0000 75.4653 0.0326
5265.0000 75.5391 0.0302
5270.0000 75.6069 0.0292
5275.0000 75.6928 0.0254
5280.0000 75.7396 0.0242
5285.0000 75.7711 0.0233
5290.0000 75.8264 0.0218
5295.0000 75.8975 0.0201
5300.0000 75.9289 0.0188
5305.0000 75.9658 0.0177
5310.0000 76.0049 0.0172
5315.0000 76.0354 0.0170
5320.0000 76.0646 0.0173
5325.0000 76.0973 0.0170
5330.0000 76.1598 0.0168
5335.0000 76.2120 0.0173
5340.0000 76.2758 0.0179
5345.0000 76.3259 0.0179
5350.0000 76.3957 0.0183
5355.0000 76.4592 0.0193
5360.0000 76.5401 0.0199
5365.0000 76.6096 0.0196
5370.0000 76.7158 0.0209
5375.0000 76.8275 0.0211
5380.0000 76.9778 0.0215
5385.0000 77.1538 0.0215
5390.0000 77.3368 0.0237
5395.0000 77.5071 0.0257
5400.0000 77.6838 0.0270
5405.0000 77.9216 0.0279
5410.0000 78.1166 0.0281
5415.0000 78.3321 0.0315
5420.0000 78.5902 0.0303
5425.0000 78.7830 0.0331
5430.0000 79.0115 0.0347
5435.0000 79.1916 0.0367
5440.0000 79.4450 0.0407
5445.0000 79.7270 0.0444
5450.0000 80.0352 0.0491
5455.0000 80.3308 0.0516
5460.0000 80.5718 0.0540
5465.0000 80.8566 0.0542
5470.0000 81.1288 0.0556
5475.0000 81.4001 0.0543
5480.0000 81.5986 0.0507
5485.0000 81.8102 0.0487
5490.0000 81.9945 0.0476
5495.0000 82.1829 0.0479
5500.0000 82.3513 0.0463
5505.0000 82.5664 0.0464
5510.0000 82.7461 0.0474
5515.0000 82.9812 0.0479
5520.0000 83.1849 0.0451
5525.0000 83.3369 0.0422
5530.0000 83.4883 0.0391
5535.0000 83.6724 0.0359
5540.0000 83.7734 0.0337
5545.0000 83.9329 0.0324
5550.0000 84.0175 0.0318
5555.0000 84.0950 0.0304
5560.0000 84.2153 0.0296
5565.0000 84.3125 0.0291
5570.0000 84.4036 0.0279
5575.0000 84.5086 0.0258
5580.0000 84.5893 0.0238
5585.0000 84.6315 0.0229
5590.0000 84.7097 0.0217
5595.0000 84.7587 0.0217
5600.0000 84.8076 0.0220
5605.0000 84.8816 0.0212
5610.0000 84.9134 0.0212
5615.0000 84.9569 0.0202
5620.0000 84.9859 0.0189
5625.0000 85.0256 0.0177
5630.0000 85.0556 0.0178
5635.0000 85.0889 0.0178
5640.0000 85.1621 0.0175
5645.0000 85.2157 0.0178
5650.0000 85.2571 0.0183
5655.0000 85.3045 0.0193
5660.0000 85.3761 0.0182
5665.0000 85.4393 0.0183
5670.0000 85.5010 0.0191
5675.0000 85.5847 0.0197
5680.0000 85.6830 0.0206
5685.0000 85.7644 0.0212
5690.0000 85.8675 0.0218
5695.0000 85.9243 0.0214
5700.0000 86.0540 0.0231
5705.0000 86.1760 0.0243
5710.0000 86.3098 0.0261
5715.0000 86.4377 0.0263
5720.0000 86.5551 0.0269
5725.0000 86.6426 0.0279
5730.0000 86.8108 0.0289
5735.0000 86.9873 0.0297
5740.0000 87.1578 0.0295
5745.0000 87.2552 0.0303
5750.0000 87.3872 0.0297
5755.0000 87.4847 0.0293
5760.0000 87.5906 0.0280
5765.0000 87.7124 0.0274
5770.0000 87.8239 0.0264
5775.0000 87.9535 0.0254
5780.0000 88.0185 0.0247
5785.0000 88.1139 0.0236
5790.0000 88.1969 0.0219
5795.0000 88.2780 0.0202
5800.0000 88.3697 0.0190
5805.0000 88.4555 0.0200
5810.0000 88.5455 0.0188
5815.0000 88.6049 0.0189
5820.0000 88.6540 0.0191
5825.0000 88.7400 0.0200
5830.0000 88.7935 0.0202
5835.0000 88.8755 0.0208
5840.0000 89.0005 0.0202
5845.0000 89.1174 0.0195
5850.0000 89.1871 0.0198
5855.0000 89.2896 0.0202
5860.0000 89.4229 0.0222
5865.0000 89.5244 0.0244
5870.0000 89.6202 0.0251
5875.0000 89.7244 0.0252
5880.0000 89.8344 0.0261
5885.0000 89.9262 0.0256
5890.0000 90.0968 0.0285
5895.0000 90.2897 0.0318
5900.0000 90.4841 0.0347
5905.0000 90.7003 0.0373
5910.0000 90.9148 0.0405
5915.0000 91.1557 0.0453
5920.0000 91.3841 0.0483
5925.0000 91.6267 0.0536
5930.0000 91.9421 0.0585
5935.0000 92.1787 0.0608
5940.0000 92.3870 0.0605
5945.0000 92.6922 0.0628
5950.0000 93.0035 0.0640
5955.0000 93.3310 0.0651
5960.0000 93.5249 0.0650
5965.0000 93.7453 0.0629
5970.0000 93.9854 0.0609
5975.0000 94.1229 0.0577
5980.0000 94.2988 0.0541
5985.0000 94.4888 0.0506
5990.0000 94.6525 0.0460
5995.0000 94.8062 0.0419
6000.0000 94.9274 0.0399
6005.0000 94.9998 0.0386
6010.0000 95.1146 0.0361
6015.0000 95.2333 0.0340
6020.0000 95.3545 0.0335
6025.0000 95.4757 0.0335
6030.0000 95.6030 0.0344
6035.0000 95.7476 0.0347
6040.0000 95.8928 0.0349
6045.0000 96.0677 0.0354
6050.0000 96.2218 0.0341
6055.0000 96.3423 0.0329
6060.0000 96.4316 0.0310
6065.0000 96.6195 0.0305
6070.0000 96.7768 0.0301
6075.0000 96.8790 0.0284
6080.0000 97.0346 0.0284
6085.0000 97.1770 0.0285
6090.0000 97.3179 0.0283
6095.0000 97.3943 0.0280
6100.0000 97.5174 0.0270
6105.0000 97.5506 0.0246
6110.0000 97.6331 0.0241
6115.0000 97.7193 0.0235
6120.0000 97.7998 0.0218
6125.0000 97.8803 0.0202
6130.0000 97.9440 0.0188
6135.0000 97.9759 0.0190
6140.0000 98.0278 0.0182
6145.0000 98.0853 0.0174
6150.0000 98.1040 0.0166
6155.0000 98.1581 0.0159
6160.0000 98.1111 0.0153
6165.0000 98.1180 0.0144
6170.0000 98.1305 0.0139
6175.0000 98.1710 0.0138
6180.0000 98.2110 0.0132
6185.0000 98.2068 0.0134
6190.0000 98.2216 0.0132
6195.0000 98.2041 0.0128
6200.0000 98.2435 0.0128
6205.0000 98.3292 0.0120
6210.0000 98.3277 0.0114
6215.0000 98.2670 0.0112
6220.0000 98.2747 0.0111
6225.0000 98.2512 0.0113
6230.0000 98.2757 0.0116
6235.0000 98.3071 0.0112
6240.0000 98.2713 0.0115
6245.0000 98.2274 0.0115
6250.0000 98.2242 0.0114
6255.0000 98.1671 0.0115
6260.0000 98.1807 0.0120
6265.0000 98.2159 0.0121
6270.0000 98.2371 0.0121
6275.0000 98.2092 0.0122
6280.0000 98.1738 0.0125
6285.0000 98.1507 0.0121
6290.0000 98.1573 0.0121
6295.0000 98.1562 0.0117
6300.0000 98.1745 0.0114
6305.0000 98.1923 0.0115
6310.0000 98.1774 0.0114
6315.0000 98.1486 0.0115
6320.0000 98.1454 0.0114
6325.0000 98.1749 0.0112
6330.0000 98.1772 0.0114
6335.0000 98.1597 0.0110
6340.0000 98.2025 0.0106
6345.0000 98.1870 0.0106
6350.0000 98.2041 0.0108
6355.0000 98.1601 0.0109
6360.0000 98.1818 0.0105
6365.0000 98.1211 0.0106
6370.0000 98.1437 0.0105
6375.0000 98.1347 0.0111
6380.0000 98.1584 0.0109
6385.0000 98.1662 0.0107
6390.0000 98.1736 0.0107
6395.0000 98.1883 0.0098
6400.0000 98.1997 0.0096
6405.0000 98.1793 0.0090
6410.0000 98.2048 0.0086
6415.0000 98.2554 0.0085
6420.0000 98.2723 0.0093
6425.0000 98.2937 0.0085
6430.0000 98.2739 0.0089
6435.0000 98.2975 0.0088
6440.0000 98.2912 0.0093
6445.0000 98.3149 0.0088
6450.0000 98.3781 0.0084
6455.0000 98.4041 0.0085
6460.0000 98.4011 0.0091
6465.0000 98.4197 0.0091
6470.0000 98.4045 0.0103
6475.0000 98.4553 0.0099
6480.0000 98.3823 0.0097
6485.0000 98.3447 0.0098
6490.0000 98.2994 0.0101
6495.0000 98.2677 0.0099
6500.0000 98.2621 0.0097
6505.0000 98.2624 0.0103
6510.0000 98.2738 0.0103
6515.0000 98.3111 0.0103
6520.0000 98.3097 0.0107
6525.0000 98.3242 0.0107
6530.0000 98.3123 0.0107
6535.0000 98.2672 0.0108
6540.0000 98.2800 0.0108
6545.0000 98.2612 0.0109
6550.0000 98.2606 0.0107
6555.0000 98.2439 0.0107
6560.0000 98.2253 0.0107
6565.0000 98.2464 0.0106
6570.0000 98.2341 0.0106
6575.0000 98.2189 0.0107
6580.0000 98.2299 0.0107
6585.0000 98.2193 0.0105
6590.0000 98.2216 0.0107
6595.0000 98.2312 0.0107
6600.0000 98.2420 0.0103
6605.0000 98.2508 0.0102
6610.0000 98.2723 0.0104
6615.0000 98.3096 0.0100
6620.0000 98.2836 0.0102
6625.0000 98.2853 0.0101
6630.0000 98.2670 0.0103
6635.0000 98.2746 0.0105
6640.0000 98.2859 0.0104
6645.0000 98.2313 0.0106
6650.0000 98.2329 0.0104
6655.0000 98.2188 0.0104
6660.0000 98.2201 0.0108
6665.0000 98.2083 0.0104
6670.0000 98.1954 0.0097
6675.0000 98.1376 0.0098
6680.0000 98.1210 0.0098
6685.0000 98.1638 0.0101
6690.0000 98.1451 0.0096
6695.0000 98.1186 0.0096
6700.0000 98.1322 0.0095
6705.0000 98.0979 0.0100
6710.0000 98.1177 0.0101
6715.0000 98.1454 0.0104
6720.0000 98.1595 0.0100
6725.0000 98.1704 0.0100
6730.0000 98.1358 0.0099
6735.0000 98.1330 0.0101
6740.0000 98.1372 0.0102
6745.0000 98.1738 0.0105
6750.0000 98.1808 0.0102
6755.0000 98.1745 0.0105
6760.0000 98.2037 0.0107
6765.0000 98.2076 0.0104
6770.0000 98.2519 0.0104
6775.0000 98.2377 0.0105
6780.0000 98.2315 0.0106
6785.0000 98.2581 0.0109
6790.0000 98.2680 0.0109
6795.0000 98.2469 0.0110
6800.0000 98.2530 0.0110
6805.0000 98.2618 0.0108
6810.0000 98.2672 0.0109
6815.0000 98.2598 0.0110
6820.0000 98.2178 0.0114
6825.0000 98.2267 0.0112
6830.0000 98.1960 0.0110
6835.0000 98.1803 0.0112
6840.0000 98.1541 0.0111
6845.0000 98.1583 0.0112
6850.0000 98.2404 0.0110
6855.0000 98.2318 0.0108
6860.0000 98.2303 0.0105
6865.0000 98.2319 0.0105
6870.0000 98.2331 0.0102
6875.0000 98.2359 0.0109
6880.0000 98.2523 0.0111
6885.0000 98.2331 0.0109
6890.0000 98.2398 0.0109
6895.0000 98.2313 0.0106
6900.0000 98.2519 0.0100
6905.0000 98.2159 0.0104
6910.0000 98.2293 0.0102
6915.0000 98.2280 0.0102
6920.0000 98.2162 0.0099
6925.0000 98.2983 0.0093
6930.0000 98.2827 0.0092
6935.0000 98.2817 0.0087
6940.0000 98.2720 0.0087
6945.0000 98.2618 0.0086
6950.0000 98.2787 0.0083
6955.0000 98.3184 0.0080
6960.0000 98.3094 0.0081
6965.0000 98.3046 0.0078
6970.0000 98.2865 0.0080
6975.0000 98.2777 0.0078
6980.0000 98.2805 0.0077
6985.0000 98.2612 0.0079
6990.0000 98.2318 0.0077
6995.0000 98.2353 0.0077
7000.0000 98.2374 0.0076
7005.0000 98.2393 0.0078
7010.0000 98.2236 0.0079
7015.0000 98.2282 0.0077
7020.0000 98.2419 0.0078
7025.0000 98.2372 0.0078
7030.0000 98.2214 0.0079
7035.0000 98.2212 0.0079
7040.0000 98.2167 0.0079
7045.0000 98.2227 0.0081
7050.0000 98.2160 0.0079
7055.0000 98.2128 0.0080
7060.0000 98.2110 0.0081
7065.0000 98.2054 0.0080
7070.0000 98.2127 0.0082
7075.0000 98.2230 0.0078
7080.0000 98.2464 0.0080
7085.0000 98.2313 0.0081
7090.0000 98.2148 0.0081
7095.0000 98.2475 0.0080
7100.0000 98.2463 0.0081
7105.0000 98.2697 0.0080
7110.0000 98.3099 0.0077
7115.0000 98.3217 0.0075
7120.0000 98.3092 0.0077
7125.0000 98.3377 0.0079
7130.0000 98.3274 0.0079
7135.0000 98.3615 0.0077
7140.0000 98.3559 0.0077
7145.0000 98.3784 0.0074
7150.0000 98.3943 0.0074
7155.0000 98.4389 0.0070
7160.0000 98.4418 0.0071
7165.0000 98.4765 0.0068
7170.0000 98.4679 0.0069
7175.0000 98.4883 0.0069
7180.0000 98.4975 0.0072
7185.0000 98.5279 0.0067
7190.0000 98.5281 0.0066
7195.0000 98.5106 0.0068
7200.0000 98.5087 0.0069
7205.0000 98.5180 0.0066
7210.0000 98.5256 0.0064
7215.0000 98.5252 0.0064
7220.0000 98.5378 0.0061
7225.0000 98.5253 0.0061
7230.0000 98.5371 0.0060
7235.0000 98.5371 0.0060
7240.0000 98.5371 0.0060
7245.0000 98.5262 0.0061
7250.0000 98.5257 0.0061
7255.0000 98.5205 0.0063
7260.0000 98.5301 0.0062
7265.0000 98.5261 0.0062
7270.0000 98.5148 0.0065
7275.0000 98.5243 0.0063
7280.0000 98.5194 0.0064
7285.0000 98.5275 0.0064
7290.0000 98.5310 0.0063
7295.0000 98.5310 0.0063
7300.0000 98.5275 0.0064
7305.0000 98.5303 0.0063
7310.0000 98.5251 0.0064
7315.0000 98.5259 0.0063
7320.0000 98.5357 0.0065
7325.0000 98.5359 0.0065
7330.0000 98.5491 0.0067
7335.0000 98.5342 0.0068
7340.0000 98.5226 0.0070
7345.0000 98.5335 0.0068
7350.0000 98.5011 0.0070
7355.0000 98.4969 0.0072
7360.0000 98.4772 0.0072
7365.0000 98.4717 0.0072
7370.0000 98.4788 0.0076
7375.0000 98.4526 0.0076
7380.0000 98.4168 0.0080
7385.0000 98.4130 0.0081
7390.0000 98.4221 0.0081
7395.0000 98.4046 0.0085
7400.0000 98.3963 0.0082
7405.0000 98.4028 0.0081
7410.0000 98.4215 0.0079
7415.0000 98.3880 0.0077
7420.0000 98.3825 0.0079
7425.0000 98.3815 0.0081
7430.0000 98.3933 0.0077
7435.0000 98.4189 0.0075
7440.0000 98.4112 0.0077
7445.0000 98.4209 0.0076
7450.0000 98.4276 0.0077
7455.0000 98.4276 0.0081
7460.0000 98.4195 0.0077
7465.0000 98.4399 0.0076
7470.0000 98.4426 0.0078
7475.0000 98.4480 0.0077
7480.0000 98.4447 0.0077
7485.0000 98.4452 0.0077
7490.0000 98.4409 0.0077
7495.0000 98.4430 0.0078
7500.0000 98.4393 0.0078
7505.0000 98.4358 0.0079
7510.0000 98.4269 0.0078
7515.0000 98.4020 0.0080
7520.0000 98.4062 0.0080
7525.0000 98.4023 0.0080
7530.0000 98.3937 0.0080
7535.0000 98.3892 0.0080
7540.0000 98.3854 0.0080
7545.0000 98.3859 0.0081
7550.0000 98.3859 0.0081
7555.0000 98.3859 0.0081
7560.0000 98.3859 0.0081
7565.0000 98.3859 0.0081
7570.0000 98.3859 0.0081
7575.0000 98.3859 0.0081
7580.0000 98.3819 0.0080
7585.0000 98.3730 0.0081
7590.0000 98.3633 0.0082
7595.0000 98.3653 0.0081
7600.0000 98.3653 0.0081
7605.0000 98.3653 0.0081
7610.0000 98.3544 0.0080
7615.0000 98.3544 0.0080
7620.0000 98.3544 0.0080
7625.0000 98.3605 0.0079
7630.0000 98.3558 0.0080
7635.0000 98.3419 0.0080
7640.0000 98.3298 0.0081
7645.0000 98.3212 0.0081
7650.0000 98.3212 0.0081
7655.0000 98.3111 0.0081
7660.0000 98.3111 0.0081
7665.0000 98.3111 0.0081
7670.0000 98.3002 0.0083
7675.0000 98.3025 0.0082
7680.0000 98.2951 0.0083
7685.0000 98.2951 0.0083
7690.0000 98.2914 0.0084
7695.0000 98.2914 0.0084
7700.0000 98.2874 0.0083
7705.0000 98.2837 0.0083
7710.0000 98.2898 0.0081
7715.0000 98.2898 0.0081
7720.0000 98.2898 0.0081
7725.0000 98.2898 0.0081
7730.0000 98.2815 0.0082
7735.0000 98.2857 0.0081
7740.0000 98.2857 0.0081
7745.0000 98.2857 0.0081
7750.0000 98.2820 0.0081
7755.0000 98.2820 0.0081
7760.0000 98.2820 0.0081
7765.0000 98.2820 0.0081
7770.0000 98.2820 0.0081
7775.0000 98.2820 0.0081
7780.0000 98.2820 0.0081
7785.0000 98.2863 0.0082
7790.0000 98.2856 0.0081
7795.0000 98.2900 0.0081
7800.0000 98.2850 0.0081
7805.0000 98.2930 0.0080
7810.0000 98.3001 0.0080
7815.0000 98.3094 0.0080
7820.0000 98.3069 0.0080
7825.0000 98.2899 0.0079
7830.0000 98.2966 0.0080
7835.0000 98.3224 0.0082
7840.0000 98.3492 0.0082
7845.0000 98.3621 0.0081
7850.0000 98.3503 0.0083
7855.0000 98.3567 0.0087
7860.0000 98.3590 0.0086
7865.0000 98.3837 0.0090
7870.0000 98.3935 0.0085
7875.0000 98.4101 0.0087
7880.0000 98.4246 0.0089
7885.0000 98.4699 0.0083
7890.0000 98.4314 0.0088
7895.0000 98.4035 0.0085
7900.0000 98.4218 0.0088
7905.0000 98.4138 0.0092
7910.0000 98.4080 0.0096
7915.0000 98.4539 0.0094
7920.0000 98.4502 0.0095
7925.0000 98.4370 0.0099
7930.0000 98.4136 0.0105
7935.0000 98.3758 0.0111
7940.0000 98.3965 0.0111
7945.0000 98.3768 0.0123
7950.0000 98.3028 0.0130
7955.0000 98.3830 0.0125
7960.0000 98.3591 0.0131
7965.0000 98.4094 0.0133
7970.0000 98.3450 0.0136
7975.0000 98.3137 0.0144
7980.0000 98.3295 0.0140
7985.0000 98.2852 0.0146
7990.0000 98.2704 0.0145
7995.0000 98.2690 0.0143
8000.0000 98.2599 0.0143
8005.0000 98.2552 0.0142
8010.0000 98.2573 0.0144
8015.0000 98.2430 0.0146
8020.0000 98.2096 0.0147
8025.0000 98.1983 0.0142
8030.0000 98.2495 0.0142
8035.0000 98.2514 0.0142
8040.0000 98.2639 0.0142
8045.0000 98.2738 0.0139
8050.0000 98.2608 0.0140
8055.0000 98.2370 0.0134
8060.0000 98.2507 0.0135
8065.0000 98.2433 0.0132
8070.0000 98.2576 0.0131
8075.0000 98.2997 0.0127
8080.0000 98.3887 0.0122
8085.0000 98.3888 0.0119
8090.0000 98.4170 0.0112
8095.0000 98.4335 0.0112
8100.0000 98.4407 0.0109
8105.0000 98.4742 0.0105
8110.0000 98.4762 0.0106
8115.0000 98.4988 0.0100
8120.0000 98.5360 0.0099
8125.0000 98.5526 0.0095
8130.0000 98.5809 0.0092
8135.0000 98.5579 0.0090
8140.0000 98.5581 0.0090
8145.0000 98.5571 0.0088
8150.0000 98.5629 0.0084
8155.0000 98.5575 0.0084
8160.0000 98.5671 0.0084
8165.0000 98.5468 0.0087
8170.0000 98.5517 0.0086
8175.0000 98.5516 0.0088
8180.0000 98.5604 0.0087
8185.0000 98.5397 0.0090
8190.0000 98.5341 0.0089
8195.0000 98.5278 0.0091
8200.0000 98.5077 0.0093
8205.0000 98.4826 0.0094
8210.0000 98.4768 0.0096
8215.0000 98.4507 0.0098
8220.0000 98.4306 0.0105
8225.0000 98.3911 0.0108
8230.0000 98.3961 0.0104
8235.0000 98.4161 0.0105
8240.0000 98.4311 0.0106
8245.0000 98.4589 0.0113
8250.0000 98.4550 0.0106
8255.0000 98.4419 0.0101
8260.0000 98.4242 0.0102
8265.0000 98.4591 0.0099
8270.0000 98.4607 0.0103
8275.0000 98.4850 0.0104
8280.0000 98.4408 0.0106
8285.0000 98.4552 0.0108
8290.0000 98.4372 0.0114
8295.0000 98.4236 0.0116
8300.0000 98.4415 0.0118
8305.0000 98.4719 0.0118
8310.0000 98.4670 0.0113
8315.0000 98.4312 0.0115
8320.0000 98.4188 0.0114
8325.0000 98.4719 0.0117
8330.0000 98.5021 0.0112
8335.0000 98.4871 0.0114
8340.0000 98.4838 0.0112
8345.0000 98.5015 0.0109
8350.0000 98.5077 0.0106
8355.0000 98.5106 0.0105
8360.0000 98.5266 0.0111
8365.0000 98.5799 0.0105
8370.0000 98.5567 0.0105
8375.0000 98.5706 0.0106
8380.0000 98.5777 0.0101
8385.0000 98.6305 0.0100
8390.0000 98.5969 0.0112
8395.0000 98.5880 0.0109
8400.0000 98.5909 0.0112
8405.0000 98.5745 0.0111
8410.0000 98.5527 0.0116
8415.0000 98.5668 0.0113
8420.0000 98.5644 0.0117
8425.0000 98.5651 0.0115
8430.0000 98.5668 0.0113
8435.0000 98.5411 0.0113
8440.0000 98.5215 0.0116
8445.0000 98.5334 0.0113
8450.0000 98.4864 0.0113
8455.0000 98.4732 0.0110
8460.0000 98.4462 0.0107
8465.0000 98.4287 0.0112
8470.0000 98.4445 0.0112
8475.0000 98.3874 0.0112
8480.0000 98.4081 0.0113
8485.0000 98.3947 0.0112
8490.0000 98.3591 0.0112
8495.0000 98.3534 0.0112
8500.0000 98.3170 0.0111
8505.0000 98.2728 0.0112
8510.0000 98.2656 0.0111
8515.0000 98.2422 0.0110
8520.0000 98.2268 0.0108
8525.0000 98.2289 0.0107
8530.0000 98.2246 0.0107
8535.0000 98.1499 0.0108
8540.0000 98.1568 0.0106
8545.0000 98.1504 0.0107
8550.0000 98.1397 0.0109
8555.0000 98.1254 0.0107
8560.0000 98.1358 0.0107
8565.0000 98.1228 0.0108
8570.0000 98.1088 0.0107
8575.0000 98.1146 0.0107
8580.0000 98.1104 0.0107
8585.0000 98.1069 0.0106
8590.0000 98.1050 0.0107
8595.0000 98.0866 0.0108
8600.0000 98.0889 0.0108
8605.0000 98.0810 0.0107
8610.0000 98.0857 0.0108
8615.0000 98.0857 0.0108
8620.0000 98.0796 0.0108
8625.0000 98.0834 0.0108
8630.0000 98.0743 0.0107
8635.0000 98.0685 0.0107
8640.0000 98.0685 0.0107
8645.0000 98.0615 0.0107
8650.0000 98.0578 0.0107
8655.0000 98.0457 0.0106
8660.0000 98.0517 0.0107
8665.0000 98.0482 0.0106
8670.0000 98.0390 0.0106
8675.0000 98.0395 0.0106
8680.0000 98.0397 0.0106
8685.0000 98.0357 0.0106
8690.0000 98.0357 0.0106
8695.0000 98.0297 0.0106
8700.0000 98.0297 0.0106
8705.0000 98.0257 0.0106
8710.0000 98.0318 0.0106
8715.0000 98.0331 0.0106
8720.0000 98.0369 0.0106
8725.0000 98.0430 0.0107
8730.0000 98.0322 0.0106
8735.0000 98.0382 0.0106
8740.0000 98.0382 0.0106
8745.0000 98.0382 0.0106
8750.0000 98.0420 0.0106
8755.0000 98.0420 0.0106
8760.0000 98.0364 0.0106
8765.0000 98.0280 0.0105
8770.0000 98.0432 0.0106
8775.0000 98.0490 0.0105
8780.0000 98.0450 0.0104
8785.0000 98.0493 0.0103
8790.0000 98.0516 0.0102
8795.0000 98.0650 0.0102
8800.0000 98.0935 0.0101
8805.0000 98.0922 0.0097
8810.0000 98.0770 0.0098
8815.0000 98.0847 0.0098
8820.0000 98.0940 0.0095
8825.0000 98.0947 0.0095
8830.0000 98.1019 0.0090
8835.0000 98.1175 0.0089
8840.0000 98.1122 0.0089
8845.0000 98.1396 0.0086
8850.0000 98.1500 0.0085
8855.0000 98.1777 0.0081
8860.0000 98.1564 0.0085
8865.0000 98.1679 0.0081
8870.0000 98.1627 0.0079
8875.0000 98.1767 0.0076
8880.0000 98.1751 0.0075
8885.0000 98.1784 0.0076
8890.0000 98.1845 0.0079
8895.0000 98.1905 0.0080
8900.0000 98.2329 0.0077
8905.0000 98.2389 0.0075
8910.0000 98.2439 0.0077
8915.0000 98.2310 0.0079
8920.0000 98.1714 0.0089
8925.0000 98.1397 0.0087
8930.0000 98.1426 0.0091
8935.0000 98.1118 0.0089
8940.0000 98.0463 0.0095
8945.0000 98.0244 0.0098
8950.0000 97.9800 0.0107
8955.0000 98.0387 0.0105
8960.0000 98.0115 0.0110
8965.0000 98.0466 0.0112
8970.0000 98.0269 0.0115
8975.0000 98.0172 0.0119
8980.0000 98.0114 0.0120
8985.0000 98.0374 0.0124
8990.0000 98.0420 0.0123
8995.0000 98.0549 0.0121
9000.0000 98.0995 0.0123
9005.0000 98.1018 0.0118
9010.0000 98.0849 0.0117
9015.0000 98.0849 0.0118
9020.0000 98.1013 0.0122
9025.0000 98.1126 0.0120
9030.0000 98.1289 0.0124
9035.0000 98.1580 0.0119
9040.0000 98.1912 0.0119
9045.0000 98.2501 0.0112
9050.0000 98.2795 0.0110
9055.0000 98.3321 0.0105
9060.0000 98.3773 0.0102
9065.0000 98.4227 0.0101
9070.0000 98.4181 0.0101
9075.0000 98.4321 0.0105
9080.0000 98.5067 0.0093
9085.0000 98.5223 0.0096
9090.0000 98.5209 0.0095
9095.0000 98.5386 0.0095
9100.0000 98.5594 0.0094
9105.0000 98.5864 0.0093
9110.0000 98.6011 0.0094
9115.0000 98.5730 0.0097
9120.0000 98.5419 0.0100
9125.0000 98.5554 0.0096
9130.0000 98.5612 0.0096
9135.0000 98.5586 0.0091
9140.0000 98.5329 0.0094
9145.0000 98.5109 0.0093
9150.0000 98.5147 0.0089
9155.0000 98.4950 0.0090
9160.0000 98.5180 0.0089
9165.0000 98.5116 0.0089
9170.0000 98.5030 0.0089
9175.0000 98.4955 0.0090
9180.0000 98.5024 0.0092
9185.0000 98.5083 0.0088
9190.0000 98.5202 0.0091
9195.0000 98.5110 0.0089
9200.0000 98.5436 0.0090
9205.0000 98.5393 0.0087
9210.0000 98.5512 0.0088
9215.0000 98.5752 0.0086
9220.0000 98.5525 0.0087
9225.0000 98.5389 0.0090
9230.0000 98.5612 0.0085
9235.0000 98.5743 0.0090
9240.0000 98.5931 0.0084
9245.0000 98.5563 0.0089
9250.0000 98.5115 0.0089
9255.0000 98.4879 0.0092
9260.0000 98.5147 0.0096
9265.0000 98.5309 0.0094
9270.0000 98.5333 0.0096
9275.0000 98.5287 0.0099
9280.0000 98.5157 0.0093
9285.0000 98.5225 0.0096
9290.0000 98.5250 0.0098
9295.0000 98.5584 0.0098
9300.0000 98.5415 0.0099
9305.0000 98.5296 0.0096
9310.0000 98.4761 0.0098
9315.0000 98.4908 0.0101
9320.0000 98.5150 0.0100
9325.0000 98.4864 0.0101
9330.0000 98.4829 0.0104
9335.0000 98.4798 0.0100
9340.0000 98.4826 0.0100
9345.0000 98.4799 0.0102
9350.0000 98.5221 0.0102
9355.0000 98.5817 0.0096
9360.0000 98.5931 0.0095
9365.0000 98.6022 0.0093
9370.0000 98.5909 0.0094
9375.0000 98.6207 0.0094
9380.0000 98.6220 0.0093
9385.0000 98.6495 0.0090
9390.0000 98.6702 0.0092
9395.0000 98.6502 0.0093
9400.0000 98.6450 0.0092
9405.0000 98.6459 0.0093
9410.0000 98.6543 0.0093
9415.0000 98.6405 0.0092
9420.0000 98.6440 0.0093
9425.0000 98.6276 0.0095
9430.0000 98.6120 0.0095
9435.0000 98.6131 0.0094
9440.0000 98.6178 0.0095
9445.0000 98.6261 0.0095
9450.0000 98.6371 0.0094
9455.0000 98.6379 0.0095
9460.0000 98.6345 0.0095
9465.0000 98.6532 0.0095
9470.0000 98.6532 0.0094
9475.0000 98.6450 0.0094
9480.0000 98.6470 0.0094
9485.0000 98.6205 0.0097
9490.0000 98.6114 0.0096
9495.0000 98.6121 0.0097
9500.0000 98.5978 0.0097
9505.0000 98.5978 0.0097
9510.0000 98.6039 0.0096
9515.0000 98.5499 0.0098
9520.0000 98.5531 0.0099
9525.0000 98.5330 0.0099
9530.0000 98.5243 0.0103
9535.0000 98.5144 0.0104
9540.0000 98.5369 0.0101
9545.0000 98.5412 0.0102
9550.0000 98.5342 0.0105
9555.0000 98.5478 0.0104
9560.0000 98.5374 0.0105
9565.0000 98.5214 0.0107
9570.0000 98.5294 0.0104
9575.0000 98.5571 0.0104
9580.0000 98.5786 0.0105
9585.0000 98.5795 0.0107
9590.0000 98.5482 0.0109
9595.0000 98.5361 0.0108
9600.0000 98.5730 0.0106
9605.0000 98.5977 0.0105
9610.0000 98.5975 0.0104
9615.0000 98.5940 0.0105
9620.0000 98.5981 0.0104
9625.0000 98.6302 0.0100
9630.0000 98.6193 0.0100
9635.0000 98.6374 0.0097
9640.0000 98.6385 0.0097
9645.0000 98.6416 0.0098
9650.0000 98.6482 0.0095
9655.0000 98.6293 0.0098
9660.0000 98.6311 0.0098
9665.0000 98.6230 0.0096
9670.0000 98.6181 0.0097
9675.0000 98.5931 0.0098
9680.0000 98.6113 0.0097
9685.0000 98.6115 0.0097
9690.0000 98.5928 0.0098
9695.0000 98.5953 0.0098
9700.0000 98.5896 0.0098
9705.0000 98.5814 0.0098
9710.0000 98.5839 0.0099
9715.0000 98.5786 0.0099
9720.0000 98.5609 0.0100
9725.0000 98.5465 0.0100
9730.0000 98.5289 0.0101
9735.0000 98.5174 0.0102
9740.0000 98.5131 0.0102
9745.0000 98.5131 0.0103
9750.0000 98.5081 0.0102
9755.0000 98.4952 0.0102
9760.0000 98.4965 0.0102
9765.0000 98.4967 0.0103
9770.0000 98.4819 0.0103
9775.0000 98.4770 0.0102
9780.0000 98.4557 0.0103
9785.0000 98.4453 0.0104
9790.0000 98.4405 0.0104
9795.0000 98.4333 0.0104
9800.0000 98.4397 0.0103
9805.0000 98.4377 0.0102
9810.0000 98.4102 0.0102
9815.0000 98.4111 0.0101
9820.0000 98.3928 0.0101
9825.0000 98.4047 0.0100
9830.0000 98.4120 0.0099
9835.0000 98.3824 0.0101
9840.0000 98.3808 0.0099
9845.0000 98.3638 0.0098
9850.0000 98.3737 0.0096
9855.0000 98.3892 0.0093
9860.0000 98.3814 0.0093
9865.0000 98.4071 0.0090
9870.0000 98.3995 0.0088
9875.0000 98.3815 0.0089
9880.0000 98.4126 0.0082
9885.0000 98.4222 0.0077
9890.0000 98.4545 0.0076
9895.0000 98.4304 0.0075
9900.0000 98.4586 0.0073
9905.0000 98.4774 0.0071
9910.0000 98.4871 0.0065
9915.0000 98.4412 0.0070
9920.0000 98.4301 0.0068
9925.0000 98.4137 0.0069
9930.0000 98.4319 0.0067
9935.0000 98.4243 0.0069
9940.0000 98.4247 0.0071
9945.0000 98.4348 0.0075
9950.0000 98.4384 0.0076
9955.0000 98.4335 0.0080
9960.0000 98.3857 0.0086
9965.0000 98.3536 0.0088
9970.0000 98.3567 0.0097
9975.0000 98.3862 0.0095
9980.0000 98.3614 0.0090
9985.0000 98.3793 0.0093
9990.0000 98.4315 0.0100
9995.0000 98.4166 0.0101
10000.0000 98.4120 0.0101
10005.0000 98.4122 0.0107
10010.0000 98.4348 0.0111
10015.0000 98.4181 0.0125
10020.0000 98.4351 0.0119
10025.0000 98.4213 0.0131
10030.0000 98.3946 0.0135
10035.0000 98.4113 0.0130
10040.0000 98.4221 0.0135
10045.0000 98.4544 0.0136
10050.0000 98.4792 0.0146
10055.0000 98.4912 0.0152
10060.0000 98.4601 0.0147
10065.0000 98.4899 0.0150
10070.0000 98.4500 0.0163
10075.0000 98.4939 0.0159
10080.0000 98.5133 0.0159
10085.0000 98.5405 0.0158
10090.0000 98.5698 0.0165
10095.0000 98.5559 0.0166
10100.0000 98.6032 0.0168
10105.0000 98.6466 0.0156
10110.0000 98.6828 0.0155
10115.0000 98.6890 0.0144
10120.0000 98.7149 0.0150
10125.0000 98.7440 0.0149
10130.0000 98.7981 0.0138
10135.0000 98.7805 0.0138
10140.0000 98.7700 0.0141
10145.0000 98.7613 0.0141
10150.0000 98.8449 0.0139
10155.0000 98.8229 0.0137
10160.0000 98.8226 0.0137
10165.0000 98.8193 0.0139
10170.0000 98.8020 0.0137
10175.0000 98.7896 0.0135
10180.0000 98.7962 0.0125
10185.0000 98.8076 0.0126
10190.0000 98.7866 0.0126
10195.0000 98.8045 0.0122
10200.0000 98.8034 0.0120
10205.0000 98.8065 0.0117
10210.0000 98.8339 0.0120
10215.0000 98.8305 0.0117
10220.0000 98.8319 0.0115
10225.0000 98.8173 0.0115
10230.0000 98.7823 0.0120
10235.0000 98.7831 0.0120
10240.0000 98.7736 0.0120
10245.0000 98.7707 0.0118
10250.0000 98.7593 0.0117
10255.0000 98.7635 0.0116
10260.0000 98.7650 0.0116
10265.0000 98.7823 0.0115
10270.0000 98.7720 0.0114
10275.0000 98.7735 0.0113
10280.0000 98.7890 0.0113
10285.0000 98.7798 0.0112
10290.0000 98.7668 0.0109
10295.0000 98.7492 0.0112
10300.0000 98.7491 0.0112
10305.0000 98.7375 0.0111
10310.0000 98.7348 0.0110
10315.0000 98.6888 0.0110
10320.0000 98.6772 0.0108
10325.0000 98.6633 0.0113
10330.0000 98.6359 0.0107
10335.0000 98.6559 0.0108
10340.0000 98.6098 0.0111
10345.0000 98.6183 0.0110
10350.0000 98.6128 0.0111
10355.0000 98.6221 0.0105
10360.0000 98.5998 0.0104
10365.0000 98.6075 0.0106
10370.0000 98.6368 0.0105
10375.0000 98.6184 0.0103
10380.0000 98.5992 0.0106
10385.0000 98.6098 0.0107
10390.0000 98.5801 0.0103
10395.0000 98.6222 0.0101
10400.0000 98.5935 0.0106
10405.0000 98.5848 0.0107
10410.0000 98.5509 0.0105
10415.0000 98.5889 0.0103
10420.0000 98.6060 0.0101
10425.0000 98.5859 0.0108
10430.0000 98.5943 0.0106
10435.0000 98.5269 0.0114
10440.0000 98.5096 0.0112
10445.0000 98.5269 0.0114
10450.0000 98.5823 0.0107
10455.0000 98.5738 0.0113
10460.0000 98.6187 0.0110
10465.0000 98.6173 0.0109
10470.0000 98.6462 0.0104
10475.0000 98.5969 0.0103
10480.0000 98.6278 0.0099
10485.0000 98.5946 0.0107
10490.0000 98.5983 0.0105
10495.0000 98.5629 0.0107
10500.0000 98.5319 0.0107
10505.0000 98.5503 0.0110
10510.0000 98.5478 0.0113
10515.0000 98.4996 0.0117
10520.0000 98.4970 0.0116
10525.0000 98.5081 0.0110
10530.0000 98.5104 0.0109
10535.0000 98.4894 0.0109
10540.0000 98.5149 0.0105
10545.0000 98.5515 0.0104
10550.0000 98.5304 0.0104
10555.0000 98.5093 0.0110
10560.0000 98.4927 0.0113
10565.0000 98.4287 0.0116
10570.0000 98.4770 0.0107
10575.0000 98.4699 0.0109
10580.0000 98.4944 0.0112
10585.0000 98.4721 0.0110
10590.0000 98.5085 0.0108
10595.0000 98.5284 0.0105
10600.0000 98.5354 0.0103
10605.0000 98.4939 0.0103
10610.0000 98.4634 0.0102
10615.0000 98.4211 0.0101
10620.0000 98.4539 0.0101
10625.0000 98.4526 0.0098
10630.0000 98.4796 0.0089
10635.0000 98.3970 0.0097
10640.0000 98.3307 0.0106
10645.0000 98.4065 0.0089
10650.0000 98.4410 0.0084
10655.0000 98.4023 0.0083
10660.0000 98.4217 0.0078
10665.0000 98.4671 0.0070
10670.0000 98.4764 0.0072
10675.0000 98.4861 0.0066
10680.0000 98.4534 0.0075
10685.0000 98.4483 0.0073
10690.0000 98.4636 0.0069
10695.0000 98.4568 0.0070
10700.0000 98.4674 0.0065
10705.0000 98.4677 0.0068
10710.0000 98.4859 0.0067
10715.0000 98.5091 0.0064
10720.0000 98.4805 0.0067
10725.0000 98.4772 0.0067
10730.0000 98.4507 0.0070
10735.0000 98.4459 0.0070
10740.0000 98.4803 0.0072
10745.0000 98.4327 0.0077
10750.0000 98.4323 0.0076
10755.0000 98.3913 0.0084
10760.0000 98.4391 0.0076
10765.0000 98.4721 0.0075
10770.0000 98.4908 0.0072
10775.0000 98.4856 0.0073
10780.0000 98.4636 0.0076
10785.0000 98.4966 0.0072
10790.0000 98.5075 0.0073
10795.0000 98.5350 0.0068
10800.0000 98.5257 0.0070
10805.0000 98.5291 0.0070
10810.0000 98.5209 0.0071
10815.0000 98.5687 0.0064
10820.0000 98.5592 0.0067
10825.0000 98.5965 0.0062
10830.0000 98.5941 0.0060
10835.0000 98.5964 0.0054
10840.0000 98.6032 0.0058
10845.0000 98.5949 0.0058
10850.0000 98.5670 0.0063
10855.0000 98.5885 0.0059
10860.0000 98.5659 0.0064
10865.0000 98.5828 0.0061
10870.0000 98.5442 0.0066
10875.0000 98.5626 0.0065
10880.0000 98.5780 0.0062
10885.0000 98.5467 0.0065
10890.0000 98.5846 0.0060
10895.0000 98.5424 0.0068
10900.0000 98.5314 0.0068
10905.0000 98.5887 0.0062
10910.0000 98.5533 0.0068
10915.0000 98.5415 0.0070
10920.0000 98.5650 0.0061
10925.0000 98.5621 0.0064
10930.0000 98.5298 0.0065
10935.0000 98.5088 0.0070
10940.0000 98.5098 0.0067
10945.0000 98.5463 0.0063
10950.0000 98.5303 0.0068
10955.0000 98.5305 0.0069
10960.0000 98.5018 0.0070
10965.0000 98.4449 0.0076
10970.0000 98.5116 0.0077
10975.0000 98.5096 0.0077
10980.0000 98.4658 0.0083
10985.0000 98.5169 0.0076
10990.0000 98.5156 0.0073
10995.0000 98.5368 0.0073
11000.0000 98.5394 0.0075
11005.0000 98.5644 0.0068
11010.0000 98.5613 0.0074
11015.0000 98.5395 0.0076
11020.0000 98.6002 0.0065
11025.0000 98.6378 0.0063
11030.0000 98.6843 0.0054
11035.0000 98.6650 0.0059
11040.0000 98.6828 0.0055
11045.0000 98.6702 0.0058
11050.0000 98.6424 0.0060
11055.0000 98.6677 0.0058
11060.0000 98.6688 0.0058
11065.0000 98.6508 0.0059
11070.0000 98.6343 0.0058
11075.0000 98.5716 0.0068
11080.0000 98.5304 0.0071
11085.0000 98.5481 0.0070
11090.0000 98.4780 0.0079
11095.0000 98.5147 0.0075
11100.0000 98.4741 0.0074
11105.0000 98.4994 0.0074
11110.0000 98.5202 0.0071
11115.0000 98.4608 0.0078
11120.0000 98.4578 0.0076
11125.0000 98.4562 0.0076
11130.0000 98.4133 0.0081
11135.0000 98.4443 0.0082
11140.0000 98.4630 0.0078
11145.0000 98.4630 0.0081
11150.0000 98.4533 0.0079
11155.0000 98.4083 0.0088
11160.0000 98.4168 0.0091
11165.0000 98.3911 0.0090
11170.0000 98.3807 0.0090
11175.0000 98.4223 0.0085
11180.0000 98.4174 0.0086
11185.0000 98.3682 0.0089
11190.0000 98.3860 0.0085
11195.0000 98.3451 0.0093
11200.0000 98.3349 0.0094
11205.0000 98.3392 0.0094
11210.0000 98.3472 0.0099
11215.0000 98.3081 0.0101
11220.0000 98.3044 0.0104
11225.0000 98.3114 0.0105
11230.0000 98.3385 0.0104
11235.0000 98.3193 0.0103
11240.0000 98.3244 0.0100
11245.0000 98.2917 0.0102
11250.0000 98.2632 0.0106
11255.0000 98.2583 0.0102
11260.0000 98.2184 0.0102
11265.0000 98.1939 0.0108
11270.0000 98.2363 0.0100
11275.0000 98.2523 0.0101
11280.0000 98.2728 0.0105
11285.0000 98.2670 0.0105
11290.0000 98.3013 0.0102
11295.0000 98.2988 0.0107
11300.0000 98.3659 0.0103
11305.0000 98.3461 0.0108
11310.0000 98.3841 0.0106
11315.0000 98.4040 0.0102
11320.0000 98.3785 0.0110
11325.0000 98.3350 0.0111
11330.0000 98.3684 0.0109
11335.0000 98.3516 0.0109
11340.0000 98.3610 0.0108
11345.0000 98.3739 0.0109
11350.0000 98.3578 0.0111
11355.0000 98.3115 0.0114
11360.0000 98.3314 0.0113
11365.0000 98.3221 0.0118
11370.0000 98.3316 0.0117
11375.0000 98.3477 0.0119
11380.0000 98.3752 0.0115
11385.0000 98.3899 0.0117
11390.0000 98.4131 0.0115
11395.0000 98.4718 0.0107
11400.0000 98.4652 0.0105
11405.0000 98.4812 0.0108
11410.0000 98.4695 0.0111
11415.0000 98.4887 0.0110
11420.0000 98.4921 0.0113
11425.0000 98.5090 0.0116
11430.0000 98.5007 0.0118
11435.0000 98.5223 0.0113
11440.0000 98.5206 0.0113
11445.0000 98.5348 0.0113
11450.0000 98.5332 0.0112
11455.0000 98.5064 0.0117
11460.0000 98.5163 0.0116
11465.0000 98.5218 0.0116
11470.0000 98.5104 0.0116
11475.0000 98.5001 0.0117
11480.0000 98.5313 0.0119
11485.0000 98.5130 0.0120
11490.0000 98.5341 0.0118
11495.0000 98.5465 0.0115
11500.0000 98.5321 0.0117
11505.0000 98.4857 0.0121
11510.0000 98.4752 0.0122
11515.0000 98.4854 0.0124
11520.0000 98.4924 0.0125
11525.0000 98.4962 0.0121
11530.0000 98.4982 0.0118
11535.0000 98.5079 0.0122
11540.0000 98.4947 0.0123
11545.0000 98.5123 0.0124
11550.0000 98.4928 0.0122
11555.0000 98.5504 0.0120
11560.0000 98.5572 0.0116
11565.0000 98.5528 0.0119
11570.0000 98.5915 0.0115
11575.0000 98.5745 0.0112
11580.0000 98.5654 0.0114
11585.0000 98.5677 0.0114
11590.0000 98.5235 0.0122
11595.0000 98.5531 0.0113
11600.0000 98.5588 0.0114
11605.0000 98.5434 0.0113
11610.0000 98.5120 0.0116
11615.0000 98.5278 0.0111
11620.0000 98.5059 0.0107
11625.0000 98.5181 0.0104
11630.0000 98.4859 0.0102
11635.0000 98.4737 0.0108
11640.0000 98.4813 0.0109
11645.0000 98.5234 0.0112
11650.0000 98.4879 0.0107
11655.0000 98.5361 0.0105
11660.0000 98.5206 0.0106
11665.0000 98.5332 0.0106
11670.0000 98.5381 0.0106
11675.0000 98.5307 0.0108
11680.0000 98.5020 0.0106
11685.0000 98.4891 0.0107
11690.0000 98.5037 0.0109
11695.0000 98.4734 0.0109
11700.0000 98.4908 0.0109
11705.0000 98.4685 0.0108
11710.0000 98.4650 0.0108
11715.0000 98.5324 0.0104
11720.0000 98.5268 0.0104
11725.0000 98.5283 0.0102
11730.0000 98.5590 0.0099
11735.0000 98.5472 0.0099
11740.0000 98.5947 0.0096
11745.0000 98.6169 0.0101
11750.0000 98.6357 0.0101
11755.0000 98.6634 0.0102
11760.0000 98.6393 0.0107
11765.0000 98.5986 0.0106
11770.0000 98.6741 0.0101
11775.0000 98.6871 0.0099
11780.0000 98.7239 0.0094
11785.0000 98.7259 0.0091
11790.0000 98.6886 0.0093
11795.0000 98.7013 0.0092
11800.0000 98.7280 0.0087
11805.0000 98.7240 0.0087
11810.0000 98.7345 0.0087
11815.0000 98.7268 0.0087
11820.0000 98.7007 0.0089
11825.0000 98.6777 0.0086
11830.0000 98.6977 0.0083
11835.0000 98.6820 0.0082
11840.0000 98.6619 0.0080
11845.0000 98.6412 0.0085
11850.0000 98.6411 0.0082
11855.0000 98.6413 0.0081
11860.0000 98.6215 0.0081
11865.0000 98.6130 0.0084
11870.0000 98.6212 0.0082
11875.0000 98.5914 0.0084
11880.0000 98.5596 0.0085
11885.0000 98.5444 0.0085
11890.0000 98.5251 0.0087
11895.0000 98.5215 0.0086
11900.0000 98.5099 0.0085
11905.0000 98.4850 0.0085
11910.0000 98.4682 0.0084
11915.0000 98.4570 0.0087
11920.0000 98.4828 0.0083
11925.0000 98.4838 0.0085
11930.0000 98.4738 0.0087
11935.0000 98.4607 0.0089
11940.0000 98.4506 0.0086
11945.0000 98.4298 0.0088
11950.0000 98.4321 0.0087
11955.0000 98.4261 0.0089
11960.0000 98.4264 0.0088
11965.0000 98.4164 0.0090
11970.0000 98.4260 0.0090
11975.0000 98.4170 0.0089
11980.0000 98.4258 0.0088
11985.0000 98.4211 0.0087
11990.0000 98.4059 0.0090
11995.0000 98.4253 0.0088
12000.0000 98.4016 0.0092
12005.0000 98.3945 0.0091
12010.0000 98.3916 0.0092
12015.0000 98.3818 0.0094
12020.0000 98.3515 0.0098
12025.0000 98.3517 0.0099
12030.0000 98.3459 0.0098
12035.0000 98.3116 0.0097
12040.0000 98.2905 0.0098
12045.0000 98.3439 0.0092
12050.0000 98.3688 0.0089
12055.0000 98.3885 0.0093
12060.0000 98.3738 0.0096
12065.0000 98.3519 0.0098
12070.0000 98.4021 0.0098
12075.0000 98.4299 0.0095
12080.0000 98.4133 0.0096
12085.0000 98.4094 0.0097
12090.0000 98.3952 0.0099
12095.0000 98.3815 0.0101
12100.0000 98.3679 0.0101
12105.0000 98.3653 0.0101
12110.0000 98.3554 0.0104
12115.0000 98.3671 0.0101
12120.0000 98.3643 0.0099
12125.0000 98.3393 0.0102
12130.0000 98.3326 0.0103
12135.0000 98.3308 0.0104
12140.0000 98.3407 0.0103
12145.0000 98.3389 0.0104
12150.0000 98.3266 0.0106
12155.0000 98.3204 0.0105
12160.0000 98.2937 0.0106
12165.0000 98.2859 0.0108
12170.0000 98.2884 0.0108
12175.0000 98.2867 0.0106
12180.0000 98.2892 0.0108
12185.0000 98.2892 0.0108
12190.0000 98.3024 0.0107
12195.0000 98.2969 0.0107
12200.0000 98.2915 0.0109
12205.0000 98.2858 0.0108
12210.0000 98.2948 0.0108
12215.0000 98.2844 0.0110
12220.0000 98.2905 0.0107
12225.0000 98.2928 0.0107
12230.0000 98.2824 0.0108
12235.0000 98.2764 0.0108
12240.0000 98.2643 0.0109
12245.0000 98.2584 0.0110
12250.0000 98.2602 0.0111
12255.0000 98.2541 0.0112
12260.0000 98.2482 0.0111
12265.0000 98.2482 0.0111
12270.0000 98.2259 0.0114
12275.0000 98.2145 0.0115
12280.0000 98.2086 0.0115
12285.0000 98.1978 0.0117
12290.0000 98.1874 0.0116
12295.0000 98.2002 0.0116
12300.0000 98.1979 0.0116
12305.0000 98.1964 0.0117
12310.0000 98.1909 0.0118
12315.0000 98.1745 0.0119
12320.0000 98.1890 0.0119
12325.0000 98.1858 0.0117
12330.0000 98.1837 0.0115
12335.0000 98.1941 0.0113
12340.0000 98.2136 0.0113
12345.0000 98.2264 0.0114
12350.0000 98.2718 0.0112
12355.0000 98.3024 0.0110
12360.0000 98.3027 0.0109
12365.0000 98.3300 0.0109
12370.0000 98.3411 0.0112
12375.0000 98.3601 0.0111
12380.0000 98.3748 0.0106
12385.0000 98.3844 0.0108
12390.0000 98.3964 0.0108
12395.0000 98.4161 0.0107
12400.0000 98.4381 0.0106
12405.0000 98.4473 0.0103
12410.0000 98.4637 0.0107
12415.0000 98.4772 0.0105
12420.0000 98.5234 0.0105
12425.0000 98.5366 0.0097
12430.0000 98.5787 0.0090
12435.0000 98.5661 0.0089
12440.0000 98.5499 0.0088
12445.0000 98.5580 0.0087
12450.0000 98.5567 0.0085
12455.0000 98.5713 0.0084
12460.0000 98.5760 0.0085
12465.0000 98.5749 0.0085
12470.0000 98.5809 0.0085
12475.0000 98.5821 0.0084
12480.0000 98.5917 0.0082
12485.0000 98.5808 0.0081
12490.0000 98.5895 0.0082
12495.0000 98.6148 0.0079
12500.0000 98.5866 0.0081
12505.0000 98.6218 0.0080
12510.0000 98.6230 0.0080
12515.0000 98.6104 0.0080
12520.0000 98.6103 0.0082
12525.0000 98.5995 0.0082
12530.0000 98.6161 0.0084
12535.0000 98.6351 0.0081
12540.0000 98.6542 0.0078
12545.0000 98.6661 0.0079
12550.0000 98.6826 0.0079
12555.0000 98.6638 0.0081
12560.0000 98.6707 0.0079
12565.0000 98.6761 0.0077
12570.0000 98.6904 0.0073
12575.0000 98.6574 0.0075
12580.0000 98.6652 0.0072
12585.0000 98.7147 0.0066
12590.0000 98.7259 0.0068
12595.0000 98.7419 0.0064
12600.0000 98.7357 0.0062
12605.0000 98.7299 0.0064
12610.0000 98.7410 0.0061
12615.0000 98.7396 0.0060
12620.0000 98.7392 0.0062
12625.0000 98.7289 0.0067
12630.0000 98.7023 0.0072
12635.0000 98.7203 0.0069
12640.0000 98.7331 0.0066
12645.0000 98.7352 0.0069
12650.0000 98.7151 0.0071
12655.0000 98.6899 0.0071
12660.0000 98.6579 0.0077
12665.0000 98.6623 0.0075
12670.0000 98.6247 0.0085
12675.0000 98.5920 0.0087
12680.0000 98.5511 0.0091
12685.0000 98.5455 0.0095
12690.0000 98.5203 0.0092
12695.0000 98.5235 0.0092
12700.0000 98.5290 0.0096
12705.0000 98.5226 0.0097
12710.0000 98.5415 0.0091
12715.0000 98.5717 0.0090
12720.0000 98.5618 0.0089
12725.0000 98.5457 0.0085
12730.0000 98.5162 0.0091
12735.0000 98.5624 0.0087
12740.0000 98.5216 0.0092
12745.0000 98.5180 0.0094
12750.0000 98.4743 0.0095
12755.0000 98.4775 0.0090
12760.0000 98.4721 0.0091
12765.0000 98.5050 0.0094
12770.0000 98.4988 0.0096
12775.0000 98.5179 0.0092
12780.0000 98.5251 0.0093
12785.0000 98.5760 0.0089
12790.0000 98.4992 0.0096
12795.0000 98.4973 0.0098
12800.0000 98.4872 0.0099
12805.0000 98.4643 0.0099
12810.0000 98.4696 0.0099
12815.0000 98.4754 0.0097
12820.0000 98.4538 0.0098
12825.0000 98.4342 0.0100
12830.0000 98.3967 0.0098
12835.0000 98.4025 0.0100
12840.0000 98.3675 0.0103
12845.0000 98.4022 0.0099
12850.0000 98.3802 0.0102
12855.0000 98.3770 0.0102
12860.0000 98.3671 0.0102
12865.0000 98.3570 0.0104
12870.0000 98.3579 0.0102
12875.0000 98.3358 0.0102
12880.0000 98.3232 0.0100
12885.0000 98.3142 0.0099
12890.0000 98.3206 0.0102
12895.0000 98.3154 0.0104
12900.0000 98.3011 0.0106
12905.0000 98.2834 0.0109
12910.0000 98.3376 0.0105
12915.0000 98.3209 0.0107
12920.0000 98.3070 0.0105
12925.0000 98.3402 0.0106
12930.0000 98.3630 0.0103
12935.0000 98.3565 0.0104
12940.0000 98.3336 0.0103
12945.0000 98.3617 0.0104
12950.0000 98.3751 0.0101
12955.0000 98.3592 0.0101
12960.0000 98.3524 0.0101
12965.0000 98.3411 0.0103
12970.0000 98.3815 0.0100
12975.0000 98.3724 0.0102
12980.0000 98.4046 0.0103
12985.0000 98.4151 0.0100
12990.0000 98.4095 0.0102
12995.0000 98.4131 0.0103
13000.0000 98.3902 0.0103
13005.0000 98.3660 0.0104
13010.0000 98.3500 0.0106
13015.0000 98.3407 0.0107
13020.0000 98.3388 0.0105
13025.0000 98.3001 0.0106
13030.0000 98.2813 0.0106
13035.0000 98.3275 0.0099
13040.0000 98.3829 0.0097
13045.0000 98.3467 0.0105
13050.0000 98.3833 0.0103
13055.0000 98.4004 0.0102
13060.0000 98.4162 0.0102
13065.0000 98.4001 0.0101
13070.0000 98.3887 0.0101
13075.0000 98.3763 0.0098
13080.0000 98.3895 0.0101
13085.0000 98.3576 0.0101
13090.0000 98.3082 0.0105
13095.0000 98.3316 0.0107
13100.0000 98.3105 0.0113
13105.0000 98.2879 0.0109
13110.0000 98.2481 0.0114
13115.0000 98.2139 0.0111
13120.0000 98.2701 0.0105
13125.0000 98.2872 0.0104
13130.0000 98.2803 0.0106
13135.0000 98.3156 0.0109
13140.0000 98.3284 0.0102
13145.0000 98.2789 0.0106
13150.0000 98.3117 0.0102
13155.0000 98.3410 0.0102
13160.0000 98.3291 0.0103
13165.0000 98.2871 0.0102
13170.0000 98.2929 0.0102
13175.0000 98.2941 0.0103
13180.0000 98.2702 0.0104
13185.0000 98.2451 0.0104
13190.0000 98.2236 0.0104
13195.0000 98.2492 0.0102
13200.0000 98.2311 0.0103
13205.0000 98.2584 0.0100
13210.0000 98.2414 0.0099
13215.0000 98.2302 0.0097
13220.0000 98.2082 0.0098
13225.0000 98.2155 0.0097
13230.0000 98.2472 0.0095
13235.0000 98.2460 0.0093
13240.0000 98.2361 0.0092
13245.0000 98.1959 0.0090
13250.0000 98.1983 0.0089
13255.0000 98.2078 0.0088
13260.0000 98.2176 0.0090
13265.0000 98.2193 0.0088
13270.0000 98.2209 0.0087
13275.0000 98.1983 0.0089
13280.0000 98.1906 0.0090
13285.0000 98.1699 0.0087
13290.0000 98.1599 0.0088
13295.0000 98.1690 0.0088
13300.0000 98.1602 0.0092
13305.0000 98.1798 0.0096
13310.0000 98.1781 0.0096
13315.0000 98.1751 0.0092
13320.0000 98.1837 0.0096
13325.0000 98.1662 0.0096
13330.0000 98.1586 0.0097
13335.0000 98.1606 0.0096
13340.0000 98.1368 0.0101
13345.0000 98.1543 0.0100
13350.0000 98.1360 0.0096
13355.0000 98.1702 0.0095
13360.0000 98.1920 0.0094
13365.0000 98.2056 0.0095
13370.0000 98.2459 0.0091
13375.0000 98.2354 0.0098
13380.0000 98.2979 0.0096
13385.0000 98.3327 0.0107
13390.0000 98.3533 0.0107
13395.0000 98.3863 0.0103
13400.0000 98.3882 0.0103
13405.0000 98.4236 0.0102
13410.0000 98.4755 0.0104
13415.0000 98.4551 0.0100
13420.0000 98.5114 0.0100
13425.0000 98.5261 0.0100
13430.0000 98.4891 0.0104
13435.0000 98.4973 0.0109
13440.0000 98.5070 0.0111
13445.0000 98.5274 0.0109
13450.0000 98.5255 0.0107
13455.0000 98.5302 0.0104
13460.0000 98.5061 0.0103
13465.0000 98.5167 0.0100
13470.0000 98.5120 0.0094
13475.0000 98.5040 0.0098
13480.0000 98.4893 0.0100
13485.0000 98.4784 0.0102
13490.0000 98.5029 0.0099
13495.0000 98.4765 0.0099
13500.0000 98.4775 0.0099
13505.0000 98.4379 0.0099
13510.0000 98.4675 0.0100
13515.0000 98.4529 0.0106
13520.0000 98.4074 0.0108
13525.0000 98.4017 0.0110
13530.0000 98.3739 0.0112
13535.0000 98.3361 0.0111
13540.0000 98.3192 0.0112
13545.0000 98.3300 0.0111
13550.0000 98.3382 0.0117
13555.0000 98.3052 0.0116
13560.0000 98.2958 0.0115
13565.0000 98.3056 0.0112
13570.0000 98.2738 0.0116
13575.0000 98.2361 0.0111
13580.0000 98.3126 0.0102
13585.0000 98.2968 0.0105
13590.0000 98.3251 0.0094
13595.0000 98.2609 0.0106
13600.0000 98.2515 0.0107
13605.0000 98.2556 0.0107
13610.0000 98.2710 0.0103
13615.0000 98.2415 0.0104
13620.0000 98.2391 0.0106
13625.0000 98.2711 0.0100
13630.0000 98.2746 0.0100
13635.0000 98.2790 0.0102
13640.0000 98.3019 0.0104
13645.0000 98.2796 0.0104
13650.0000 98.2549 0.0102
13655.0000 98.2617 0.0102
13660.0000 98.3006 0.0104
13665.0000 98.2762 0.0109
13670.0000 98.2405 0.0114
13675.0000 98.2394 0.0116
13680.0000 98.2544 0.0115
13685.0000 98.2303 0.0116
13690.0000 98.2028 0.0116
13695.0000 98.1704 0.0113
13700.0000 98.1930 0.0116
13705.0000 98.1872 0.0114
13710.0000 98.1662 0.0112
13715.0000 98.1709 0.0116
13720.0000 98.1935 0.0115
13725.0000 98.1342 0.0119
13730.0000 98.2371 0.0112
13735.0000 98.2133 0.0114
13740.0000 98.2359 0.0108
13745.0000 98.2228 0.0111
13750.0000 98.3055 0.0105
13755.0000 98.3242 0.0103
13760.0000 98.3127 0.0104
13765.0000 98.3138 0.0104
13770.0000 98.3249 0.0104
13775.0000 98.3285 0.0104
13780.0000 98.3838 0.0097
13785.0000 98.3540 0.0103
13790.0000 98.3912 0.0101
13795.0000 98.4152 0.0101
13800.0000 98.4363 0.0105
13805.0000 98.4544 0.0110
13810.0000 98.4474 0.0113
13815.0000 98.4501 0.0112
13820.0000 98.4405 0.0113
13825.0000 98.4431 0.0112
13830.0000 98.4489 0.0113
13835.0000 98.4613 0.0113
13840.0000 98.4538 0.0113
13845.0000 98.4464 0.0116
13850.0000 98.4512 0.0116
13855.0000 98.4414 0.0116
13860.0000 98.4261 0.0118
13865.0000 98.4271 0.0115
13870.0000 98.4329 0.0114
13875.0000 98.4272 0.0114
13880.0000 98.4244 0.0115
13885.0000 98.4348 0.0114
13890.0000 98.4470 0.0111
13895.0000 98.4470 0.0112
13900.0000 98.4401 0.0114
13905.0000 98.4411 0.0114
13910.0000 98.4251 0.0113
13915.0000 98.4306 0.0112
13920.0000 98.4211 0.0113
13925.0000 98.4255 0.0113
13930.0000 98.4243 0.0114
13935.0000 98.4264 0.0114
13940.0000 98.4041 0.0116
13945.0000 98.4028 0.0114
13950.0000 98.3968 0.0114
13955.0000 98.4014 0.0115
13960.0000 98.4015 0.0116
13965.0000 98.3802 0.0114
13970.0000 98.3760 0.0115
13975.0000 98.3760 0.0118
13980.0000 98.3821 0.0116
13985.0000 98.3764 0.0116
13990.0000 98.3825 0.0116
13995.0000 98.3825 0.0117
14000.0000 98.3768 0.0117
14005.0000 98.3829 0.0116
14010.0000 98.3908 0.0117
14015.0000 98.3726 0.0119
14020.0000 98.3606 0.0120
14025.0000 98.3611 0.0120
14030.0000 98.3545 0.0121
14035.0000 98.3484 0.0120
14040.0000 98.3500 0.0122
14045.0000 98.3315 0.0124
14050.0000 98.3260 0.0124
14055.0000 98.2958 0.0127
14060.0000 98.2962 0.0124
14065.0000 98.3101 0.0126
14070.0000 98.3267 0.0124
14075.0000 98.3212 0.0123
14080.0000 98.3232 0.0118
14085.0000 98.3152 0.0119
14090.0000 98.3300 0.0121
14095.0000 98.3539 0.0116
14100.0000 98.3747 0.0116
14105.0000 98.3638 0.0122
14110.0000 98.3614 0.0119
14115.0000 98.3786 0.0118
14120.0000 98.4013 0.0122
14125.0000 98.3776 0.0124
14130.0000 98.3832 0.0123
14135.0000 98.3818 0.0119
14140.0000 98.3752 0.0125
14145.0000 98.3816 0.0124
14150.0000 98.3772 0.0125
14155.0000 98.3990 0.0125
14160.0000 98.4171 0.0127
14165.0000 98.4100 0.0126
14170.0000 98.4060 0.0128
14175.0000 98.3930 0.0130
14180.0000 98.3972 0.0134
14185.0000 98.4051 0.0132
14190.0000 98.3774 0.0129
14195.0000 98.3657 0.0133
14200.0000 98.3731 0.0129
14205.0000 98.3807 0.0131
14210.0000 98.3479 0.0135
14215.0000 98.3194 0.0133
14220.0000 98.2962 0.0133
14225.0000 98.2861 0.0131
14230.0000 98.2813 0.0134
14235.0000 98.2760 0.0134
14240.0000 98.2651 0.0134
14245.0000 98.2536 0.0131
14250.0000 98.2204 0.0127
14255.0000 98.2813 0.0129
14260.0000 98.2716 0.0131
14265.0000 98.3005 0.0128
14270.0000 98.3150 0.0132
14275.0000 98.3205 0.0130
14280.0000 98.3224 0.0127
14285.0000 98.3092 0.0124
14290.0000 98.3245 0.0122
14295.0000 98.3416 0.0129
14300.0000 98.3670 0.0125
14305.0000 98.3888 0.0122
14310.0000 98.3693 0.0120
14315.0000 98.4397 0.0117
14320.0000 98.4529 0.0114
14325.0000 98.4632 0.0116
14330.0000 98.4642 0.0118
14335.0000 98.4861 0.0118
14340.0000 98.4389 0.0122
14345.0000 98.4319 0.0127
14350.0000 98.4366 0.0120
14355.0000 98.5055 0.0109
14360.0000 98.5121 0.0113
14365.0000 98.5487 0.0107
14370.0000 98.5335 0.0104
14375.0000 98.4991 0.0110
14380.0000 98.4448 0.0113
14385.0000 98.4344 0.0119
14390.0000 98.4191 0.0117
14395.0000 98.3922 0.0114
14400.0000 98.3713 0.0117
