# deliveryTime  hopCount
148.0000 8
105.0000 10
183.0000 6
119.0000 6
96.0000 5
136.0000 4
227.0000 7
109.0000 5
81.0000 8
123.0000 6
117.0000 6
128.0000 12
150.0000 8
169.0000 8
52.0000 6
53.0000 6
66.0000 6
78.0000 3
90.0000 5
136.0000 3
139.0000 5
148.0000 4
174.0000 10
197.0000 4
200.0000 5
201.0000 5
213.0000 8
214.0000 5
216.0000 6
225.0000 4
242.0000 7
289.0000 7
301.0000 4
119.0000 3
21.0000 4
42.0000 5
64.0000 4
65.0000 7
70.0000 4
74.0000 4
76.0000 4
76.0000 5
78.0000 4
80.0000 5
80.0000 4
81.0000 4
81.0000 5
82.0000 5
84.0000 4
84.0000 4
85.0000 7
86.0000 6
86.0000 5
89.0000 5
89.0000 6
92.0000 5
92.0000 4
95.0000 6
99.0000 6
102.0000 5
105.0000 4
105.0000 5
106.0000 4
108.0000 4
108.0000 4
109.0000 5
111.0000 4
111.0000 5
113.0000 6
114.0000 4
115.0000 4
116.0000 5
118.0000 6
118.0000 6
119.0000 4
120.0000 5
121.0000 6
122.0000 4
123.0000 5
124.0000 6
125.0000 5
126.0000 5
126.0000 5
127.0000 6
127.0000 4
129.0000 5
130.0000 4
131.0000 5
132.0000 5
133.0000 4
133.0000 6
134.0000 7
135.0000 5
136.0000 6
136.0000 4
136.0000 4
138.0000 5
140.0000 5
141.0000 4
141.0000 5
141.0000 5
141.0000 6
142.0000 7
143.0000 6
143.0000 4
144.0000 5
144.0000 5
144.0000 5
145.0000 5
146.0000 5
146.0000 4
148.0000 5
149.0000 8
150.0000 4
152.0000 5
152.0000 5
153.0000 4
153.0000 5
153.0000 6
155.0000 7
155.0000 6
156.0000 5
156.0000 5
158.0000 5
160.0000 7
160.0000 4
160.0000 6
161.0000 5
161.0000 5
162.0000 7
162.0000 6
163.0000 6
163.0000 7
166.0000 6
166.0000 5
166.0000 4
167.0000 6
169.0000 5
171.0000 7
171.0000 5
171.0000 5
174.0000 5
176.0000 4
178.0000 5
178.0000 7
178.0000 7
179.0000 4
179.0000 4
180.0000 5
181.0000 6
181.0000 4
181.0000 5
182.0000 4
182.0000 7
182.0000 6
184.0000 5
185.0000 7
187.0000 5
187.0000 5
189.0000 6
190.0000 6
190.0000 4
191.0000 6
193.0000 5
193.0000 5
194.0000 4
199.0000 6
201.0000 4
203.0000 5
204.0000 5
205.0000 7
205.0000 4
206.0000 4
206.0000 5
206.0000 5
207.0000 4
207.0000 7
208.0000 4
208.0000 7
211.0000 6
211.0000 7
212.0000 6
215.0000 4
216.0000 7
216.0000 5
218.0000 5
219.0000 7
219.0000 5
219.0000 4
221.0000 5
221.0000 6
221.0000 4
222.0000 4
223.0000 4
224.0000 5
226.0000 7
228.0000 5
229.0000 7
229.0000 7
230.0000 5
230.0000 6
230.0000 5
234.0000 5
155.0000 4
237.0000 6
240.0000 7
241.0000 7
241.0000 4
245.0000 5
248.0000 5
250.0000 5
252.0000 5
255.0000 5
255.0000 6
256.0000 4
256.0000 7
258.0000 6
261.0000 4
96.0000 4
267.0000 4
269.0000 7
269.0000 5
277.0000 4
279.0000 6
279.0000 5
282.0000 7
283.0000 7
284.0000 6
290.0000 5
291.0000 4
304.0000 4
304.0000 4
305.0000 7
308.0000 5
311.0000 5
311.0000 5
314.0000 5
319.0000 5
329.0000 6
331.0000 4
339.0000 5
340.0000 6
353.0000 6
382.0000 5
385.0000 7
387.0000 6
393.0000 7
16.0000 3
90.0000 8
95.0000 2
313.0000 12
315.0000 4
133.0000 7
341.0000 6
93.0000 5
162.0000 4
166.0000 5
88.0000 3
135.0000 4
176.0000 9
183.0000 6
188.0000 7
222.0000 9
254.0000 5
262.0000 8
76.0000 4
348.0000 6
107.0000 5
67.0000 3
93.0000 4
99.0000 4
102.0000 4
111.0000 4
111.0000 3
118.0000 3
127.0000 5
128.0000 4
143.0000 4
150.0000 4
156.0000 3
168.0000 5
173.0000 4
176.0000 4
176.0000 5
181.0000 4
217.0000 4
222.0000 5
242.0000 5
271.0000 5
298.0000 5
5707.0000 4
5709.0000 10
5973.0000 5
5715.0000 4
5980.0000 7
5981.0000 7
5982.0000 5
5982.0000 10
5432.0000 4
5983.0000 7
5721.0000 5
5722.0000 12
5722.0000 4
5723.0000 12
5723.0000 4
5436.0000 8
5987.0000 7
5724.0000 6
5724.0000 3
5724.0000 5
5988.0000 5
5437.0000 5
5989.0000 7
5989.0000 7
5727.0000 6
5991.0000 5
5729.0000 11
5730.0000 10
5730.0000 6
5730.0000 9
5993.0000 7
5442.0000 5
5731.0000 12
5994.0000 10
5732.0000 11
5996.0000 9
5996.0000 7
5734.0000 10
5446.0000 5
5446.0000 4
5998.0000 7
5736.0000 10
5448.0000 8
5999.0000 7
6000.0000 6
5449.0000 6
5451.0000 8
5331.0000 6
6004.0000 5
6004.0000 7
5742.0000 10
6005.0000 7
6006.0000 8
6007.0000 7
5744.0000 5
6007.0000 10
5744.0000 4
6008.0000 7
5746.0000 11
5746.0000 6
5459.0000 5
6011.0000 9
6011.0000 8
6011.0000 9
6012.0000 6
5461.0000 6
5461.0000 5
6013.0000 9
5751.0000 14
5751.0000 14
6015.0000 6
5753.0000 6
5753.0000 10
5465.0000 5
5466.0000 5
5466.0000 3
5467.0000 5
6018.0000 8
5755.0000 11
5468.0000 8
6019.0000 8
5756.0000 7
6020.0000 6
5757.0000 10
5470.0000 6
5758.0000 11
5350.0000 9
5758.0000 9
5759.0000 10
6022.0000 8
6022.0000 7
6023.0000 6
6023.0000 9
5760.0000 10
5761.0000 6
6024.0000 9
6024.0000 6
6025.0000 9
6025.0000 6
5354.0000 4
6025.0000 4
6025.0000 8
5763.0000 9
5355.0000 7
6026.0000 5
6026.0000 10
5763.0000 11
6027.0000 8
6028.0000 9
6028.0000 5
6028.0000 9
6029.0000 7
5478.0000 7
5478.0000 4
5478.0000 6
6029.0000 4
5766.0000 11
6029.0000 8
5479.0000 5
5767.0000 6
5768.0000 8
5768.0000 9
5769.0000 4
5769.0000 9
5769.0000 9
5770.0000 14
5482.0000 4
5770.0000 9
5482.0000 4
5482.0000 6
5363.0000 7
5483.0000 3
5771.0000 5
5771.0000 5
6034.0000 8
5771.0000 11
5363.0000 8
6034.0000 10
5364.0000 9
6035.0000 6
5484.0000 4
6036.0000 8
6036.0000 7
5365.0000 8
6036.0000 10
5144.0000 8
6037.0000 5
5774.0000 5
6037.0000 9
6037.0000 6
5774.0000 8
5774.0000 8
6038.0000 6
5074.0000 5
6038.0000 9
5775.0000 10
6039.0000 8
6039.0000 10
6039.0000 6
5776.0000 8
5776.0000 6
5488.0000 5
5146.0000 7
5489.0000 5
5489.0000 5
5489.0000 4
6040.0000 5
5777.0000 6
5778.0000 9
5490.0000 8
5778.0000 5
5491.0000 8
5779.0000 14
5779.0000 11
5779.0000 9
5779.0000 10
5492.0000 4
5492.0000 7
5079.0000 6
6043.0000 8
6043.0000 9
5492.0000 4
5372.0000 7
6044.0000 9
5080.0000 9
6044.0000 5
5781.0000 5
6044.0000 9
6044.0000 8
5494.0000 5
5494.0000 6
6045.0000 5
5494.0000 6
6045.0000 6
5494.0000 7
5495.0000 6
5495.0000 5
6046.0000 9
5784.0000 13
5154.0000 8
5784.0000 5
5376.0000 7
5496.0000 5
5496.0000 6
5784.0000 3
5785.0000 11
5785.0000 4
5785.0000 4
5785.0000 7
6048.0000 6
5155.0000 7
5785.0000 6
5377.0000 7
6048.0000 5
5786.0000 5
5498.0000 5
5498.0000 4
5498.0000 4
5499.0000 7
6050.0000 8
5499.0000 6
5787.0000 4
6050.0000 6
5787.0000 5
5500.0000 5
5500.0000 5
6051.0000 7
5500.0000 5
5380.0000 8
5501.0000 6
5381.0000 8
5790.0000 10
5790.0000 13
6053.0000 5
5502.0000 5
6053.0000 9
5502.0000 6
5382.0000 4
5791.0000 11
5383.0000 6
5503.0000 6
5791.0000 5
5791.0000 5
5791.0000 11
5792.0000 7
5792.0000 4
5504.0000 8
5384.0000 3
5505.0000 6
5385.0000 4
5505.0000 4
5163.0000 9
5385.0000 7
5793.0000 3
5163.0000 8
5793.0000 3
6057.0000 5
6057.0000 6
5386.0000 4
6057.0000 5
5794.0000 9
5794.0000 9
6058.0000 7
6058.0000 7
6058.0000 8
5795.0000 10
6058.0000 7
5388.0000 7
5796.0000 6
6059.0000 7
6059.0000 9
5509.0000 6
5509.0000 8
5096.0000 6
6060.0000 6
6060.0000 7
6060.0000 8
6060.0000 6
5509.0000 7
5390.0000 8
6061.0000 6
5798.0000 9
5169.0000 5
5799.0000 4
5799.0000 3
5391.0000 8
5511.0000 5
5511.0000 6
6062.0000 5
6062.0000 7
5392.0000 10
5392.0000 6
5512.0000 7
5392.0000 8
5100.0000 9
5100.0000 8
5394.0000 6
5514.0000 5
5802.0000 4
5802.0000 11
6066.0000 8
5803.0000 3
5803.0000 11
5803.0000 12
5173.0000 10
5803.0000 13
5174.0000 6
5516.0000 5
5804.0000 9
5397.0000 5
5104.0000 8
5175.0000 7
5175.0000 7
6068.0000 5
5517.0000 5
5806.0000 10
5518.0000 8
5806.0000 12
6069.0000 6
5519.0000 9
5519.0000 7
5519.0000 8
5519.0000 7
5807.0000 10
6070.0000 9
5178.0000 3
6071.0000 2
5520.0000 6
5107.0000 8
5400.0000 5
5520.0000 9
5401.0000 5
5401.0000 7
5108.0000 6
5108.0000 6
5179.0000 7
5521.0000 5
5402.0000 8
5522.0000 4
5522.0000 6
5403.0000 10
5181.0000 8
5811.0000 8
5403.0000 7
5523.0000 6
6074.0000 6
5811.0000 6
5182.0000 8
5404.0000 10
5182.0000 6
5404.0000 7
5812.0000 12
5524.0000 10
5813.0000 13
5813.0000 10
5813.0000 8
5813.0000 5
6077.0000 2
5406.0000 11
6077.0000 6
5184.0000 8
5184.0000 9
5406.0000 7
5814.0000 4
5406.0000 9
5527.0000 9
5815.0000 9
5815.0000 8
5407.0000 8
5407.0000 7
5815.0000 4
5407.0000 7
6079.0000 8
5186.0000 7
5408.0000 8
5115.0000 8
5408.0000 9
262.0000 7
5816.0000 11
5528.0000 7
5528.0000 5
5528.0000 9
5817.0000 8
5529.0000 9
5529.0000 8
6080.0000 6
5529.0000 6
5529.0000 4
6081.0000 8
5188.0000 4
5410.0000 5
5530.0000 5
6081.0000 7
6082.0000 5
5819.0000 10
5411.0000 9
5411.0000 10
5531.0000 6
5189.0000 6
5118.0000 7
5412.0000 8
5532.0000 6
5820.0000 10
5412.0000 8
5820.0000 6
5820.0000 12
5119.0000 5
5533.0000 6
5191.0000 8
6084.0000 8
5413.0000 6
5191.0000 6
5413.0000 7
5413.0000 9
6085.0000 5
5192.0000 8
6085.0000 9
5534.0000 6
5535.0000 7
5193.0000 6
5535.0000 5
5415.0000 10
5193.0000 8
5193.0000 8
5193.0000 6
5823.0000 5
5535.0000 6
5824.0000 7
5824.0000 9
5824.0000 6
5824.0000 9
5416.0000 5
5417.0000 9
5124.0000 6
5825.0000 8
6088.0000 6
5538.0000 5
6089.0000 6
5196.0000 5
5125.0000 7
5538.0000 6
6089.0000 6
5418.0000 5
5418.0000 11
5539.0000 6
5539.0000 7
6090.0000 6
5419.0000 6
5827.0000 9
5419.0000 5
5126.0000 7
6090.0000 4
5126.0000 7
6090.0000 6
5126.0000 7
5198.0000 7
5828.0000 10
5828.0000 4
5127.0000 5
5198.0000 7
5421.0000 6
5541.0000 6
5199.0000 10
5541.0000 7
5199.0000 6
5199.0000 8
5829.0000 7
5199.0000 8
5200.0000 7
5200.0000 8
5422.0000 6
5422.0000 7
5830.0000 6
5830.0000 8
5422.0000 4
6093.0000 9
5129.0000 7
5830.0000 6
5542.0000 7
5201.0000 8
5831.0000 13
5543.0000 6
5831.0000 10
5543.0000 6
5543.0000 8
5201.0000 9
6094.0000 4
6095.0000 6
5832.0000 9
5424.0000 7
5424.0000 10
5545.0000 7
5132.0000 7
6096.0000 5
5545.0000 8
6096.0000 9
5545.0000 5
5132.0000 5
5133.0000 5
5834.0000 10
5834.0000 5
5426.0000 7
5546.0000 5
5546.0000 5
5546.0000 7
5133.0000 9
5834.0000 9
5546.0000 5
5546.0000 6
5426.0000 9
5427.0000 9
5547.0000 8
5205.0000 8
5427.0000 9
5428.0000 9
5428.0000 7
6099.0000 6
6099.0000 7
5206.0000 6
5548.0000 7
5836.0000 9
5836.0000 4
5429.0000 8
5207.0000 4
5549.0000 9
6100.0000 8
5207.0000 9
5208.0000 5
5550.0000 5
5430.0000 7
5208.0000 4
5550.0000 3
6102.0000 9
5551.0000 7
5138.0000 7
6102.0000 9
5210.0000 7
5139.0000 9
5432.0000 8
5840.0000 10
5139.0000 5
6104.0000 7
5433.0000 6
5211.0000 5
5433.0000 7
5553.0000 5
5433.0000 9
5211.0000 4
5140.0000 10
5554.0000 5
5554.0000 8
5212.0000 5
5141.0000 7
5555.0000 7
5555.0000 8
5213.0000 12
5843.0000 10
6106.0000 8
5555.0000 5
5435.0000 9
5435.0000 7
5214.0000 6
5214.0000 6
5214.0000 8
5844.0000 7
5143.0000 4
5436.0000 7
5844.0000 10
5844.0000 10
5437.0000 6
5215.0000 5
5557.0000 9
5557.0000 9
5144.0000 7
5145.0000 5
5438.0000 9
5216.0000 6
6109.0000 9
5438.0000 8
5145.0000 10
5145.0000 5
5438.0000 7
5438.0000 5
5217.0000 5
5559.0000 6
5439.0000 9
6110.0000 6
5559.0000 5
5146.0000 7
5559.0000 6
5847.0000 9
5147.0000 7
5560.0000 6
5560.0000 8
5218.0000 6
5218.0000 8
5560.0000 6
5148.0000 7
5219.0000 8
5219.0000 5
5849.0000 4
5219.0000 7
5562.0000 7
5149.0000 7
5220.0000 6
5220.0000 6
5850.0000 3
5220.0000 10
6113.0000 7
5442.0000 10
5442.0000 6
5220.0000 7
5562.0000 7
5221.0000 7
5443.0000 8
5221.0000 7
5851.0000 8
5563.0000 8
5150.0000 7
5443.0000 6
6115.0000 8
5151.0000 7
5223.0000 8
5445.0000 4
5565.0000 7
5565.0000 6
5223.0000 9
5445.0000 7
5565.0000 6
5223.0000 8
5566.0000 7
5854.0000 9
5153.0000 5
5154.0000 5
5225.0000 7
5154.0000 9
5855.0000 9
6118.0000 9
5225.0000 5
5448.0000 11
5448.0000 8
5568.0000 5
5227.0000 8
5156.0000 6
5227.0000 6
5156.0000 9
5569.0000 6
5227.0000 5
5227.0000 5
5569.0000 8
5450.0000 10
5228.0000 4
5450.0000 6
6121.0000 6
5450.0000 7
5157.0000 7
5229.0000 6
5158.0000 7
5158.0000 6
5229.0000 8
5158.0000 6
5452.0000 11
5572.0000 7
5452.0000 9
5860.0000 9
5230.0000 8
6124.0000 6
5231.0000 9
5160.0000 6
5231.0000 4
5160.0000 8
5574.0000 7
5574.0000 6
5454.0000 7
5574.0000 4
5161.0000 5
5863.0000 9
5233.0000 6
5233.0000 6
5455.0000 9
5575.0000 6
5575.0000 5
5576.0000 4
5864.0000 8
5456.0000 8
5576.0000 7
5456.0000 9
5864.0000 11
5457.0000 7
5164.0000 9
5458.0000 10
5458.0000 8
5458.0000 11
6130.0000 7
5166.0000 7
5579.0000 5
5579.0000 6
6130.0000 7
5579.0000 7
5459.0000 7
5237.0000 7
5237.0000 4
6131.0000 6
5580.0000 7
5238.0000 9
5460.0000 11
5868.0000 11
5168.0000 9
6132.0000 8
5581.0000 7
5581.0000 4
5462.0000 6
5582.0000 6
5462.0000 8
5462.0000 9
5462.0000 9
5462.0000 4
5582.0000 5
5870.0000 11
5170.0000 10
5871.0000 9
6134.0000 6
5241.0000 7
5171.0000 9
5242.0000 7
5584.0000 7
5242.0000 8
5464.0000 7
5243.0000 10
5465.0000 6
5585.0000 7
5465.0000 5
5585.0000 7
5465.0000 7
5244.0000 6
5173.0000 3
5586.0000 7
6137.0000 5
5466.0000 8
5586.0000 9
5174.0000 7
5587.0000 6
5245.0000 7
5587.0000 4
5875.0000 5
5245.0000 5
5175.0000 6
5175.0000 5
6139.0000 7
5246.0000 6
6139.0000 6
5247.0000 6
5589.0000 7
5877.0000 6
5469.0000 10
5247.0000 8
4653.0000 5
5469.0000 7
5470.0000 8
5248.0000 7
5470.0000 9
5248.0000 7
5878.0000 5
5471.0000 6
5879.0000 7
5249.0000 6
5879.0000 9
5471.0000 7
5879.0000 11
5179.0000 10
5250.0000 10
5880.0000 10
5472.0000 6
5472.0000 5
6143.0000 8
5473.0000 9
5251.0000 4
5252.0000 7
5594.0000 8
5181.0000 6
5474.0000 10
5594.0000 6
5181.0000 8
5252.0000 5
5474.0000 6
264.0000 8
5253.0000 8
5595.0000 7
5883.0000 11
5595.0000 4
5182.0000 5
5475.0000 7
5475.0000 10
5595.0000 7
5182.0000 6
6146.0000 6
5183.0000 8
5254.0000 4
5476.0000 9
5597.0000 6
5477.0000 8
5597.0000 9
5477.0000 4
5255.0000 5
5477.0000 8
5255.0000 6
5256.0000 9
5256.0000 9
5256.0000 8
4662.0000 8
5256.0000 6
5598.0000 8
5185.0000 7
5185.0000 5
5478.0000 6
5478.0000 11
5257.0000 4
5599.0000 5
5599.0000 6
5599.0000 9
5258.0000 6
5258.0000 6
5258.0000 6
5258.0000 5
5480.0000 7
5187.0000 6
5258.0000 9
5259.0000 10
5259.0000 8
5481.0000 6
5259.0000 8
5259.0000 5
5601.0000 5
4665.0000 4
5481.0000 8
5259.0000 7
5482.0000 6
5189.0000 6
5260.0000 5
5482.0000 7
5602.0000 8
5260.0000 7
5482.0000 5
5890.0000 11
5260.0000 3
5602.0000 4
5261.0000 8
4667.0000 7
5483.0000 8
5190.0000 7
5483.0000 6
5190.0000 7
5191.0000 6
5604.0000 5
5484.0000 6
5191.0000 6
5605.0000 6
5605.0000 6
4450.0000 7
4388.0000 9
5263.0000 10
5893.0000 11
5605.0000 8
5192.0000 7
5263.0000 7
5486.0000 4
4451.0000 7
5193.0000 4
5193.0000 5
5894.0000 11
5194.0000 6
5265.0000 5
5194.0000 10
6158.0000 8
5195.0000 12
5266.0000 10
5896.0000 11
5266.0000 7
5488.0000 6
5266.0000 7
4453.0000 9
5488.0000 7
5608.0000 8
5266.0000 7
5489.0000 9
5609.0000 7
5609.0000 5
5897.0000 9
5196.0000 5
5610.0000 8
5610.0000 6
5490.0000 7
5490.0000 6
5268.0000 6
5610.0000 6
5491.0000 6
5611.0000 4
5491.0000 7
5611.0000 7
5491.0000 9
5611.0000 5
5491.0000 9
5491.0000 7
5491.0000 6
5270.0000 4
5270.0000 6
5270.0000 5
5612.0000 8
5270.0000 7
5612.0000 6
5270.0000 9
5199.0000 6
5612.0000 9
5199.0000 5
5493.0000 11
5493.0000 9
5271.0000 7
5493.0000 7
5901.0000 5
5200.0000 6
5271.0000 5
4397.0000 12
6165.0000 10
5201.0000 7
5272.0000 8
5495.0000 9
5273.0000 7
5273.0000 8
5615.0000 5
5202.0000 10
5495.0000 9
5615.0000 7
5203.0000 7
5616.0000 8
5496.0000 4
5496.0000 7
5496.0000 6
5203.0000 7
5616.0000 5
5496.0000 4
5497.0000 6
5905.0000 5
5497.0000 8
5275.0000 4
5497.0000 9
5497.0000 5
5205.0000 6
5276.0000 5
5276.0000 7
5276.0000 4
5498.0000 9
5276.0000 6
5277.0000 9
5277.0000 7
5619.0000 7
5619.0000 6
5278.0000 7
5620.0000 7
5207.0000 5
4684.0000 8
5207.0000 9
5620.0000 5
5620.0000 8
5621.0000 8
5621.0000 9
5501.0000 6
5208.0000 8
5621.0000 7
6172.0000 6
4686.0000 6
5502.0000 8
5209.0000 9
5502.0000 7
5502.0000 9
5502.0000 5
5280.0000 7
5280.0000 8
5209.0000 10
5502.0000 5
5280.0000 4
5502.0000 6
4406.0000 11
5281.0000 7
5281.0000 6
5503.0000 4
4687.0000 8
5281.0000 6
5281.0000 9
5281.0000 7
4468.0000 12
5624.0000 5
5282.0000 9
5282.0000 6
5504.0000 6
5504.0000 10
5211.0000 9
5283.0000 2
5625.0000 4
5625.0000 4
5505.0000 6
5283.0000 4
5283.0000 4
4470.0000 9
5625.0000 5
5283.0000 5
5283.0000 9
5212.0000 8
5506.0000 4
5506.0000 7
5213.0000 7
5213.0000 9
5914.0000 9
5506.0000 7
4690.0000 6
5507.0000 7
5285.0000 6
5285.0000 10
5285.0000 8
5507.0000 6
4410.0000 11
5507.0000 6
5628.0000 8
5216.0000 8
5509.0000 6
5216.0000 5
5287.0000 4
5509.0000 9
5216.0000 6
4412.0000 8
5629.0000 9
6180.0000 8
5287.0000 10
5216.0000 8
4693.0000 8
4475.0000 7
5288.0000 5
5630.0000 5
5918.0000 10
5218.0000 6
5218.0000 8
5919.0000 10
5218.0000 9
5512.0000 9
5632.0000 8
4477.0000 8
5219.0000 6
5512.0000 9
4416.0000 10
5291.0000 3
5291.0000 6
4416.0000 13
5633.0000 5
5220.0000 6
5513.0000 6
5291.0000 3
5514.0000 9
5514.0000 8
4698.0000 6
5635.0000 8
5293.0000 9
5293.0000 7
5516.0000 5
4481.0000 12
5516.0000 8
4419.0000 8
5924.0000 6
5924.0000 9
5223.0000 8
6187.0000 5
4701.0000 8
5295.0000 9
5224.0000 4
5295.0000 7
5295.0000 8
5295.0000 10
5638.0000 5
5519.0000 9
5226.0000 8
5519.0000 7
5639.0000 9
5520.0000 9
5298.0000 7
5520.0000 8
4485.0000 6
5520.0000 6
5520.0000 8
5521.0000 7
5228.0000 5
5521.0000 3
5229.0000 10
5643.0000 5
5230.0000 7
5230.0000 6
5230.0000 6
5230.0000 5
5302.0000 10
4708.0000 6
5231.0000 7
4427.0000 9
5524.0000 8
5302.0000 10
5232.0000 5
5303.0000 9
5232.0000 7
5232.0000 7
5232.0000 7
5526.0000 5
4710.0000 8
5304.0000 6
5646.0000 8
5234.0000 8
5305.0000 6
5647.0000 4
5234.0000 5
5234.0000 5
5647.0000 8
4492.0000 9
4431.0000 9
5936.0000 4
5235.0000 8
5235.0000 5
5306.0000 6
5528.0000 10
4713.0000 7
5529.0000 9
5236.0000 9
5307.0000 7
5307.0000 3
5237.0000 8
5308.0000 7
5237.0000 8
5650.0000 4
4496.0000 10
5238.0000 8
5939.0000 4
5309.0000 6
4434.0000 3
5238.0000 9
4715.0000 7
4716.0000 7
5532.0000 7
5239.0000 6
5310.0000 4
5239.0000 7
5653.0000 5
5653.0000 5
5240.0000 6
5534.0000 7
5654.0000 6
4718.0000 8
6205.0000 10
5312.0000 6
5534.0000 9
5943.0000 9
6206.0000 5
5313.0000 9
4438.0000 9
5655.0000 8
5314.0000 6
5536.0000 8
5656.0000 6
5243.0000 7
5536.0000 8
5536.0000 10
5243.0000 10
5657.0000 4
5537.0000 9
5945.0000 11
5658.0000 9
5658.0000 4
5245.0000 7
4504.0000 9
5539.0000 9
5317.0000 9
5540.0000 3
5247.0000 6
5247.0000 9
5660.0000 5
5661.0000 4
4444.0000 10
5319.0000 5
5248.0000 8
5949.0000 10
5319.0000 7
5320.0000 4
5320.0000 6
5320.0000 5
5543.0000 7
5663.0000 4
5321.0000 3
5322.0000 7
4509.0000 10
5251.0000 7
5544.0000 4
5544.0000 8
5545.0000 6
5323.0000 7
5665.0000 7
5323.0000 7
5252.0000 7
4449.0000 9
5253.0000 6
5546.0000 8
5254.0000 6
5254.0000 5
5955.0000 10
5547.0000 8
5325.0000 6
5547.0000 9
5668.0000 8
5255.0000 10
5549.0000 7
5669.0000 7
5669.0000 5
5256.0000 6
5327.0000 7
5328.0000 6
5328.0000 6
4515.0000 8
6221.0000 5
6222.0000 10
5258.0000 4
5959.0000 7
5259.0000 7
5552.0000 8
5259.0000 7
5552.0000 6
5260.0000 12
5961.0000 10
5553.0000 9
5331.0000 8
5332.0000 10
4738.0000 6
4519.0000 9
5333.0000 9
5675.0000 5
5333.0000 4
5555.0000 7
5676.0000 4
4740.0000 6
5676.0000 8
5264.0000 9
5677.0000 7
5264.0000 7
5265.0000 6
5265.0000 4
4742.0000 8
5336.0000 3
4524.0000 10
4743.0000 4
5337.0000 6
5337.0000 12
4743.0000 8
5337.0000 4
4462.0000 11
5267.0000 6
5268.0000 8
5561.0000 5
5269.0000 5
4527.0000 12
4746.0000 8
5562.0000 8
4527.0000 8
5562.0000 7
5340.0000 4
4747.0000 4
5270.0000 7
4466.0000 13
5563.0000 6
4748.0000 7
5684.0000 5
5564.0000 9
5271.0000 6
4748.0000 5
5565.0000 7
5343.0000 3
4530.0000 13
5344.0000 8
4469.0000 11
5344.0000 8
5273.0000 8
4469.0000 9
5687.0000 5
4470.0000 7
5567.0000 6
4532.0000 12
5274.0000 9
5274.0000 7
4532.0000 8
5568.0000 8
5346.0000 7
4753.0000 4
4534.0000 6
4534.0000 6
5277.0000 8
5570.0000 5
5690.0000 6
5277.0000 8
5348.0000 10
5349.0000 4
4474.0000 9
5691.0000 7
5692.0000 4
5573.0000 7
5351.0000 9
5573.0000 9
5351.0000 10
4757.0000 8
5573.0000 9
5574.0000 8
5352.0000 4
4758.0000 8
5352.0000 6
5281.0000 10
4477.0000 8
4541.0000 12
5354.0000 7
5354.0000 9
4542.0000 10
5577.0000 6
4761.0000 7
5284.0000 7
5285.0000 7
5285.0000 8
5578.0000 7
5579.0000 8
5579.0000 9
5286.0000 8
5579.0000 9
5699.0000 4
5579.0000 8
4545.0000 8
5287.0000 9
5287.0000 8
4483.0000 11
4483.0000 9
5580.0000 6
5581.0000 8
4546.0000 10
5359.0000 6
5702.0000 7
5360.0000 7
5360.0000 6
5289.0000 9
4766.0000 9
5360.0000 6
4485.0000 7
5290.0000 8
5290.0000 6
5703.0000 7
5290.0000 9
5362.0000 7
4487.0000 7
5584.0000 10
5363.0000 7
4488.0000 10
5293.0000 9
4770.0000 7
5364.0000 12
4770.0000 9
5293.0000 8
5295.0000 6
4772.0000 5
4772.0000 7
4553.0000 10
4773.0000 8
4554.0000 9
4773.0000 4
4554.0000 7
4774.0000 5
5368.0000 6
4774.0000 6
4775.0000 7
5369.0000 9
4776.0000 8
5592.0000 7
4496.0000 8
5300.0000 7
5713.0000 9
4496.0000 7
4497.0000 4
5301.0000 8
4497.0000 15
4498.0000 6
4498.0000 10
5302.0000 6
5303.0000 9
5596.0000 5
5597.0000 6
4562.0000 6
5375.0000 6
4562.0000 6
4781.0000 8
4781.0000 6
5305.0000 6
5377.0000 7
5306.0000 10
4783.0000 6
4564.0000 10
4783.0000 9
4784.0000 7
5378.0000 6
5378.0000 8
5308.0000 8
5308.0000 5
4504.0000 8
4785.0000 4
4504.0000 4
4504.0000 12
5309.0000 8
5603.0000 8
4568.0000 4
4506.0000 10
4569.0000 6
5382.0000 6
4569.0000 10
4569.0000 3
4789.0000 5
5313.0000 5
4571.0000 12
4790.0000 4
4791.0000 9
5385.0000 8
4791.0000 8
4572.0000 5
4572.0000 6
4792.0000 8
5608.0000 8
5315.0000 5
4793.0000 6
4793.0000 7
4574.0000 7
4575.0000 13
4794.0000 8
4514.0000 7
4576.0000 12
4576.0000 7
5319.0000 7
4515.0000 4
5390.0000 7
4797.0000 7
5391.0000 4
4516.0000 12
4797.0000 14
4517.0000 11
4579.0000 7
4355.0000 7
4581.0000 6
4581.0000 14
4800.0000 6
4801.0000 9
4801.0000 8
4801.0000 4
4583.0000 6
5325.0000 6
5618.0000 8
5619.0000 7
4584.0000 4
4584.0000 8
4522.0000 7
4585.0000 4
4585.0000 6
5620.0000 4
4360.0000 8
4585.0000 11
4805.0000 7
5328.0000 8
5399.0000 8
4587.0000 7
5329.0000 6
5330.0000 8
4589.0000 7
5624.0000 7
5744.0000 7
4589.0000 9
5624.0000 6
5331.0000 9
4527.0000 7
4809.0000 6
5332.0000 2
5404.0000 9
4810.0000 6
5404.0000 7
5333.0000 5
4811.0000 7
5405.0000 4
5406.0000 4
5335.0000 5
4812.0000 6
5335.0000 6
4813.0000 5
5407.0000 6
4594.0000 10
4813.0000 7
4813.0000 6
4594.0000 11
5629.0000 7
4532.0000 7
5062.0000 9
4814.0000 5
4814.0000 6
4815.0000 7
5338.0000 7
4534.0000 10
4534.0000 11
4815.0000 7
4597.0000 7
5410.0000 8
5752.0000 7
4817.0000 6
5340.0000 5
4536.0000 7
5340.0000 6
4817.0000 6
4598.0000 3
4536.0000 11
5340.0000 6
4537.0000 12
4599.0000 11
4818.0000 8
5341.0000 7
287.0000 5
4600.0000 10
5635.0000 5
4601.0000 6
5343.0000 7
5756.0000 8
4539.0000 9
4601.0000 10
5415.0000 6
5344.0000 8
4822.0000 4
4822.0000 7
5416.0000 7
4823.0000 7
4823.0000 6
4604.0000 8
4542.0000 10
5417.0000 7
4604.0000 9
4604.0000 6
5346.0000 2
4824.0000 6
4543.0000 10
5347.0000 7
4606.0000 3
5349.0000 10
4545.0000 8
4607.0000 6
5349.0000 8
4826.0000 4
5642.0000 7
5350.0000 7
4608.0000 10
4608.0000 9
4827.0000 10
5421.0000 9
4828.0000 6
4547.0000 9
5764.0000 4
5422.0000 6
5351.0000 6
4610.0000 7
4829.0000 6
4385.0000 10
5645.0000 7
4548.0000 7
5353.0000 8
4549.0000 5
4549.0000 8
4612.0000 4
4831.0000 6
4612.0000 9
4832.0000 8
4613.0000 10
5426.0000 9
5426.0000 6
4613.0000 11
4832.0000 8
4389.0000 9
4614.0000 10
5649.0000 7
4833.0000 7
4833.0000 7
5356.0000 5
4833.0000 8
4833.0000 9
4833.0000 8
5357.0000 6
4834.0000 7
4834.0000 4
5357.0000 8
4615.0000 11
5650.0000 8
4834.0000 8
5358.0000 10
5358.0000 8
4616.0000 12
4616.0000 12
4836.0000 6
4555.0000 10
5430.0000 6
4617.0000 9
4618.0000 7
4556.0000 8
4837.0000 4
4618.0000 7
4556.0000 10
4556.0000 10
4556.0000 10
5361.0000 7
5361.0000 5
4838.0000 7
5361.0000 6
5654.0000 6
4839.0000 7
4620.0000 7
4620.0000 8
4620.0000 3
4840.0000 7
4840.0000 6
4621.0000 9
4621.0000 7
4396.0000 12
4841.0000 5
4622.0000 8
4622.0000 7
4841.0000 8
5365.0000 9
4623.0000 12
5365.0000 8
5365.0000 6
4624.0000 12
4399.0000 8
4624.0000 10
4562.0000 10
4844.0000 7
4625.0000 12
4844.0000 6
4625.0000 12
4845.0000 6
4845.0000 7
4845.0000 5
4626.0000 7
4564.0000 11
5368.0000 8
4846.0000 6
4565.0000 9
4846.0000 6
5369.0000 5
4566.0000 6
5370.0000 6
4628.0000 12
4847.0000 6
5442.0000 7
4568.0000 10
4849.0000 6
4630.0000 9
4849.0000 8
4849.0000 8
4849.0000 5
5373.0000 5
4850.0000 10
4569.0000 7
4631.0000 10
4406.0000 8
4851.0000 6
5374.0000 7
4571.0000 10
4633.0000 11
4852.0000 8
5376.0000 5
4634.0000 7
4853.0000 6
4634.0000 12
4634.0000 8
4572.0000 6
4853.0000 8
4634.0000 6
4854.0000 6
5377.0000 7
4854.0000 6
4854.0000 6
4854.0000 7
5377.0000 5
4574.0000 8
4855.0000 5
5379.0000 8
4856.0000 6
4637.0000 7
4856.0000 6
4637.0000 4
4857.0000 3
4638.0000 11
4857.0000 8
4576.0000 8
4858.0000 8
4577.0000 10
4414.0000 8
4858.0000 8
4640.0000 10
4859.0000 7
4640.0000 10
4416.0000 5
4860.0000 7
4642.0000 12
4642.0000 6
4642.0000 9
4580.0000 11
4643.0000 8
5385.0000 5
4418.0000 10
4862.0000 5
4418.0000 5
4418.0000 9
5456.0000 7
4581.0000 11
4863.0000 7
4644.0000 3
4863.0000 7
5387.0000 5
4246.0000 13
4646.0000 6
4865.0000 6
4646.0000 11
4865.0000 5
4865.0000 6
4646.0000 8
4585.0000 9
5389.0000 6
4866.0000 6
4647.0000 12
5389.0000 5
5389.0000 7
4866.0000 5
4647.0000 10
4866.0000 6
4423.0000 7
4586.0000 7
5461.0000 4
4867.0000 7
4587.0000 7
4649.0000 7
4649.0000 8
4649.0000 10
4649.0000 11
5391.0000 5
4587.0000 10
5391.0000 7
4650.0000 9
4650.0000 9
4651.0000 6
4651.0000 9
4870.0000 7
4253.0000 9
4591.0000 7
4591.0000 8
4653.0000 6
4591.0000 10
4429.0000 4
5467.0000 7
4430.0000 7
4874.0000 8
5398.0000 5
4875.0000 7
4656.0000 6
4258.0000 9
5399.0000 6
5399.0000 7
4876.0000 7
4657.0000 9
5692.0000 9
5471.0000 4
4877.0000 5
4597.0000 8
4878.0000 7
4597.0000 8
4879.0000 6
4660.0000 9
4660.0000 9
4879.0000 7
4598.0000 10
4880.0000 5
4880.0000 5
4599.0000 10
4436.0000 8
4599.0000 9
4263.0000 7
4662.0000 3
4882.0000 7
4663.0000 6
4882.0000 6
5131.0000 7
4602.0000 5
4664.0000 9
4664.0000 8
4883.0000 9
4883.0000 5
4602.0000 6
4439.0000 6
4884.0000 6
5820.0000 9
5408.0000 6
4666.0000 7
5701.0000 9
4885.0000 6
4667.0000 11
5703.0000 8
4887.0000 6
4269.0000 10
4668.0000 6
4606.0000 3
4269.0000 8
4444.0000 6
5411.0000 9
4444.0000 7
5412.0000 8
4445.0000 7
5825.0000 7
4670.0000 11
4670.0000 9
4445.0000 6
4446.0000 8
4272.0000 9
4273.0000 13
5414.0000 8
4153.0000 4
4891.0000 6
4672.0000 12
4610.0000 6
5707.0000 9
4447.0000 8
4611.0000 7
4611.0000 10
4673.0000 9
5416.0000 7
4612.0000 9
4450.0000 9
4450.0000 6
4450.0000 6
4450.0000 11
4157.0000 4
4895.0000 6
4895.0000 5
4277.0000 12
5418.0000 6
4278.0000 12
4452.0000 6
4278.0000 15
4615.0000 9
5832.0000 7
4453.0000 7
4279.0000 9
4453.0000 9
4453.0000 9
4160.0000 10
4160.0000 9
4280.0000 6
4898.0000 6
4280.0000 11
4454.0000 10
4899.0000 7
4899.0000 5
4618.0000 15
4455.0000 7
4455.0000 9
4899.0000 7
5422.0000 5
4281.0000 5
4899.0000 6
5493.0000 9
5423.0000 9
4619.0000 11
4282.0000 9
4282.0000 9
4900.0000 6
4282.0000 8
5423.0000 8
4283.0000 15
4283.0000 13
4283.0000 14
4682.0000 10
4620.0000 10
4621.0000 8
4458.0000 9
4902.0000 7
4164.0000 7
4164.0000 8
4285.0000 14
4285.0000 8
4622.0000 10
4459.0000 7
4622.0000 7
4165.0000 8
4903.0000 6
4459.0000 10
4460.0000 8
4904.0000 6
4166.0000 5
4904.0000 7
4460.0000 14
4686.0000 7
4167.0000 7
4624.0000 7
4624.0000 9
5842.0000 7
4906.0000 7
4462.0000 10
4288.0000 11
4462.0000 6
4906.0000 6
4906.0000 7
4462.0000 9
4288.0000 13
4907.0000 8
4169.0000 8
4688.0000 4
4463.0000 10
4688.0000 9
4169.0000 5
4463.0000 8
4464.0000 7
4627.0000 9
4689.0000 7
4908.0000 8
4690.0000 6
4690.0000 3
4291.0000 7
4291.0000 6
4690.0000 6
4628.0000 9
4690.0000 9
4465.0000 6
4690.0000 9
4909.0000 6
4910.0000 6
4629.0000 9
4910.0000 3
4466.0000 5
4691.0000 9
4292.0000 10
4173.0000 5
4692.0000 7
4911.0000 11
4174.0000 6
4294.0000 11
4693.0000 10
4468.0000 6
4912.0000 6
4631.0000 5
4295.0000 14
4632.0000 7
4175.0000 10
4913.0000 6
4469.0000 8
4632.0000 10
4295.0000 12
4175.0000 5
4175.0000 10
4633.0000 7
4695.0000 9
4470.0000 7
4695.0000 8
4470.0000 11
83.0000 5
4471.0000 9
4297.0000 11
4297.0000 13
4634.0000 13
4471.0000 9
4471.0000 9
4472.0000 6
4472.0000 7
4697.0000 11
4916.0000 8
4635.0000 9
4635.0000 4
4916.0000 8
4298.0000 4
4472.0000 6
4299.0000 10
4179.0000 9
4917.0000 6
4637.0000 9
4699.0000 3
4637.0000 9
4180.0000 6
4300.0000 9
4474.0000 7
4474.0000 6
4300.0000 6
4637.0000 10
4918.0000 7
4638.0000 7
4475.0000 6
4920.0000 6
4920.0000 7
4302.0000 9
4639.0000 13
4921.0000 7
4921.0000 6
4640.0000 12
4303.0000 7
4183.0000 6
4921.0000 6
4640.0000 8
4304.0000 13
4641.0000 9
4641.0000 7
4641.0000 7
4184.0000 5
4184.0000 7
4922.0000 9
4704.0000 6
4305.0000 14
4480.0000 6
4306.0000 3
5447.0000 9
4924.0000 7
4706.0000 10
4644.0000 12
4481.0000 8
4925.0000 7
4481.0000 5
4644.0000 12
4926.0000 7
4482.0000 10
4926.0000 4
4707.0000 10
4707.0000 7
4708.0000 12
4309.0000 5
4927.0000 6
5743.0000 8
5451.0000 7
4709.0000 8
4484.0000 8
4709.0000 9
4310.0000 10
4929.0000 5
4485.0000 8
4311.0000 11
4648.0000 7
4929.0000 6
4710.0000 8
4648.0000 10
4710.0000 7
4710.0000 6
4486.0000 9
5524.0000 8
4649.0000 6
4711.0000 9
4930.0000 8
4487.0000 6
4313.0000 12
4931.0000 7
4313.0000 5
4713.0000 8
4314.0000 11
4651.0000 11
4651.0000 12
4314.0000 7
4488.0000 6
4652.0000 4
4652.0000 7
4195.0000 6
4315.0000 12
4934.0000 5
5457.0000 10
4934.0000 6
4491.0000 7
4317.0000 5
4491.0000 12
4197.0000 9
4491.0000 7
4936.0000 8
4318.0000 11
4717.0000 7
4492.0000 10
4022.0000 10
5460.0000 9
4718.0000 7
4937.0000 6
4718.0000 6
4656.0000 7
4320.0000 7
5461.0000 9
4657.0000 10
4657.0000 7
4321.0000 10
4658.0000 6
4321.0000 6
4495.0000 8
4940.0000 6
4941.0000 7
4323.0000 9
4722.0000 4
4941.0000 5
4942.0000 3
4661.0000 7
5465.0000 7
4498.0000 2
4724.0000 9
4325.0000 10
4499.0000 6
4724.0000 9
4205.0000 6
4724.0000 4
4663.0000 10
4725.0000 11
4725.0000 8
4206.0000 8
4327.0000 5
4207.0000 6
4945.0000 6
4501.0000 8
4726.0000 11
4946.0000 6
4208.0000 7
4502.0000 7
4947.0000 6
4503.0000 8
4209.0000 6
4666.0000 10
4329.0000 9
4330.0000 5
4330.0000 7
4505.0000 6
4332.0000 10
4950.0000 10
4332.0000 13
4670.0000 6
4508.0000 10
4952.0000 5
4952.0000 6
5476.0000 9
4734.0000 7
4673.0000 9
4336.0000 8
4673.0000 11
4954.0000 6
4216.0000 6
4510.0000 8
4736.0000 6
4511.0000 7
4675.0000 7
4675.0000 8
4675.0000 9
4218.0000 8
4957.0000 7
4219.0000 9
4339.0000 7
4676.0000 7
5480.0000 9
4738.0000 9
4513.0000 8
4738.0000 7
4676.0000 11
4513.0000 7
4220.0000 6
4220.0000 9
4958.0000 5
4677.0000 12
4341.0000 14
4341.0000 6
4679.0000 10
4960.0000 6
4342.0000 10
4516.0000 10
4342.0000 13
4680.0000 11
4343.0000 6
4680.0000 9
4343.0000 11
4343.0000 13
4742.0000 4
4680.0000 11
4743.0000 11
4518.0000 6
4518.0000 8
4962.0000 8
5485.0000 9
4963.0000 6
4744.0000 7
4744.0000 7
4519.0000 8
4226.0000 9
4520.0000 8
4346.0000 11
5488.0000 8
4227.0000 11
4746.0000 2
4747.0000 5
4522.0000 6
5489.0000 9
4966.0000 7
4522.0000 10
4523.0000 6
4349.0000 6
5490.0000 7
4686.0000 10
4525.0000 5
4750.0000 6
4232.0000 6
4690.0000 7
4752.0000 9
4527.0000 8
4233.0000 7
4753.0000 10
4972.0000 7
4753.0000 10
4355.0000 6
4356.0000 9
4974.0000 5
5498.0000 9
4237.0000 7
4694.0000 9
4695.0000 9
4976.0000 7
4360.0000 11
4697.0000 9
4979.0000 9
4698.0000 10
4535.0000 6
4980.0000 7
4699.0000 8
4700.0000 11
4762.0000 11
4700.0000 9
308.0000 6
4983.0000 5
5507.0000 7
4540.0000 7
4985.0000 6
4767.0000 11
4368.0000 7
4705.0000 8
4987.0000 6
4769.0000 8
4988.0000 5
4545.0000 9
4770.0000 12
4771.0000 9
4991.0000 7
5514.0000 9
4255.0000 9
4550.0000 10
4550.0000 5
4378.0000 9
4552.0000 7
4997.0000 8
4379.0000 9
4555.0000 5
4381.0000 11
4781.0000 9
4557.0000 10
5001.0000 6
4721.0000 13
4384.0000 10
4265.0000 9
4385.0000 5
5003.0000 7
4784.0000 3
5004.0000 8
5005.0000 4
4268.0000 6
4788.0000 7
4389.0000 7
4790.0000 10
5010.0000 6
5010.0000 7
4273.0000 8
4273.0000 4
5011.0000 6
4732.0000 9
4794.0000 7
4794.0000 6
4795.0000 8
5014.0000 7
4570.0000 10
4101.0000 7
5016.0000 5
4797.0000 12
4573.0000 11
4736.0000 10
4575.0000 8
5019.0000 6
4576.0000 8
4402.0000 4
4739.0000 15
4739.0000 8
4577.0000 3
4579.0000 9
4285.0000 10
4579.0000 9
4805.0000 8
4744.0000 7
5025.0000 8
4408.0000 8
4409.0000 8
4746.0000 6
4583.0000 5
4410.0000 6
5029.0000 5
5029.0000 6
4412.0000 7
4117.0000 7
4294.0000 6
4589.0000 9
4752.0000 6
4591.0000 14
4591.0000 5
4297.0000 4
4817.0000 9
4593.0000 8
4593.0000 8
4420.0000 7
4421.0000 8
4301.0000 8
5040.0000 6
4424.0000 10
5042.0000 10
4824.0000 9
4824.0000 12
4825.0000 4
4601.0000 10
4601.0000 7
4601.0000 14
5045.0000 9
4308.0000 10
5047.0000 7
4603.0000 5
5047.0000 5
4766.0000 6
4605.0000 6
4311.0000 8
4431.0000 10
4311.0000 9
4769.0000 4
4770.0000 8
4313.0000 9
4137.0000 10
4434.0000 15
4434.0000 7
4608.0000 8
4435.0000 6
4139.0000 13
4139.0000 10
4435.0000 4
4436.0000 13
4610.0000 8
4436.0000 7
4318.0000 10
4318.0000 8
4438.0000 6
4775.0000 11
4612.0000 7
4438.0000 6
4776.0000 7
4143.0000 9
4440.0000 8
4440.0000 13
5058.0000 8
4839.0000 9
4615.0000 6
4441.0000 9
4322.0000 3
4617.0000 7
4781.0000 11
4324.0000 8
4444.0000 9
5063.0000 7
4619.0000 6
4783.0000 9
5065.0000 5
4151.0000 11
4621.0000 5
4152.0000 7
4786.0000 10
4329.0000 9
4329.0000 10
4848.0000 9
4848.0000 7
4786.0000 9
4154.0000 10
4330.0000 5
4849.0000 7
4787.0000 7
4331.0000 2
4625.0000 7
4850.0000 12
4331.0000 6
5593.0000 7
4851.0000 8
4332.0000 9
3889.0000 6
4790.0000 6
4627.0000 5
4790.0000 10
4157.0000 12
3889.0000 8
4454.0000 5
4158.0000 4
4158.0000 9
4791.0000 9
4454.0000 9
4629.0000 4
4792.0000 10
4630.0000 7
4336.0000 8
4855.0000 8
4456.0000 15
4336.0000 8
4855.0000 7
4161.0000 10
4631.0000 5
4458.0000 8
4857.0000 12
4338.0000 9
4459.0000 4
4339.0000 9
4797.0000 11
4164.0000 8
4635.0000 11
4860.0000 9
4798.0000 9
5080.0000 8
4342.0000 5
4636.0000 9
4636.0000 6
4799.0000 7
4799.0000 10
4167.0000 9
4463.0000 4
4800.0000 6
3900.0000 8
4638.0000 2
4168.0000 8
4864.0000 8
5083.0000 6
4345.0000 8
4345.0000 6
4802.0000 5
4170.0000 10
4803.0000 11
4640.0000 12
4170.0000 12
4347.0000 6
3903.0000 8
3903.0000 7
4347.0000 4
4467.0000 13
4172.0000 11
4642.0000 9
4173.0000 10
4173.0000 8
4469.0000 10
4173.0000 3
4173.0000 13
3905.0000 9
3905.0000 7
4643.0000 6
4806.0000 9
4470.0000 13
4174.0000 7
4869.0000 9
4351.0000 8
4645.0000 7
4175.0000 9
4351.0000 8
4472.0000 12
4871.0000 3
4871.0000 4
4176.0000 10
3908.0000 6
4810.0000 10
3909.0000 5
4810.0000 9
4647.0000 6
4872.0000 7
4810.0000 9
4473.0000 5
3910.0000 6
4648.0000 9
4811.0000 6
3910.0000 8
4474.0000 10
3910.0000 9
4648.0000 8
4648.0000 11
4474.0000 6
4355.0000 8
4874.0000 9
5093.0000 8
5093.0000 7
4875.0000 8
4875.0000 11
4476.0000 7
4180.0000 8
4650.0000 9
5094.0000 8
4651.0000 10
5095.0000 8
4477.0000 6
4876.0000 8
4477.0000 6
5095.0000 6
4357.0000 9
4358.0000 8
4358.0000 9
4182.0000 13
4478.0000 9
4652.0000 7
4359.0000 8
3915.0000 5
5097.0000 3
4653.0000 6
4359.0000 9
4183.0000 8
4816.0000 7
4878.0000 11
4654.0000 12
4654.0000 10
4184.0000 11
4817.0000 11
4480.0000 8
4880.0000 12
4880.0000 11
4185.0000 9
4185.0000 6
4361.0000 7
4186.0000 8
4656.0000 5
4482.0000 11
3918.0000 5
4362.0000 8
5100.0000 7
4656.0000 9
4483.0000 8
4483.0000 6
4187.0000 9
4363.0000 8
4882.0000 9
4187.0000 12
4363.0000 10
4483.0000 9
4363.0000 10
4364.0000 6
4188.0000 7
3920.0000 9
3920.0000 5
4188.0000 8
4658.0000 7
3920.0000 6
3920.0000 7
4884.0000 8
4822.0000 11
4365.0000 7
4659.0000 6
4365.0000 8
4365.0000 8
4485.0000 10
4822.0000 8
4485.0000 8
4189.0000 8
4189.0000 12
4822.0000 5
4659.0000 7
4365.0000 9
5104.0000 6
4885.0000 7
4486.0000 12
4823.0000 9
4486.0000 8
4191.0000 9
4487.0000 12
4487.0000 8
5105.0000 7
4824.0000 10
4367.0000 8
4191.0000 10
4367.0000 7
4487.0000 7
4368.0000 9
4662.0000 8
3924.0000 8
4369.0000 6
3656.0000 5
4826.0000 10
4826.0000 11
4663.0000 5
4826.0000 5
4193.0000 11
4193.0000 11
4888.0000 8
4369.0000 6
4193.0000 10
4370.0000 7
4664.0000 8
4194.0000 9
4827.0000 6
4828.0000 11
4665.0000 6
3927.0000 8
4195.0000 9
4491.0000 8
3927.0000 4
4371.0000 7
4196.0000 7
3928.0000 6
4492.0000 5
4666.0000 6
4197.0000 8
4667.0000 7
4373.0000 6
4830.0000 7
4197.0000 9
4893.0000 6
4198.0000 13
3930.0000 8
4893.0000 8
4374.0000 8
4375.0000 9
4375.0000 4
4495.0000 10
4495.0000 10
4895.0000 10
4496.0000 7
4496.0000 13
4201.0000 8
4834.0000 6
4201.0000 8
3583.0000 4
4377.0000 3
4377.0000 6
3934.0000 7
3934.0000 6
4202.0000 10
4378.0000 7
4379.0000 9
4673.0000 11
4499.0000 10
4673.0000 6
4203.0000 11
4499.0000 7
4203.0000 7
4203.0000 9
4379.0000 9
3936.0000 6
4899.0000 8
4837.0000 10
3667.0000 9
4674.0000 8
4381.0000 9
4838.0000 5
4205.0000 10
4501.0000 12
4501.0000 8
4838.0000 11
4205.0000 8
4675.0000 6
3938.0000 7
4676.0000 7
4206.0000 13
4206.0000 9
4382.0000 9
4206.0000 8
3939.0000 5
4207.0000 11
5121.0000 8
4902.0000 9
4677.0000 14
5122.0000 6
4678.0000 6
4208.0000 14
4504.0000 12
4504.0000 8
4678.0000 7
4208.0000 8
4842.0000 5
4385.0000 6
4904.0000 11
4842.0000 11
4905.0000 11
4905.0000 7
4210.0000 12
4386.0000 7
4210.0000 9
4681.0000 6
4844.0000 7
3943.0000 6
4844.0000 10
4681.0000 10
4906.0000 8
4845.0000 6
4212.0000 9
4212.0000 8
4682.0000 12
4388.0000 10
4846.0000 8
3945.0000 7
4213.0000 9
4389.0000 6
4509.0000 13
4684.0000 7
4847.0000 8
4214.0000 7
4510.0000 9
4214.0000 7
4909.0000 8
3947.0000 7
3947.0000 5
3947.0000 7
5129.0000 7
4910.0000 9
3947.0000 8
4215.0000 9
3947.0000 6
4511.0000 8
5130.0000 7
4911.0000 7
3948.0000 4
4849.0000 13
4392.0000 10
4849.0000 10
4393.0000 7
4687.0000 8
4393.0000 7
4513.0000 10
4217.0000 9
4687.0000 8
4687.0000 7
4850.0000 9
4514.0000 7
3950.0000 8
4851.0000 11
4913.0000 12
4218.0000 5
4688.0000 6
5132.0000 8
4219.0000 7
4689.0000 9
4219.0000 12
4220.0000 9
4396.0000 6
4690.0000 7
3952.0000 7
4853.0000 11
3952.0000 8
4221.0000 7
4221.0000 9
3953.0000 4
4691.0000 8
4517.0000 12
4398.0000 7
3954.0000 7
4518.0000 11
4398.0000 5
4518.0000 11
4855.0000 5
4693.0000 6
4856.0000 9
4519.0000 3
3955.0000 8
4223.0000 10
4693.0000 7
4399.0000 8
4399.0000 10
4857.0000 4
4521.0000 8
4521.0000 12
4695.0000 8
4521.0000 5
4401.0000 8
4401.0000 10
4695.0000 6
4521.0000 16
4402.0000 8
4522.0000 9
4402.0000 8
4696.0000 14
4522.0000 9
4226.0000 11
4696.0000 9
4228.0000 9
3960.0000 8
4698.0000 10
4923.0000 7
4861.0000 11
4228.0000 10
4229.0000 12
4405.0000 6
4229.0000 5
4405.0000 7
4406.0000 8
4863.0000 10
4925.0000 11
4406.0000 8
4230.0000 10
4231.0000 9
4701.0000 2
4231.0000 9
3963.0000 9
4231.0000 11
4701.0000 12
3963.0000 6
4701.0000 9
4232.0000 12
4865.0000 9
4528.0000 12
4865.0000 10
4408.0000 6
4232.0000 10
4408.0000 7
4232.0000 6
4232.0000 10
4408.0000 7
4528.0000 7
4703.0000 6
4409.0000 9
4703.0000 7
4409.0000 9
4703.0000 7
4529.0000 11
3966.0000 7
4410.0000 6
3966.0000 7
4705.0000 12
4411.0000 9
4930.0000 11
4705.0000 7
4705.0000 10
4235.0000 10
4705.0000 8
4411.0000 8
4531.0000 9
4236.0000 7
4532.0000 9
4236.0000 7
3968.0000 6
4236.0000 9
4706.0000 6
4532.0000 5
4533.0000 11
4413.0000 8
4237.0000 6
3970.0000 7
4414.0000 10
4238.0000 8
4534.0000 9
4708.0000 5
4239.0000 9
4415.0000 8
4415.0000 9
4416.0000 8
4710.0000 10
4710.0000 10
4710.0000 7
4711.0000 8
4241.0000 5
3973.0000 7
3973.0000 6
4417.0000 7
4936.0000 12
4712.0000 7
4242.0000 10
4538.0000 13
4937.0000 4
4418.0000 4
4418.0000 9
4419.0000 9
3975.0000 7
4539.0000 8
3975.0000 8
4540.0000 11
4420.0000 7
4420.0000 8
4244.0000 10
4540.0000 7
4939.0000 11
4540.0000 11
4940.0000 8
3977.0000 8
4541.0000 3
3978.0000 9
4716.0000 8
4716.0000 9
4879.0000 7
5160.0000 6
4246.0000 10
5160.0000 7
4716.0000 9
3978.0000 6
4717.0000 8
4423.0000 9
4942.0000 11
4543.0000 13
4942.0000 4
4718.0000 9
4248.0000 9
4248.0000 13
4248.0000 14
4424.0000 8
4248.0000 8
4248.0000 9
4718.0000 9
3981.0000 7
4249.0000 4
4425.0000 6
3981.0000 6
4545.0000 8
4545.0000 12
4249.0000 7
4545.0000 5
4545.0000 5
4883.0000 9
4250.0000 12
4426.0000 7
4426.0000 7
4884.0000 7
3983.0000 8
4548.0000 10
4428.0000 9
4428.0000 7
3715.0000 9
202.0000 12
4428.0000 7
4253.0000 8
4429.0000 9
3985.0000 6
4429.0000 7
4948.0000 12
4429.0000 6
4253.0000 8
3716.0000 8
4254.0000 10
3717.0000 10
4550.0000 14
4724.0000 7
4430.0000 7
3637.0000 6
4431.0000 9
4725.0000 6
4725.0000 8
4725.0000 7
4551.0000 8
3988.0000 6
4552.0000 5
4889.0000 11
3988.0000 9
4257.0000 4
4433.0000 7
4554.0000 4
4554.0000 8
3990.0000 8
3990.0000 7
4434.0000 9
4554.0000 9
4891.0000 9
4555.0000 10
4259.0000 7
4435.0000 7
4729.0000 7
4555.0000 3
3991.0000 6
3992.0000 5
4436.0000 11
3992.0000 8
3992.0000 10
4556.0000 10
4260.0000 8
4437.0000 8
4261.0000 7
4557.0000 14
4438.0000 6
4262.0000 12
4262.0000 10
4262.0000 7
4732.0000 7
4439.0000 9
4733.0000 9
4733.0000 12
4439.0000 8
4733.0000 6
4439.0000 7
4264.0000 4
4560.0000 10
4264.0000 10
4897.0000 10
4897.0000 10
4960.0000 9
3997.0000 8
4735.0000 7
4735.0000 7
3997.0000 7
4441.0000 7
3729.0000 9
4442.0000 5
4899.0000 3
5180.0000 10
3999.0000 8
4962.0000 12
4443.0000 6
4267.0000 8
3999.0000 6
4563.0000 9
4563.0000 7
4267.0000 3
4267.0000 10
4738.0000 9
4901.0000 10
4564.0000 11
4738.0000 6
3731.0000 11
4739.0000 10
4269.0000 9
4001.0000 6
4445.0000 4
4001.0000 5
4445.0000 4
4001.0000 7
4565.0000 10
4902.0000 8
4740.0000 11
4566.0000 12
4270.0000 6
4446.0000 5
4566.0000 8
4965.0000 7
4566.0000 10
4447.0000 7
4447.0000 9
4567.0000 11
4568.0000 10
4448.0000 11
4905.0000 7
4568.0000 8
4742.0000 7
4569.0000 8
4273.0000 11
4273.0000 11
4743.0000 10
4274.0000 12
4450.0000 4
4450.0000 10
4907.0000 9
4275.0000 13
4451.0000 11
4451.0000 6
4008.0000 5
4452.0000 6
4452.0000 6
4008.0000 7
4276.0000 9
4572.0000 9
3740.0000 10
4910.0000 10
4972.0000 9
4278.0000 7
4278.0000 10
4574.0000 6
4748.0000 7
4278.0000 7
4748.0000 3
4749.0000 8
4011.0000 5
4912.0000 10
4279.0000 6
4975.0000 11
4013.0000 4
4915.0000 11
4282.0000 8
4282.0000 10
4752.0000 10
4458.0000 8
4014.0000 8
4458.0000 6
4014.0000 12
4753.0000 9
4015.0000 7
4283.0000 3
4016.0000 8
4580.0000 8
4918.0000 10
4980.0000 3
4581.0000 8
3667.0000 10
4017.0000 6
3748.0000 7
4581.0000 5
3748.0000 6
4918.0000 11
4287.0000 7
3750.0000 8
3670.0000 10
4020.0000 6
4758.0000 6
4983.0000 11
4021.0000 4
4585.0000 14
4022.0000 7
4466.0000 7
4760.0000 8
4761.0000 6
4761.0000 8
3673.0000 5
4024.0000 6
4588.0000 7
3755.0000 6
4762.0000 10
4292.0000 9
4468.0000 8
4292.0000 8
4762.0000 7
4025.0000 7
4589.0000 13
4293.0000 9
5207.0000 6
4293.0000 7
4293.0000 11
4470.0000 8
3757.0000 9
4294.0000 10
4294.0000 11
4027.0000 8
4472.0000 8
4296.0000 10
4296.0000 8
4028.0000 4
4296.0000 8
3759.0000 5
4991.0000 9
4766.0000 2
4592.0000 10
4767.0000 9
4297.0000 10
4473.0000 7
4473.0000 6
3679.0000 5
4298.0000 11
4474.0000 6
4030.0000 8
4994.0000 4
3430.0000 10
4595.0000 9
4769.0000 8
4595.0000 12
4031.0000 12
4476.0000 7
4476.0000 8
4596.0000 11
4596.0000 6
4771.0000 8
4033.0000 5
4597.0000 5
4934.0000 8
4597.0000 7
4934.0000 11
3765.0000 11
4935.0000 8
4034.0000 7
3765.0000 5
4303.0000 11
5217.0000 6
4998.0000 7
4303.0000 7
4936.0000 10
4774.0000 10
4481.0000 7
4305.0000 7
4938.0000 10
4037.0000 6
4306.0000 6
5001.0000 6
4038.0000 7
4038.0000 11
4777.0000 9
4483.0000 6
4603.0000 5
4941.0000 10
4484.0000 9
4484.0000 6
4778.0000 7
3691.0000 3
4042.0000 11
4042.0000 8
4606.0000 7
3692.0000 10
4607.0000 10
4043.0000 6
4781.0000 3
4782.0000 7
4312.0000 12
4488.0000 6
4044.0000 8
4044.0000 6
3776.0000 8
4946.0000 8
4609.0000 7
3777.0000 5
3777.0000 7
3778.0000 11
4047.0000 7
4785.0000 7
4047.0000 11
4786.0000 5
4492.0000 5
4949.0000 10
4492.0000 7
4949.0000 10
5230.0000 8
4049.0000 6
3699.0000 6
3699.0000 4
4493.0000 8
3781.0000 4
4615.0000 8
5014.0000 8
4319.0000 10
4952.0000 8
4495.0000 9
3783.0000 5
4616.0000 16
4052.0000 8
4496.0000 8
4321.0000 7
4321.0000 9
4053.0000 7
4954.0000 6
4322.0000 6
5017.0000 6
4322.0000 9
3785.0000 6
4792.0000 7
4055.0000 6
3786.0000 11
4324.0000 8
4794.0000 7
4056.0000 6
3787.0000 13
3787.0000 10
4500.0000 6
4501.0000 10
4057.0000 8
4501.0000 4
4057.0000 4
4958.0000 11
3788.0000 10
3708.0000 10
4326.0000 9
3789.0000 3
4059.0000 8
3790.0000 8
4060.0000 12
4504.0000 5
4504.0000 8
3791.0000 5
3710.0000 5
4798.0000 7
4624.0000 4
4625.0000 14
3711.0000 4
4962.0000 10
3712.0000 4
4963.0000 11
4627.0000 8
5026.0000 3
4063.0000 9
3794.0000 6
3714.0000 3
4332.0000 5
4802.0000 7
3795.0000 8
4628.0000 11
4803.0000 7
3796.0000 12
4803.0000 9
3797.0000 11
4804.0000 9
4067.0000 5
3717.0000 5
3798.0000 9
3718.0000 4
4969.0000 7
4969.0000 10
5250.0000 8
4068.0000 5
4512.0000 7
4513.0000 8
4337.0000 7
3719.0000 4
4514.0000 7
4514.0000 8
3720.0000 6
4514.0000 10
4514.0000 7
4514.0000 8
4514.0000 8
5034.0000 8
4635.0000 5
4809.0000 9
4809.0000 14
4339.0000 10
3802.0000 10
4072.0000 7
4516.0000 10
4974.0000 10
4637.0000 10
4637.0000 8
4637.0000 8
3804.0000 9
4637.0000 10
4975.0000 10
4342.0000 10
4638.0000 5
4074.0000 7
4074.0000 9
3806.0000 12
4519.0000 9
3807.0000 4
4640.0000 10
4814.0000 6
3726.0000 6
4345.0000 6
3808.0000 9
4077.0000 4
4345.0000 11
4345.0000 9
4642.0000 10
3728.0000 8
4816.0000 7
4346.0000 7
3809.0000 8
4346.0000 3
4980.0000 10
3810.0000 3
3729.0000 11
3731.0000 10
3731.0000 6
4350.0000 10
4526.0000 5
4820.0000 7
3732.0000 4
4526.0000 9
3814.0000 8
4351.0000 3
4351.0000 11
4527.0000 9
4084.0000 7
4084.0000 5
3483.0000 4
4823.0000 7
3816.0000 8
4987.0000 9
4086.0000 5
3736.0000 6
5050.0000 11
4531.0000 6
3737.0000 13
3486.0000 7
4989.0000 7
4652.0000 14
4826.0000 13
4357.0000 14
4357.0000 8
4653.0000 6
3821.0000 12
4090.0000 8
3821.0000 9
4090.0000 9
3821.0000 7
4534.0000 7
3740.0000 10
3740.0000 5
4828.0000 10
4829.0000 13
4655.0000 10
4655.0000 5
4655.0000 11
4359.0000 9
4092.0000 8
3824.0000 7
3743.0000 10
3744.0000 8
4362.0000 13
3494.0000 7
4996.0000 10
4659.0000 11
4996.0000 10
3494.0000 6
3826.0000 5
4833.0000 12
4539.0000 10
3827.0000 11
4540.0000 8
3827.0000 11
4097.0000 6
3747.0000 10
4365.0000 8
4998.0000 10
3748.0000 7
3247.0000 7
3748.0000 5
3829.0000 8
4663.0000 10
4837.0000 12
4543.0000 7
4543.0000 9
3498.0000 10
3499.0000 4
4544.0000 5
4544.0000 9
3831.0000 6
4544.0000 5
3832.0000 8
4665.0000 10
4369.0000 14
4102.0000 3
4102.0000 4
4102.0000 5
5065.0000 9
3753.0000 4
3252.0000 6
3753.0000 11
4372.0000 12
3503.0000 11
3835.0000 5
4548.0000 7
4372.0000 10
4548.0000 4
4104.0000 12
3755.0000 9
3755.0000 7
5006.0000 9
4373.0000 7
5007.0000 9
4550.0000 6
3756.0000 3
3837.0000 11
5007.0000 10
3837.0000 3
3838.0000 5
4551.0000 6
3757.0000 10
4107.0000 5
4845.0000 7
4107.0000 8
4846.0000 7
3839.0000 8
3839.0000 7
3839.0000 8
4672.0000 10
3839.0000 9
3839.0000 5
3839.0000 8
4376.0000 11
3759.0000 7
3258.0000 6
3840.0000 10
4847.0000 6
4553.0000 7
4673.0000 14
74.0000 4
3840.0000 8
3760.0000 6
3760.0000 14
4110.0000 5
4379.0000 11
3761.0000 7
4111.0000 5
3761.0000 10
4111.0000 6
4111.0000 4
4675.0000 4
3761.0000 11
4555.0000 8
3762.0000 7
3762.0000 12
3843.0000 8
3762.0000 6
5013.0000 9
5075.0000 9
4557.0000 7
4381.0000 3
4677.0000 5
4114.0000 5
3513.0000 7
3845.0000 10
5077.0000 7
4382.0000 11
3845.0000 10
4115.0000 5
3765.0000 12
3765.0000 8
4115.0000 5
4679.0000 9
4385.0000 10
5081.0000 7
4682.0000 5
3849.0000 11
4118.0000 7
4386.0000 7
4563.0000 7
4563.0000 5
3850.0000 4
5020.0000 10
4387.0000 9
5083.0000 10
3851.0000 11
4684.0000 7
4388.0000 9
4685.0000 15
4860.0000 9
3772.0000 6
3855.0000 5
5087.0000 12
3774.0000 7
4568.0000 10
5025.0000 10
4124.0000 7
4393.0000 10
3524.0000 8
3524.0000 11
3856.0000 11
3856.0000 11
5089.0000 4
3525.0000 8
3525.0000 5
4394.0000 12
5028.0000 11
3526.0000 11
4865.0000 10
3527.0000 4
4128.0000 6
4692.0000 4
3778.0000 3
3778.0000 4
4396.0000 9
4692.0000 13
4572.0000 8
3860.0000 11
3779.0000 10
4693.0000 11
5031.0000 7
4130.0000 7
4130.0000 5
4868.0000 12
4130.0000 7
3862.0000 10
3781.0000 7
5032.0000 13
4131.0000 6
3862.0000 2
4695.0000 7
4400.0000 10
3863.0000 12
4696.0000 10
4577.0000 9
3532.0000 8
4871.0000 6
3783.0000 5
4871.0000 8
4872.0000 9
4698.0000 6
3784.0000 8
3784.0000 10
3784.0000 4
4698.0000 8
4872.0000 2
3866.0000 11
3785.0000 3
4403.0000 5
3866.0000 10
3535.0000 11
4136.0000 7
3867.0000 7
3786.0000 4
4136.0000 9
3786.0000 7
4875.0000 7
4137.0000 6
3868.0000 7
5038.0000 9
3537.0000 12
3788.0000 8
3288.0000 6
3789.0000 10
3870.0000 12
3871.0000 11
3871.0000 7
3790.0000 3
4140.0000 6
4584.0000 6
3873.0000 10
3541.0000 11
4142.0000 7
3873.0000 9
3291.0000 3
4586.0000 7
3541.0000 10
3541.0000 8
4142.0000 8
3873.0000 8
4587.0000 6
4143.0000 6
3542.0000 10
4143.0000 6
3874.0000 8
3793.0000 9
4588.0000 6
3875.0000 8
4882.0000 13
3795.0000 4
4589.0000 10
3795.0000 6
4413.0000 12
3876.0000 11
3545.0000 10
4590.0000 8
3796.0000 7
3796.0000 9
3877.0000 11
3877.0000 12
3877.0000 7
4710.0000 11
3878.0000 5
4415.0000 10
4591.0000 9
5111.0000 4
4416.0000 6
3879.0000 6
4712.0000 10
4148.0000 6
3798.0000 6
3879.0000 13
4149.0000 9
3298.0000 2
5050.0000 6
4887.0000 6
3548.0000 8
3799.0000 6
3799.0000 5
4594.0000 6
3800.0000 4
5113.0000 4
4419.0000 9
3801.0000 4
3801.0000 5
3550.0000 11
3801.0000 6
3551.0000 10
3883.0000 12
3301.0000 5
4152.0000 8
4421.0000 13
4153.0000 10
4597.0000 8
4422.0000 8
4154.0000 6
4718.0000 6
4422.0000 12
3304.0000 5
3805.0000 5
3304.0000 7
3805.0000 8
3555.0000 9
3555.0000 12
4156.0000 12
4156.0000 9
5057.0000 11
4424.0000 12
3888.0000 10
3556.0000 7
4157.0000 10
3807.0000 3
3556.0000 9
4158.0000 12
3889.0000 9
4723.0000 7
3890.0000 6
4723.0000 6
4159.0000 7
4160.0000 6
4724.0000 8
4428.0000 11
3559.0000 6
4428.0000 8
4428.0000 7
3811.0000 10
3892.0000 4
3894.0000 8
3894.0000 5
3894.0000 7
4607.0000 8
4607.0000 6
4431.0000 9
4163.0000 6
3894.0000 11
4164.0000 9
4432.0000 6
4164.0000 7
4164.0000 4
3895.0000 12
3814.0000 4
4433.0000 11
3815.0000 5
3816.0000 6
3565.0000 8
3817.0000 4
3898.0000 8
4905.0000 5
4167.0000 8
3316.0000 4
4167.0000 8
4167.0000 9
3817.0000 8
3817.0000 10
4435.0000 8
3818.0000 11
3899.0000 10
3899.0000 5
3900.0000 5
5132.0000 8
3568.0000 9
3900.0000 12
3900.0000 8
3569.0000 3
3569.0000 5
4170.0000 6
3901.0000 11
4614.0000 8
4170.0000 8
3901.0000 3
3820.0000 11
4171.0000 7
5072.0000 8
3570.0000 9
3822.0000 4
3822.0000 5
4910.0000 4
3903.0000 8
4616.0000 10
4172.0000 6
3571.0000 6
3321.0000 5
3904.0000 6
3904.0000 11
4737.0000 9
4441.0000 9
4441.0000 8
3322.0000 5
3823.0000 4
4442.0000 6
3824.0000 6
3905.0000 10
3323.0000 6
3905.0000 11
4174.0000 6
5138.0000 6
3324.0000 7
3825.0000 6
3825.0000 5
3826.0000 7
3907.0000 7
3575.0000 9
4176.0000 7
3908.0000 5
3827.0000 5
4177.0000 9
3827.0000 7
3577.0000 4
3828.0000 4
4916.0000 8
3577.0000 9
3829.0000 11
5080.0000 10
3911.0000 12
3830.0000 7
3911.0000 8
3830.0000 9
3579.0000 9
4624.0000 7
3911.0000 4
4918.0000 13
4449.0000 10
4449.0000 7
3831.0000 10
4182.0000 7
4626.0000 6
4746.0000 4
4450.0000 8
3581.0000 12
5083.0000 6
4450.0000 11
4921.0000 8
3582.0000 7
3333.0000 5
4452.0000 12
4184.0000 7
4184.0000 8
3333.0000 4
4452.0000 8
3834.0000 4
4185.0000 5
3835.0000 9
3916.0000 11
3835.0000 8
4185.0000 6
4749.0000 11
3835.0000 5
3835.0000 9
4923.0000 10
4186.0000 10
4186.0000 5
3586.0000 9
3918.0000 11
4455.0000 8
4926.0000 8
3919.0000 9
4632.0000 8
4188.0000 6
3919.0000 7
4188.0000 7
3920.0000 10
3839.0000 12
4457.0000 7
4457.0000 11
3920.0000 12
4189.0000 7
3590.0000 11
3841.0000 4
3922.0000 5
3590.0000 9
4191.0000 6
4635.0000 6
3842.0000 5
4192.0000 5
3842.0000 12
4192.0000 12
3924.0000 11
4193.0000 6
3844.0000 4
3844.0000 6
4194.0000 6
4638.0000 8
3594.0000 4
4463.0000 7
3594.0000 6
3926.0000 10
3846.0000 7
4465.0000 8
3928.0000 11
3928.0000 7
3596.0000 8
3928.0000 12
4197.0000 7
3597.0000 12
4198.0000 6
3597.0000 9
4466.0000 9
3848.0000 9
3598.0000 5
4468.0000 10
4200.0000 7
3599.0000 7
3850.0000 6
3850.0000 4
3932.0000 4
4469.0000 13
3851.0000 5
3851.0000 5
3601.0000 9
3852.0000 8
3854.0000 12
3603.0000 5
3935.0000 11
3603.0000 9
4942.0000 4
3354.0000 5
3604.0000 10
4769.0000 11
3937.0000 9
3857.0000 3
4771.0000 13
4653.0000 6
3859.0000 5
4654.0000 7
4948.0000 7
4210.0000 8
4774.0000 7
4655.0000 11
3861.0000 6
3360.0000 5
3861.0000 5
3361.0000 5
3943.0000 8
3944.0000 9
3612.0000 5
4658.0000 7
3363.0000 6
4658.0000 7
3945.0000 5
4214.0000 7
3364.0000 5
4483.0000 7
3364.0000 5
3947.0000 13
3947.0000 5
3615.0000 9
3948.0000 12
3616.0000 10
4955.0000 7
3366.0000 5
5118.0000 8
4218.0000 7
3369.0000 5
4489.0000 5
3871.0000 4
4489.0000 6
4786.0000 6
4222.0000 9
4222.0000 7
3873.0000 4
3622.0000 9
3874.0000 3
5125.0000 6
4224.0000 7
3373.0000 4
3956.0000 5
3375.0000 7
4670.0000 9
4494.0000 13
4670.0000 10
4791.0000 13
3958.0000 11
3626.0000 6
5129.0000 2
4793.0000 8
4967.0000 10
4674.0000 7
3629.0000 8
5132.0000 6
3630.0000 4
4796.0000 6
3882.0000 5
4677.0000 8
3965.0000 5
4678.0000 8
4798.0000 13
4972.0000 8
4235.0000 6
3634.0000 8
4973.0000 7
3634.0000 10
3885.0000 9
4680.0000 6
3886.0000 10
3385.0000 7
4801.0000 14
5138.0000 11
3387.0000 6
4682.0000 11
4683.0000 7
4239.0000 9
3890.0000 4
4240.0000 11
4508.0000 10
3640.0000 9
3641.0000 6
4686.0000 6
3893.0000 5
4243.0000 7
4244.0000 7
4245.0000 6
5146.0000 2
4810.0000 13
3977.0000 5
4811.0000 8
3978.0000 7
4516.0000 12
3980.0000 8
5150.0000 11
3900.0000 7
4518.0000 6
4988.0000 13
5214.0000 8
4695.0000 6
3982.0000 8
3650.0000 8
4252.0000 6
3984.0000 9
4817.0000 8
4253.0000 6
4991.0000 13
4253.0000 6
4697.0000 5
4254.0000 6
4254.0000 5
4254.0000 8
3987.0000 4
4256.0000 4
3906.0000 7
3988.0000 11
3656.0000 8
4526.0000 7
4997.0000 7
3909.0000 4
4703.0000 10
3990.0000 10
3990.0000 5
3910.0000 4
3910.0000 10
3910.0000 7
4705.0000 6
3912.0000 8
3912.0000 6
5000.0000 13
4706.0000 10
4827.0000 5
4707.0000 9
3662.0000 5
3995.0000 11
5165.0000 2
3414.0000 5
5003.0000 6
4533.0000 9
4533.0000 8
4265.0000 7
3415.0000 5
5168.0000 11
4831.0000 6
3917.0000 4
5005.0000 14
4000.0000 9
4833.0000 10
4833.0000 11
5233.0000 8
4834.0000 6
4715.0000 7
4836.0000 11
3421.0000 5
5236.0000 8
4839.0000 10
4543.0000 11
4276.0000 5
4544.0000 6
5178.0000 2
4278.0000 7
4279.0000 6
3678.0000 10
3679.0000 6
4549.0000 11
4550.0000 9
3432.0000 5
4556.0000 11
5190.0000 8
4736.0000 6
4294.0000 5
4858.0000 10
3944.0000 6
3703.0000 11
4035.0000 6
4869.0000 13
4573.0000 9
4751.0000 7
4308.0000 7
3959.0000 5
3459.0000 5
3709.0000 10
4043.0000 6
4581.0000 8
3713.0000 8
4879.0000 7
3464.0000 6
3965.0000 5
4316.0000 8
3716.0000 10
4587.0000 8
4589.0000 7
3971.0000 5
4055.0000 5
4592.0000 9
5226.0000 11
4058.0000 12
4327.0000 8
4059.0000 6
3979.0000 5
3980.0000 6
4599.0000 9
3981.0000 11
4063.0000 6
4064.0000 11
4334.0000 6
3733.0000 10
3734.0000 9
4335.0000 2
3484.0000 5
3986.0000 4
3737.0000 7
3988.0000 4
3488.0000 5
4340.0000 13
3740.0000 10
4073.0000 8
3493.0000 7
3743.0000 9
3494.0000 5
3995.0000 4
3744.0000 8
3495.0000 4
4079.0000 11
3999.0000 6
4793.0000 8
3999.0000 6
4617.0000 10
3749.0000 4
3749.0000 8
3750.0000 9
3750.0000 9
4352.0000 8
4083.0000 10
4353.0000 12
4084.0000 11
3754.0000 8
3754.0000 10
4005.0000 3
4799.0000 8
3505.0000 5
3505.0000 4
3507.0000 5
3758.0000 12
3510.0000 5
4095.0000 8
5327.0000 6
3766.0000 8
4017.0000 9
3766.0000 6
3766.0000 10
5106.0000 13
4369.0000 7
4019.0000 3
4933.0000 8
3769.0000 9
4103.0000 7
3772.0000 13
3522.0000 5
3774.0000 10
3775.0000 4
3775.0000 13
3526.0000 3
3776.0000 10
3776.0000 6
4941.0000 11
4110.0000 8
3528.0000 5
4824.0000 8
4111.0000 8
4111.0000 10
3780.0000 10
3780.0000 8
3531.0000 5
4826.0000 6
4113.0000 11
3533.0000 7
4035.0000 8
4116.0000 10
4035.0000 8
4035.0000 7
4949.0000 11
3534.0000 5
4950.0000 4
4654.0000 8
3535.0000 5
5124.0000 14
3786.0000 8
3536.0000 7
4119.0000 12
3537.0000 5
3787.0000 5
4119.0000 10
4038.0000 5
3788.0000 8
4039.0000 4
3539.0000 7
3789.0000 5
3458.0000 4
4041.0000 8
5292.0000 8
3790.0000 6
3374.0000 9
5130.0000 9
4956.0000 8
4124.0000 7
4124.0000 8
3542.0000 7
4958.0000 10
3793.0000 11
4045.0000 5
3544.0000 5
3794.0000 9
4959.0000 7
3795.0000 11
4046.0000 5
4128.0000 5
3796.0000 4
4047.0000 5
3796.0000 11
4841.0000 7
3547.0000 5
3797.0000 5
4131.0000 9
5363.0000 6
4050.0000 12
3550.0000 4
3801.0000 8
5305.0000 10
4055.0000 4
4136.0000 9
3804.0000 10
4971.0000 8
4058.0000 6
3807.0000 9
4139.0000 6
4974.0000 8
4061.0000 3
3810.0000 7
127.0000 7
4979.0000 14
4683.0000 11
4686.0000 13
3567.0000 4
5156.0000 9
5157.0000 9
5382.0000 8
4985.0000 11
4421.0000 5
4986.0000 7
4986.0000 2
4155.0000 6
3825.0000 7
4157.0000 5
3825.0000 8
4079.0000 5
5400.0000 8
5340.0000 8
5344.0000 8
3842.0000 10
4175.0000 5
3843.0000 9
4712.0000 10
4176.0000 5
4177.0000 15
5010.0000 7
averageTime:4480.819282412503  averageHopCount:7.446401056570548
