5.0000 0.0000 0.0000
10.0000 0.0000 0.0000
15.0000 0.0000 0.0000
20.0000 0.0000 0.0000
25.0000 0.0000 0.0000
30.0000 0.0000 0.0000
35.0000 0.0000 0.0000
40.0000 0.0000 0.0000
45.0000 0.0000 0.0000
50.0000 0.0000 0.0000
55.0000 0.0000 0.0000
60.0000 0.0000 0.0000
65.0000 0.0000 0.0000
70.0000 0.0000 0.0000
75.0000 0.0000 0.0000
80.0000 0.0000 0.0000
85.0000 0.0036 0.0000
90.0000 0.0072 0.0001
95.0000 0.0180 0.0002
100.0000 0.0216 0.0003
105.0000 0.0216 0.0003
110.0000 0.0216 0.0003
115.0000 0.0216 0.0003
120.0000 0.0216 0.0003
125.0000 0.0252 0.0003
130.0000 0.0288 0.0003
135.0000 0.0288 0.0003
140.0000 0.0288 0.0003
145.0000 0.0359 0.0004
150.0000 0.0467 0.0005
155.0000 0.0575 0.0006
160.0000 0.0647 0.0007
165.0000 0.0683 0.0008
170.0000 0.0755 0.0008
175.0000 0.1006 0.0011
180.0000 0.1294 0.0014
185.0000 0.1833 0.0018
190.0000 0.2264 0.0022
195.0000 0.2624 0.0024
200.0000 0.3306 0.0028
205.0000 0.3846 0.0031
210.0000 0.4528 0.0033
215.0000 0.5175 0.0035
220.0000 0.5822 0.0035
225.0000 0.6325 0.0035
230.0000 0.6793 0.0034
235.0000 0.7321 0.0034
240.0000 0.7992 0.0033
245.0000 0.8316 0.0032
250.0000 0.8603 0.0030
255.0000 0.8962 0.0028
260.0000 0.9394 0.0026
265.0000 0.9717 0.0023
270.0000 1.0041 0.0021
275.0000 1.0077 0.0020
280.0000 1.0220 0.0019
285.0000 1.0508 0.0017
290.0000 1.0831 0.0014
295.0000 1.0975 0.0012
300.0000 1.1011 0.0012
305.0000 1.1119 0.0011
310.0000 1.1299 0.0009
315.0000 1.1528 0.0010
320.0000 1.1564 0.0010
325.0000 1.1564 0.0010
330.0000 1.1635 0.0009
335.0000 1.1743 0.0008
340.0000 1.1779 0.0007
345.0000 1.1815 0.0007
350.0000 1.1854 0.0007
355.0000 1.1967 0.0008
360.0000 1.2003 0.0007
365.0000 1.2003 0.0007
370.0000 1.2042 0.0008
375.0000 1.2117 0.0008
380.0000 1.2191 0.0008
385.0000 1.2343 0.0009
390.0000 1.2421 0.0010
395.0000 1.2459 0.0010
400.0000 1.2653 0.0012
405.0000 1.2882 0.0014
410.0000 1.3037 0.0016
415.0000 1.3112 0.0016
420.0000 1.3228 0.0017
425.0000 1.3422 0.0019
430.0000 1.3963 0.0024
435.0000 1.4389 0.0027
440.0000 1.4931 0.0031
445.0000 1.5241 0.0033
450.0000 1.5783 0.0037
455.0000 1.6540 0.0041
460.0000 1.6966 0.0042
465.0000 1.7508 0.0045
470.0000 1.8381 0.0047
475.0000 1.9117 0.0047
480.0000 1.9736 0.0046
485.0000 2.0665 0.0042
490.0000 2.1052 0.0040
495.0000 2.1478 0.0038
500.0000 2.1865 0.0035
505.0000 2.1981 0.0034
510.0000 2.2446 0.0031
515.0000 2.2755 0.0028
520.0000 2.2949 0.0026
525.0000 2.3336 0.0022
530.0000 2.3607 0.0019
535.0000 2.3878 0.0016
540.0000 2.4071 0.0014
545.0000 2.4188 0.0013
550.0000 2.4420 0.0010
555.0000 2.4497 0.0009
560.0000 2.4575 0.0008
565.0000 2.4613 0.0008
570.0000 2.4652 0.0007
575.0000 2.4729 0.0006
580.0000 2.4768 0.0007
585.0000 2.4807 0.0007
590.0000 2.4807 0.0007
595.0000 2.4807 0.0007
600.0000 2.4807 0.0007
605.0000 2.4884 0.0006
610.0000 2.4884 0.0006
615.0000 2.4923 0.0005
620.0000 2.4984 0.0006
625.0000 2.5105 0.0009
630.0000 2.5468 0.0015
635.0000 2.5953 0.0024
640.0000 2.6770 0.0040
645.0000 2.7179 0.0046
650.0000 2.7874 0.0055
655.0000 2.8736 0.0065
660.0000 2.9355 0.0071
665.0000 3.0035 0.0077
670.0000 3.0473 0.0081
675.0000 3.1242 0.0086
680.0000 3.2104 0.0098
685.0000 3.3293 0.0120
690.0000 3.4123 0.0133
695.0000 3.5146 0.0140
700.0000 3.6245 0.0152
705.0000 3.7499 0.0157
710.0000 3.8754 0.0164
715.0000 4.0577 0.0178
720.0000 4.1771 0.0186
725.0000 4.3128 0.0190
730.0000 4.4607 0.0184
735.0000 4.6246 0.0172
740.0000 4.7931 0.0167
745.0000 4.9554 0.0153
750.0000 5.0632 0.0146
755.0000 5.1429 0.0142
760.0000 5.2091 0.0138
765.0000 5.3195 0.0126
770.0000 5.3972 0.0115
775.0000 5.5000 0.0110
780.0000 5.5751 0.0108
785.0000 5.6515 0.0111
790.0000 5.7321 0.0111
795.0000 5.8081 0.0106
800.0000 5.8846 0.0105
805.0000 5.9430 0.0104
810.0000 6.0368 0.0098
815.0000 6.1188 0.0099
820.0000 6.1969 0.0096
825.0000 6.3052 0.0090
830.0000 6.3633 0.0081
835.0000 6.4457 0.0082
840.0000 6.5259 0.0078
845.0000 6.6167 0.0071
850.0000 6.6797 0.0064
855.0000 6.7261 0.0060
860.0000 6.7847 0.0057
865.0000 6.8301 0.0055
870.0000 6.8893 0.0049
875.0000 6.9302 0.0045
880.0000 6.9717 0.0038
885.0000 7.0071 0.0034
890.0000 7.0419 0.0031
895.0000 7.0458 0.0031
900.0000 7.0651 0.0029
905.0000 7.0806 0.0028
910.0000 7.0999 0.0026
915.0000 7.1154 0.0024
920.0000 7.1270 0.0023
925.0000 7.1463 0.0019
930.0000 7.1663 0.0017
935.0000 7.1663 0.0017
940.0000 7.1817 0.0015
945.0000 7.1856 0.0015
950.0000 7.1895 0.0014
955.0000 7.1895 0.0014
960.0000 7.1895 0.0014
965.0000 7.2077 0.0007
970.0000 7.2116 0.0006
975.0000 7.2116 0.0006
980.0000 7.2150 0.0007
985.0000 7.2253 0.0008
990.0000 7.2425 0.0010
995.0000 7.2807 0.0013
1000.0000 7.2978 0.0015
1005.0000 7.3150 0.0016
1010.0000 7.3356 0.0018
1015.0000 7.3493 0.0019
1020.0000 7.3794 0.0022
1025.0000 7.4103 0.0025
1030.0000 7.4352 0.0025
1035.0000 7.4733 0.0027
1040.0000 7.5214 0.0030
1045.0000 7.5420 0.0031
1050.0000 7.5855 0.0035
1055.0000 7.6290 0.0037
1060.0000 7.6921 0.0039
1065.0000 7.7391 0.0043
1070.0000 7.8148 0.0045
1075.0000 7.9148 0.0052
1080.0000 7.9817 0.0060
1085.0000 8.0414 0.0062
1090.0000 8.0770 0.0063
1095.0000 8.1400 0.0063
1100.0000 8.2329 0.0061
1105.0000 8.3099 0.0062
1110.0000 8.3731 0.0068
1115.0000 8.4330 0.0070
1120.0000 8.4941 0.0075
1125.0000 8.5529 0.0077
1130.0000 8.6350 0.0086
1135.0000 8.6824 0.0090
1140.0000 8.7403 0.0098
1145.0000 8.7912 0.0100
1150.0000 8.8536 0.0103
1155.0000 8.9044 0.0106
1160.0000 8.9668 0.0107
1165.0000 9.0398 0.0111
1170.0000 9.1011 0.0113
1175.0000 9.1532 0.0115
1180.0000 9.2736 0.0114
1185.0000 9.3478 0.0111
1190.0000 9.4160 0.0109
1195.0000 9.5008 0.0108
1200.0000 9.6214 0.0113
1205.0000 9.7241 0.0111
1210.0000 9.8352 0.0111
1215.0000 9.9376 0.0103
1220.0000 10.0322 0.0107
1225.0000 10.1383 0.0107
1230.0000 10.1950 0.0106
1235.0000 10.2719 0.0106
1240.0000 10.3585 0.0107
1245.0000 10.4831 0.0105
1250.0000 10.5903 0.0107
1255.0000 10.6733 0.0102
1260.0000 10.7397 0.0107
1265.0000 10.7876 0.0107
1270.0000 10.8603 0.0116
1275.0000 10.9209 0.0120
1280.0000 11.0171 0.0122
1285.0000 11.0651 0.0118
1290.0000 11.1473 0.0118
1295.0000 11.2137 0.0117
1300.0000 11.2561 0.0118
1305.0000 11.3167 0.0117
1310.0000 11.3531 0.0117
1315.0000 11.4195 0.0113
1320.0000 11.5286 0.0113
1325.0000 11.6351 0.0113
1330.0000 11.7079 0.0112
1335.0000 11.7745 0.0118
1340.0000 11.8470 0.0115
1345.0000 11.9536 0.0113
1350.0000 12.0445 0.0117
1355.0000 12.1657 0.0121
1360.0000 12.2662 0.0122
1365.0000 12.3668 0.0127
1370.0000 12.4637 0.0137
1375.0000 12.5832 0.0142
1380.0000 12.7611 0.0145
1385.0000 12.9208 0.0149
1390.0000 13.0501 0.0151
1395.0000 13.2240 0.0145
1400.0000 13.3691 0.0141
1405.0000 13.4817 0.0145
1410.0000 13.5894 0.0145
1415.0000 13.7380 0.0140
1420.0000 13.8613 0.0134
1425.0000 13.9654 0.0125
1430.0000 14.0680 0.0120
1435.0000 14.1439 0.0112
1440.0000 14.2077 0.0106
1445.0000 14.3287 0.0102
1450.0000 14.4063 0.0102
1455.0000 14.4611 0.0101
1460.0000 14.5337 0.0099
1465.0000 14.5967 0.0099
1470.0000 14.6554 0.0092
1475.0000 14.6975 0.0083
1480.0000 14.7573 0.0077
1485.0000 14.8227 0.0074
1490.0000 14.8547 0.0074
1495.0000 14.8832 0.0074
1500.0000 14.9512 0.0059
1505.0000 15.0131 0.0052
1510.0000 15.0775 0.0046
1515.0000 15.1059 0.0045
1520.0000 15.1700 0.0041
1525.0000 15.2116 0.0036
1530.0000 15.2664 0.0028
1535.0000 15.3009 0.0023
1540.0000 15.3151 0.0022
1545.0000 15.3222 0.0021
1550.0000 15.3329 0.0022
1555.0000 15.3496 0.0021
1560.0000 15.3628 0.0021
1565.0000 15.3699 0.0020
1570.0000 15.3902 0.0016
1575.0000 15.4035 0.0016
1580.0000 15.4035 0.0016
1585.0000 15.4222 0.0019
1590.0000 15.4320 0.0019
1595.0000 15.4449 0.0018
1600.0000 15.4613 0.0019
1605.0000 15.4742 0.0019
1610.0000 15.4938 0.0020
1615.0000 15.5155 0.0023
1620.0000 15.5373 0.0025
1625.0000 15.5684 0.0028
1630.0000 15.5840 0.0029
1635.0000 15.6093 0.0030
1640.0000 15.6436 0.0033
1645.0000 15.6747 0.0035
1650.0000 15.7124 0.0035
1655.0000 15.7596 0.0035
1660.0000 15.7978 0.0036
1665.0000 15.8196 0.0037
1670.0000 15.8693 0.0038
1675.0000 15.9284 0.0039
1680.0000 15.9818 0.0039
1685.0000 16.0221 0.0040
1690.0000 16.0718 0.0039
1695.0000 16.1092 0.0038
1700.0000 16.1527 0.0036
1705.0000 16.1963 0.0034
1710.0000 16.2118 0.0034
1715.0000 16.2523 0.0031
1720.0000 16.2710 0.0030
1725.0000 16.2927 0.0029
1730.0000 16.3083 0.0026
1735.0000 16.3330 0.0026
1740.0000 16.3821 0.0030
1745.0000 16.4188 0.0034
1750.0000 16.4737 0.0042
1755.0000 16.5436 0.0052
1760.0000 16.6077 0.0059
1765.0000 16.6624 0.0067
1770.0000 16.7082 0.0068
1775.0000 16.8146 0.0081
1780.0000 16.9423 0.0090
1785.0000 17.0485 0.0100
1790.0000 17.1546 0.0107
1795.0000 17.2436 0.0115
1800.0000 17.3628 0.0119
1805.0000 17.5063 0.0121
1810.0000 17.6176 0.0121
1815.0000 17.7368 0.0117
1820.0000 17.8322 0.0112
1825.0000 17.9243 0.0105
1830.0000 18.0193 0.0096
1835.0000 18.1356 0.0083
1840.0000 18.2025 0.0075
1845.0000 18.2653 0.0068
1850.0000 18.3081 0.0069
1855.0000 18.3887 0.0070
1860.0000 18.4214 0.0072
1865.0000 18.5051 0.0073
1870.0000 18.5726 0.0075
1875.0000 18.6462 0.0076
1880.0000 18.7053 0.0077
1885.0000 18.7935 0.0080
1890.0000 18.8673 0.0077
1895.0000 18.9166 0.0078
1900.0000 18.9986 0.0078
1905.0000 19.0932 0.0078
1910.0000 19.1679 0.0077
1915.0000 19.2833 0.0070
1920.0000 19.3377 0.0066
1925.0000 19.4256 0.0069
1930.0000 19.4902 0.0066
1935.0000 19.5506 0.0063
1940.0000 19.5751 0.0060
1945.0000 19.6374 0.0057
1950.0000 19.7029 0.0056
1955.0000 19.7447 0.0057
1960.0000 19.7621 0.0056
1965.0000 19.8203 0.0056
1970.0000 19.8662 0.0060
1975.0000 19.9162 0.0061
1980.0000 19.9618 0.0066
1985.0000 20.0197 0.0070
1990.0000 20.0542 0.0073
1995.0000 20.1090 0.0077
2000.0000 20.1811 0.0080
2005.0000 20.2359 0.0083
2010.0000 20.2856 0.0086
2015.0000 20.3464 0.0089
2020.0000 20.4245 0.0093
2025.0000 20.4961 0.0092
2030.0000 20.5955 0.0091
2035.0000 20.7392 0.0089
2040.0000 20.8859 0.0082
2045.0000 20.9949 0.0080
2050.0000 21.0527 0.0079
2055.0000 21.0996 0.0080
2060.0000 21.1502 0.0081
2065.0000 21.2101 0.0080
2070.0000 21.2600 0.0079
2075.0000 21.3328 0.0079
2080.0000 21.3847 0.0078
2085.0000 21.4510 0.0077
2090.0000 21.5107 0.0078
2095.0000 21.5647 0.0077
2100.0000 21.6196 0.0070
2105.0000 21.6751 0.0066
2110.0000 21.7506 0.0063
2115.0000 21.7996 0.0060
2120.0000 21.8629 0.0058
2125.0000 21.9096 0.0061
2130.0000 21.9613 0.0061
2135.0000 22.0262 0.0060
2140.0000 22.0876 0.0061
2145.0000 22.1315 0.0057
2150.0000 22.1867 0.0056
2155.0000 22.2262 0.0055
2160.0000 22.2657 0.0053
2165.0000 22.3087 0.0052
2170.0000 22.3533 0.0048
2175.0000 22.3855 0.0047
2180.0000 22.4322 0.0044
2185.0000 22.4860 0.0041
2190.0000 22.5199 0.0037
2195.0000 22.5502 0.0032
2200.0000 22.5683 0.0032
2205.0000 22.5863 0.0031
2210.0000 22.6194 0.0032
2215.0000 22.6343 0.0034
2220.0000 22.6861 0.0040
2225.0000 22.7117 0.0039
2230.0000 22.7265 0.0040
2235.0000 22.7599 0.0044
2240.0000 22.7930 0.0045
2245.0000 22.8188 0.0045
2250.0000 22.8262 0.0046
2255.0000 22.8518 0.0045
2260.0000 22.8814 0.0047
2265.0000 22.8963 0.0048
2270.0000 22.9408 0.0049
2275.0000 23.0085 0.0047
2280.0000 23.0824 0.0056
2285.0000 23.1317 0.0060
2290.0000 23.1772 0.0063
2295.0000 23.2252 0.0069
2300.0000 23.3462 0.0087
2305.0000 23.4709 0.0097
2310.0000 23.6423 0.0107
2315.0000 23.7463 0.0114
2320.0000 23.8528 0.0125
2325.0000 23.9766 0.0138
2330.0000 24.1305 0.0145
2335.0000 24.3322 0.0161
2340.0000 24.5292 0.0165
2345.0000 24.7301 0.0181
2350.0000 24.9470 0.0196
2355.0000 25.1753 0.0222
2360.0000 25.3652 0.0256
2365.0000 25.5401 0.0263
2370.0000 25.7188 0.0278
2375.0000 25.8599 0.0294
2380.0000 25.9791 0.0301
2385.0000 26.1531 0.0302
2390.0000 26.3123 0.0297
2395.0000 26.5034 0.0303
2400.0000 26.6443 0.0296
2405.0000 26.7719 0.0303
2410.0000 26.9105 0.0289
2415.0000 27.0634 0.0283
2420.0000 27.2213 0.0287
2425.0000 27.4057 0.0301
2430.0000 27.5491 0.0301
2435.0000 27.6850 0.0305
2440.0000 27.8087 0.0308
2445.0000 27.9882 0.0302
2450.0000 28.0755 0.0300
2455.0000 28.1737 0.0303
2460.0000 28.2794 0.0283
2465.0000 28.4044 0.0268
2470.0000 28.4991 0.0259
2475.0000 28.5683 0.0244
2480.0000 28.6435 0.0230
2485.0000 28.7225 0.0220
2490.0000 28.8220 0.0194
2495.0000 28.9021 0.0176
2500.0000 28.9811 0.0156
2505.0000 29.0370 0.0142
2510.0000 29.0625 0.0140
2515.0000 29.1038 0.0132
2520.0000 29.1439 0.0122
2525.0000 29.2071 0.0104
2530.0000 29.2459 0.0095
2535.0000 29.3030 0.0078
2540.0000 29.3248 0.0075
2545.0000 29.3528 0.0070
2550.0000 29.3892 0.0062
2555.0000 29.4062 0.0059
2560.0000 29.4244 0.0056
2565.0000 29.4475 0.0047
2570.0000 29.4683 0.0041
2575.0000 29.4781 0.0041
2580.0000 29.5012 0.0036
2585.0000 29.5172 0.0039
2590.0000 29.5332 0.0039
2595.0000 29.5431 0.0041
2600.0000 29.5580 0.0043
2605.0000 29.5728 0.0045
2610.0000 29.5926 0.0049
2615.0000 29.6224 0.0053
2620.0000 29.6422 0.0056
2625.0000 29.6780 0.0059
2630.0000 29.7127 0.0061
2635.0000 29.7424 0.0064
2640.0000 29.7771 0.0070
2645.0000 29.8415 0.0076
2650.0000 29.9455 0.0084
2655.0000 30.0617 0.0087
2660.0000 30.1459 0.0088
2665.0000 30.2648 0.0089
2670.0000 30.3788 0.0090
2675.0000 30.4927 0.0088
2680.0000 30.6067 0.0083
2685.0000 30.7057 0.0076
2690.0000 30.7652 0.0071
2695.0000 30.8247 0.0066
2700.0000 30.8791 0.0058
2705.0000 30.9248 0.0049
2710.0000 30.9546 0.0045
2715.0000 30.9941 0.0038
2720.0000 31.0090 0.0036
2725.0000 31.0238 0.0034
2730.0000 31.0238 0.0034
2735.0000 31.0288 0.0034
2740.0000 31.0338 0.0033
2745.0000 31.0387 0.0032
2750.0000 31.0437 0.0032
2755.0000 31.0526 0.0032
2760.0000 31.0616 0.0032
2765.0000 31.0755 0.0031
2770.0000 31.0945 0.0032
2775.0000 31.1195 0.0034
2780.0000 31.1375 0.0035
2785.0000 31.1584 0.0038
2790.0000 31.1794 0.0037
2795.0000 31.2044 0.0038
2800.0000 31.2325 0.0041
2805.0000 31.2865 0.0044
2810.0000 31.3626 0.0054
2815.0000 31.4467 0.0061
2820.0000 31.4988 0.0063
2825.0000 31.5809 0.0065
2830.0000 31.6731 0.0066
2835.0000 31.7211 0.0068
2840.0000 31.7813 0.0069
2845.0000 31.8574 0.0069
2850.0000 31.9385 0.0064
2855.0000 31.9946 0.0061
2860.0000 32.0427 0.0059
2865.0000 32.0748 0.0058
2870.0000 32.0948 0.0058
2875.0000 32.1149 0.0057
2880.0000 32.1429 0.0055
2885.0000 32.1750 0.0052
2890.0000 32.2070 0.0050
2895.0000 32.2271 0.0049
2900.0000 32.2511 0.0046
2905.0000 32.2672 0.0045
2910.0000 32.2832 0.0043
2915.0000 32.2912 0.0042
2920.0000 32.3153 0.0040
2925.0000 32.3333 0.0040
2930.0000 32.3574 0.0036
2935.0000 32.3694 0.0035
2940.0000 32.3975 0.0031
2945.0000 32.4138 0.0030
2950.0000 32.4223 0.0032
2955.0000 32.4391 0.0033
2960.0000 32.4643 0.0033
2965.0000 32.4856 0.0036
2970.0000 32.5125 0.0036
2975.0000 32.5605 0.0039
2980.0000 32.6129 0.0049
2985.0000 32.6531 0.0053
2990.0000 32.6949 0.0059
2995.0000 32.7686 0.0065
3000.0000 32.8697 0.0077
3005.0000 32.9518 0.0085
3010.0000 33.0612 0.0093
3015.0000 33.1392 0.0103
3020.0000 33.2586 0.0115
3025.0000 33.3553 0.0129
3030.0000 33.4982 0.0149
3035.0000 33.6198 0.0167
3040.0000 33.7864 0.0174
3045.0000 33.9827 0.0192
3050.0000 34.1578 0.0209
3055.0000 34.3165 0.0230
3060.0000 34.4360 0.0234
3065.0000 34.6030 0.0233
3070.0000 34.7361 0.0239
3075.0000 34.8586 0.0241
3080.0000 35.0101 0.0241
3085.0000 35.1764 0.0244
3090.0000 35.3325 0.0245
3095.0000 35.4242 0.0242
3100.0000 35.5980 0.0225
3105.0000 35.7177 0.0223
3110.0000 35.9018 0.0205
3115.0000 36.0109 0.0203
3120.0000 36.1509 0.0181
3125.0000 36.2392 0.0172
3130.0000 36.3563 0.0161
3135.0000 36.4184 0.0157
3140.0000 36.5101 0.0151
3145.0000 36.5810 0.0152
3150.0000 36.6454 0.0142
3155.0000 36.6985 0.0130
3160.0000 36.7758 0.0126
3165.0000 36.8253 0.0125
3170.0000 36.8898 0.0119
3175.0000 36.9735 0.0105
3180.0000 37.0182 0.0098
3185.0000 37.0865 0.0087
3190.0000 37.1444 0.0083
3195.0000 37.2273 0.0076
3200.0000 37.2724 0.0068
3205.0000 37.3468 0.0070
3210.0000 37.4116 0.0069
3215.0000 37.4988 0.0079
3220.0000 37.5476 0.0085
3225.0000 37.6375 0.0099
3230.0000 37.7273 0.0110
3235.0000 37.8149 0.0117
3240.0000 37.9267 0.0130
3245.0000 38.0196 0.0146
3250.0000 38.1169 0.0162
3255.0000 38.2277 0.0177
3260.0000 38.3396 0.0183
3265.0000 38.4386 0.0190
3270.0000 38.5869 0.0196
3275.0000 38.6909 0.0204
3280.0000 38.8284 0.0213
3285.0000 38.9500 0.0212
3290.0000 39.0897 0.0210
3295.0000 39.1953 0.0207
3300.0000 39.3361 0.0191
3305.0000 39.4107 0.0179
3310.0000 39.5020 0.0167
3315.0000 39.6446 0.0154
3320.0000 39.7713 0.0140
3325.0000 39.8599 0.0131
3330.0000 39.9585 0.0118
3335.0000 40.0207 0.0105
3340.0000 40.0647 0.0092
3345.0000 40.0967 0.0084
3350.0000 40.1423 0.0073
3355.0000 40.1584 0.0072
3360.0000 40.1822 0.0068
3365.0000 40.2023 0.0065
3370.0000 40.2164 0.0065
3375.0000 40.2342 0.0063
3380.0000 40.2578 0.0062
3385.0000 40.2840 0.0056
3390.0000 40.3120 0.0053
3395.0000 40.3278 0.0050
3400.0000 40.3536 0.0051
3405.0000 40.3696 0.0053
3410.0000 40.3915 0.0051
3415.0000 40.4216 0.0053
3420.0000 40.4496 0.0058
3425.0000 40.4996 0.0061
3430.0000 40.5337 0.0062
3435.0000 40.5517 0.0062
3440.0000 40.5757 0.0064
3445.0000 40.6138 0.0065
3450.0000 40.6458 0.0068
3455.0000 40.6658 0.0070
3460.0000 40.7018 0.0070
3465.0000 40.7178 0.0071
3470.0000 40.7458 0.0073
3475.0000 40.7799 0.0075
3480.0000 40.8059 0.0073
3485.0000 40.8600 0.0074
3490.0000 40.9040 0.0074
3495.0000 40.9600 0.0075
3500.0000 41.0160 0.0077
3505.0000 41.0480 0.0076
3510.0000 41.1000 0.0075
3515.0000 41.1440 0.0075
3520.0000 41.1821 0.0071
3525.0000 41.2061 0.0072
3530.0000 41.2661 0.0066
3535.0000 41.3261 0.0063
3540.0000 41.3861 0.0061
3545.0000 41.4362 0.0053
3550.0000 41.4482 0.0052
3555.0000 41.4642 0.0050
3560.0000 41.4842 0.0045
3565.0000 41.5082 0.0043
3570.0000 41.5362 0.0040
3575.0000 41.5522 0.0039
3580.0000 41.5562 0.0038
3585.0000 41.5802 0.0036
3590.0000 41.6002 0.0033
3595.0000 41.6042 0.0033
3600.0000 41.6122 0.0032
3605.0000 41.6246 0.0032
3610.0000 41.6410 0.0031
3615.0000 41.6604 0.0034
3620.0000 41.7361 0.0046
3625.0000 41.7832 0.0052
3630.0000 41.8518 0.0059
3635.0000 41.8816 0.0065
3640.0000 41.9313 0.0072
3645.0000 41.9882 0.0080
3650.0000 42.0560 0.0093
3655.0000 42.1707 0.0114
3660.0000 42.3257 0.0134
3665.0000 42.4570 0.0149
3670.0000 42.5882 0.0177
3675.0000 42.7668 0.0218
3680.0000 42.9428 0.0245
3685.0000 43.0923 0.0278
3690.0000 43.2869 0.0313
3695.0000 43.4477 0.0348
3700.0000 43.6230 0.0369
3705.0000 43.7923 0.0415
3710.0000 43.9555 0.0442
3715.0000 44.1739 0.0444
3720.0000 44.3581 0.0454
3725.0000 44.4844 0.0448
3730.0000 44.6408 0.0440
3735.0000 44.8326 0.0425
3740.0000 44.9990 0.0420
3745.0000 45.1645 0.0401
3750.0000 45.3012 0.0389
3755.0000 45.4894 0.0374
3760.0000 45.6557 0.0353
3765.0000 45.8372 0.0325
3770.0000 46.0045 0.0320
3775.0000 46.1268 0.0297
3780.0000 46.2448 0.0281
3785.0000 46.3773 0.0246
3790.0000 46.5037 0.0222
3795.0000 46.6364 0.0207
3800.0000 46.7122 0.0204
3805.0000 46.7705 0.0203
3810.0000 46.8331 0.0203
3815.0000 46.9335 0.0201
3820.0000 46.9981 0.0200
3825.0000 47.0995 0.0186
3830.0000 47.1644 0.0182
3835.0000 47.2318 0.0176
3840.0000 47.2840 0.0171
3845.0000 47.3552 0.0175
3850.0000 47.4461 0.0168
3855.0000 47.5385 0.0173
3860.0000 47.5999 0.0178
3865.0000 47.6931 0.0173
3870.0000 47.7893 0.0185
3875.0000 47.8564 0.0186
3880.0000 47.9785 0.0189
3885.0000 48.1134 0.0188
3890.0000 48.2414 0.0184
3895.0000 48.3272 0.0188
3900.0000 48.4567 0.0188
3905.0000 48.5795 0.0196
3910.0000 48.6788 0.0191
3915.0000 48.8225 0.0179
3920.0000 48.9234 0.0172
3925.0000 49.0580 0.0173
3930.0000 49.1477 0.0166
3935.0000 49.2133 0.0159
3940.0000 49.2983 0.0140
3945.0000 49.3694 0.0132
3950.0000 49.4167 0.0125
3955.0000 49.5192 0.0119
3960.0000 49.6015 0.0125
3965.0000 49.6689 0.0120
3970.0000 49.7072 0.0121
3975.0000 49.7802 0.0126
3980.0000 49.8492 0.0129
3985.0000 49.9251 0.0129
3990.0000 50.0020 0.0132
3995.0000 50.0488 0.0133
4000.0000 50.1121 0.0133
4005.0000 50.2259 0.0135
4010.0000 50.2851 0.0134
4015.0000 50.3321 0.0135
4020.0000 50.4156 0.0135
4025.0000 50.5030 0.0136
4030.0000 50.5736 0.0135
4035.0000 50.6339 0.0134
4040.0000 50.6914 0.0134
4045.0000 50.7678 0.0136
4050.0000 50.8600 0.0128
4055.0000 50.9385 0.0133
4060.0000 51.0332 0.0133
4065.0000 51.1175 0.0137
4070.0000 51.1915 0.0149
4075.0000 51.2750 0.0148
4080.0000 51.3802 0.0147
4085.0000 51.4769 0.0146
4090.0000 51.5749 0.0146
4095.0000 51.6699 0.0148
4100.0000 51.7544 0.0146
4105.0000 51.8389 0.0141
4110.0000 51.8817 0.0136
4115.0000 51.9340 0.0133
4120.0000 51.9822 0.0124
4125.0000 52.0192 0.0121
4130.0000 52.0575 0.0120
4135.0000 52.1003 0.0114
4140.0000 52.1240 0.0109
4145.0000 52.1620 0.0106
4150.0000 52.1943 0.0103
4155.0000 52.2133 0.0102
4160.0000 52.2313 0.0099
4165.0000 52.2503 0.0096
4170.0000 52.2550 0.0095
4175.0000 52.2743 0.0094
4180.0000 52.2933 0.0090
4185.0000 52.3088 0.0091
4190.0000 52.3183 0.0089
4195.0000 52.3278 0.0087
4200.0000 52.3448 0.0082
4205.0000 52.3580 0.0077
4210.0000 52.3687 0.0076
4215.0000 52.3687 0.0076
4220.0000 52.3687 0.0076
4225.0000 52.3687 0.0076
4230.0000 52.3746 0.0077
4235.0000 52.3746 0.0077
4240.0000 52.3913 0.0078
4245.0000 52.4032 0.0079
4250.0000 52.4091 0.0081
4255.0000 52.4150 0.0082
4260.0000 52.4307 0.0081
4265.0000 52.4532 0.0082
4270.0000 52.4758 0.0085
4275.0000 52.4996 0.0089
4280.0000 52.5235 0.0094
4285.0000 52.5772 0.0101
4290.0000 52.6128 0.0104
4295.0000 52.6904 0.0115
4300.0000 52.7322 0.0128
4305.0000 52.7917 0.0146
4310.0000 52.8752 0.0164
4315.0000 52.9714 0.0189
4320.0000 53.1507 0.0226
4325.0000 53.3119 0.0249
4330.0000 53.4432 0.0266
4335.0000 53.6281 0.0276
4340.0000 53.8318 0.0291
4345.0000 53.9936 0.0310
4350.0000 54.1860 0.0323
4355.0000 54.3964 0.0353
4360.0000 54.5774 0.0387
4365.0000 54.8720 0.0424
4370.0000 55.1256 0.0461
4375.0000 55.3673 0.0482
4380.0000 55.5539 0.0471
4385.0000 55.6926 0.0462
4390.0000 55.8742 0.0465
4395.0000 56.0554 0.0459
4400.0000 56.2609 0.0469
4405.0000 56.5209 0.0495
4410.0000 56.7810 0.0490
4415.0000 57.0169 0.0488
4420.0000 57.1865 0.0501
4425.0000 57.3134 0.0489
4430.0000 57.5556 0.0529
4435.0000 57.8038 0.0550
4440.0000 58.0644 0.0570
4445.0000 58.2765 0.0578
4450.0000 58.5005 0.0581
4455.0000 58.7062 0.0582
4460.0000 58.9122 0.0565
4465.0000 59.1665 0.0560
4470.0000 59.3881 0.0571
4475.0000 59.6821 0.0573
4480.0000 59.9314 0.0561
4485.0000 60.1296 0.0535
4490.0000 60.3303 0.0512
4495.0000 60.5201 0.0507
4500.0000 60.7478 0.0469
4505.0000 60.9679 0.0427
4510.0000 61.2011 0.0404
4515.0000 61.3858 0.0401
4520.0000 61.5483 0.0367
4525.0000 61.6738 0.0323
4530.0000 61.7874 0.0301
4535.0000 61.9352 0.0274
4540.0000 62.1032 0.0222
4545.0000 62.2720 0.0201
4550.0000 62.4185 0.0182
4555.0000 62.5240 0.0186
4560.0000 62.6960 0.0194
4565.0000 62.8341 0.0216
4570.0000 62.9644 0.0237
4575.0000 63.1215 0.0270
4580.0000 63.2774 0.0287
4585.0000 63.4793 0.0308
4590.0000 63.7289 0.0350
4595.0000 63.9754 0.0383
4600.0000 64.2374 0.0412
4605.0000 64.4534 0.0428
4610.0000 64.7029 0.0438
4615.0000 64.8807 0.0433
4620.0000 65.1005 0.0444
4625.0000 65.3264 0.0427
4630.0000 65.4340 0.0421
4635.0000 65.6052 0.0389
4640.0000 65.7512 0.0375
4645.0000 65.9291 0.0349
4650.0000 66.0829 0.0345
4655.0000 66.1764 0.0331
4660.0000 66.2912 0.0309
4665.0000 66.3970 0.0290
4670.0000 66.4615 0.0278
4675.0000 66.5328 0.0268
4680.0000 66.5814 0.0258
4685.0000 66.6441 0.0251
4690.0000 66.7286 0.0228
4695.0000 66.7978 0.0200
4700.0000 66.8660 0.0182
4705.0000 66.9252 0.0167
4710.0000 66.9687 0.0154
4715.0000 66.9990 0.0149
4720.0000 67.0045 0.0149
4725.0000 67.0475 0.0143
4730.0000 67.0738 0.0133
4735.0000 67.0910 0.0127
4740.0000 67.1285 0.0117
4745.0000 67.1665 0.0107
4750.0000 67.2005 0.0101
4755.0000 67.2157 0.0102
4760.0000 67.2212 0.0100
4765.0000 67.2375 0.0102
4770.0000 67.2446 0.0102
4775.0000 67.2553 0.0103
4780.0000 67.2660 0.0105
4785.0000 67.2894 0.0108
4790.0000 67.3001 0.0109
4795.0000 67.3107 0.0108
4800.0000 67.3321 0.0110
4805.0000 67.3656 0.0096
4810.0000 67.3986 0.0097
4815.0000 67.4200 0.0099
4820.0000 67.4485 0.0098
4825.0000 67.5004 0.0099
4830.0000 67.5538 0.0105
4835.0000 67.5920 0.0108
4840.0000 67.6372 0.0109
4845.0000 67.7013 0.0111
4850.0000 67.7583 0.0109
4855.0000 67.7965 0.0111
4860.0000 67.8891 0.0114
4865.0000 67.9568 0.0116
4870.0000 68.0031 0.0111
4875.0000 68.0672 0.0110
4880.0000 68.1064 0.0111
4885.0000 68.1492 0.0106
4890.0000 68.1777 0.0105
4895.0000 68.1954 0.0105
4900.0000 68.2167 0.0103
4905.0000 68.2345 0.0103
4910.0000 68.2558 0.0101
4915.0000 68.2913 0.0098
4920.0000 68.3091 0.0099
4925.0000 68.3234 0.0099
4930.0000 68.3448 0.0096
4935.0000 68.3624 0.0096
4940.0000 68.3660 0.0096
4945.0000 68.3730 0.0097
4950.0000 68.3861 0.0098
4955.0000 68.4038 0.0097
4960.0000 68.4143 0.0096
4965.0000 68.4179 0.0096
4970.0000 68.4249 0.0096
4975.0000 68.4354 0.0094
4980.0000 68.4423 0.0095
4985.0000 68.4562 0.0097
4990.0000 68.4736 0.0097
4995.0000 68.4839 0.0099
5000.0000 68.4978 0.0100
5005.0000 68.5221 0.0099
5010.0000 68.5673 0.0098
5015.0000 68.5832 0.0097
5020.0000 68.6005 0.0098
5025.0000 68.6246 0.0097
5030.0000 68.6659 0.0095
5035.0000 68.6969 0.0099
5040.0000 68.7278 0.0102
5045.0000 68.7795 0.0104
5050.0000 68.8518 0.0110
5055.0000 68.9025 0.0106
5060.0000 68.9747 0.0109
5065.0000 69.0254 0.0111
5070.0000 69.0945 0.0112
5075.0000 69.1360 0.0111
5080.0000 69.2056 0.0106
5085.0000 69.2685 0.0113
5090.0000 69.3312 0.0114
5095.0000 69.4010 0.0114
5100.0000 69.4464 0.0114
5105.0000 69.5300 0.0117
5110.0000 69.5826 0.0117
5115.0000 69.6317 0.0120
5120.0000 69.6844 0.0124
5125.0000 69.7460 0.0129
5130.0000 69.7810 0.0134
5135.0000 69.8308 0.0141
5140.0000 69.9237 0.0157
5145.0000 70.0411 0.0182
5150.0000 70.1625 0.0199
5155.0000 70.2669 0.0210
5160.0000 70.4197 0.0219
5165.0000 70.5497 0.0230
5170.0000 70.7497 0.0257
5175.0000 70.9398 0.0266
5180.0000 71.1747 0.0299
5185.0000 71.4493 0.0331
5190.0000 71.6892 0.0363
5195.0000 71.8982 0.0386
5200.0000 72.1549 0.0423
5205.0000 72.4684 0.0460
5210.0000 72.7683 0.0466
5215.0000 72.9666 0.0461
5220.0000 73.1538 0.0443
5225.0000 73.3354 0.0434
5230.0000 73.5300 0.0398
5235.0000 73.6788 0.0380
5240.0000 73.8264 0.0341
5245.0000 73.9171 0.0304
5250.0000 73.9979 0.0290
5255.0000 74.0632 0.0274
5260.0000 74.1394 0.0254
5265.0000 74.1950 0.0240
5270.0000 74.2628 0.0232
5275.0000 74.3523 0.0203
5280.0000 74.3991 0.0198
5285.0000 74.4305 0.0188
5290.0000 74.4823 0.0177
5295.0000 74.5484 0.0161
5300.0000 74.5884 0.0139
5305.0000 74.6253 0.0133
5310.0000 74.6583 0.0134
5315.0000 74.6938 0.0133
5320.0000 74.7230 0.0134
5325.0000 74.7582 0.0134
5330.0000 74.8182 0.0139
5335.0000 74.8704 0.0151
5340.0000 74.9342 0.0158
5345.0000 74.9867 0.0159
5350.0000 75.0541 0.0163
5355.0000 75.1176 0.0172
5360.0000 75.1984 0.0178
5365.0000 75.2680 0.0178
5370.0000 75.3500 0.0191
5375.0000 75.4375 0.0199
5380.0000 75.5695 0.0209
5385.0000 75.7213 0.0213
5390.0000 75.8919 0.0224
5395.0000 76.0501 0.0238
5400.0000 76.1964 0.0241
5405.0000 76.3852 0.0249
5410.0000 76.5493 0.0253
5415.0000 76.7276 0.0268
5420.0000 76.8997 0.0270
5425.0000 77.0139 0.0301
5430.0000 77.1871 0.0332
5435.0000 77.3375 0.0354
5440.0000 77.5603 0.0395
5445.0000 77.7831 0.0413
5450.0000 78.0123 0.0423
5455.0000 78.2108 0.0417
5460.0000 78.3727 0.0412
5465.0000 78.5776 0.0412
5470.0000 78.7407 0.0399
5475.0000 78.8911 0.0378
5480.0000 79.0238 0.0353
5485.0000 79.1866 0.0333
5490.0000 79.2936 0.0324
5495.0000 79.4095 0.0321
5500.0000 79.5479 0.0305
5505.0000 79.7203 0.0311
5510.0000 79.8576 0.0304
5515.0000 80.0546 0.0302
5520.0000 80.2040 0.0280
5525.0000 80.3393 0.0258
5530.0000 80.4607 0.0239
5535.0000 80.5882 0.0226
5540.0000 80.6710 0.0217
5545.0000 80.7881 0.0210
5550.0000 80.8406 0.0206
5555.0000 80.9138 0.0198
5560.0000 81.0246 0.0193
5565.0000 81.1071 0.0195
5570.0000 81.1918 0.0187
5575.0000 81.2986 0.0173
5580.0000 81.3736 0.0163
5585.0000 81.4079 0.0164
5590.0000 81.4740 0.0163
5595.0000 81.5212 0.0163
5600.0000 81.5658 0.0163
5605.0000 81.6337 0.0159
5610.0000 81.6638 0.0158
5615.0000 81.6908 0.0146
5620.0000 81.7078 0.0145
5625.0000 81.7413 0.0141
5630.0000 81.7774 0.0139
5635.0000 81.8108 0.0140
5640.0000 81.8815 0.0137
5645.0000 81.9332 0.0140
5650.0000 81.9746 0.0145
5655.0000 82.0221 0.0152
5660.0000 82.0954 0.0149
5665.0000 82.1569 0.0157
5670.0000 82.2168 0.0159
5675.0000 82.3023 0.0171
5680.0000 82.3883 0.0174
5685.0000 82.4819 0.0181
5690.0000 82.5911 0.0180
5695.0000 82.6480 0.0180
5700.0000 82.7776 0.0192
5705.0000 82.9037 0.0205
5710.0000 83.0375 0.0218
5715.0000 83.1654 0.0226
5720.0000 83.2808 0.0237
5725.0000 83.3703 0.0242
5730.0000 83.5385 0.0257
5735.0000 83.7150 0.0257
5740.0000 83.8815 0.0244
5745.0000 83.9849 0.0252
5750.0000 84.1108 0.0253
5755.0000 84.2082 0.0250
5760.0000 84.3303 0.0243
5765.0000 84.4481 0.0232
5770.0000 84.5616 0.0223
5775.0000 84.6730 0.0218
5780.0000 84.7442 0.0207
5785.0000 84.8315 0.0200
5790.0000 84.9187 0.0174
5795.0000 84.9897 0.0164
5800.0000 85.0711 0.0150
5805.0000 85.1570 0.0148
5810.0000 85.2450 0.0143
5815.0000 85.3126 0.0140
5820.0000 85.3576 0.0145
5825.0000 85.4436 0.0154
5830.0000 85.4971 0.0159
5835.0000 85.5750 0.0158
5840.0000 85.6981 0.0157
5845.0000 85.8292 0.0158
5850.0000 85.9213 0.0160
5855.0000 86.0319 0.0164
5860.0000 86.1710 0.0178
5865.0000 86.2747 0.0199
5870.0000 86.3745 0.0218
5875.0000 86.4969 0.0223
5880.0000 86.6493 0.0240
5885.0000 86.7979 0.0252
5890.0000 87.0494 0.0294
5895.0000 87.2787 0.0305
5900.0000 87.4792 0.0324
5905.0000 87.7216 0.0365
5910.0000 87.9484 0.0403
5915.0000 88.2579 0.0442
5920.0000 88.5489 0.0488
5925.0000 88.8298 0.0537
5930.0000 89.1433 0.0593
5935.0000 89.5212 0.0634
5940.0000 89.8446 0.0680
5945.0000 90.1741 0.0716
5950.0000 90.6109 0.0757
5955.0000 91.0211 0.0811
5960.0000 91.4133 0.0842
5965.0000 91.7750 0.0862
5970.0000 92.1141 0.0834
5975.0000 92.3223 0.0830
5980.0000 92.4881 0.0782
5985.0000 92.6881 0.0747
5990.0000 92.8741 0.0688
5995.0000 93.0539 0.0627
6000.0000 93.1994 0.0590
6005.0000 93.3687 0.0570
6010.0000 93.5381 0.0531
6015.0000 93.6931 0.0488
6020.0000 93.8306 0.0471
6025.0000 93.9882 0.0437
6030.0000 94.1579 0.0438
6035.0000 94.3449 0.0426
6040.0000 94.5066 0.0420
6045.0000 94.6961 0.0396
6050.0000 94.8571 0.0394
6055.0000 95.0202 0.0389
6060.0000 95.1540 0.0365
6065.0000 95.3688 0.0377
6070.0000 95.6099 0.0370
6075.0000 95.7859 0.0358
6080.0000 95.9833 0.0370
6085.0000 96.1588 0.0383
6090.0000 96.3860 0.0388
6095.0000 96.5668 0.0387
6100.0000 96.7457 0.0393
6105.0000 96.8898 0.0385
6110.0000 97.0296 0.0385
6115.0000 97.1262 0.0364
6120.0000 97.2596 0.0344
6125.0000 97.3924 0.0313
6130.0000 97.4751 0.0289
6135.0000 97.5653 0.0276
6140.0000 97.6869 0.0274
6145.0000 97.7633 0.0269
6150.0000 97.7708 0.0248
6155.0000 97.8116 0.0232
6160.0000 97.9321 0.0231
6165.0000 97.9640 0.0223
6170.0000 97.9642 0.0221
6175.0000 98.0235 0.0203
6180.0000 98.0842 0.0195
6185.0000 98.0683 0.0197
6190.0000 98.1087 0.0189
6195.0000 98.1410 0.0174
6200.0000 98.1644 0.0183
6205.0000 98.1304 0.0174
6210.0000 98.1918 0.0163
6215.0000 98.1539 0.0158
6220.0000 98.1483 0.0155
6225.0000 98.0927 0.0153
6230.0000 98.0701 0.0148
6235.0000 98.0201 0.0133
6240.0000 98.0633 0.0130
6245.0000 98.0933 0.0132
6250.0000 98.0836 0.0130
6255.0000 98.0267 0.0131
6260.0000 98.0314 0.0123
6265.0000 98.0931 0.0124
6270.0000 98.1494 0.0125
6275.0000 98.1361 0.0119
6280.0000 98.1170 0.0119
6285.0000 98.1351 0.0120
6290.0000 98.2074 0.0114
6295.0000 98.2364 0.0108
6300.0000 98.2332 0.0110
6305.0000 98.2296 0.0109
6310.0000 98.1700 0.0103
6315.0000 98.2299 0.0095
6320.0000 98.1775 0.0094
6325.0000 98.1917 0.0098
6330.0000 98.2448 0.0097
6335.0000 98.2003 0.0103
6340.0000 98.2500 0.0097
6345.0000 98.2847 0.0101
6350.0000 98.2231 0.0098
6355.0000 98.2170 0.0094
6360.0000 98.2175 0.0093
6365.0000 98.1852 0.0103
6370.0000 98.1554 0.0103
6375.0000 98.1999 0.0110
6380.0000 98.2374 0.0098
6385.0000 98.2000 0.0108
6390.0000 98.2266 0.0104
6395.0000 98.2347 0.0105
6400.0000 98.2004 0.0101
6405.0000 98.1798 0.0095
6410.0000 98.1373 0.0098
6415.0000 98.1218 0.0098
6420.0000 98.1708 0.0100
6425.0000 98.2211 0.0103
6430.0000 98.2001 0.0097
6435.0000 98.1538 0.0100
6440.0000 98.1771 0.0103
6445.0000 98.2046 0.0106
6450.0000 98.2121 0.0105
6455.0000 98.2187 0.0104
6460.0000 98.2281 0.0103
6465.0000 98.2050 0.0108
6470.0000 98.2206 0.0112
6475.0000 98.2416 0.0105
6480.0000 98.1809 0.0111
6485.0000 98.2334 0.0101
6490.0000 98.2344 0.0106
6495.0000 98.2121 0.0104
6500.0000 98.2207 0.0109
6505.0000 98.1688 0.0113
6510.0000 98.1703 0.0105
6515.0000 98.1378 0.0105
6520.0000 98.1119 0.0104
6525.0000 98.1596 0.0096
6530.0000 98.1527 0.0098
6535.0000 98.1154 0.0102
6540.0000 98.1320 0.0101
6545.0000 98.1228 0.0091
6550.0000 98.0961 0.0104
6555.0000 98.0955 0.0108
6560.0000 98.0658 0.0112
6565.0000 98.0529 0.0110
6570.0000 98.1032 0.0112
6575.0000 98.1391 0.0108
6580.0000 98.1582 0.0110
6585.0000 98.1340 0.0110
6590.0000 98.1530 0.0120
6595.0000 98.1628 0.0127
6600.0000 98.2043 0.0118
6605.0000 98.1841 0.0124
6610.0000 98.1614 0.0124
6615.0000 98.2041 0.0121
6620.0000 98.2363 0.0121
6625.0000 98.2010 0.0116
6630.0000 98.1835 0.0118
6635.0000 98.2074 0.0110
6640.0000 98.1853 0.0115
6645.0000 98.1663 0.0110
6650.0000 98.1593 0.0122
6655.0000 98.1855 0.0120
6660.0000 98.2080 0.0130
6665.0000 98.2054 0.0125
6670.0000 98.2285 0.0120
6675.0000 98.2155 0.0115
6680.0000 98.1927 0.0119
6685.0000 98.2040 0.0118
6690.0000 98.2260 0.0113
6695.0000 98.2098 0.0120
6700.0000 98.2280 0.0128
6705.0000 98.2100 0.0122
6710.0000 98.1936 0.0114
6715.0000 98.1801 0.0112
6720.0000 98.1541 0.0110
6725.0000 98.1148 0.0121
6730.0000 98.1095 0.0118
6735.0000 98.1279 0.0115
6740.0000 98.1315 0.0118
6745.0000 98.1696 0.0112
6750.0000 98.1190 0.0115
6755.0000 98.1448 0.0113
6760.0000 98.1260 0.0118
6765.0000 98.1509 0.0107
6770.0000 98.1083 0.0114
6775.0000 98.1047 0.0111
6780.0000 98.1556 0.0117
6785.0000 98.0934 0.0119
6790.0000 98.1244 0.0126
6795.0000 98.1254 0.0120
6800.0000 98.1645 0.0120
6805.0000 98.1436 0.0121
6810.0000 98.1681 0.0117
6815.0000 98.1312 0.0121
6820.0000 98.1563 0.0118
6825.0000 98.1359 0.0119
6830.0000 98.0743 0.0123
6835.0000 98.0301 0.0124
6840.0000 98.0893 0.0116
6845.0000 98.1234 0.0126
6850.0000 98.0352 0.0134
6855.0000 98.0608 0.0131
6860.0000 98.1460 0.0125
6865.0000 98.1914 0.0124
6870.0000 98.2078 0.0124
6875.0000 98.1857 0.0121
6880.0000 98.2052 0.0126
6885.0000 98.1973 0.0126
6890.0000 98.2075 0.0122
6895.0000 98.2140 0.0117
6900.0000 98.1956 0.0124
6905.0000 98.2224 0.0124
6910.0000 98.2251 0.0116
6915.0000 98.2370 0.0107
6920.0000 98.2068 0.0118
6925.0000 98.2820 0.0114
6930.0000 98.2410 0.0119
6935.0000 98.2691 0.0113
6940.0000 98.3456 0.0113
6945.0000 98.3380 0.0113
6950.0000 98.3535 0.0113
6955.0000 98.3277 0.0116
6960.0000 98.3445 0.0113
6965.0000 98.3678 0.0109
6970.0000 98.3729 0.0115
6975.0000 98.3697 0.0120
6980.0000 98.3534 0.0118
6985.0000 98.3513 0.0115
6990.0000 98.2793 0.0127
6995.0000 98.3204 0.0123
7000.0000 98.3284 0.0117
7005.0000 98.3225 0.0120
7010.0000 98.3628 0.0117
7015.0000 98.3591 0.0123
7020.0000 98.3972 0.0114
7025.0000 98.4148 0.0112
7030.0000 98.4382 0.0109
7035.0000 98.4399 0.0111
7040.0000 98.4609 0.0109
7045.0000 98.5251 0.0104
7050.0000 98.4519 0.0109
7055.0000 98.4885 0.0100
7060.0000 98.5475 0.0102
7065.0000 98.5542 0.0103
7070.0000 98.6064 0.0099
7075.0000 98.6647 0.0093
7080.0000 98.6983 0.0091
7085.0000 98.6977 0.0090
7090.0000 98.6544 0.0097
7095.0000 98.5933 0.0103
7100.0000 98.5817 0.0108
7105.0000 98.6033 0.0112
7110.0000 98.5745 0.0114
7115.0000 98.6214 0.0108
7120.0000 98.6541 0.0102
7125.0000 98.6888 0.0102
7130.0000 98.7014 0.0099
7135.0000 98.6848 0.0095
7140.0000 98.6368 0.0101
7145.0000 98.6214 0.0103
7150.0000 98.6334 0.0101
7155.0000 98.6690 0.0097
7160.0000 98.6564 0.0099
7165.0000 98.6692 0.0099
7170.0000 98.6586 0.0094
7175.0000 98.6259 0.0095
7180.0000 98.6115 0.0092
7185.0000 98.6477 0.0085
7190.0000 98.6787 0.0081
7195.0000 98.6547 0.0088
7200.0000 98.6515 0.0090
